13 4
4 1 0 654 1 1 147 1 2 345 1 3 447 
4 2 0 321 3 321 1 1 520 1 2 789 1 3 702 
4 1 0 12 1 1 147 1 2 630 1 3 255 
4 2 0 345 3 345 1 1 586 1 2 214 1 3 866 
4 2 0 678 1 678 1 1 532 1 2 275 1 3 332 
4 1 0 963 2 1 145 3 145 1 2 302 1 3 225 
4 1 0 25 1 1 24 1 2 142 1 3 589 
4 2 0 874 3 874 1 1 517 1 2 24 2 3 996 0 996 
4 1 0 114 1 1 896 1 2 520 1 3 541 
4 1 0 785 1 1 543 1 2 336 1 3 234 
4 1 0 203 1 1 210 2 2 699 0 699 1 3 784 
4 1 0 696 2 1 784 2 784 1 2 855 1 3 512 
4 2 0 302 3 302 2 1 512 0 512 2 2 221 0 221 1 3 345 

Dynamic Events
Machine Breakdowns (x y z): Machine {x} breakdown from time {y} to {z}
0 7572 9366
1 122 1916
2 1722 3516
3 7581 9375

Added Jobs (first number is the time at which the job is added, then pairs of machines and process time)
2645: 4 2 1 301 0 566 2 1 416 0 717 1 1 807 1 2 406 
551: 4 1 0 682 2 0 506 2 584 2 1 120 3 258 1 1 610 
1641: 4 1 2 100 2 1 704 2 87 1 0 774 1 3 866 

Cancelled Jobs
1074 0
1695 1
2627 3
