10 6
6 1 0 333 1 1 991 1 2 996 1 3 123 2 4 145 3 145 1 5 234 
6 1 0 333 1 1 111 1 2 663 1 3 456 1 4 785 1 5 532 
6 2 0 252 5 252 1 1 222 1 2 222 1 3 789 2 4 214 5 214 1 5 586 
6 1 0 222 1 1 204 1 2 114 2 3 876 0 876 1 4 752 1 5 532 
6 1 0 255 1 1 477 1 2 123 2 3 543 1 543 1 4 143 1 5 142 
6 2 0 555 3 555 1 1 566 1 2 456 1 3 210 1 4 698 1 5 573 
6 1 0 558 1 1 899 1 2 789 1 3 124 1 4 532 2 5 12 4 12 
6 1 0 888 1 1 965 2 2 876 4 876 1 3 537 1 4 145 1 5 14 
6 2 0 889 2 889 1 1 588 2 2 543 3 543 1 3 854 1 4 247 1 5 527 
6 1 0 999 1 1 889 1 2 210 1 3 632 1 4 451 1 5 856 

Dynamic Events
Machine Breakdowns (x y z): Machine {x} breakdown from time {y} to {z}
0 1199 3162
1 6881 8844
2 8577 10540
4 7139 9102
5 9656 11208

Added Jobs (first number is the time at which the job is added, then pairs of machines and process time)
2707: 6 2 1 574 4 767 2 2 646 0 367 2 4 231 0 817 1 4 825 1 1 611 2 3 717 1 527 
2008: 6 2 1 566 4 522 2 1 275 5 77 2 2 529 4 386 1 1 662 1 0 542 2 1 282 0 797 

Cancelled Jobs
3125 3
3916 4
