7 7
7 1 0 692 1 1 310 1 2 832 1 3 630 2 4 258 3 258 1 5 147 1 6 255 
7 1 0 581 1 1 582 1 2 14 1 3 214 1 4 147 2 5 753 3 753 1 6 806 
7 1 0 475 2 1 475 6 475 1 2 785 1 3 578 1 4 852 1 5 2 1 6 699 
7 2 0 23 6 23 1 1 196 1 2 696 1 3 214 1 4 586 1 5 356 2 6 877 0 877 
7 1 0 158 1 1 325 2 2 530 1 530 1 3 785 1 4 325 1 5 565 1 6 412 
7 1 0 796 1 1 874 1 2 214 1 3 236 1 4 896 1 5 898 2 6 302 2 302 
7 1 0 542 1 1 205 2 2 578 1 578 1 3 963 1 4 325 1 5 800 2 6 120 3 120 

Dynamic Events
Machine Breakdowns (x y z): Machine {x} breakdown from time {y} to {z}
1 8189 9971

Added Jobs (first number is the time at which the job is added, then pairs of machines and process time)
689: 7 1 6 388 2 1 264 5 223 2 5 622 0 296 1 5 883 2 2 217 4 580 1 3 830 2 1 606 3 675 
1707: 7 2 4 282 0 688 1 1 461 2 0 437 6 408 1 6 388 1 2 545 1 6 120 1 0 692 

Cancelled Jobs
3920 1
