15 10
10 1 2 34 1 3 55 1 5 95 1 9 16 2 4 21 7 21 1 6 71 1 0 53 1 8 52 1 1 21 1 7 26 
10 1 3 39 1 2 31 2 0 12 5 12 1 1 42 1 9 79 1 8 77 2 6 77 5 77 1 5 98 1 4 55 1 7 66 
10 1 1 19 2 0 83 9 83 1 3 34 1 4 92 1 6 54 1 9 79 1 8 62 1 5 37 2 2 64 3 64 1 7 43 
10 1 4 60 2 2 87 9 87 1 8 24 1 5 77 1 3 69 1 7 38 1 1 87 1 6 41 1 9 83 1 0 93 
10 1 8 79 2 9 77 2 77 1 2 98 1 4 96 2 3 17 4 17 1 0 44 1 7 43 1 6 75 2 1 49 8 49 1 5 25 
10 2 8 35 7 35 1 7 95 1 6 9 1 9 10 1 2 35 1 1 7 1 5 28 1 4 61 1 0 95 1 3 76 
10 1 4 28 1 5 59 1 3 16 1 9 43 1 0 46 1 8 50 1 6 52 1 7 27 1 2 59 1 1 91 
10 1 5 9 2 4 20 2 20 1 2 39 1 6 54 1 1 45 1 7 71 1 0 87 1 3 41 1 9 43 1 8 14 
10 1 1 28 2 5 33 4 33 1 0 78 1 3 26 1 2 37 1 7 8 1 8 66 1 6 89 1 9 42 1 4 33 
10 1 2 94 1 5 84 2 6 78 4 78 1 9 81 1 1 74 1 3 27 1 8 69 1 0 69 1 7 45 1 4 96 
10 1 1 31 1 4 24 1 0 20 1 2 17 2 9 25 7 25 1 8 81 1 5 76 1 3 87 1 7 32 1 6 18 
10 2 5 28 8 28 1 9 97 1 0 58 1 4 45 1 6 76 1 3 99 1 2 23 1 1 72 1 8 90 1 7 86 
10 1 5 27 1 9 48 3 8 27 3 27 2 27 2 7 62 3 62 1 4 98 2 6 67 0 67 1 3 48 1 0 42 1 1 46 2 2 17 1 17 
10 1 1 12 1 8 50 1 0 80 1 2 50 1 9 80 1 3 19 2 5 28 0 28 1 6 63 1 4 94 1 7 98 
10 2 4 61 9 61 1 3 55 1 6 37 1 5 14 1 2 50 1 8 79 1 1 41 1 9 72 2 7 18 3 18 1 0 75 

Dynamic Events
Machine Breakdowns (x y z): Machine {x} breakdown from time {y} to {z}
0 1168 1529
1 1361 1722
2 829 1175
2 1769 2075
3 1610 1896
4 1298 1659
5 1312 1673
6 1580 1941
7 1469 1830
9 75 436

Added Jobs (first number is the time at which the job is added, then pairs of machines and process time)
526: 10 2 5 79 1 74 3 3 60 4 69 2 56 1 4 73 1 9 33 2 7 92 8 47 1 9 31 1 7 89 3 1 46 7 67 2 74 1 0 44 2 9 53 5 89 
308: 10 1 3 69 3 8 51 6 48 3 41 2 7 17 4 44 2 0 78 8 23 2 0 30 6 32 3 4 29 0 91 3 38 2 2 50 7 24 1 5 72 3 5 32 0 92 1 18 1 7 70 
149: 10 1 8 86 3 3 56 6 31 0 12 3 2 40 7 69 5 14 1 8 56 1 9 26 1 9 42 3 1 24 5 53 9 22 2 5 81 8 63 1 8 70 3 8 55 9 28 7 16 

Cancelled Jobs
1100 1
626 13
