30 10
10 1 6 89 1 1 58 1 4 97 1 2 44 2 8 77 7 77 1 3 5 1 0 9 1 5 58 1 9 96 1 7 84 
10 1 7 31 1 2 81 2 9 73 5 73 1 4 15 1 1 87 1 5 39 2 8 57 5 57 1 0 77 1 3 85 1 6 21 
10 1 2 48 2 5 71 9 71 1 0 40 1 3 70 1 1 49 1 6 22 1 4 10 1 8 34 2 7 80 3 80 1 9 82 
10 1 4 11 2 6 72 2 72 1 7 62 1 0 55 1 2 17 1 5 75 1 3 7 1 1 91 1 9 35 1 8 47 
10 1 0 64 1 6 71 2 4 12 0 12 1 1 90 1 2 94 2 3 75 2 75 1 9 20 1 8 15 2 5 50 8 50 1 7 67 
10 2 2 29 7 29 1 6 93 1 3 68 1 5 93 1 1 57 1 8 77 1 0 52 1 9 7 1 4 58 1 7 70 
10 1 4 26 1 3 27 1 1 63 1 5 6 1 6 87 1 7 56 1 8 48 1 9 36 1 0 95 1 2 82 
10 1 1 8 2 7 76 2 76 1 3 76 1 4 30 1 6 84 1 9 78 1 8 41 1 0 36 1 2 36 1 5 15 
10 1 3 13 2 8 29 4 29 1 0 75 1 2 81 1 1 78 1 5 88 1 4 54 1 9 40 1 7 13 1 6 82 
10 1 0 52 1 2 6 2 3 6 4 6 1 5 82 1 6 64 1 9 88 1 8 54 1 4 54 1 7 32 1 1 26 
10 1 8 62 1 1 35 1 4 72 1 7 69 2 0 62 7 62 1 5 32 1 9 5 1 3 61 1 2 67 1 6 93 
10 2 2 78 8 78 1 3 11 1 7 82 1 4 7 1 1 72 1 8 64 1 9 90 1 0 85 1 5 88 1 6 63 
10 1 7 50 1 4 28 3 3 35 8 35 2 35 2 1 66 3 66 1 2 27 2 8 49 0 49 1 9 11 1 6 88 1 5 31 2 0 44 1 44 
10 1 4 62 1 5 39 1 0 76 1 2 14 1 6 56 1 3 97 2 1 7 0 7 1 7 69 1 9 66 1 8 47 
10 2 6 47 9 47 1 2 41 1 0 64 1 7 58 1 9 57 1 8 93 1 3 69 1 5 53 2 1 18 3 18 1 4 79 
10 1 7 76 1 9 81 1 0 76 1 6 61 1 4 77 1 8 26 1 2 74 1 5 22 1 1 58 2 3 78 1 78 
10 1 6 30 1 8 72 1 3 43 1 0 65 1 1 16 1 4 92 1 5 95 1 9 29 1 2 99 1 7 64 
10 1 1 35 1 3 74 1 5 16 1 4 85 1 0 7 1 2 81 2 6 86 3 86 1 8 61 1 9 35 1 7 34 
10 1 1 97 2 7 43 5 43 1 4 72 1 6 88 1 5 17 1 0 43 1 8 94 1 3 64 1 9 22 1 2 42 
10 1 7 99 1 2 84 1 8 99 1 5 98 1 1 20 1 6 31 1 3 74 1 0 92 1 9 23 1 4 89 
10 1 8 32 1 0 6 1 4 55 1 5 19 1 9 81 1 1 81 1 7 40 1 6 9 1 3 37 1 2 40 
10 1 6 15 2 2 70 7 70 1 8 25 1 1 46 2 9 65 7 65 2 4 64 7 64 1 7 21 2 0 77 8 77 2 5 65 6 65 1 3 55 
10 1 8 31 1 7 84 1 5 37 1 3 24 1 2 85 1 4 89 1 9 29 2 1 44 7 44 1 0 40 1 6 83 
10 1 4 80 1 0 8 1 9 41 1 5 59 1 7 56 1 3 38 3 2 30 5 30 4 30 1 8 97 1 6 77 1 1 80 
10 1 9 59 1 0 91 1 3 50 1 8 80 1 1 17 1 6 40 1 2 71 1 5 56 1 4 88 2 7 7 9 7 
10 2 7 36 6 36 1 3 58 1 4 54 1 5 77 1 2 8 1 6 9 1 0 45 1 9 10 2 1 29 3 29 1 8 96 
10 1 0 28 1 3 92 1 2 73 1 7 27 1 8 86 1 5 87 1 9 96 1 1 98 1 6 99 1 4 70 
10 1 9 32 1 1 95 1 3 85 1 6 81 2 2 41 1 41 1 8 39 1 7 92 2 0 59 7 59 1 5 56 1 4 52 
10 1 4 93 1 2 12 1 5 22 1 6 27 1 8 45 1 7 69 1 3 60 1 1 7 1 0 88 1 9 49 
10 1 2 61 1 5 26 1 9 71 2 8 44 6 44 1 0 21 1 6 82 1 3 68 1 7 33 2 1 84 2 84 1 4 99 

Dynamic Events
Machine Breakdowns (x y z): Machine {x} breakdown from time {y} to {z}
0 935 1420
0 2276 2519
1 358 732
1 1919 2400
2 1413 1940
3 2105 2340
3 2683 3131
4 1429 1933
4 2971 3356
5 1833 2282
6 475 984
7 608 893
7 2972 3280
8 2128 2359
9 1458 1748
9 2136 2372

Added Jobs (first number is the time at which the job is added, then pairs of machines and process time)
1066: 10 3 6 71 3 85 0 36 2 8 30 3 60 3 7 94 5 49 1 42 1 1 94 2 8 15 4 79 2 0 16 6 52 1 4 94 3 0 47 6 16 9 71 2 2 71 7 35 2 1 14 7 98 
793: 10 1 1 73 3 7 40 2 32 0 79 3 3 93 4 35 2 22 2 8 89 5 51 2 0 6 1 64 3 2 22 8 54 4 10 2 5 44 8 17 2 3 92 2 25 3 1 95 7 72 8 41 2 8 78 0 14 
179: 10 3 5 71 2 89 9 29 1 5 98 1 1 87 1 9 48 2 8 34 5 61 1 2 89 1 1 16 2 9 78 5 88 1 9 74 2 2 58 4 74 
404: 10 3 2 90 8 92 6 99 1 9 38 1 3 15 3 4 43 2 93 5 10 1 2 26 1 1 30 1 1 15 2 2 63 1 92 3 4 6 8 95 1 72 2 0 43 7 74 

Cancelled Jobs
704 16
