20 60
5 4 0 11 1 15 2 25 3 29 12 32 21 33 22 34 26 35 15 40 10 41 23 42 19 43 30 44 23 45 23 46 10 47 22 48 4 25 5 28 6 25 7 17 8 11 9 20 10 16 11 22 12 11 13 13 14 13 15 11 16 25 17 21 18 27 19 28 20 17 21 14 22 19 23 15 24 17 25 10 26 15 27 25 28 27 29 18 30 21 31 18 32 18 33 11 34 29 35 22 36 22 37 28 38 25 39 29 40 15 41 16 42 28 43 28 48 17 49 17 50 23 51 28 52 25 53 28 54 12 55 20 40 8 22 9 17 10 21 11 30 12 24 13 25 14 19 15 29 16 15 17 16 18 26 19 23 20 23 21 13 22 11 23 15 24 12 25 30 26 13 27 22 28 15 29 29 30 26 31 10 40 19 41 18 42 16 43 20 44 11 45 16 46 27 47 24 48 11 49 24 50 25 51 10 52 25 53 23 54 30 55 29 4 56 13 57 28 58 17 59 20 
5 4 0 14 1 12 2 30 3 29 28 4 29 5 15 6 17 7 12 28 28 29 11 30 12 31 15 32 11 33 18 34 29 35 28 36 15 37 30 38 13 39 27 44 30 45 22 46 13 47 14 48 27 49 14 50 12 51 19 52 27 53 11 54 12 55 28 28 4 20 5 13 6 18 7 28 8 29 9 17 10 12 11 28 12 27 13 10 14 22 15 17 20 13 21 21 22 20 23 11 24 26 25 16 26 10 27 13 40 21 41 26 42 30 43 29 48 30 49 27 50 24 51 21 20 4 28 5 10 6 23 7 17 20 14 21 16 22 15 23 16 28 30 29 19 30 24 31 15 36 21 37 27 38 24 39 15 52 11 53 28 54 17 55 27 4 56 24 57 19 58 10 59 10 
5 4 0 15 1 15 2 10 3 23 12 4 12 5 21 6 19 7 22 12 10 13 28 14 13 15 13 20 11 21 20 22 23 23 15 12 16 19 17 10 18 13 19 24 24 28 25 27 26 23 27 25 40 21 41 10 42 30 43 15 28 4 21 5 24 6 25 7 29 20 20 21 20 22 19 23 28 24 21 25 24 26 25 27 15 28 22 29 10 30 13 31 15 32 26 33 27 34 21 35 25 36 28 37 15 38 23 39 10 44 12 45 18 46 23 47 28 4 56 15 57 19 58 16 59 12 
5 4 0 22 1 24 2 16 3 15 32 4 17 5 18 6 12 7 10 8 19 9 21 10 12 11 15 16 17 17 26 18 19 19 12 32 15 33 16 34 17 35 18 36 28 37 30 38 14 39 21 44 28 45 18 46 10 47 20 48 11 49 27 50 19 51 21 52 14 53 26 54 16 55 27 8 32 29 33 27 34 28 35 11 52 14 53 21 54 23 55 17 40 4 13 5 10 6 28 7 25 8 15 9 13 10 13 11 29 16 29 17 11 18 20 19 14 20 18 21 19 22 10 23 28 24 16 25 15 26 10 27 22 28 30 29 13 30 13 31 16 32 17 33 26 34 23 35 19 44 16 45 16 46 22 47 17 48 11 49 24 50 21 51 19 52 14 53 24 54 23 55 16 4 56 14 57 15 58 19 59 27 
5 4 0 16 1 24 2 16 3 17 32 4 10 5 27 6 26 7 24 12 14 13 25 14 28 15 18 16 23 17 28 18 22 19 28 24 18 25 26 26 26 27 19 32 27 33 19 34 10 35 13 36 20 37 24 38 14 39 14 44 28 45 26 46 13 47 29 48 28 49 14 50 23 51 29 28 12 30 13 26 14 19 15 16 24 28 25 16 26 28 27 22 28 21 29 16 30 30 31 17 32 20 33 28 34 13 35 15 40 16 41 28 42 14 43 16 48 15 49 25 50 13 51 20 52 22 53 29 54 18 55 21 52 4 19 5 29 6 21 7 17 8 29 9 13 10 29 11 24 12 24 13 20 14 12 15 29 16 11 17 26 18 30 19 12 20 29 21 12 22 25 23 29 24 15 25 17 26 15 27 28 28 17 29 16 30 18 31 16 32 20 33 12 34 16 35 13 36 11 37 19 38 25 39 12 40 11 41 28 42 15 43 15 44 18 45 11 46 30 47 17 48 28 49 18 50 30 51 16 52 23 53 19 54 11 55 28 4 56 23 57 25 58 16 59 28 
5 4 0 18 1 13 2 18 3 27 12 28 28 29 11 30 29 31 30 36 16 37 12 38 30 39 21 48 17 49 28 50 17 51 19 40 4 11 5 28 6 24 7 26 8 15 9 20 10 14 11 25 12 26 13 17 14 14 15 27 16 17 17 22 18 16 19 26 20 24 21 15 22 16 23 28 24 14 25 19 26 25 27 28 32 13 33 16 34 22 35 19 44 23 45 25 46 24 47 29 48 20 49 26 50 22 51 27 52 13 53 10 54 17 55 26 24 8 18 9 18 10 22 11 21 20 22 21 16 22 24 23 13 24 27 25 30 26 20 27 15 44 15 45 13 46 23 47 26 48 15 49 10 50 18 51 23 52 15 53 10 54 13 55 23 4 56 28 57 11 58 16 59 16 
5 4 0 30 1 14 2 22 3 25 12 4 29 5 27 6 17 7 15 12 18 13 30 14 13 15 12 16 11 17 17 18 28 19 18 36 8 30 9 24 10 17 11 21 12 14 13 25 14 18 15 13 20 23 21 17 22 12 23 23 24 19 25 12 26 16 27 26 28 16 29 12 30 10 31 15 40 15 41 20 42 13 43 22 44 26 45 26 46 23 47 16 48 17 49 18 50 30 51 27 52 14 53 16 54 10 55 19 20 12 29 13 15 14 10 15 19 20 15 21 11 22 17 23 23 32 23 33 28 34 21 35 21 36 12 37 21 38 20 39 12 40 10 41 24 42 22 43 20 4 56 17 57 14 58 10 59 29 
5 4 0 20 1 28 2 14 3 10 12 24 14 25 23 26 23 27 13 28 14 29 29 30 19 31 11 36 24 37 24 38 15 39 18 24 8 18 9 22 10 11 11 19 12 13 13 21 14 14 15 19 20 28 21 23 22 27 23 17 28 17 29 13 30 24 31 30 40 24 41 27 42 14 43 20 52 19 53 17 54 26 55 24 16 12 22 13 15 14 24 15 29 20 22 21 17 22 16 23 26 28 27 29 22 30 25 31 29 44 27 45 23 46 29 47 11 4 56 14 57 19 58 21 59 17 
5 4 0 20 1 23 2 12 3 12 48 4 18 5 17 6 28 7 14 8 30 9 23 10 11 11 17 12 17 13 26 14 18 15 25 16 11 17 14 18 20 19 19 20 10 21 24 22 27 23 26 24 26 25 24 26 25 27 10 28 23 29 21 30 10 31 30 32 11 33 21 34 11 35 18 36 18 37 26 38 13 39 15 40 12 41 23 42 11 43 26 44 19 45 24 46 18 47 14 48 13 49 29 50 19 51 18 16 16 18 17 28 18 26 19 20 28 26 29 21 30 20 31 18 32 13 33 20 34 11 35 30 40 25 41 27 42 25 43 29 4 8 14 9 25 10 21 11 27 4 56 30 57 12 58 15 59 22 
5 4 0 18 1 20 2 28 3 23 48 4 14 5 26 6 29 7 13 8 18 9 15 10 23 11 29 12 10 13 18 14 21 15 17 16 24 17 17 18 22 19 22 20 10 21 29 22 11 23 25 24 15 25 29 26 13 27 12 28 23 29 29 30 30 31 22 32 23 33 25 34 17 35 14 36 16 37 10 38 20 39 26 40 12 41 11 42 10 43 11 44 30 45 30 46 22 47 22 52 26 53 10 54 23 55 16 4 24 27 25 30 26 12 27 30 52 4 29 5 22 6 15 7 13 8 28 9 14 10 27 11 14 12 16 13 15 14 16 15 25 16 19 17 22 18 30 19 16 20 27 21 13 22 18 23 14 24 22 25 14 26 14 27 26 28 21 29 24 30 25 31 14 32 29 33 13 34 30 35 11 36 14 37 22 38 12 39 26 40 17 41 15 42 21 43 11 44 10 45 19 46 22 47 11 48 25 49 18 50 22 51 27 52 19 53 10 54 25 55 19 4 56 16 57 12 58 25 59 28 
5 4 0 19 1 11 2 24 3 18 16 4 27 5 18 6 18 7 21 12 11 13 21 14 10 15 18 36 19 37 19 38 11 39 30 40 19 41 27 42 27 43 23 20 12 14 13 27 14 21 15 25 16 20 17 27 18 17 19 20 20 20 21 28 22 21 23 14 24 27 25 12 26 22 27 14 40 12 41 30 42 11 43 13 28 8 27 9 28 10 27 11 27 12 12 13 23 14 16 15 29 24 13 25 26 26 25 27 23 28 24 29 11 30 15 31 30 36 16 37 25 38 13 39 24 44 10 45 11 46 19 47 30 48 26 49 25 50 14 51 10 4 56 29 57 26 58 18 59 25 
5 4 0 13 1 23 2 22 3 26 32 4 24 5 21 6 29 7 25 12 16 13 10 14 25 15 20 20 18 21 14 22 23 23 17 28 26 29 28 30 27 31 10 32 26 33 14 34 24 35 26 36 11 37 19 38 24 39 22 40 18 41 28 42 29 43 30 52 18 53 20 54 15 55 13 44 4 15 5 17 6 26 7 14 8 24 9 13 10 13 11 25 12 13 13 22 14 23 15 10 16 27 17 26 18 12 19 17 20 21 21 24 22 28 23 29 24 27 25 20 26 20 27 18 28 17 29 15 30 15 31 29 32 10 33 13 34 21 35 25 36 11 37 10 38 18 39 10 40 18 41 27 42 30 43 10 48 10 49 25 50 18 51 30 52 4 14 5 13 6 29 7 20 8 22 9 15 10 15 11 13 12 17 13 21 14 19 15 16 16 15 17 15 18 10 19 14 20 28 21 21 22 18 23 16 24 30 25 23 26 20 27 20 28 21 29 13 30 29 31 22 32 29 33 14 34 19 35 21 36 30 37 21 38 22 39 27 40 14 41 29 42 18 43 11 44 28 45 28 46 17 47 16 48 29 49 18 50 20 51 21 52 24 53 12 54 19 55 20 4 56 30 57 27 58 11 59 27 
5 4 0 20 1 12 2 14 3 11 20 4 16 5 15 6 26 7 16 16 11 17 28 18 21 19 24 32 16 33 20 34 29 35 16 36 28 37 12 38 25 39 15 48 28 49 29 50 20 51 30 12 16 16 17 16 18 16 19 24 32 15 33 23 34 16 35 20 48 27 49 13 50 15 51 18 8 4 12 5 22 6 27 7 16 48 21 49 22 50 13 51 18 4 56 15 57 25 58 13 59 25 
5 4 0 21 1 25 2 11 3 17 12 8 13 9 17 10 24 11 11 24 22 25 24 26 13 27 20 36 13 37 25 38 20 39 27 40 4 27 5 11 6 24 7 13 8 26 9 15 10 28 11 23 12 14 13 25 14 21 15 17 20 25 21 28 22 27 23 13 24 16 25 11 26 13 27 10 28 24 29 11 30 20 31 29 32 17 33 13 34 30 35 17 40 20 41 30 42 27 43 27 48 21 49 24 50 27 51 17 52 12 53 14 54 17 55 14 4 8 11 9 28 10 27 11 23 4 56 21 57 16 58 11 59 27 
5 4 0 30 1 24 2 28 3 20 20 12 22 13 27 14 16 15 20 16 14 17 21 18 18 19 21 24 27 25 21 26 12 27 27 28 25 29 22 30 23 31 10 40 16 41 26 42 24 43 22 32 8 25 9 12 10 24 11 26 12 28 13 27 14 23 15 12 16 24 17 18 18 12 19 17 20 30 21 28 22 20 23 17 28 17 29 16 30 14 31 29 40 29 41 17 42 13 43 14 44 16 45 23 46 18 47 21 52 28 53 18 54 26 55 19 40 4 15 5 11 6 21 7 25 8 15 9 25 10 18 11 16 12 12 13 23 14 11 15 30 16 20 17 13 18 20 19 23 24 22 25 28 26 21 27 11 28 14 29 10 30 30 31 17 40 27 41 18 42 22 43 15 44 11 45 24 46 27 47 25 48 29 49 27 50 19 51 28 52 26 53 13 54 19 55 23 4 56 10 57 20 58 16 59 21 
5 4 0 30 1 12 2 14 3 13 20 8 30 9 13 10 11 11 17 12 27 13 11 14 11 15 13 32 10 33 27 34 16 35 17 36 11 37 23 38 14 39 28 52 18 53 15 54 20 55 21 40 4 17 5 27 6 21 7 18 8 15 9 28 10 22 11 16 12 21 13 11 14 11 15 11 16 29 17 10 18 14 19 10 20 14 21 22 22 25 23 16 28 14 29 26 30 29 31 27 32 25 33 22 34 12 35 13 36 16 37 15 38 13 39 24 44 11 45 29 46 26 47 23 52 28 53 24 54 29 55 28 8 12 14 13 11 14 20 15 17 28 29 29 30 30 29 31 12 4 56 26 57 28 58 23 59 20 
5 4 0 17 1 12 2 19 3 15 52 4 16 5 19 6 10 7 18 8 11 9 14 10 28 11 20 12 18 13 26 14 15 15 30 16 27 17 30 18 20 19 28 20 25 21 18 22 14 23 16 24 12 25 27 26 26 27 23 28 11 29 12 30 27 31 10 32 15 33 23 34 13 35 17 36 27 37 18 38 24 39 26 40 12 41 11 42 19 43 23 44 18 45 13 46 21 47 20 48 18 49 16 50 19 51 20 52 22 53 12 54 18 55 27 4 12 24 13 12 14 14 15 10 16 8 22 9 26 10 15 11 24 28 16 29 24 30 12 31 10 32 12 33 24 34 22 35 28 48 29 49 25 50 18 51 10 4 56 10 57 14 58 28 59 24 
5 4 0 18 1 23 2 14 3 29 8 12 21 13 17 14 15 15 17 24 25 25 15 26 24 27 21 48 4 18 5 22 6 24 7 15 8 20 9 21 10 14 11 23 12 11 13 28 14 12 15 14 16 15 17 23 18 24 19 25 20 22 21 29 22 16 23 29 24 27 25 13 26 27 27 26 28 25 29 25 30 21 31 19 32 10 33 19 34 17 35 11 36 29 37 14 38 18 39 19 40 12 41 28 42 13 43 23 44 16 45 28 46 21 47 20 48 17 49 15 50 19 51 10 52 4 10 5 16 6 14 7 10 8 10 9 16 10 25 11 29 12 29 13 12 14 15 15 16 16 23 17 28 18 21 19 28 20 12 21 18 22 24 23 12 24 28 25 18 26 26 27 17 28 24 29 15 30 27 31 29 32 10 33 22 34 12 35 14 36 10 37 21 38 21 39 22 40 30 41 13 42 23 43 26 44 19 45 10 46 11 47 18 48 30 49 23 50 26 51 25 52 15 53 26 54 26 55 29 4 56 30 57 19 58 24 59 17 
5 4 0 20 1 14 2 10 3 22 48 4 28 5 12 6 23 7 11 8 15 9 13 10 14 11 17 12 12 13 29 14 23 15 26 16 20 17 27 18 20 19 16 20 20 21 29 22 26 23 15 24 23 25 25 26 13 27 13 28 25 29 18 30 22 31 11 32 29 33 14 34 11 35 14 36 11 37 25 38 15 39 30 40 23 41 22 42 16 43 14 44 23 45 19 46 20 47 22 52 21 53 19 54 24 55 27 20 8 24 9 13 10 27 11 10 20 10 21 24 22 17 23 22 24 23 25 10 26 13 27 16 32 14 33 27 34 16 35 14 52 10 53 25 54 28 55 28 32 4 12 5 15 6 18 7 10 12 10 13 14 14 15 15 11 16 14 17 14 18 23 19 24 32 29 33 23 34 29 35 24 36 22 37 18 38 27 39 19 40 12 41 12 42 22 43 21 44 21 45 12 46 16 47 26 48 17 49 11 50 18 51 23 4 56 28 57 24 58 21 59 23 
5 4 0 14 1 29 2 18 3 25 52 4 12 5 13 6 20 7 11 8 13 9 26 10 29 11 30 12 10 13 22 14 20 15 27 16 21 17 15 18 14 19 13 20 20 21 17 22 24 23 10 24 16 25 20 26 28 27 13 28 26 29 24 30 28 31 28 32 23 33 10 34 25 35 12 36 19 37 16 38 10 39 16 40 19 41 30 42 15 43 11 44 27 45 28 46 25 47 20 48 25 49 29 50 29 51 13 52 16 53 16 54 29 55 21 44 4 30 5 21 6 30 7 12 8 17 9 30 10 22 11 22 12 14 13 18 14 17 15 14 16 17 17 11 18 28 19 26 20 17 21 26 22 29 23 16 24 28 25 12 26 15 27 19 28 11 29 24 30 19 31 20 32 16 33 14 34 21 35 23 40 27 41 15 42 15 43 20 44 20 45 27 46 26 47 29 48 22 49 13 50 18 51 28 48 4 26 5 27 6 13 7 22 8 21 9 13 10 18 11 30 12 12 13 28 14 16 15 25 16 10 17 22 18 13 19 10 24 29 25 16 26 20 27 19 28 17 29 18 30 11 31 23 32 23 33 14 34 30 35 11 36 30 37 25 38 20 39 26 40 15 41 13 42 30 43 27 44 26 45 10 46 30 47 10 48 11 49 11 50 25 51 13 52 18 53 10 54 26 55 16 4 56 11 57 30 58 10 59 27 

Dynamic Events
Machine Breakdowns (x y z): Machine {x} breakdown from time {y} to {z}
1 73 114
2 100 141
3 52 93
4 152 193
5 202 243
6 180 221
7 15 56
8 202 243
9 69 110
10 111 152
11 142 183
12 56 97
13 188 229
14 101 142
15 127 168
16 205 246
17 104 145
18 64 105
19 199 240
21 206 247
22 65 106
23 111 152
24 203 244
25 78 119
26 58 99
27 129 170
28 53 94
29 109 150
30 72 113
31 2 43
32 153 194
33 46 87
34 22 63
35 104 145
36 49 90
37 65 106
39 69 110
41 132 173
43 10 51
44 48 89
45 174 215
46 111 152
47 82 123
48 40 81
49 127 168
50 26 67
51 50 91
52 205 246
53 145 186
54 169 210
55 34 75
56 2 43
57 79 120
58 206 247
59 192 233

Added Jobs (first number is the time at which the job is added, then pairs of machines and process time)
21: 5 44 25 20 59 19 15 25 48 13 27 10 30 14 6 25 1 21 13 24 3 11 14 13 50 12 36 28 18 15 17 25 56 22 42 20 45 15 38 21 34 20 2 28 19 14 54 29 21 15 43 22 22 24 39 30 31 19 44 22 0 17 52 18 23 21 11 10 4 15 12 27 16 12 29 13 40 10 8 13 57 15 41 16 58 23 51 24 55 13 8 15 29 26 12 28 19 55 23 48 24 11 29 27 10 9 13 12 9 22 15 22 11 10 52 28 27 23 0 22 47 21 5 24 36 14 59 27 57 13 32 26 12 59 26 57 20 43 26 13 15 40 23 36 30 46 21 22 17 42 27 30 12 0 29 35 20 37 36 25 57 20 10 28 53 26 34 11 38 29 20 17 23 27 30 23 58 16 27 23 32 25 55 18 45 13 59 27 22 26 33 20 43 15 3 12 17 19 31 25 54 14 9 20 2 23 25 14 11 23 48 28 12 15 56 24 0 20 21 27 24 22 39 16 40 16 51 25 28 18 52 19 
77: 5 34 34 25 24 22 30 18 41 29 33 11 29 17 25 22 58 20 32 13 50 17 0 14 45 10 59 19 18 22 40 15 44 27 12 18 3 27 57 22 55 17 15 28 14 22 17 13 48 13 31 30 16 28 28 30 11 18 35 26 46 18 53 24 26 13 39 26 36 25 45 4 17 18 11 11 21 37 26 26 24 6 10 40 25 21 27 57 24 17 28 34 22 1 27 52 17 32 18 2 18 58 27 3 19 44 21 43 29 16 19 38 10 55 20 45 22 50 21 51 26 36 14 49 12 5 14 8 13 20 24 13 17 53 26 23 14 41 21 31 26 28 18 15 29 54 20 9 21 59 10 48 20 33 19 10 14 30 19 14 14 25 24 19 20 28 43 10 48 25 19 27 25 10 6 11 27 21 7 10 57 26 5 13 39 23 56 10 54 12 41 18 26 12 32 10 59 11 28 25 37 27 45 30 12 19 11 14 15 30 55 19 36 58 27 6 19 47 24 32 19 13 12 25 18 20 25 11 22 51 22 40 15 55 20 42 11 31 19 57 28 43 15 36 18 23 10 24 16 10 17 15 27 0 30 52 19 19 20 54 29 5 21 37 18 53 14 44 15 45 25 48 24 2 24 46 17 39 27 56 13 28 23 1 26 27 31 23 29 25 33 18 16 10 12 29 46 29 45 24 55 25 37 22 14 27 40 16 51 14 56 22 13 21 18 26 30 16 23 14 17 17 57 11 35 27 52 16 21 22 1 27 20 27 43 29 22 12 39 17 
54: 5 30 8 13 46 15 41 23 24 13 55 13 5 28 31 24 9 19 15 26 56 19 33 21 32 26 48 23 0 24 35 26 27 12 10 14 6 24 4 14 40 22 26 26 11 18 34 13 54 27 59 24 57 24 44 12 45 24 21 22 47 19 31 28 12 15 11 4 19 3 12 11 10 41 28 20 23 48 30 26 19 42 25 0 29 18 10 9 22 45 19 57 17 33 13 24 26 21 22 44 22 8 24 25 19 30 19 49 15 12 29 47 11 29 22 35 21 17 19 56 25 36 23 16 27 27 24 30 29 20 21 17 53 16 54 12 1 26 37 11 31 15 8 22 38 19 5 19 16 23 45 26 26 11 49 23 35 11 27 20 10 26 25 16 47 11 6 17 13 21 41 26 34 17 55 26 7 29 52 20 27 4 20 16 10 2 28 0 16 28 26 18 30 39 25 8 25 41 10 33 13 9 27 36 17 40 22 24 16 6 29 47 20 54 27 37 29 21 12 43 27 35 29 1 27 29 26 25 17 22 18 53 29 14 11 25 32 11 42 11 48 13 46 24 29 29 45 18 28 12 27 29 30 14 54 23 55 29 49 27 8 26 3 12 12 16 37 16 31 13 16 10 43 26 36 19 1 22 58 19 56 26 20 12 25 12 
74: 5 29 24 13 57 25 0 28 20 24 55 17 39 29 14 23 12 29 6 29 50 27 45 17 19 16 49 16 5 24 16 22 23 21 25 15 3 27 22 26 59 20 44 22 32 15 21 27 27 16 7 25 42 27 54 30 33 27 30 18 4 33 23 52 11 54 26 31 19 34 15 10 4 24 56 21 43 13 5 14 59 22 16 22 29 29 24 18 47 26 18 12 27 19 54 25 57 19 23 14 36 27 14 25 53 15 1 20 30 17 51 27 0 26 31 10 20 17 12 15 55 13 52 12 11 29 3 19 26 15 42 23 45 30 58 19 6 23 28 40 26 43 24 44 24 49 14 9 23 4 30 33 24 55 13 25 18 2 16 26 18 56 17 41 22 22 16 31 13 51 30 7 13 17 22 0 21 36 28 28 14 48 12 30 24 34 19 39 10 32 22 23 13 47 17 6 25 25 3 28 8 25 12 21 15 11 37 25 

Cancelled Jobs
92 5
44 6
