50 40
5 4 0 14 1 10 2 20 3 30 24 8 30 9 30 10 12 11 30 12 28 13 27 14 19 15 12 16 26 17 10 18 19 19 26 24 13 25 24 26 27 27 13 28 29 29 21 30 10 31 20 32 14 33 12 34 27 35 12 16 4 17 5 25 6 20 7 21 8 14 9 13 10 12 11 27 12 26 13 22 14 30 15 24 20 11 21 12 22 11 23 15 4 32 19 33 17 34 18 35 21 4 36 14 37 26 38 26 39 19 
5 4 0 29 1 15 2 12 3 11 12 8 18 9 21 10 18 11 29 16 11 17 25 18 27 19 13 20 25 21 29 22 28 23 17 4 28 17 29 20 30 21 31 19 8 20 15 21 19 22 11 23 26 24 14 25 28 26 26 27 22 4 36 19 37 29 38 21 39 26 
5 4 0 16 1 23 2 19 3 27 32 4 30 5 24 6 29 7 21 8 26 9 26 10 16 11 23 12 20 13 15 14 21 15 14 16 19 17 20 18 11 19 23 20 16 21 25 22 22 23 10 24 26 25 28 26 13 27 10 28 10 29 14 30 15 31 26 32 15 33 30 34 18 35 26 12 16 14 17 23 18 27 19 15 20 13 21 29 22 29 23 18 32 24 33 29 34 24 35 21 12 8 27 9 12 10 24 11 10 16 21 17 19 18 20 19 16 28 24 29 25 30 25 31 27 4 36 20 37 20 38 23 39 23 
5 4 0 18 1 26 2 30 3 24 20 4 30 5 11 6 20 7 13 8 14 9 18 10 21 11 11 20 19 21 12 22 21 23 11 28 15 29 15 30 23 31 12 32 30 33 10 34 15 35 19 12 4 26 5 14 6 10 7 15 16 29 17 19 18 10 19 28 20 16 21 30 22 20 23 15 24 4 22 5 29 6 17 7 14 8 22 9 10 10 13 11 29 12 17 13 21 14 23 15 18 16 18 17 16 18 27 19 22 20 15 21 11 22 23 23 28 32 23 33 15 34 12 35 19 4 36 27 37 29 38 14 39 28 
5 4 0 21 1 11 2 30 3 15 8 16 27 17 13 18 10 19 24 20 15 21 26 22 24 23 20 4 28 17 29 25 30 10 31 15 4 32 21 33 30 34 12 35 24 4 36 23 37 11 38 15 39 17 
5 4 0 16 1 10 2 20 3 12 4 4 24 5 25 6 27 7 11 24 4 11 5 16 6 21 7 20 8 14 9 20 10 19 11 10 12 28 13 17 14 17 15 22 16 28 17 22 18 10 19 27 20 14 21 13 22 26 23 10 32 27 33 17 34 17 35 14 8 24 18 25 15 26 23 27 14 28 26 29 15 30 23 31 14 4 36 13 37 21 38 14 39 17 
5 4 0 10 1 12 2 12 3 28 32 4 30 5 19 6 27 7 19 8 11 9 22 10 29 11 27 12 12 13 10 14 10 15 30 16 14 17 11 18 14 19 27 20 21 21 23 22 19 23 30 24 22 25 26 26 21 27 19 28 19 29 15 30 29 31 20 32 17 33 16 34 13 35 19 20 8 20 9 22 10 25 11 22 12 19 13 15 14 20 15 23 20 22 21 26 22 19 23 18 24 28 25 22 26 29 27 30 32 14 33 12 34 17 35 16 16 8 26 9 18 10 23 11 16 12 27 13 21 14 25 15 23 16 26 17 11 18 18 19 25 32 19 33 25 34 17 35 24 4 36 21 37 23 38 30 39 20 
5 4 0 22 1 19 2 26 3 10 32 4 27 5 23 6 17 7 19 8 21 9 17 10 14 11 21 12 21 13 29 14 18 15 20 16 25 17 19 18 12 19 22 20 16 21 20 22 10 23 27 24 21 25 13 26 21 27 12 28 16 29 16 30 26 31 25 32 19 33 11 34 14 35 20 12 8 22 9 27 10 29 11 11 12 19 13 27 14 18 15 20 28 18 29 24 30 22 31 22 8 24 15 25 13 26 24 27 10 28 11 29 22 30 16 31 14 4 36 14 37 16 38 25 39 13 
5 4 0 28 1 15 2 17 3 13 8 12 27 13 30 14 27 15 19 16 17 17 21 18 14 19 14 24 4 14 5 29 6 12 7 17 12 21 13 28 14 29 15 19 16 28 17 12 18 26 19 22 24 15 25 27 26 30 27 27 28 27 29 24 30 12 31 25 32 17 33 14 34 12 35 25 12 16 10 17 16 18 11 19 29 20 13 21 13 22 21 23 14 24 16 25 22 26 11 27 28 4 36 12 37 11 38 14 39 19 
5 4 0 19 1 11 2 16 3 12 24 4 11 5 27 6 15 7 20 8 18 9 17 10 28 11 10 12 18 13 19 14 23 15 13 20 21 21 28 22 16 23 25 24 16 25 14 26 17 27 17 32 10 33 20 34 16 35 16 28 4 12 5 17 6 27 7 24 8 18 9 19 10 19 11 22 16 29 17 11 18 15 19 24 20 19 21 11 22 23 23 14 24 13 25 16 26 17 27 23 28 22 29 18 30 25 31 16 32 24 33 10 34 13 35 28 16 4 18 5 12 6 28 7 26 12 27 13 22 14 19 15 18 20 14 21 26 22 13 23 24 32 16 33 22 34 16 35 23 4 36 12 37 18 38 10 39 21 
5 4 0 15 1 16 2 13 3 16 12 4 17 5 11 6 12 7 29 12 22 13 19 14 22 15 13 24 14 25 15 26 23 27 20 16 4 27 5 18 6 23 7 28 20 15 21 11 22 18 23 11 28 24 29 18 30 11 31 20 32 23 33 21 34 28 35 23 4 28 15 29 22 30 25 31 15 4 36 25 37 21 38 22 39 22 
5 4 0 18 1 14 2 15 3 29 20 4 14 5 17 6 29 7 22 8 22 9 23 10 11 11 15 20 29 21 17 22 20 23 22 24 26 25 24 26 19 27 15 32 29 33 30 34 15 35 12 28 4 26 5 21 6 28 7 14 8 24 9 12 10 27 11 20 12 21 13 13 14 12 15 28 16 14 17 13 18 24 19 16 20 25 21 14 22 22 23 15 24 11 25 19 26 13 27 27 28 22 29 29 30 11 31 20 16 8 30 9 14 10 11 11 26 16 28 17 11 18 25 19 29 24 29 25 11 26 25 27 12 28 18 29 16 30 14 31 24 4 36 29 37 15 38 10 39 29 
5 4 0 16 1 14 2 10 3 16 8 4 19 5 12 6 21 7 25 12 19 13 29 14 10 15 22 16 4 17 5 11 6 23 7 18 8 14 9 29 10 18 11 11 12 30 13 18 14 18 15 16 24 20 25 19 26 22 27 28 8 12 20 13 10 14 29 15 26 20 28 21 20 22 18 23 12 4 36 22 37 18 38 19 39 13 
5 4 0 12 1 30 2 12 3 13 16 4 14 5 22 6 19 7 18 12 27 13 19 14 20 15 14 16 23 17 13 18 27 19 21 20 22 21 26 22 10 23 15 4 16 27 17 22 18 25 19 12 24 4 23 5 11 6 19 7 16 8 28 9 12 10 18 11 16 12 19 13 12 14 28 15 19 24 17 25 23 26 30 27 11 28 16 29 28 30 19 31 24 32 24 33 23 34 30 35 21 4 36 17 37 11 38 23 39 19 
5 4 0 11 1 18 2 20 3 25 8 8 29 9 22 10 15 11 14 12 22 13 19 14 22 15 25 32 4 23 5 16 6 16 7 20 8 19 9 25 10 20 11 27 12 26 13 11 14 26 15 15 16 20 17 19 18 19 19 21 20 24 21 13 22 15 23 29 24 11 25 10 26 15 27 28 28 25 29 18 30 15 31 23 32 22 33 21 34 28 35 28 28 4 18 5 13 6 30 7 28 8 22 9 12 10 22 11 24 12 23 13 19 14 27 15 27 16 16 17 30 18 20 19 11 20 29 21 24 22 16 23 23 24 28 25 22 26 17 27 14 32 22 33 12 34 23 35 21 4 36 16 37 26 38 12 39 30 
5 4 0 27 1 19 2 15 3 14 8 8 14 9 17 10 15 11 27 24 23 25 22 26 28 27 27 4 12 20 13 30 14 16 15 29 12 16 25 17 15 18 14 19 13 20 22 21 13 22 14 23 28 28 13 29 28 30 20 31 23 4 36 18 37 29 38 16 39 30 
5 4 0 26 1 12 2 24 3 10 20 8 16 9 24 10 29 11 26 12 23 13 14 14 13 15 12 20 25 21 26 22 15 23 26 24 12 25 21 26 18 27 16 28 18 29 13 30 16 31 14 32 4 23 5 22 6 22 7 11 8 19 9 16 10 19 11 29 12 11 13 12 14 29 15 26 16 22 17 29 18 16 19 14 20 14 21 16 22 14 23 26 24 30 25 26 26 20 27 22 28 17 29 22 30 19 31 14 32 19 33 30 34 10 35 11 20 4 22 5 26 6 18 7 15 16 10 17 29 18 11 19 19 20 20 21 23 22 22 23 11 24 11 25 24 26 18 27 30 28 17 29 29 30 22 31 27 4 36 23 37 14 38 11 39 27 
5 4 0 28 1 21 2 24 3 29 8 20 14 21 18 22 23 23 23 24 29 25 20 26 13 27 15 32 4 24 5 26 6 24 7 29 8 21 9 13 10 27 11 10 12 20 13 10 14 16 15 16 16 30 17 24 18 16 19 24 20 10 21 12 22 18 23 23 24 23 25 23 26 27 27 20 28 18 29 23 30 10 31 16 32 25 33 17 34 16 35 18 16 16 14 17 27 18 20 19 23 20 22 21 20 22 21 23 25 24 23 25 19 26 10 27 30 28 10 29 28 30 17 31 15 4 36 27 37 17 38 18 39 17 
5 4 0 16 1 16 2 18 3 13 8 12 29 13 22 14 27 15 30 24 29 25 19 26 22 27 22 24 8 14 9 11 10 20 11 18 12 18 13 17 14 16 15 16 16 12 17 11 18 27 19 24 20 30 21 19 22 13 23 30 24 17 25 16 26 21 27 10 32 14 33 26 34 24 35 20 32 4 17 5 30 6 11 7 23 8 16 9 25 10 16 11 14 12 22 13 15 14 18 15 16 16 11 17 11 18 28 19 27 20 26 21 20 22 27 23 17 24 12 25 20 26 15 27 11 28 25 29 20 30 29 31 17 32 30 33 28 34 20 35 21 4 36 14 37 30 38 14 39 22 
5 4 0 23 1 13 2 28 3 24 24 4 25 5 13 6 27 7 13 8 16 9 23 10 30 11 26 12 12 13 27 14 11 15 29 20 18 21 29 22 12 23 14 28 22 29 18 30 20 31 24 32 14 33 29 34 22 35 15 32 4 25 5 19 6 13 7 24 8 27 9 12 10 25 11 12 12 18 13 20 14 20 15 13 16 17 17 14 18 13 19 12 20 12 21 28 22 19 23 27 24 29 25 19 26 16 27 22 28 26 29 17 30 19 31 12 32 22 33 29 34 30 35 12 32 4 27 5 29 6 11 7 25 8 18 9 21 10 12 11 27 12 10 13 22 14 16 15 12 16 27 17 22 18 26 19 11 20 10 21 19 22 14 23 19 24 24 25 15 26 19 27 26 28 11 29 14 30 10 31 16 32 12 33 21 34 25 35 16 4 36 16 37 19 38 12 39 12 
5 4 0 27 1 25 2 28 3 11 12 8 24 9 14 10 10 11 25 12 23 13 15 14 30 15 19 20 10 21 24 22 16 23 12 8 12 14 13 27 14 28 15 14 24 15 25 29 26 18 27 26 20 4 16 5 20 6 26 7 25 12 24 13 10 14 28 15 10 20 18 21 26 22 20 23 14 24 16 25 14 26 11 27 13 28 29 29 30 30 29 31 10 4 36 21 37 24 38 25 39 18 
5 4 0 12 1 22 2 13 3 12 16 8 21 9 10 10 14 11 10 12 26 13 15 14 20 15 10 24 16 25 22 26 16 27 25 28 13 29 24 30 21 31 23 8 8 25 9 14 10 30 11 15 20 10 21 12 22 16 23 20 20 12 30 13 22 14 23 15 17 16 26 17 21 18 26 19 13 20 10 21 22 22 17 23 16 24 25 25 26 26 12 27 21 32 19 33 25 34 22 35 22 4 36 24 37 11 38 12 39 29 
5 4 0 19 1 20 2 11 3 25 28 4 30 5 24 6 14 7 23 8 27 9 11 10 17 11 24 12 24 13 11 14 29 15 11 16 21 17 28 18 20 19 29 24 13 25 29 26 15 27 16 28 12 29 19 30 18 31 22 32 16 33 27 34 22 35 19 20 8 19 9 20 10 22 11 19 12 14 13 12 14 12 15 24 16 13 17 21 18 24 19 10 20 11 21 28 22 17 23 28 28 20 29 30 30 13 31 17 20 4 13 5 20 6 26 7 13 8 11 9 21 10 26 11 14 12 18 13 14 14 27 15 30 20 22 21 26 22 20 23 26 28 26 29 16 30 23 31 12 4 36 17 37 25 38 11 39 25 
5 4 0 27 1 30 2 11 3 30 4 16 14 17 27 18 17 19 15 4 8 21 9 12 10 25 11 14 4 8 25 9 13 10 26 11 26 4 36 10 37 25 38 30 39 20 
5 4 0 29 1 25 2 28 3 21 12 4 12 5 14 6 23 7 29 20 27 21 28 22 12 23 27 32 13 33 23 34 14 35 11 20 4 16 5 11 6 13 7 11 16 13 17 12 18 28 19 25 20 13 21 21 22 19 23 10 28 13 29 13 30 15 31 27 32 29 33 29 34 14 35 21 32 4 30 5 25 6 19 7 22 8 21 9 30 10 25 11 19 12 15 13 18 14 20 15 12 16 22 17 21 18 16 19 15 20 11 21 18 22 11 23 20 24 18 25 20 26 10 27 12 28 23 29 21 30 27 31 17 32 30 33 17 34 14 35 24 4 36 12 37 24 38 11 39 14 
5 4 0 15 1 23 2 21 3 29 32 4 28 5 21 6 14 7 18 8 25 9 14 10 11 11 11 12 11 13 25 14 29 15 26 16 21 17 23 18 29 19 25 20 18 21 27 22 21 23 26 24 16 25 25 26 16 27 16 28 17 29 17 30 30 31 24 32 22 33 25 34 30 35 14 28 4 11 5 21 6 18 7 16 8 11 9 17 10 28 11 20 16 20 17 13 18 24 19 10 20 16 21 29 22 10 23 20 24 19 25 14 26 12 27 15 28 21 29 24 30 24 31 29 32 29 33 19 34 18 35 22 28 8 21 9 24 10 11 11 30 12 19 13 12 14 15 15 28 16 12 17 22 18 19 19 21 20 17 21 17 22 10 23 16 24 17 25 24 26 30 27 26 28 14 29 17 30 21 31 22 32 22 33 21 34 23 35 11 4 36 13 37 29 38 29 39 11 
5 4 0 27 1 20 2 27 3 25 4 12 21 13 12 14 16 15 27 8 4 13 5 16 6 13 7 17 16 23 17 13 18 29 19 18 28 4 19 5 18 6 21 7 25 8 12 9 10 10 13 11 25 12 11 13 12 14 22 15 28 16 10 17 10 18 27 19 14 20 17 21 13 22 29 23 21 28 27 29 29 30 22 31 14 32 14 33 20 34 25 35 18 4 36 21 37 11 38 23 39 20 
5 4 0 21 1 26 2 14 3 29 24 4 25 5 26 6 30 7 24 8 21 9 11 10 23 11 27 12 29 13 17 14 29 15 26 24 18 25 23 26 13 27 27 28 10 29 10 30 29 31 21 32 27 33 27 34 28 35 27 32 4 15 5 18 6 22 7 14 8 28 9 22 10 21 11 17 12 22 13 18 14 27 15 28 16 30 17 26 18 14 19 22 20 30 21 14 22 23 23 28 24 14 25 26 26 19 27 18 28 30 29 10 30 21 31 11 32 17 33 19 34 23 35 25 8 16 29 17 29 18 28 19 13 24 30 25 29 26 21 27 16 4 36 22 37 18 38 21 39 19 
5 4 0 18 1 30 2 24 3 16 8 20 19 21 26 22 10 23 15 28 22 29 26 30 28 31 13 20 8 29 9 12 10 27 11 16 12 10 13 16 14 14 15 27 24 28 25 19 26 13 27 20 28 11 29 25 30 16 31 20 32 29 33 28 34 27 35 16 32 4 12 5 12 6 23 7 14 8 27 9 29 10 24 11 30 12 14 13 15 14 21 15 10 16 26 17 16 18 24 19 14 20 24 21 21 22 22 23 12 24 23 25 27 26 15 27 26 28 17 29 26 30 13 31 30 32 20 33 10 34 23 35 10 4 36 12 37 25 38 29 39 20 
5 4 0 15 1 17 2 25 3 13 28 8 22 9 25 10 19 11 20 12 29 13 12 14 26 15 25 16 22 17 17 18 23 19 25 20 12 21 15 22 16 23 14 24 28 25 15 26 27 27 17 28 23 29 22 30 11 31 20 32 15 33 20 34 11 35 16 16 8 29 9 13 10 11 11 17 12 20 13 18 14 15 15 26 24 16 25 16 26 10 27 28 32 21 33 23 34 28 35 18 32 4 10 5 12 6 12 7 27 8 11 9 14 10 25 11 25 12 26 13 16 14 25 15 11 16 11 17 21 18 27 19 18 20 11 21 11 22 11 23 23 24 25 25 12 26 27 27 23 28 11 29 11 30 16 31 16 32 27 33 13 34 26 35 18 4 36 25 37 21 38 27 39 23 
5 4 0 12 1 18 2 27 3 30 4 4 28 5 16 6 22 7 23 32 4 23 5 19 6 27 7 19 8 21 9 11 10 22 11 30 12 17 13 23 14 28 15 10 16 26 17 22 18 28 19 12 20 26 21 29 22 29 23 27 24 22 25 14 26 29 27 17 28 22 29 15 30 24 31 19 32 22 33 10 34 15 35 29 20 4 15 5 16 6 18 7 15 8 23 9 19 10 19 11 28 12 20 13 19 14 11 15 25 16 23 17 20 18 10 19 10 32 20 33 19 34 16 35 15 4 36 14 37 10 38 21 39 25 
5 4 0 13 1 19 2 29 3 28 20 4 12 5 22 6 30 7 30 12 17 13 20 14 18 15 12 16 18 17 24 18 22 19 16 24 19 25 25 26 26 27 12 28 21 29 24 30 12 31 28 20 4 18 5 21 6 27 7 28 8 11 9 30 10 13 11 17 12 13 13 21 14 23 15 18 20 17 21 12 22 17 23 29 28 29 29 17 30 20 31 15 32 4 20 5 20 6 17 7 17 8 20 9 19 10 18 11 12 12 27 13 10 14 24 15 30 16 18 17 22 18 16 19 20 20 15 21 17 22 29 23 23 24 23 25 16 26 23 27 23 28 18 29 11 30 29 31 29 32 17 33 29 34 15 35 30 4 36 10 37 15 38 12 39 20 
5 4 0 17 1 16 2 18 3 30 4 16 28 17 26 18 23 19 27 24 4 29 5 24 6 11 7 17 16 14 17 27 18 19 19 19 20 30 21 18 22 26 23 14 24 15 25 14 26 16 27 26 28 28 29 28 30 13 31 26 32 27 33 13 34 27 35 18 20 8 20 9 23 10 20 11 16 12 13 13 24 14 21 15 10 20 10 21 16 22 22 23 22 28 14 29 20 30 11 31 20 32 24 33 24 34 28 35 24 4 36 10 37 15 38 21 39 24 
5 4 0 17 1 21 2 12 3 13 4 28 17 29 12 30 28 31 16 28 4 11 5 24 6 27 7 24 8 17 9 10 10 23 11 14 12 21 13 14 14 17 15 30 16 10 17 20 18 28 19 18 20 10 21 11 22 12 23 25 24 20 25 21 26 23 27 25 32 22 33 17 34 30 35 25 8 8 26 9 21 10 12 11 27 32 19 33 10 34 22 35 29 4 36 10 37 10 38 11 39 24 
5 4 0 10 1 24 2 14 3 17 4 12 17 13 11 14 20 15 29 12 8 25 9 25 10 10 11 26 16 28 17 20 18 12 19 14 32 12 33 14 34 15 35 14 8 4 12 5 21 6 16 7 30 32 19 33 16 34 23 35 11 4 36 25 37 19 38 25 39 30 
5 4 0 27 1 30 2 17 3 25 28 4 20 5 25 6 11 7 21 8 12 9 22 10 23 11 28 16 29 17 28 18 17 19 26 20 10 21 20 22 10 23 21 24 10 25 30 26 18 27 14 28 29 29 16 30 15 31 11 32 28 33 11 34 26 35 27 28 4 22 5 16 6 30 7 18 8 20 9 12 10 26 11 29 12 16 13 24 14 13 15 24 20 12 21 13 22 26 23 15 24 13 25 26 26 17 27 13 28 30 29 12 30 16 31 25 32 28 33 16 34 27 35 15 20 8 28 9 21 10 15 11 25 16 10 17 10 18 20 19 19 20 28 21 11 22 26 23 21 24 26 25 27 26 18 27 15 28 30 29 21 30 18 31 10 4 36 17 37 20 38 14 39 23 
5 4 0 14 1 18 2 27 3 13 24 4 20 5 21 6 10 7 11 8 13 9 10 10 25 11 16 12 22 13 30 14 29 15 30 16 27 17 20 18 11 19 29 28 20 29 19 30 22 31 20 32 29 33 28 34 25 35 14 12 20 18 21 27 22 10 23 18 24 19 25 19 26 22 27 12 32 30 33 17 34 17 35 19 32 4 20 5 21 6 24 7 21 8 28 9 12 10 27 11 24 12 24 13 20 14 13 15 29 16 27 17 12 18 15 19 12 20 30 21 30 22 15 23 25 24 13 25 12 26 29 27 23 28 25 29 20 30 19 31 28 32 22 33 20 34 16 35 19 4 36 20 37 10 38 20 39 10 
5 4 0 15 1 15 2 14 3 15 8 8 12 9 30 10 23 11 29 24 14 25 19 26 17 27 23 32 4 10 5 20 6 28 7 12 8 22 9 25 10 17 11 12 12 27 13 23 14 16 15 25 16 15 17 19 18 23 19 13 20 13 21 27 22 16 23 17 24 12 25 30 26 28 27 18 28 29 29 16 30 21 31 18 32 13 33 14 34 17 35 22 24 8 22 9 28 10 20 11 28 12 30 13 10 14 19 15 16 16 20 17 17 18 14 19 26 20 17 21 22 22 16 23 25 24 29 25 22 26 19 27 12 28 22 29 22 30 17 31 23 4 36 23 37 19 38 27 39 26 
5 4 0 15 1 17 2 11 3 28 8 8 23 9 28 10 27 11 16 12 14 13 11 14 12 15 23 16 12 27 13 10 14 19 15 14 20 29 21 17 22 27 23 11 24 14 25 16 26 21 27 11 28 28 29 19 30 19 31 12 28 4 16 5 14 6 25 7 17 8 23 9 15 10 27 11 26 12 22 13 17 14 10 15 15 16 28 17 18 18 19 19 17 20 27 21 12 22 22 23 17 24 21 25 21 26 27 27 14 32 14 33 28 34 25 35 16 4 36 30 37 12 38 12 39 28 
5 4 0 28 1 22 2 17 3 24 28 4 17 5 23 6 14 7 20 12 22 13 17 14 21 15 12 16 29 17 25 18 30 19 21 20 22 21 10 22 14 23 26 24 15 25 16 26 12 27 15 28 20 29 26 30 26 31 24 32 15 33 23 34 15 35 19 20 4 27 5 18 6 25 7 11 8 25 9 28 10 19 11 29 12 24 13 24 14 18 15 24 16 16 17 27 18 24 19 14 20 29 21 10 22 23 23 16 16 12 20 13 27 14 13 15 11 16 26 17 22 18 15 19 26 28 30 29 30 30 27 31 26 32 29 33 30 34 28 35 10 4 36 20 37 25 38 19 39 24 
5 4 0 13 1 14 2 14 3 10 24 4 12 5 27 6 17 7 10 8 19 9 12 10 15 11 23 16 30 17 18 18 24 19 21 20 16 21 20 22 23 23 22 24 10 25 29 26 28 27 20 28 28 29 13 30 23 31 21 16 12 22 13 25 14 13 15 29 20 13 21 30 22 15 23 24 28 12 29 24 30 20 31 30 32 17 33 22 34 13 35 29 8 12 22 13 29 14 21 15 10 20 30 21 24 22 20 23 12 4 36 25 37 26 38 29 39 22 
5 4 0 12 1 16 2 10 3 23 12 8 20 9 19 10 15 11 15 12 23 13 17 14 20 15 21 28 28 29 22 30 19 31 15 8 8 22 9 25 10 28 11 27 12 28 13 26 14 19 15 24 8 4 21 5 22 6 18 7 16 12 10 13 10 14 22 15 21 4 36 28 37 29 38 17 39 26 
5 4 0 22 1 15 2 11 3 17 12 4 13 5 19 6 24 7 23 20 21 21 20 22 13 23 29 28 11 29 22 30 26 31 13 32 4 11 5 21 6 23 7 14 8 22 9 16 10 10 11 19 12 27 13 30 14 14 15 29 16 28 17 14 18 26 19 22 20 29 21 15 22 30 23 12 24 21 25 16 26 24 27 23 28 16 29 23 30 25 31 18 32 16 33 19 34 22 35 22 32 4 29 5 12 6 24 7 16 8 23 9 22 10 11 11 23 12 16 13 26 14 24 15 20 16 20 17 17 18 23 19 25 20 13 21 13 22 10 23 28 24 27 25 19 26 21 27 14 28 15 29 14 30 22 31 16 32 15 33 10 34 28 35 23 4 36 25 37 30 38 19 39 27 
5 4 0 12 1 16 2 18 3 28 16 8 19 9 12 10 19 11 27 12 15 13 19 14 16 15 25 20 10 21 19 22 24 23 28 28 16 29 27 30 27 31 24 4 24 14 25 16 26 23 27 10 32 4 17 5 16 6 15 7 15 8 22 9 26 10 29 11 25 12 23 13 19 14 13 15 30 16 10 17 15 18 20 19 19 20 10 21 26 22 27 23 29 24 12 25 13 26 17 27 12 28 22 29 18 30 10 31 23 32 11 33 23 34 30 35 16 4 36 15 37 30 38 25 39 20 
5 4 0 11 1 13 2 18 3 25 28 4 15 5 28 6 10 7 29 8 16 9 26 10 21 11 18 12 13 13 19 14 21 15 27 16 28 17 12 18 11 19 24 24 18 25 27 26 26 27 17 28 28 29 17 30 21 31 15 32 29 33 24 34 17 35 12 28 4 12 5 16 6 26 7 15 8 19 9 29 10 23 11 12 12 26 13 15 14 30 15 15 16 15 17 19 18 23 19 26 20 15 21 19 22 28 23 24 28 28 29 26 30 18 31 21 32 15 33 13 34 19 35 15 16 8 29 9 20 10 30 11 13 16 14 17 13 18 15 19 27 24 14 25 30 26 27 27 19 28 18 29 27 30 15 31 12 4 36 25 37 15 38 14 39 24 
5 4 0 17 1 22 2 26 3 26 24 4 12 5 23 6 28 7 15 16 14 17 19 18 28 19 27 20 27 21 28 22 20 23 21 24 16 25 12 26 14 27 27 28 16 29 18 30 19 31 25 32 21 33 19 34 28 35 18 4 8 23 9 14 10 11 11 26 32 4 16 5 18 6 21 7 26 8 22 9 19 10 29 11 14 12 28 13 26 14 28 15 15 16 18 17 10 18 22 19 21 20 10 21 17 22 28 23 23 24 15 25 11 26 27 27 28 28 22 29 27 30 28 31 23 32 18 33 20 34 23 35 26 4 36 21 37 19 38 14 39 18 
5 4 0 22 1 19 2 10 3 11 4 4 13 5 18 6 28 7 15 16 8 20 9 30 10 19 11 24 12 26 13 21 14 29 15 12 28 28 29 21 30 11 31 12 32 12 33 15 34 28 35 18 16 20 28 21 11 22 24 23 29 24 29 25 24 26 15 27 28 28 10 29 19 30 15 31 12 32 27 33 14 34 30 35 21 4 36 29 37 25 38 25 39 22 
5 4 0 15 1 25 2 14 3 18 8 12 11 13 15 14 21 15 26 32 14 33 27 34 27 35 25 32 4 23 5 16 6 24 7 19 8 26 9 24 10 25 11 17 12 26 13 23 14 15 15 30 16 15 17 26 18 19 19 22 20 19 21 22 22 24 23 25 24 18 25 27 26 20 27 17 28 22 29 28 30 14 31 22 32 19 33 23 34 29 35 23 28 4 13 5 15 6 23 7 20 12 18 13 26 14 14 15 24 16 11 17 10 18 20 19 10 20 22 21 24 22 22 23 10 24 21 25 26 26 13 27 14 28 26 29 16 30 12 31 20 32 25 33 27 34 22 35 28 4 36 12 37 24 38 22 39 16 
5 4 0 17 1 29 2 14 3 24 28 4 24 5 18 6 10 7 15 8 17 9 29 10 30 11 19 12 12 13 10 14 22 15 21 16 27 17 14 18 27 19 11 24 30 25 24 26 15 27 28 28 28 29 18 30 27 31 19 32 28 33 23 34 19 35 16 32 4 28 5 19 6 26 7 25 8 30 9 27 10 18 11 23 12 11 13 18 14 25 15 29 16 22 17 19 18 10 19 11 20 21 21 22 22 17 23 25 24 23 25 17 26 28 27 17 28 20 29 27 30 30 31 10 32 30 33 18 34 15 35 24 16 4 14 5 10 6 12 7 30 12 30 13 21 14 30 15 24 16 10 17 24 18 28 19 15 32 11 33 11 34 22 35 10 4 36 27 37 17 38 29 39 29 
5 4 0 14 1 16 2 30 3 11 16 8 13 9 28 10 13 11 28 20 20 21 21 22 21 23 30 28 18 29 15 30 30 31 12 32 13 33 18 34 12 35 21 4 28 12 29 25 30 25 31 21 12 20 19 21 14 22 12 23 20 24 24 25 12 26 11 27 23 32 16 33 15 34 23 35 12 4 36 20 37 24 38 25 39 28 

Dynamic Events
Machine Breakdowns (x y z): Machine {x} breakdown from time {y} to {z}
0 113 179
1 319 385
2 225 291
3 184 250
4 162 228
5 327 393
6 309 375
7 333 399
8 107 173
9 176 242
10 81 147
11 156 222
12 330 396
13 218 284
14 92 158
15 186 252
16 327 393
17 142 208
18 274 340
19 315 381
20 79 145
21 260 326
22 81 147
23 332 398
24 201 267
25 325 391
26 333 399
27 273 339
28 178 244
29 82 148
30 173 239
31 120 186
32 240 306
33 160 226
34 108 174
35 119 185
36 80 146
37 182 248
38 253 319
39 321 387

Added Jobs (first number is the time at which the job is added, then pairs of machines and process time)
56: 5 28 25 16 4 15 11 28 35 30 33 25 15 11 31 24 24 24 36 27 19 11 9 22 30 15 38 16 12 14 0 24 13 18 14 20 1 16 8 28 18 21 27 18 26 27 17 27 6 19 37 30 5 26 2 27 21 12 13 35 21 36 18 8 16 4 12 13 20 21 20 30 25 11 19 34 17 23 26 12 20 33 22 28 27 21 9 24 7 24 37 28 8 29 17 27 25 26 13 23 24 19 2 23 31 21 11 27 14 20 20 27 32 16 28 15 21 21 30 12 4 19 3 12 6 22 33 23 27 25 29 38 17 39 18 36 12 3 27 29 23 37 12 22 27 19 25 30 16 7 19 1 16 24 28 17 25 8 23 0 14 31 14 20 26 35 23 26 24 13 14 4 29 12 27 14 24 33 19 21 12 16 23 15 33 24 6 13 18 28 11 17 38 26 7 12 13 24 0 25 16 21 39 27 36 14 21 15 34 29 32 21 24 14 
65: 5 13 7 15 4 25 27 30 34 10 30 28 26 18 17 16 37 20 3 17 1 10 19 15 13 12 14 23 13 8 28 21 30 39 17 35 25 22 14 19 29 1 12 25 12 29 25 3 16 15 12 18 11 13 12 30 7 15 13 19 28 13 1 19 16 26 4 29 29 25 25 15 10 17 34 30 18 25 31 16 5 22 35 26 19 19 30 26 23 10 6 12 32 15 15 30 3 16 14 16 27 27 38 30 22 28 37 12 36 11 11 20 39 11 2 22 23 3 30 34 11 8 22 29 11 20 13 22 17 11 23 32 13 23 25 6 25 36 21 9 27 16 18 27 21 15 21 5 18 14 21 24 15 10 22 30 17 26 23 19 24 0 19 6 38 15 8 22 0 27 25 13 13 14 5 13 
101: 5 14 27 21 15 21 4 16 1 10 24 21 16 16 22 19 17 24 31 20 39 15 7 14 8 18 38 17 19 22 18 22 19 3 25 27 24 38 11 23 14 18 12 13 27 15 22 21 30 6 28 4 21 32 25 1 19 11 21 29 18 28 27 35 25 9 27 23 37 18 33 20 2 26 4 18 20 27 8 20 16 15 28 13 12 28 10 25 34 21 9 25 15 28 35 29 6 24 30 22 18 10 25 20 26 16 27 26 32 26 7 16 38 17 21 35 17 15 18 7 11 32 19 10 14 18 26 19 28 29 25 22 17 21 16 1 20 12 23 38 30 13 17 34 20 20 22 6 11 33 18 39 17 36 12 25 11 32 18 24 22 26 13 17 17 20 15 16 26 13 14 30 39 11 31 17 29 13 28 13 6 28 32 14 12 14 19 21 10 12 0 29 33 18 24 20 3 10 30 11 9 14 1 27 8 14 21 30 38 21 7 19 11 18 35 12 36 21 2 12 25 18 
90: 5 28 33 12 32 22 5 15 12 24 1 22 16 14 15 10 4 30 18 25 21 24 25 10 13 22 31 21 38 26 20 18 35 22 34 21 28 25 2 29 7 23 22 19 36 11 3 17 27 21 17 25 26 23 30 14 8 21 5 6 18 24 15 16 26 1 14 26 25 21 2 27 24 22 20 21 11 21 37 18 32 29 4 18 17 11 39 21 34 28 28 12 9 11 6 24 30 17 0 17 3 18 23 18 7 16 35 27 31 21 36 30 25 33 18 1 15 35 30 38 14 10 21 5 16 11 10 30 14 17 22 4 16 18 23 29 26 16 15 22 15 20 14 8 29 39 27 9 14 36 13 19 14 23 27 6 15 34 17 27 14 37 24 18 13 15 10 11 7 16 32 15 1 25 15 14 11 21 3 14 8 23 2 26 20 30 12 25 6 12 9 19 38 25 23 30 37 15 22 16 
105: 5 12 4 23 38 12 19 21 14 26 21 11 17 19 28 14 35 18 8 24 3 16 25 13 2 22 5 27 13 30 12 34 22 36 17 13 13 15 39 16 27 27 3 15 23 27 20 27 29 17 19 18 15 18 28 16 6 28 11 19 17 28 30 28 18 26 25 23 8 30 29 0 12 27 19 10 20 34 23 13 21 17 17 5 30 17 18 18 4 21 0 24 6 24 25 12 8 21 28 19 15 25 13 14 32 15 20 27 35 30 10 19 36 12 16 23 1 15 12 13 
89: 5 7 37 29 8 17 18 26 16 12 39 26 3 22 7 16 26 11 30 14 22 9 13 15 24 6 26 3 24 12 19 39 29 26 16 29 21 32 28 38 16 17 18 23 30 36 11 16 24 21 30 1 26 18 19 24 12 2 16 13 11 10 30 20 29 7 24 35 19 18 11 15 14 27 32 30 13 19 18 24 12 18 8 24 3 18 35 24 16 28 34 25 24 10 6 30 36 29 37 21 10 21 38 29 25 29 4 35 17 22 14 21 25 27 25 17 12 11 0 18 2 15 16 29 10 23 20 26 33 13 13 26 3 23 31 25 25 14 22 14 27 20 38 11 7 18 35 27 9 26 
113: 5 21 26 12 9 27 36 27 29 25 16 29 8 25 15 12 5 25 24 17 18 26 39 12 4 19 1 16 37 25 21 23 34 23 17 25 6 27 19 15 30 10 31 21 4 38 25 16 16 11 16 17 13 32 6 26 7 13 13 14 20 28 36 25 14 13 4 21 15 11 12 21 1 22 2 22 22 18 39 11 31 23 26 18 18 24 25 25 33 11 21 10 38 30 27 11 11 11 29 30 9 10 8 17 32 30 3 13 19 24 35 24 34 19 30 28 23 23 29 28 25 34 16 6 10 1 15 38 12 25 18 11 14 27 28 37 12 31 26 23 13 7 30 15 29 39 24 12 17 29 26 33 16 13 28 30 22 18 21 3 15 22 21 8 13 14 20 20 19 21 25 4 28 0 23 5 12 24 39 16 36 29 25 13 13 15 1 27 22 16 7 29 14 26 34 25 21 27 32 13 17 20 4 17 5 16 30 30 24 29 12 18 16 14 37 13 33 17 10 25 28 24 11 16 3 15 
69: 5 23 38 18 24 23 21 27 11 10 2 23 0 27 1 26 15 23 14 30 30 25 28 11 5 23 31 12 29 12 34 14 18 14 8 30 27 12 3 23 12 27 25 25 9 15 17 10 31 38 22 30 18 32 26 24 22 28 20 11 11 9 30 10 25 31 20 17 14 19 16 39 30 25 17 8 24 36 14 23 24 29 13 4 30 35 21 34 27 15 18 16 18 6 14 14 30 26 22 21 28 20 12 13 18 33 22 0 22 7 15 5 31 29 2 23 39 25 6 10 12 24 7 2 24 0 14 32 25 31 22 28 23 17 27 22 29 19 0 27 27 22 17 10 13 21 36 23 16 10 10 19 2 30 26 26 7 20 23 23 19 11 20 25 4 16 22 23 29 27 5 23 33 20 15 28 
36: 5 23 7 23 1 12 30 27 37 17 16 30 11 21 18 23 28 22 26 18 3 11 4 22 29 24 32 24 6 11 9 13 2 19 8 11 24 19 15 12 39 16 12 20 17 23 27 18 31 11 14 39 28 22 13 30 27 8 20 35 18 26 13 14 22 6 27 4 18 21 30 36 17 10 30 3 10 37 11 25 29 1 23 15 18 31 27 7 18 38 27 34 12 12 29 27 29 17 11 13 19 2 17 9 17 29 26 18 12 23 28 20 14 28 26 11 4 28 8 11 24 17 27 13 1 30 5 18 29 11 39 30 37 17 20 25 6 30 2 26 18 15 21 28 31 16 12 27 16 15 17 14 32 19 20 31 17 6 28 37 27 29 10 2 22 27 29 1 11 14 28 11 15 12 14 20 15 23 18 8 29 32 27 3 11 24 15 7 10 21 27 15 14 9 15 34 24 33 16 26 16 38 22 30 30 5 13 35 10 22 14 25 29 13 10 28 23 12 38 17 35 15 10 27 1 16 9 23 36 14 32 14 0 17 21 29 12 17 37 22 3 25 
50: 5 32 11 26 14 12 9 20 17 26 7 18 6 21 39 16 23 23 3 18 30 27 4 30 2 18 12 17 22 11 21 23 34 24 32 25 36 17 25 28 10 17 35 20 27 14 28 28 8 17 33 13 20 26 29 22 5 11 1 24 38 30 26 26 16 29 9 9 27 30 24 36 13 31 20 33 22 10 30 16 11 35 20 26 16 6 5 28 26 13 35 28 25 25 2 11 18 20 11 18 12 15 18 27 25 14 16 7 14 19 22 35 21 13 15 5 22 4 21 17 16 16 14 20 33 10 7 25 34 10 17 22 5 28 24 25 20 29 12 15 28 18 11 16 27 22 36 13 26 12 4 20 21 24 
65: 5 15 34 18 21 19 35 24 1 29 24 28 26 16 39 29 29 18 3 11 32 23 27 16 31 15 33 20 0 15 38 30 13 14 19 37 19 3 29 5 21 22 19 1 22 26 12 24 17 4 25 31 22 28 10 15 14 29 14 14 36 14 37 11 34 14 1 22 8 16 6 25 3 13 5 14 33 13 10 11 13 26 24 19 16 14 0 17 6 26 12 31 24 23 12 10 13 24 28 17 25 12 19 19 10 12 13 20 26 20 38 27 32 22 30 14 6 14 29 29 22 24 4 21 11 27 

Cancelled Jobs
64 15
22 24
139 28
202 44
