10 40
5 4 0 28 1 20 2 14 3 21 4 24 24 25 15 26 22 27 14 16 4 29 5 21 6 21 7 13 24 20 25 29 26 23 27 26 28 10 29 29 30 18 31 22 32 20 33 27 34 19 35 12 32 4 14 5 29 6 12 7 21 8 27 9 10 10 14 11 21 12 25 13 15 14 12 15 16 16 23 17 21 18 14 19 19 20 17 21 18 22 13 23 20 24 12 25 14 26 18 27 20 28 30 29 28 30 13 31 20 32 14 33 20 34 17 35 24 4 36 12 37 22 38 24 39 16 
5 4 0 17 1 27 2 30 3 26 32 4 21 5 19 6 17 7 23 8 10 9 28 10 19 11 29 12 26 13 23 14 18 15 27 16 19 17 13 18 10 19 13 20 13 21 19 22 23 23 22 24 14 25 20 26 26 27 28 28 25 29 30 30 10 31 19 32 22 33 11 34 28 35 16 24 4 17 5 25 6 15 7 17 12 13 13 30 14 24 15 10 16 29 17 26 18 18 19 26 20 16 21 24 22 25 23 29 24 20 25 18 26 26 27 14 28 10 29 23 30 17 31 16 20 4 20 5 13 6 30 7 12 8 26 9 22 10 25 11 25 12 10 13 16 14 17 15 24 16 19 17 14 18 15 19 14 20 14 21 13 22 29 23 26 4 36 21 37 15 38 14 39 18 
5 4 0 26 1 20 2 19 3 10 32 4 29 5 28 6 27 7 21 8 17 9 11 10 16 11 23 12 10 13 19 14 11 15 15 16 24 17 23 18 27 19 13 20 26 21 14 22 24 23 28 24 22 25 11 26 23 27 10 28 22 29 16 30 18 31 19 32 27 33 11 34 27 35 11 28 8 27 9 21 10 11 11 17 12 28 13 16 14 22 15 20 16 21 17 20 18 28 19 27 20 24 21 11 22 18 23 24 24 21 25 12 26 11 27 30 28 11 29 12 30 27 31 30 32 28 33 15 34 10 35 21 16 8 10 9 15 10 27 11 19 12 30 13 21 14 30 15 16 28 16 29 12 30 28 31 29 32 22 33 17 34 24 35 27 4 36 11 37 22 38 13 39 19 
5 4 0 16 1 19 2 10 3 11 32 4 10 5 22 6 15 7 17 8 13 9 15 10 17 11 10 12 30 13 25 14 24 15 14 16 23 17 14 18 17 19 19 20 30 21 21 22 21 23 18 24 21 25 14 26 18 27 22 28 20 29 11 30 23 31 16 32 24 33 13 34 28 35 15 32 4 10 5 18 6 11 7 21 8 25 9 19 10 14 11 12 12 24 13 26 14 16 15 16 16 12 17 30 18 24 19 19 20 15 21 28 22 17 23 25 24 17 25 28 26 24 27 10 28 26 29 14 30 28 31 10 32 17 33 10 34 15 35 22 28 8 27 9 26 10 26 11 13 12 18 13 24 14 26 15 27 16 10 17 27 18 10 19 23 20 13 21 26 22 11 23 27 24 28 25 23 26 19 27 10 28 18 29 26 30 21 31 27 32 10 33 28 34 28 35 15 4 36 19 37 19 38 28 39 14 
5 4 0 21 1 23 2 26 3 20 8 4 18 5 20 6 17 7 15 16 17 17 11 18 28 19 20 20 4 17 5 28 6 26 7 20 8 10 9 29 10 16 11 23 20 27 21 21 22 22 23 25 24 21 25 19 26 14 27 15 32 12 33 21 34 29 35 18 12 4 14 5 17 6 13 7 29 8 26 9 12 10 19 11 15 28 17 29 21 30 17 31 23 4 36 26 37 15 38 21 39 12 
5 4 0 13 1 12 2 24 3 23 24 4 19 5 26 6 18 7 30 8 12 9 18 10 30 11 10 12 29 13 30 14 27 15 11 16 30 17 26 18 17 19 26 24 10 25 23 26 30 27 11 28 26 29 30 30 28 31 27 28 4 15 5 30 6 22 7 19 8 17 9 24 10 15 11 26 16 22 17 17 18 24 19 10 20 15 21 17 22 16 23 23 24 23 25 19 26 17 27 16 28 25 29 29 30 22 31 11 32 14 33 30 34 26 35 11 4 12 20 13 23 14 11 15 24 4 36 28 37 26 38 26 39 24 
5 4 0 17 1 29 2 10 3 14 20 4 26 5 11 6 11 7 17 12 19 13 18 14 24 15 14 16 25 17 25 18 12 19 28 28 28 29 18 30 17 31 24 32 13 33 20 34 22 35 10 16 4 28 5 18 6 25 7 28 16 17 17 10 18 26 19 21 28 28 29 30 30 12 31 18 32 10 33 13 34 14 35 11 16 4 19 5 25 6 23 7 14 16 14 17 26 18 20 19 17 20 21 21 19 22 10 23 26 24 17 25 23 26 13 27 27 4 36 19 37 27 38 19 39 21 
5 4 0 27 1 24 2 30 3 11 32 4 24 5 17 6 18 7 16 8 19 9 16 10 28 11 12 12 11 13 20 14 29 15 30 16 29 17 19 18 29 19 12 20 14 21 22 22 22 23 18 24 18 25 27 26 26 27 25 28 22 29 25 30 17 31 27 32 14 33 22 34 25 35 23 12 8 15 9 18 10 29 11 12 20 28 21 19 22 15 23 24 28 21 29 22 30 11 31 12 8 4 17 5 21 6 15 7 20 20 12 21 30 22 15 23 26 4 36 10 37 22 38 20 39 10 
5 4 0 20 1 23 2 29 3 25 12 8 30 9 26 10 29 11 16 12 12 13 17 14 20 15 22 28 30 29 22 30 20 31 29 24 4 15 5 20 6 12 7 29 8 18 9 22 10 25 11 26 12 12 13 30 14 28 15 18 20 16 21 13 22 13 23 16 24 27 25 19 26 18 27 25 32 14 33 26 34 21 35 19 28 4 15 5 11 6 26 7 21 8 10 9 10 10 30 11 12 12 10 13 11 14 23 15 30 16 11 17 11 18 26 19 24 20 24 21 23 22 24 23 15 28 28 29 24 30 12 31 23 32 17 33 28 34 22 35 24 4 36 29 37 18 38 21 39 20 
5 4 0 11 1 12 2 23 3 17 28 4 20 5 14 6 21 7 30 8 11 9 25 10 10 11 10 12 14 13 18 14 22 15 22 16 28 17 22 18 24 19 21 20 18 21 29 22 18 23 22 28 28 29 29 30 16 31 13 32 24 33 17 34 27 35 29 24 4 14 5 29 6 13 7 18 8 17 9 18 10 23 11 10 16 29 17 11 18 25 19 12 20 28 21 18 22 22 23 25 24 22 25 28 26 27 27 23 28 18 29 23 30 26 31 29 4 16 30 17 17 18 27 19 11 4 36 17 37 27 38 17 39 23 

Dynamic Events
Machine Breakdowns (x y z): Machine {x} breakdown from time {y} to {z}
0 27 58
1 38 69
2 131 162
3 120 151
4 151 182
5 19 50
6 79 110
9 49 80
10 86 117
13 49 80
14 37 68
15 158 189
17 85 116
18 41 72
19 83 114
21 155 186
22 128 159
25 50 81
27 38 69
28 4 35
29 26 57
30 15 46
31 98 129
32 102 133
33 114 145
34 25 56
35 20 51
36 142 173
37 135 166
38 63 94
39 148 179

Added Jobs (first number is the time at which the job is added, then pairs of machines and process time)
11: 5 27 1 28 39 22 0 16 25 17 34 13 2 18 22 14 37 21 8 23 23 28 12 15 35 19 15 13 9 22 17 10 32 14 14 28 21 13 26 14 30 19 27 21 7 26 3 26 4 23 16 12 36 19 19 19 14 6 16 37 19 13 20 20 24 18 22 34 12 29 19 12 15 17 12 26 18 33 14 21 18 15 14 8 23 22 0 26 38 24 18 16 3 26 30 25 37 26 7 25 6 27 19 22 13 20 10 29 8 12 20 15 26 19 5 15 4 29 29 27 15 10 31 28 39 15 11 21 16 24 28 15 26 11 20 21 17 4 29 14 12 16 16 3 17 1 24 28 17 22 11 9 17 2 21 24 22 29 25 36 25 26 29 25 24 20 16 30 24 31 29 6 29 23 20 19 25 27 17 34 20 0 19 17 17 7 16 10 37 24 25 25 4 16 12 19 23 16 20 26 5 13 27 22 2 29 16 20 
55: 5 26 2 12 19 11 13 17 27 30 28 14 22 28 33 26 12 18 39 14 38 14 16 21 25 22 36 18 34 18 3 13 0 20 32 27 6 22 1 18 17 20 26 21 8 21 14 27 20 14 21 12 24 23 7 7 15 12 23 23 26 2 24 30 15 19 13 22 22 14 8 18 33 18 32 16 38 23 14 19 0 24 26 25 30 13 18 10 12 12 21 30 10 25 17 19 11 24 32 2 16 32 19 21 11 22 23 39 16 38 13 37 18 7 24 14 16 18 29 11 12 30 25 16 26 0 14 12 19 8 20 3 21 19 15 1 28 15 14 5 29 9 15 27 19 6 25 35 13 33 29 10 21 34 27 17 20 4 16 28 26 36 25 13 20 15 36 12 26 23 0 28 34 12 30 18 21 13 38 26 25 26 28 10 14 23 5 25 2 21 
16: 5 25 28 13 19 24 1 21 0 20 16 29 33 15 31 25 12 16 24 23 21 11 13 11 17 11 5 21 36 18 18 28 38 14 3 17 14 12 32 28 7 29 30 15 6 16 25 20 9 23 26 28 20 35 12 31 22 34 29 13 26 32 10 14 25 7 18 30 12 19 19 38 14 5 15 6 21 33 27 9 14 4 16 21 18 27 10 24 20 37 24 26 24 6 2 23 25 11 34 13 29 24 24 11 22 10 17 1 17 28 26 31 10 10 30 16 22 38 20 0 15 15 27 29 14 6 15 37 18 22 16 14 14 4 27 27 22 9 24 13 23 14 27 25 38 13 9 18 36 12 16 24 15 12 37 26 21 30 3 21 0 17 2 28 4 15 17 28 34 28 

Cancelled Jobs
