20 5
5 2 1 4 0 15 2 2 18 0 15 1 1 4 1 3 18 5 2 8 4 2 3 5 0 7 1 7 
5 2 0 3 4 13 5 2 8 4 2 3 5 0 7 1 7 2 1 4 0 15 3 0 8 4 1 1 5 3 0 3 4 13 2 2 
5 5 1 18 4 1 3 19 0 9 2 3 1 3 18 2 3 11 2 9 1 1 4 3 4 12 2 14 3 19 
5 2 1 4 0 15 4 3 10 2 10 1 17 4 8 4 4 18 2 13 1 2 0 5 5 3 10 4 15 0 2 2 9 1 16 2 2 15 0 6 
5 3 0 3 4 13 2 2 2 2 18 0 15 5 1 18 4 1 3 19 0 9 2 3 3 4 12 2 14 3 19 1 3 5 
5 5 2 8 4 2 3 5 0 7 1 7 2 2 18 0 15 2 0 15 4 7 2 1 7 0 17 2 1 4 0 15 
5 1 3 5 2 0 15 4 7 2 1 4 0 15 3 0 3 4 13 2 2 4 3 6 1 17 2 15 4 7 
5 4 3 6 1 17 2 15 4 7 3 2 18 0 2 3 15 4 1 14 3 14 2 19 4 15 1 1 4 2 1 7 0 17 
5 5 1 18 4 1 3 19 0 9 2 3 4 3 6 1 17 2 15 4 7 3 0 8 4 1 1 5 4 1 14 3 14 2 19 4 15 2 0 17 4 15 
5 2 0 15 4 7 4 3 10 2 10 1 17 4 8 2 2 15 0 6 1 3 5 5 2 16 4 17 3 10 1 10 0 7 
5 1 3 18 3 0 8 4 1 1 5 5 2 8 4 2 3 5 0 7 1 7 2 0 15 4 7 2 0 17 4 15 
5 3 4 12 2 14 3 19 4 3 10 2 10 1 17 4 8 2 2 15 0 6 5 2 8 4 2 3 5 0 7 1 7 5 2 16 4 17 3 10 1 10 0 7 
5 2 0 17 4 15 1 3 18 4 1 17 4 19 3 5 2 12 3 2 18 0 2 3 15 3 0 8 4 1 1 5 
5 2 4 1 2 5 3 2 18 0 2 3 15 4 3 10 2 10 1 17 4 8 2 2 18 0 15 5 2 8 4 2 3 5 0 7 1 7 
5 5 2 8 4 2 3 5 0 7 1 7 2 4 1 2 5 3 4 12 2 14 3 19 5 2 16 4 17 3 10 1 10 0 7 2 0 17 4 15 
5 5 3 10 4 15 0 2 2 9 1 16 2 3 11 2 9 1 1 4 2 0 15 4 7 1 3 5 
5 5 2 8 4 2 3 5 0 7 1 7 4 1 14 3 14 2 19 4 15 3 2 18 0 2 3 15 2 2 15 0 6 5 1 18 4 1 3 19 0 9 2 3 
5 1 1 4 3 0 8 4 1 1 5 2 4 1 2 5 2 2 18 0 15 2 0 15 4 7 
5 3 0 3 4 13 2 2 4 3 6 1 17 2 15 4 7 4 4 18 2 13 1 2 0 5 1 3 18 2 0 3 4 13 
5 1 3 5 2 1 4 0 15 1 3 18 2 0 15 4 7 5 3 10 4 15 0 2 2 9 1 16 

Dynamic Events
Machine Breakdowns (x y z): Machine {x} breakdown from time {y} to {z}
0 213 261
1 236 288
3 172 224
4 43 78

Added Jobs (first number is the time at which the job is added, then pairs of machines and process time)
61: 5 1 3 5 4 2 17 0 12 4 2 1 14 3 4 8 2 9 3 18 4 2 3 3 18 0 9 1 2 3 4 16 3 9 0 9 
57: 5 5 2 7 1 7 3 10 0 13 4 10 1 1 2 2 1 2 0 7 4 1 2 3 6 4 1 0 5 5 1 17 3 13 0 14 4 10 2 2 
62: 5 3 2 12 4 12 1 15 3 1 12 0 4 4 17 3 2 4 1 15 3 7 4 2 9 1 9 4 8 0 12 2 3 5 2 3 

Cancelled Jobs
149 11
152 19
