20 10
10 2 6 18 3 5 2 4 7 6 7 1 2 19 1 6 14 2 3 5 9 12 1 0 10 1 9 18 2 6 10 7 19 2 2 11 7 9 2 2 5 7 12 
12 1 1 5 2 6 18 3 5 2 2 5 7 12 1 0 10 1 9 19 2 2 15 3 19 1 6 14 1 4 9 2 4 14 8 5 1 0 19 2 6 10 7 19 1 0 16 
14 2 4 14 8 5 1 0 19 1 0 10 1 2 19 2 6 18 3 5 2 3 5 9 12 2 2 5 7 12 1 9 10 1 4 9 1 0 7 2 6 10 7 19 1 0 10 1 9 19 1 9 18 
10 1 9 10 2 4 7 6 7 1 6 14 1 0 10 1 9 18 2 2 15 6 13 2 9 14 4 7 2 2 11 7 9 1 8 11 1 4 9 
12 1 4 9 2 4 14 8 5 2 6 18 3 5 2 2 11 7 9 1 0 10 1 8 11 1 0 7 1 6 14 2 3 5 9 12 2 2 15 3 19 1 7 18 1 9 19 
10 2 2 15 6 13 1 2 19 1 4 9 1 9 19 2 2 5 7 12 2 6 18 3 5 2 7 14 9 9 2 3 5 9 12 1 9 18 1 0 7 
12 1 0 10 1 9 18 1 0 7 1 4 9 2 7 14 9 9 2 6 10 7 19 2 2 15 3 19 2 9 14 4 7 1 7 18 1 9 19 1 0 19 1 0 10 
11 1 0 10 1 6 14 1 0 10 2 2 15 3 19 2 4 14 8 5 2 6 18 3 5 1 2 19 1 0 19 2 3 5 9 12 1 4 9 1 9 19 
14 2 6 10 7 19 2 7 14 9 9 1 0 19 1 9 19 2 9 14 4 7 1 1 5 2 3 5 9 12 2 4 7 6 7 1 0 16 1 0 7 1 8 11 1 2 19 1 0 10 1 9 18 
11 1 9 19 2 9 14 4 7 1 7 18 2 2 11 7 9 1 0 7 1 0 10 2 4 14 8 5 2 2 15 3 19 1 9 18 1 2 19 1 0 19 
11 2 4 14 8 5 1 0 10 1 7 18 2 2 15 3 19 2 6 10 7 19 2 2 5 7 12 2 2 11 7 9 2 7 14 9 9 1 9 10 1 8 11 1 2 19 
10 1 9 19 2 2 11 7 9 2 4 7 6 7 1 0 16 1 6 14 2 6 18 3 5 2 3 5 9 12 1 0 10 1 7 18 2 4 14 8 5 
11 2 9 14 4 7 1 9 19 2 6 10 7 19 2 2 15 3 19 1 0 19 1 7 18 2 7 14 9 9 2 2 11 7 9 1 9 18 2 4 14 8 5 1 1 5 
11 1 0 10 2 4 7 6 7 1 0 10 1 8 11 1 6 14 2 2 15 6 13 2 7 14 9 9 1 0 16 2 2 5 7 12 2 4 14 8 5 1 1 5 
11 2 4 14 8 5 2 4 7 6 7 1 6 14 1 9 10 2 6 10 7 19 2 2 15 3 19 2 6 18 3 5 1 0 7 2 2 11 7 9 1 0 19 1 7 18 
11 1 1 5 2 6 10 7 19 1 9 10 1 8 11 1 7 18 2 9 14 4 7 2 4 14 8 5 1 0 10 1 0 19 2 2 15 6 13 2 7 14 9 9 
13 1 9 10 2 4 14 8 5 1 4 9 1 9 19 1 0 10 2 2 5 7 12 1 1 5 2 9 14 4 7 1 0 10 2 7 14 9 9 2 2 15 6 13 1 0 16 1 6 14 
11 2 2 15 6 13 1 1 5 1 9 19 1 2 19 1 7 18 1 0 7 1 4 9 1 6 14 2 6 18 3 5 1 0 10 2 4 14 8 5 
10 2 6 10 7 19 1 1 5 2 2 11 7 9 1 8 11 2 3 5 9 12 1 9 18 2 6 18 3 5 2 7 14 9 9 2 2 5 7 12 1 9 19 
10 1 9 18 1 9 10 1 6 14 1 8 11 2 2 15 6 13 1 1 5 2 7 14 9 9 2 2 5 7 12 1 4 9 1 0 16 

Dynamic Events
Machine Breakdowns (x y z): Machine {x} breakdown from time {y} to {z}
0 625 679
1 720 741
3 35 81
4 535 613
4 747 839
5 32 32
5 274 274
6 189 254
6 554 636
7 169 230
8 683 720
9 3 67
9 275 400

Added Jobs (first number is the time at which the job is added, then pairs of machines and process time)
234: 11 2 0 10 8 9 1 2 9 1 2 14 1 0 12 2 3 5 0 18 1 5 12 2 3 13 7 15 1 8 8 1 1 5 1 6 7 1 8 6 
58: 10 1 0 10 1 8 11 1 7 13 2 4 12 5 6 2 1 5 4 12 1 7 10 1 2 17 1 9 10 1 4 12 2 9 11 4 9 
292: 12 1 4 14 2 8 11 1 5 1 5 11 1 8 6 2 5 9 9 18 2 0 9 6 10 1 2 15 2 8 6 7 11 1 9 18 2 0 18 3 16 1 4 7 2 2 16 5 7 
59: 14 1 8 10 2 2 13 5 5 1 4 12 1 7 19 2 8 11 6 15 1 2 11 1 7 16 1 3 16 1 6 9 2 8 6 2 14 2 0 17 9 14 2 0 10 6 8 1 0 8 1 2 6 

Cancelled Jobs
125 1
