30 5
7 2 3 25 1 12 2 0 12 3 22 1 1 14 1 2 10 2 2 16 0 10 1 0 29 1 1 26 
5 1 1 18 2 3 17 4 18 2 2 10 3 22 1 2 10 2 1 15 3 19 
7 1 4 11 2 2 10 3 22 2 3 17 4 18 1 1 14 1 2 10 1 0 29 1 4 22 
5 1 3 14 2 2 10 3 10 1 1 18 2 1 15 3 19 2 4 24 0 25 
5 1 1 18 2 2 18 3 11 2 1 15 3 19 2 3 17 4 18 1 1 14 
6 2 0 12 3 22 2 2 16 0 10 1 4 11 2 2 18 3 11 2 2 28 3 22 1 4 22 
5 2 3 25 1 12 1 4 11 2 0 28 2 23 2 4 24 0 25 1 2 10 
5 1 4 22 1 3 14 2 1 15 3 19 1 1 14 1 1 14 
5 2 1 15 3 19 1 4 11 2 3 25 1 12 1 3 14 1 1 14 
7 1 2 22 1 4 22 1 2 10 2 2 10 3 10 2 2 18 3 11 2 2 28 3 22 1 4 22 
7 2 2 20 3 14 1 4 22 2 2 13 3 12 2 1 15 3 19 1 2 10 2 0 12 3 22 1 1 18 
5 1 2 10 1 0 23 1 2 22 1 4 22 2 2 16 0 10 
6 1 3 14 2 0 12 3 22 1 2 10 2 1 22 2 21 1 1 18 1 2 22 
7 2 0 28 2 23 2 2 20 3 14 1 1 18 2 1 22 2 21 1 0 23 2 2 28 3 22 1 4 11 
6 1 4 22 1 1 14 1 1 14 1 2 22 2 0 28 2 23 1 4 22 
6 2 2 10 3 22 2 2 20 4 23 1 2 10 1 4 22 1 0 23 2 3 25 1 12 
7 2 3 24 2 22 2 2 13 3 12 2 0 12 3 22 1 2 10 2 4 24 0 25 2 3 17 4 18 1 1 14 
5 2 4 24 0 25 1 4 22 2 2 13 3 12 2 1 22 2 21 2 2 20 4 23 
6 1 2 22 2 3 25 1 12 1 4 22 2 0 12 3 22 1 1 18 1 2 10 
7 1 0 29 2 0 12 3 22 2 2 18 3 11 1 1 14 2 2 20 4 23 2 3 17 4 18 1 0 23 
7 2 3 25 1 12 2 1 22 2 21 1 2 22 1 1 18 1 1 14 2 2 20 4 23 1 4 22 
5 2 3 24 2 22 1 4 22 2 2 20 4 23 1 2 10 1 3 14 
6 1 1 14 1 2 10 2 3 25 1 12 2 2 18 3 11 2 2 20 4 23 1 1 14 
7 1 2 10 2 1 22 2 21 1 3 14 2 0 28 2 23 2 3 25 1 12 2 0 12 3 22 1 2 22 
6 2 2 16 0 10 1 1 18 2 4 24 0 25 1 0 23 1 4 22 2 2 10 3 22 
6 2 4 24 0 25 2 2 10 3 22 1 1 14 1 1 14 1 3 14 1 1 18 
6 1 1 26 2 3 24 2 22 2 0 28 2 23 2 2 16 0 10 2 1 22 2 21 2 4 24 0 25 
5 2 0 12 3 22 2 0 28 2 23 2 2 28 3 22 1 4 11 2 2 18 3 11 
6 2 2 18 3 11 1 2 10 2 2 20 4 23 2 2 10 3 10 2 2 28 3 22 2 1 22 2 21 
6 2 2 20 4 23 1 3 14 1 4 22 2 2 10 3 22 2 2 20 3 14 1 1 26 

Dynamic Events
Machine Breakdowns (x y z): Machine {x} breakdown from time {y} to {z}
0 630 798
1 363 496
1 726 794
2 471 584
3 821 989
4 717 885

Added Jobs (first number is the time at which the job is added, then pairs of machines and process time)
82: 6 1 1 19 2 0 12 4 12 1 0 28 1 3 19 1 2 12 2 0 10 2 22 
166: 7 2 2 10 4 15 2 3 10 4 18 2 1 15 0 19 2 3 24 1 12 2 4 23 1 26 2 0 26 1 25 1 3 10 
286: 5 1 3 15 1 4 11 2 2 28 0 14 1 2 23 1 4 15 
98: 6 1 2 19 2 4 18 3 23 2 1 19 3 12 1 0 26 2 3 17 2 25 1 4 17 

Cancelled Jobs
162 2
251 16
39 17
499 19
