30 10
6 1 9 28 2 8 14 5 10 2 4 22 9 15 2 6 24 4 18 2 2 10 0 10 1 7 18 
6 2 2 12 8 12 2 8 14 5 10 1 4 17 1 6 10 1 0 15 2 9 12 4 11 
6 2 0 22 4 29 1 4 28 2 2 18 6 16 1 7 18 2 6 17 3 19 2 8 14 5 10 
8 1 1 13 2 2 12 8 12 2 7 26 5 26 1 7 22 1 7 13 1 6 10 1 5 23 2 2 10 0 10 
8 2 6 17 3 19 1 4 28 2 9 28 3 20 2 4 16 5 11 1 7 22 1 4 17 2 4 22 9 15 2 7 26 5 26 
7 2 6 17 3 19 1 6 11 2 2 18 6 16 1 0 15 1 4 28 1 7 19 2 5 29 7 16 
5 2 6 24 4 18 2 9 12 4 11 1 6 29 2 8 14 5 10 1 7 22 
6 2 2 10 0 10 2 6 11 4 25 2 9 28 3 20 1 1 13 1 7 18 1 6 10 
6 2 9 28 3 20 2 6 11 4 25 2 2 12 8 12 1 7 19 1 6 11 1 5 23 
5 2 9 28 3 20 2 6 11 4 25 2 8 14 5 10 2 8 12 1 23 2 2 10 0 10 
5 1 4 28 1 7 19 2 8 14 5 10 1 6 29 2 9 28 3 20 
7 1 5 23 2 2 18 6 16 2 0 22 4 29 1 7 18 1 4 17 1 7 22 1 6 10 
5 1 9 28 2 2 18 6 16 1 6 11 1 5 23 1 7 19 
5 1 6 10 2 4 16 5 11 2 7 26 5 26 2 6 24 4 18 1 6 29 
6 2 8 14 5 10 2 4 22 9 15 2 6 11 4 25 2 9 28 3 20 2 9 14 6 26 1 6 10 
8 2 9 12 4 11 2 6 11 4 25 1 6 10 1 4 28 1 7 19 1 1 13 1 4 17 2 2 12 8 12 
7 1 6 10 2 2 10 0 10 2 9 14 6 26 1 9 28 1 6 11 1 0 15 1 6 29 
5 1 7 22 1 1 13 1 0 15 2 2 10 0 10 2 0 22 4 29 
9 1 7 13 1 4 28 1 6 10 2 2 12 8 12 2 9 28 3 20 2 5 29 7 16 1 1 13 1 7 19 1 7 18 
8 1 6 10 1 1 13 2 9 14 6 26 1 5 23 1 6 29 2 9 12 4 11 2 0 22 4 29 1 6 11 
7 2 6 11 4 25 1 5 23 2 9 28 3 20 1 6 29 1 4 17 2 6 24 4 18 2 5 29 7 16 
6 2 4 16 5 11 1 7 19 1 6 10 2 0 22 4 29 1 4 28 2 6 24 4 18 
8 2 2 18 6 16 1 0 15 1 7 13 1 6 10 1 6 11 2 6 17 3 19 1 7 19 2 0 22 4 29 
7 1 6 29 2 9 28 3 20 2 4 22 9 15 1 5 23 2 9 12 4 11 2 5 29 7 16 1 6 10 
9 2 9 28 3 20 2 8 14 5 10 1 9 28 1 1 13 1 7 19 2 6 17 3 19 2 4 16 5 11 1 6 11 1 5 23 
6 2 8 12 1 23 1 6 10 1 9 28 2 9 12 4 11 2 9 14 6 26 2 8 14 5 10 
5 2 8 12 1 23 1 0 15 2 4 22 9 15 1 6 11 1 5 23 
6 1 7 22 1 0 15 2 6 17 3 19 2 2 18 6 16 1 7 13 2 9 14 6 26 
5 1 7 22 2 6 11 4 25 1 7 19 2 2 18 6 16 1 5 23 
6 1 7 22 2 6 11 4 25 1 6 10 2 8 14 5 10 2 2 10 0 10 2 8 12 1 23 

Dynamic Events
Machine Breakdowns (x y z): Machine {x} breakdown from time {y} to {z}
0 614 684
0 734 828
1 727 822
2 622 697
3 63 209
4 225 339
4 553 664
5 237 331
6 211 290
6 538 684
7 289 382
7 469 615
8 89 206
8 502 618
9 295 441

Added Jobs (first number is the time at which the job is added, then pairs of machines and process time)
168: 6 1 0 16 1 9 21 1 9 20 1 4 15 2 8 12 5 27 1 3 19 
88: 6 2 2 11 4 26 1 7 26 2 4 12 3 19 1 7 18 1 8 14 2 9 12 4 20 
220: 6 1 1 17 2 7 16 4 24 2 3 20 4 20 2 1 21 7 23 1 9 18 1 0 16 
76: 5 1 2 16 1 3 20 2 7 23 9 14 1 5 23 2 6 15 3 20 
269: 5 1 3 19 1 7 25 2 5 26 2 11 1 3 19 1 1 19 
73: 8 1 5 24 1 3 19 1 8 13 1 3 19 2 2 15 7 19 2 8 13 4 23 1 3 19 2 6 28 8 12 

Cancelled Jobs
215 11
330 14
347 28
