10 11
10 2 0 29 10 29 1 1 78 1 2 9 1 3 36 1 4 49 1 5 11 1 6 62 1 7 56 1 8 44 1 9 21 
10 2 0 43 10 43 1 2 90 1 4 75 1 9 11 1 3 69 1 1 28 1 6 46 1 5 46 1 7 72 1 8 30 
10 1 1 91 2 0 85 10 85 1 3 39 1 2 74 1 8 90 1 5 10 1 7 12 1 6 89 1 9 45 1 4 33 
10 1 1 81 1 2 95 2 0 71 10 71 1 4 99 1 6 9 1 8 52 1 7 85 1 3 98 1 9 22 1 5 43 
10 1 2 14 2 0 6 10 6 1 1 22 1 5 61 1 3 26 1 4 69 1 8 21 1 7 49 1 9 72 1 6 53 
10 1 2 84 1 1 2 1 5 52 1 3 95 1 8 48 1 9 72 2 0 47 10 47 1 6 65 1 4 6 1 7 25 
10 1 1 46 2 0 37 10 37 1 3 61 1 2 13 1 6 32 1 5 21 1 9 32 1 8 89 1 7 30 1 4 55 
10 1 2 31 2 0 86 10 86 1 1 46 1 5 74 1 4 32 1 6 88 1 8 19 1 9 48 1 7 36 1 3 79 
10 2 0 76 10 76 1 1 69 1 3 76 1 5 51 1 2 85 1 9 11 1 6 40 1 7 89 1 4 26 1 8 74 
10 1 1 85 2 0 13 10 13 1 2 61 1 6 7 1 8 64 1 9 76 1 5 47 1 3 52 1 4 90 1 7 45 

Dynamic Events
Machine Breakdowns (x y z): Machine {x} breakdown from time {y} to {z}
5 834 1057
6 399 668
8 430 699
9 274 543

Added Jobs (first number is the time at which the job is added, then pairs of machines and process time)
288: 10 1 8 52 2 4 45 8 65 1 2 94 2 1 80 7 12 2 0 13 4 22 2 10 26 3 58 1 4 26 1 10 10 1 9 27 1 9 50 
124: 10 2 8 84 6 14 1 5 12 1 1 6 2 8 34 9 65 2 1 9 3 57 1 3 43 2 10 21 8 76 1 0 35 2 8 67 9 21 1 5 41 

Cancelled Jobs
726 2
108 3
