10 10
10 1 0 96 1 1 69 1 2 25 1 3 5 2 4 55 7 55 1 5 15 1 6 88 1 7 11 1 8 17 1 9 82 
10 1 0 11 1 1 48 2 2 67 5 67 1 3 38 1 4 18 1 7 24 2 6 62 5 62 1 5 92 1 9 96 1 8 81 
10 1 2 67 2 1 63 9 63 1 0 93 1 4 85 1 3 25 1 5 72 1 6 51 1 7 81 2 8 58 3 58 1 9 15 
10 1 2 30 2 1 35 2 35 1 0 27 1 4 82 1 3 44 1 7 92 1 6 25 1 5 49 1 9 28 1 8 77 
10 1 1 53 1 0 83 2 4 73 0 73 1 3 26 1 2 77 2 6 33 2 33 1 5 92 1 9 99 2 8 38 5 38 2 7 38 2 38 
10 2 1 20 2 20 1 0 44 1 4 81 1 3 88 1 2 66 1 6 70 1 5 91 1 9 37 1 8 55 1 7 96 
10 1 1 21 1 2 93 1 4 22 1 0 56 1 3 34 1 6 40 1 7 53 1 9 46 1 5 29 1 8 63 
10 2 1 32 0 32 1 2 63 1 4 36 1 0 26 1 3 17 1 5 85 1 7 15 1 8 55 1 9 16 1 6 82 
10 2 0 73 9 73 1 2 46 1 3 89 1 4 24 1 1 99 1 6 92 1 7 7 1 9 51 1 5 19 1 8 14 
10 1 0 52 2 2 20 9 20 1 3 70 1 4 98 1 1 23 1 5 15 1 7 81 1 8 71 1 9 24 1 6 81 

Dynamic Events
Machine Breakdowns (x y z): Machine {x} breakdown from time {y} to {z}
0 237 510
1 765 960
2 1365 1638
3 462 735
4 1171 1429
5 759 1032
6 1260 1533
8 146 384

Added Jobs (first number is the time at which the job is added, then pairs of machines and process time)
287: 10 1 2 78 2 4 77 7 36 1 3 43 1 2 69 1 7 26 2 6 82 2 63 2 9 60 8 64 2 5 87 3 67 1 9 73 1 4 26 
144: 10 2 9 21 1 38 2 5 63 8 14 2 9 74 4 63 1 4 70 2 4 20 3 26 1 6 49 2 3 59 2 57 1 6 88 1 1 57 2 7 53 5 47 

Cancelled Jobs
114 6
