10 10
10 1 0 99 1 1 74 1 2 49 1 3 67 2 4 17 7 17 1 5 7 1 6 9 1 7 39 1 8 35 1 9 49 
10 1 0 49 1 3 67 2 4 82 5 82 1 2 92 1 1 62 1 5 84 2 8 45 5 45 1 6 30 1 7 42 1 9 71 
10 1 0 26 2 3 33 9 33 1 1 82 1 2 98 1 5 83 1 4 16 1 6 64 1 7 65 2 9 36 3 36 1 8 77 
10 1 0 41 2 1 62 2 62 1 4 73 1 3 94 1 6 51 1 5 46 1 2 55 1 9 31 1 7 64 1 8 46 
10 1 1 68 1 0 26 2 5 50 0 50 1 3 46 1 4 25 2 7 88 2 88 1 2 6 1 8 13 2 9 98 5 98 2 6 84 7 84 
10 2 0 24 7 24 1 6 80 1 2 91 1 3 55 1 1 48 1 8 99 1 4 72 1 9 91 1 7 84 1 5 12 
10 1 2 16 1 3 13 1 0 9 1 1 58 1 4 23 1 7 85 1 5 36 1 6 89 1 8 71 1 9 41 
10 1 2 54 2 0 41 2 41 1 3 38 1 4 53 1 1 11 1 5 74 1 9 88 1 6 46 1 7 41 1 8 65 
10 1 2 53 2 1 50 4 50 1 4 40 1 0 90 1 7 7 1 5 80 1 3 57 1 9 60 1 6 91 1 8 47 
10 1 2 45 1 0 59 2 8 81 4 81 1 3 99 1 6 71 1 1 19 1 4 75 1 7 77 1 9 94 1 5 95 

Dynamic Events
Machine Breakdowns (x y z): Machine {x} breakdown from time {y} to {z}
0 1168 1355
2 1429 1733
3 464 768
4 163 467
6 1109 1413
7 1010 1314
8 727 1031
9 643 947

Added Jobs (first number is the time at which the job is added, then pairs of machines and process time)
232: 10 2 9 63 5 29 2 2 39 1 37 1 3 59 1 0 36 2 9 38 1 27 2 9 92 1 27 2 5 32 7 24 2 2 20 1 34 1 9 96 1 5 49 
99: 10 1 5 47 1 0 90 2 3 94 4 79 2 8 16 5 39 1 5 51 2 6 55 5 24 2 2 90 1 22 2 1 51 9 68 1 9 89 2 3 63 1 62 

Cancelled Jobs
462 0
931 3
515 6
771 7
