15 13
10 1 7 8 4 9 75 10 75 11 75 12 75 1 0 72 1 6 74 1 4 30 1 8 43 1 2 38 1 5 98 1 1 26 1 3 19 
10 1 6 19 1 8 73 1 3 43 1 0 23 1 1 85 1 4 39 1 5 13 4 9 26 10 26 11 26 12 26 1 2 67 1 7 9 
10 1 1 50 1 3 93 1 5 80 1 4 7 1 0 55 1 2 61 1 6 57 1 8 72 4 9 42 10 42 11 42 12 42 1 7 46 
10 1 1 68 1 7 43 1 4 99 1 6 60 1 5 68 1 0 91 1 8 11 1 3 96 4 9 11 10 11 11 11 12 11 1 2 72 
10 1 7 84 1 2 34 1 8 40 1 5 7 1 1 70 1 6 74 1 3 12 1 0 43 4 9 69 10 69 11 69 12 69 1 4 30 
10 1 8 60 1 0 49 1 4 59 1 5 72 4 9 63 10 63 11 63 12 63 1 1 69 1 7 99 1 6 45 1 3 27 1 2 9 
10 1 6 71 1 2 91 1 8 65 1 1 90 4 9 98 10 98 11 98 12 98 1 4 8 1 7 50 1 0 75 1 5 37 1 3 17 
10 1 8 62 1 7 90 1 5 98 1 3 31 1 2 91 1 4 38 4 9 72 10 72 11 72 12 72 1 1 9 1 0 72 1 6 49 
10 1 4 35 1 0 39 4 9 74 10 74 11 74 12 74 1 5 25 1 7 47 1 3 52 1 2 63 1 8 21 1 6 35 1 1 80 
10 4 9 58 10 58 11 58 12 58 1 0 5 1 3 50 1 8 52 1 1 88 1 6 20 1 2 68 1 5 24 1 4 53 1 7 57 
10 1 7 99 1 3 91 1 4 33 1 5 19 1 2 18 1 6 38 1 0 24 4 9 35 10 35 11 35 12 35 1 1 49 1 8 9 
10 1 0 68 1 3 60 1 2 77 1 7 10 1 8 60 1 5 15 4 9 72 10 72 11 72 12 72 1 1 18 1 6 90 1 4 18 
10 4 9 79 10 79 11 79 12 79 1 1 60 1 3 56 1 6 91 1 2 40 1 8 86 1 7 72 1 0 80 1 5 89 1 4 51 
10 1 4 10 1 2 92 1 5 23 1 6 46 1 8 40 1 7 72 1 3 6 1 1 23 1 0 95 4 9 34 10 34 11 34 12 34 
10 1 2 24 1 5 29 4 9 49 10 49 11 49 12 49 1 8 55 1 0 47 1 6 77 1 3 77 1 7 8 1 1 28 1 4 48 

Dynamic Events
Machine Breakdowns (x y z): Machine {x} breakdown from time {y} to {z}
0 1375 1630
1 1397 1696
2 155 454
3 901 1162
4 311 539
4 1485 1784
5 748 1047
6 889 1145
7 1496 1795
8 670 969
10 862 1161
11 254 532
11 668 967
12 950 1185
12 1282 1581

Added Jobs (first number is the time at which the job is added, then pairs of machines and process time)
214: 10 4 10 95 3 8 0 80 6 22 2 4 54 1 86 2 9 33 1 45 4 1 64 8 79 5 47 0 73 4 6 85 4 15 1 78 3 81 4 3 82 9 89 5 20 10 78 2 1 77 6 24 3 7 22 8 81 0 32 3 9 14 2 51 11 21 4 2 20 0 27 7 41 5 94 
464: 10 2 6 41 2 29 2 1 31 3 29 1 4 50 1 11 17 2 11 19 1 62 4 0 9 8 70 3 63 9 23 1 6 56 1 10 21 3 11 51 8 31 4 26 2 12 85 10 32 
392: 10 2 10 33 9 85 4 4 38 5 22 9 88 10 89 1 5 12 4 6 64 3 80 7 17 5 15 2 7 42 10 44 3 0 81 1 28 11 40 1 10 80 2 4 68 5 36 2 8 46 11 24 3 2 66 3 74 7 55 

Cancelled Jobs
851 8
