15 16
15 1 9 65 1 10 28 1 4 74 1 12 33 1 2 51 1 14 75 1 5 73 1 8 32 1 6 13 1 3 81 1 1 35 1 7 59 1 13 38 2 11 55 15 55 1 0 27 
15 1 0 64 1 1 53 2 11 83 15 83 1 2 33 1 4 6 1 9 52 1 14 72 1 8 7 1 13 90 1 12 21 1 6 23 1 3 10 1 10 39 1 5 49 1 7 72 
15 1 14 73 1 3 82 1 1 23 1 12 62 1 6 88 1 5 21 1 8 65 2 11 70 15 70 1 7 53 1 10 81 1 2 93 1 13 77 1 0 61 1 9 28 1 4 78 
15 1 1 12 1 6 51 1 7 33 1 4 15 1 14 72 1 10 98 1 9 94 1 5 12 2 11 42 15 42 1 2 24 1 13 15 1 8 28 1 3 6 1 12 99 1 0 41 
15 1 12 97 1 5 7 1 9 96 1 4 15 1 14 73 1 13 43 1 0 32 1 8 22 2 11 42 15 42 1 1 94 1 2 23 1 7 86 1 6 78 1 10 24 1 3 31 
15 1 1 72 1 5 88 1 2 93 1 13 13 1 4 44 1 14 66 1 6 63 1 7 14 1 9 67 1 10 17 2 11 85 15 85 1 0 35 1 3 68 1 12 5 1 8 49 
15 1 9 15 1 7 82 1 6 21 1 14 53 1 3 72 1 13 49 1 2 99 1 4 26 1 12 56 1 8 45 1 1 68 1 10 51 1 0 8 1 5 27 2 11 96 15 96 
15 1 3 54 1 7 24 1 4 14 1 8 38 1 5 36 1 2 52 1 14 55 1 12 37 2 11 48 15 48 1 0 93 1 13 60 1 10 70 1 1 23 1 6 23 1 9 83 
15 1 3 12 1 8 69 1 6 26 1 9 23 1 14 28 1 1 82 1 5 33 1 4 45 1 13 64 1 7 15 2 11 9 15 9 1 12 73 1 10 59 1 2 37 1 0 62 
15 1 0 87 1 5 12 1 7 80 1 4 50 1 10 48 1 12 90 1 1 72 1 13 24 1 6 14 1 8 71 2 11 44 15 44 1 9 46 1 2 15 1 14 61 1 3 92 
15 1 2 54 1 0 22 1 6 61 1 4 46 1 3 73 1 5 16 1 12 6 1 9 94 1 14 93 1 13 67 1 8 54 1 7 75 2 11 32 15 32 1 10 40 1 1 97 
15 1 10 92 1 14 36 1 4 22 1 9 9 1 3 47 1 1 77 1 12 79 1 13 36 1 6 30 1 8 98 2 11 79 15 79 1 7 7 1 5 55 1 2 6 1 0 30 
15 1 0 49 1 13 83 1 3 73 1 6 82 1 1 82 1 14 92 2 11 73 15 73 1 4 31 1 10 35 1 9 54 1 5 7 1 8 37 1 7 72 1 2 52 1 12 76 
15 1 10 98 1 12 34 1 13 52 1 4 26 1 1 28 1 3 39 1 8 80 1 5 29 1 9 70 1 0 43 1 6 48 1 7 58 1 2 45 1 14 94 2 11 96 15 96 
15 1 1 70 1 10 17 1 6 90 1 12 67 1 4 14 1 8 23 1 3 21 1 7 18 1 13 43 2 11 84 15 84 1 5 26 1 9 36 1 2 93 1 14 84 1 0 42 

Dynamic Events
Machine Breakdowns (x y z): Machine {x} breakdown from time {y} to {z}
0 1687 2050
1 1679 2042
2 1154 1517
3 1660 1978
4 111 297
4 1353 1525
5 1148 1463
6 559 848
6 1278 1606
8 842 1068
10 24 352
10 927 1290
11 1758 2121
12 1639 1876
13 128 482
13 586 891
14 94 457
15 675 1038

Added Jobs (first number is the time at which the job is added, then pairs of machines and process time)
298: 15 2 3 88 13 76 1 14 90 2 13 71 7 49 1 4 71 1 8 15 2 10 27 9 69 2 1 58 5 78 2 5 65 13 70 2 0 13 10 74 1 10 55 2 2 83 8 20 1 6 59 1 0 61 1 11 34 1 6 28 
191: 15 1 0 65 1 7 53 1 12 35 1 15 67 2 0 83 15 60 1 4 33 1 2 27 2 8 91 13 13 1 15 69 2 11 40 14 60 1 0 37 1 8 24 1 14 73 1 5 16 1 6 39 
150: 15 1 15 15 1 12 21 2 4 29 13 28 2 4 14 13 16 1 13 32 1 5 56 2 0 62 5 70 2 7 59 14 90 1 15 47 2 13 64 0 48 1 7 15 2 2 98 4 41 2 8 70 12 11 1 2 9 1 9 75 
193: 15 1 1 91 2 5 27 14 92 1 4 15 1 9 83 1 10 34 1 9 38 2 10 52 0 15 2 14 49 3 19 2 11 22 7 77 1 6 85 2 4 48 8 62 2 10 51 14 80 1 10 33 1 13 17 2 7 67 14 88 

Cancelled Jobs
284 2
