15 18
15 1 9 65 1 10 28 1 4 74 1 12 33 1 2 51 4 14 75 15 75 16 75 17 75 1 5 73 1 8 32 1 6 13 1 3 81 1 1 35 1 7 59 1 13 38 1 11 55 1 0 27 
15 1 0 64 1 1 53 1 11 83 1 2 33 1 4 6 1 9 52 4 14 72 15 72 16 72 17 72 1 8 7 1 13 90 1 12 21 1 6 23 1 3 10 1 10 39 1 5 49 1 7 72 
15 4 14 73 15 73 16 73 17 73 1 3 82 1 1 23 1 12 62 1 6 88 1 5 21 1 8 65 1 11 70 1 7 53 1 10 81 1 2 93 1 13 77 1 0 61 1 9 28 1 4 78 
15 1 1 12 1 6 51 1 7 33 1 4 15 4 14 72 15 72 16 72 17 72 1 10 98 1 9 94 1 5 12 1 11 42 1 2 24 1 13 15 1 8 28 1 3 6 1 12 99 1 0 41 
15 1 12 97 1 5 7 1 9 96 1 4 15 4 14 73 15 73 16 73 17 73 1 13 43 1 0 32 1 8 22 1 11 42 1 1 94 1 2 23 1 7 86 1 6 78 1 10 24 1 3 31 
15 1 1 72 1 5 88 1 2 93 1 13 13 1 4 44 4 14 66 15 66 16 66 17 66 1 6 63 1 7 14 1 9 67 1 10 17 1 11 85 1 0 35 1 3 68 1 12 5 1 8 49 
15 1 9 15 1 7 82 1 6 21 4 14 53 15 53 16 53 17 53 1 3 72 1 13 49 1 2 99 1 4 26 1 12 56 1 8 45 1 1 68 1 10 51 1 0 8 1 5 27 1 11 96 
15 1 3 54 1 7 24 1 4 14 1 8 38 1 5 36 1 2 52 4 14 55 15 55 16 55 17 55 1 12 37 1 11 48 1 0 93 1 13 60 1 10 70 1 1 23 1 6 23 1 9 83 
15 1 3 12 1 8 69 1 6 26 1 9 23 4 14 28 15 28 16 28 17 28 1 1 82 1 5 33 1 4 45 1 13 64 1 7 15 1 11 9 1 12 73 1 10 59 1 2 37 1 0 62 
15 1 0 87 1 5 12 1 7 80 1 4 50 1 10 48 1 12 90 1 1 72 1 13 24 1 6 14 1 8 71 1 11 44 1 9 46 1 2 15 4 14 61 15 61 16 61 17 61 1 3 92 
15 1 2 54 1 0 22 1 6 61 1 4 46 1 3 73 1 5 16 1 12 6 1 9 94 4 14 93 15 93 16 93 17 93 1 13 67 1 8 54 1 7 75 1 11 32 1 10 40 1 1 97 
15 1 10 92 4 14 36 15 36 16 36 17 36 1 4 22 1 9 9 1 3 47 1 1 77 1 12 79 1 13 36 1 6 30 1 8 98 1 11 79 1 7 7 1 5 55 1 2 6 1 0 30 
15 1 0 49 1 13 83 1 3 73 1 6 82 1 1 82 4 14 92 15 92 16 92 17 92 1 11 73 1 4 31 1 10 35 1 9 54 1 5 7 1 8 37 1 7 72 1 2 52 1 12 76 
15 1 10 98 1 12 34 1 13 52 1 4 26 1 1 28 1 3 39 1 8 80 1 5 29 1 9 70 1 0 43 1 6 48 1 7 58 1 2 45 4 14 94 15 94 16 94 17 94 1 11 96 
15 1 1 70 1 10 17 1 6 90 1 12 67 1 4 14 1 8 23 1 3 21 1 7 18 1 13 43 1 11 84 1 5 26 1 9 36 1 2 93 4 14 84 15 84 16 84 17 84 1 0 42 

Dynamic Events
Machine Breakdowns (x y z): Machine {x} breakdown from time {y} to {z}
0 826 1015
0 1716 2113
1 52 307
1 1168 1569
2 484 885
3 1428 1829
4 353 557
5 307 526
6 724 990
6 1781 2031
8 931 1265
10 1059 1444
11 1455 1830
12 349 633
12 1097 1323
13 73 453
13 979 1380
14 1661 1984
16 967 1368
17 653 1054

Added Jobs (first number is the time at which the job is added, then pairs of machines and process time)
657: 15 3 16 83 14 87 11 56 2 13 39 6 85 3 16 58 9 85 2 34 3 3 10 11 20 0 8 4 1 12 3 20 7 79 8 72 1 17 49 3 12 42 11 16 2 85 2 17 94 3 80 1 10 50 3 13 46 0 33 6 28 4 3 13 17 64 9 34 14 54 4 1 25 7 36 5 48 12 32 3 11 71 1 87 0 90 2 15 66 10 90 4 4 55 11 15 17 32 16 37 
609: 15 4 14 33 4 7 16 30 5 50 2 0 83 2 93 1 5 88 3 7 37 9 10 6 84 1 1 64 3 2 22 16 35 7 16 3 1 32 13 73 12 53 2 4 24 5 15 2 17 78 15 67 2 2 24 4 66 3 13 58 2 68 8 58 3 7 69 14 92 11 43 3 15 41 17 47 4 63 3 17 62 10 63 6 43 2 12 69 7 74 
691: 15 3 15 48 3 74 9 45 1 8 29 3 3 30 0 9 12 11 3 14 31 13 71 7 31 3 2 28 10 61 12 15 2 6 74 4 63 4 8 48 3 59 4 53 1 35 1 6 86 2 15 48 2 71 1 12 67 2 2 6 16 44 1 13 21 2 17 42 9 56 4 7 80 2 68 14 78 8 23 4 10 60 9 54 17 40 15 57 

Cancelled Jobs
725 5
