50 20
5 4 0 27 1 12 2 20 3 10 4 8 26 9 28 10 24 11 30 4 8 23 9 23 10 14 11 19 12 4 27 5 16 6 19 7 27 8 16 9 22 10 27 11 16 12 15 13 19 14 23 15 22 4 16 11 17 26 18 21 19 30 
5 4 0 23 1 29 2 12 3 28 4 12 18 13 24 14 16 15 14 8 4 18 5 16 6 15 7 17 12 15 13 15 14 23 15 19 8 4 17 5 15 6 21 7 20 12 21 13 26 14 25 15 30 4 16 14 17 22 18 17 19 22 
5 4 0 30 1 16 2 19 3 29 4 4 14 5 10 6 11 7 27 4 12 19 13 24 14 26 15 30 8 8 10 9 11 10 25 11 10 12 21 13 26 14 16 15 23 4 16 13 17 27 18 12 19 15 
5 4 0 15 1 30 2 20 3 10 4 12 18 13 22 14 29 15 20 12 4 23 5 29 6 12 7 20 8 22 9 13 10 21 11 17 12 17 13 29 14 18 15 25 4 12 17 13 23 14 17 15 28 4 16 24 17 16 18 28 19 23 
5 4 0 18 1 30 2 10 3 15 4 4 27 5 30 6 25 7 17 4 12 10 13 22 14 10 15 10 4 8 15 9 23 10 26 11 21 4 16 27 17 26 18 14 19 28 
5 4 0 15 1 25 2 18 3 17 8 4 24 5 30 6 23 7 26 8 11 9 21 10 10 11 24 8 4 15 5 17 6 16 7 18 8 17 9 30 10 23 11 20 12 4 12 5 18 6 12 7 25 8 12 9 20 10 14 11 28 12 15 13 16 14 22 15 11 4 16 20 17 20 18 24 19 27 
5 4 0 14 1 30 2 27 3 22 4 12 22 13 30 14 11 15 14 12 4 24 5 26 6 24 7 16 8 25 9 18 10 20 11 15 12 20 13 14 14 16 15 25 4 4 18 5 18 6 19 7 25 4 16 24 17 22 18 18 19 27 
5 4 0 23 1 24 2 21 3 23 8 4 11 5 21 6 23 7 18 8 20 9 12 10 25 11 24 4 4 19 5 25 6 23 7 24 4 4 10 5 20 6 16 7 22 4 16 14 17 22 18 19 19 21 
5 4 0 21 1 27 2 21 3 27 4 8 22 9 22 10 30 11 28 4 8 14 9 29 10 22 11 24 12 4 28 5 15 6 15 7 21 8 27 9 15 10 29 11 26 12 19 13 18 14 30 15 27 4 16 18 17 18 18 22 19 21 
5 4 0 19 1 16 2 23 3 28 12 4 15 5 14 6 12 7 18 8 26 9 29 10 22 11 26 12 11 13 21 14 12 15 23 4 4 29 5 30 6 22 7 10 12 4 19 5 21 6 19 7 21 8 22 9 14 10 13 11 22 12 18 13 30 14 12 15 25 4 16 21 17 19 18 23 19 28 
5 4 0 18 1 14 2 21 3 27 12 4 15 5 15 6 29 7 18 8 21 9 25 10 11 11 30 12 18 13 25 14 15 15 25 8 4 21 5 18 6 25 7 25 12 29 13 24 14 15 15 17 4 4 21 5 14 6 14 7 17 4 16 13 17 24 18 19 19 11 
5 4 0 10 1 22 2 25 3 12 12 4 10 5 12 6 17 7 21 8 11 9 11 10 23 11 24 12 18 13 24 14 19 15 21 4 4 28 5 29 6 22 7 28 8 8 27 9 15 10 11 11 10 12 20 13 26 14 21 15 15 4 16 28 17 29 18 30 19 11 
5 4 0 21 1 17 2 14 3 17 12 4 21 5 24 6 18 7 26 8 27 9 14 10 10 11 17 12 30 13 21 14 11 15 22 8 8 30 9 28 10 17 11 11 12 15 13 26 14 12 15 24 4 4 24 5 30 6 23 7 10 4 16 12 17 22 18 18 19 24 
5 4 0 10 1 14 2 29 3 29 12 4 14 5 19 6 16 7 25 8 22 9 16 10 28 11 30 12 10 13 29 14 24 15 11 4 4 29 5 19 6 19 7 14 4 12 25 13 17 14 30 15 21 4 16 21 17 10 18 13 19 29 
5 4 0 29 1 16 2 25 3 13 12 4 30 5 25 6 19 7 11 8 15 9 28 10 14 11 23 12 10 13 12 14 29 15 13 8 4 14 5 22 6 10 7 11 8 30 9 16 10 28 11 20 12 4 17 5 12 6 25 7 18 8 27 9 10 10 23 11 12 12 10 13 10 14 27 15 18 4 16 30 17 18 18 12 19 24 
5 4 0 10 1 10 2 13 3 25 8 4 27 5 24 6 26 7 17 12 27 13 10 14 18 15 19 4 12 16 13 14 14 28 15 10 12 4 19 5 25 6 17 7 28 8 11 9 14 10 29 11 10 12 13 13 27 14 25 15 29 4 16 18 17 22 18 16 19 14 
5 4 0 10 1 18 2 14 3 23 12 4 25 5 24 6 12 7 23 8 11 9 21 10 27 11 10 12 12 13 30 14 11 15 16 8 8 13 9 17 10 23 11 19 12 23 13 25 14 15 15 20 8 8 13 9 27 10 14 11 14 12 13 13 18 14 25 15 26 4 16 12 17 25 18 19 19 27 
5 4 0 22 1 17 2 11 3 22 4 4 21 5 28 6 29 7 17 8 4 15 5 24 6 21 7 15 12 30 13 26 14 11 15 29 8 8 13 9 29 10 17 11 27 12 16 13 25 14 20 15 25 4 16 12 17 10 18 29 19 12 
5 4 0 25 1 12 2 10 3 28 8 4 24 5 20 6 16 7 28 8 11 9 29 10 21 11 23 4 8 21 9 29 10 25 11 23 8 4 27 5 17 6 25 7 27 8 11 9 22 10 25 11 16 4 16 29 17 29 18 17 19 24 
5 4 0 19 1 15 2 19 3 29 4 8 16 9 26 10 19 11 11 4 4 11 5 29 6 21 7 14 4 12 24 13 18 14 13 15 27 4 16 22 17 28 18 15 19 26 
5 4 0 26 1 26 2 13 3 20 12 4 23 5 22 6 30 7 28 8 30 9 27 10 23 11 29 12 21 13 25 14 23 15 19 4 8 21 9 28 10 19 11 25 8 8 13 9 19 10 18 11 11 12 18 13 19 14 10 15 18 4 16 15 17 16 18 27 19 18 
5 4 0 18 1 10 2 16 3 10 12 4 25 5 15 6 15 7 21 8 20 9 11 10 10 11 10 12 28 13 20 14 14 15 17 12 4 30 5 30 6 26 7 23 8 24 9 17 10 14 11 21 12 28 13 12 14 15 15 27 4 12 12 13 29 14 12 15 26 4 16 24 17 10 18 25 19 20 
5 4 0 26 1 28 2 18 3 25 8 4 17 5 19 6 29 7 27 12 24 13 11 14 26 15 27 4 12 29 13 23 14 28 15 17 4 8 24 9 26 10 19 11 25 4 16 24 17 23 18 19 19 11 
5 4 0 24 1 28 2 16 3 16 4 12 17 13 24 14 26 15 20 12 4 19 5 30 6 16 7 27 8 11 9 21 10 10 11 17 12 22 13 14 14 29 15 18 12 4 20 5 21 6 20 7 22 8 27 9 16 10 12 11 14 12 25 13 22 14 16 15 17 4 16 17 17 30 18 22 19 11 
5 4 0 30 1 26 2 30 3 25 12 4 20 5 24 6 29 7 13 8 16 9 19 10 19 11 15 12 14 13 23 14 20 15 11 4 8 20 9 29 10 12 11 14 12 4 13 5 21 6 29 7 11 8 29 9 10 10 29 11 23 12 16 13 19 14 16 15 30 4 16 16 17 24 18 14 19 19 
5 4 0 20 1 29 2 28 3 19 8 8 13 9 13 10 10 11 30 12 27 13 20 14 23 15 22 12 4 22 5 21 6 26 7 19 8 20 9 28 10 25 11 15 12 25 13 26 14 27 15 27 8 8 23 9 10 10 17 11 20 12 21 13 14 14 13 15 12 4 16 10 17 29 18 21 19 26 
5 4 0 11 1 28 2 10 3 14 12 4 10 5 14 6 18 7 11 8 16 9 16 10 23 11 16 12 19 13 13 14 12 15 25 4 8 16 9 21 10 18 11 15 12 4 30 5 24 6 19 7 10 8 13 9 26 10 13 11 23 12 20 13 24 14 16 15 17 4 16 24 17 13 18 18 19 14 
5 4 0 20 1 27 2 25 3 20 4 8 10 9 27 10 20 11 18 4 8 15 9 21 10 21 11 13 4 4 10 5 29 6 30 7 19 4 16 25 17 26 18 27 19 29 
5 4 0 21 1 14 2 12 3 16 4 4 11 5 18 6 25 7 11 4 8 22 9 19 10 16 11 14 4 4 11 5 28 6 27 7 11 4 16 15 17 13 18 22 19 14 
5 4 0 26 1 30 2 19 3 20 12 4 16 5 17 6 12 7 25 8 27 9 29 10 26 11 13 12 16 13 15 14 14 15 18 4 8 29 9 20 10 19 11 10 8 4 28 5 14 6 17 7 21 12 13 13 28 14 26 15 28 4 16 10 17 14 18 19 19 26 
5 4 0 19 1 28 2 23 3 29 8 4 27 5 14 6 29 7 28 12 17 13 17 14 19 15 17 12 4 24 5 12 6 25 7 29 8 11 9 18 10 26 11 17 12 11 13 27 14 22 15 30 4 12 16 13 13 14 27 15 17 4 16 28 17 19 18 27 19 28 
5 4 0 30 1 12 2 11 3 28 8 4 18 5 30 6 28 7 19 8 10 9 27 10 22 11 23 8 8 21 9 26 10 20 11 29 12 28 13 21 14 14 15 11 12 4 24 5 27 6 29 7 18 8 16 9 15 10 19 11 12 12 17 13 29 14 29 15 11 4 16 20 17 25 18 23 19 13 
5 4 0 24 1 29 2 29 3 30 4 8 24 9 10 10 28 11 17 12 4 27 5 26 6 21 7 16 8 27 9 30 10 30 11 22 12 26 13 13 14 11 15 29 8 8 13 9 21 10 23 11 10 12 27 13 11 14 13 15 25 4 16 12 17 30 18 13 19 12 
5 4 0 28 1 17 2 11 3 21 8 8 23 9 17 10 11 11 10 12 19 13 15 14 16 15 16 8 4 26 5 10 6 14 7 16 12 20 13 11 14 26 15 17 4 8 12 9 14 10 12 11 26 4 16 10 17 24 18 28 19 21 
5 4 0 28 1 14 2 11 3 12 8 8 13 9 10 10 13 11 14 12 18 13 19 14 20 15 13 4 4 19 5 19 6 21 7 26 12 4 14 5 18 6 28 7 27 8 21 9 17 10 13 11 24 12 17 13 12 14 14 15 13 4 16 18 17 16 18 29 19 17 
5 4 0 24 1 23 2 18 3 22 12 4 11 5 26 6 14 7 26 8 17 9 12 10 25 11 30 12 19 13 16 14 21 15 30 4 12 20 13 22 14 24 15 19 8 8 25 9 17 10 19 11 16 12 26 13 29 14 19 15 12 4 16 28 17 20 18 29 19 30 
5 4 0 10 1 10 2 15 3 30 8 4 27 5 25 6 18 7 10 8 26 9 28 10 26 11 12 4 8 19 9 10 10 17 11 19 4 12 28 13 13 14 16 15 22 4 16 23 17 16 18 19 19 16 
5 4 0 28 1 17 2 11 3 17 8 8 17 9 30 10 17 11 10 12 16 13 12 14 26 15 10 4 8 11 9 21 10 13 11 16 12 4 23 5 30 6 29 7 23 8 29 9 14 10 13 11 19 12 23 13 29 14 22 15 19 4 16 26 17 20 18 21 19 18 
5 4 0 11 1 23 2 29 3 25 4 12 18 13 13 14 11 15 20 12 4 12 5 15 6 28 7 27 8 12 9 16 10 11 11 13 12 15 13 19 14 13 15 12 12 4 15 5 12 6 29 7 28 8 30 9 25 10 18 11 14 12 23 13 12 14 25 15 16 4 16 21 17 24 18 27 19 26 
5 4 0 10 1 15 2 18 3 10 12 4 18 5 16 6 28 7 25 8 16 9 27 10 28 11 14 12 12 13 28 14 30 15 11 8 4 28 5 29 6 23 7 30 12 21 13 30 14 13 15 21 4 8 17 9 10 10 28 11 18 4 16 18 17 12 18 13 19 29 
5 4 0 19 1 25 2 21 3 11 4 12 26 13 18 14 18 15 27 12 4 22 5 19 6 11 7 26 8 28 9 13 10 22 11 25 12 17 13 15 14 10 15 19 8 8 14 9 30 10 28 11 19 12 16 13 26 14 10 15 14 4 16 19 17 19 18 23 19 28 
5 4 0 15 1 26 2 22 3 12 12 4 30 5 18 6 19 7 16 8 25 9 20 10 23 11 21 12 12 13 10 14 14 15 30 4 12 12 13 23 14 14 15 20 4 4 27 5 13 6 30 7 10 4 16 17 17 15 18 27 19 21 
5 4 0 12 1 12 2 25 3 19 12 4 27 5 11 6 28 7 25 8 13 9 26 10 13 11 30 12 17 13 19 14 30 15 27 4 4 18 5 24 6 21 7 13 4 12 25 13 24 14 25 15 23 4 16 12 17 11 18 28 19 28 
5 4 0 15 1 11 2 15 3 14 4 8 18 9 13 10 19 11 16 4 8 26 9 24 10 11 11 20 8 8 29 9 10 10 28 11 24 12 29 13 18 14 21 15 16 4 16 13 17 14 18 21 19 10 
5 4 0 27 1 20 2 22 3 28 8 4 25 5 27 6 11 7 12 12 14 13 12 14 13 15 12 8 4 27 5 25 6 21 7 30 8 14 9 16 10 18 11 14 8 8 20 9 20 10 17 11 15 12 20 13 21 14 25 15 28 4 16 23 17 19 18 14 19 26 
5 4 0 20 1 27 2 10 3 24 4 4 17 5 17 6 16 7 15 8 8 24 9 11 10 17 11 16 12 19 13 24 14 30 15 14 12 4 22 5 28 6 17 7 18 8 15 9 17 10 10 11 13 12 25 13 20 14 28 15 29 4 16 23 17 20 18 13 19 26 
5 4 0 24 1 10 2 10 3 10 8 4 18 5 30 6 21 7 25 12 17 13 19 14 12 15 28 8 4 15 5 27 6 10 7 18 8 20 9 22 10 20 11 29 4 8 24 9 22 10 10 11 26 4 16 10 17 12 18 24 19 26 
5 4 0 10 1 13 2 26 3 28 12 4 11 5 10 6 12 7 28 8 21 9 11 10 24 11 15 12 10 13 15 14 28 15 30 8 8 14 9 17 10 29 11 10 12 20 13 18 14 12 15 18 8 8 25 9 28 10 14 11 20 12 27 13 14 14 11 15 13 4 16 16 17 30 18 28 19 28 
5 4 0 14 1 13 2 14 3 15 8 4 19 5 13 6 11 7 21 12 12 13 20 14 16 15 16 12 4 19 5 17 6 11 7 16 8 11 9 22 10 23 11 18 12 14 13 26 14 28 15 10 8 8 17 9 23 10 23 11 22 12 20 13 19 14 26 15 27 4 16 12 17 24 18 11 19 26 
5 4 0 17 1 24 2 29 3 30 8 8 17 9 13 10 19 11 21 12 24 13 27 14 25 15 10 8 4 23 5 24 6 15 7 14 8 19 9 10 10 16 11 17 12 4 24 5 25 6 22 7 15 8 30 9 16 10 23 11 21 12 20 13 18 14 18 15 15 4 16 26 17 19 18 15 19 15 

Dynamic Events
Machine Breakdowns (x y z): Machine {x} breakdown from time {y} to {z}
0 211 282
1 196 267
2 159 230
3 239 310
4 114 185
5 280 351
6 15 86
7 333 404
8 54 125
9 26 97
10 224 295
11 241 312
12 179 250
13 7 78
14 38 109
15 56 127
16 32 103
17 4 75
18 161 232
19 166 237

Added Jobs (first number is the time at which the job is added, then pairs of machines and process time)
103: 5 4 3 25 17 24 4 17 15 13 8 13 28 16 28 19 17 3 25 7 17 11 26 15 19 9 22 12 19 29 16 25 0 18 6 17 18 14 10 14 2 19 1 25 15 10 3 27 13 28 14 20 4 10 28 18 18 15 12 12 21 7 7 27 16 10 9 22 1 28 4 13 13 12 0 15 
27: 5 8 9 28 8 23 2 22 0 18 11 27 7 14 19 20 17 14 12 11 15 2 26 0 15 19 10 17 25 18 16 7 30 3 21 4 14 1 30 9 20 14 15 7 15 25 8 21 10 28 4 27 5 17 11 28 18 18 7 11 18 0 12 17 28 13 13 19 17 16 27 12 19 4 7 10 5 21 16 30 17 21 
110: 5 7 15 15 3 18 4 27 17 16 12 12 1 29 11 13 4 18 15 3 24 5 13 10 29 10 5 27 12 17 18 19 15 20 1 20 10 15 6 28 17 18 0 25 11 10 9 5 28 12 10 2 17 7 12 9 27 14 19 3 26 13 23 8 17 12 1 13 19 16 13 20 8 17 18 26 6 21 4 19 17 30 16 12 7 19 0 20 15 16 
92: 5 6 4 14 5 13 8 25 19 24 14 20 17 30 7 17 28 15 19 14 28 6 27 0 30 3 17 4 23 12 15 28 4 22 5 13 8 16 2 25 17 27 11 16 3 19 14 21 12 14 19 20 0 23 9 14 30 13 16 10 12 11 27 3 14 7 30 4 16 2 27 19 13 5 9 29 0 19 3 10 5 12 11 10 
119: 5 9 2 12 0 30 3 18 14 10 17 12 13 27 19 13 5 17 11 19 8 10 23 18 13 11 14 15 30 19 16 16 14 5 15 1 30 10 14 21 4 12 16 19 9 14 0 21 3 19 12 16 2 24 11 30 17 10 8 6 20 7 17 10 18 15 22 19 10 2 21 13 24 11 25 5 16 25 15 24 14 26 19 12 1 10 
81: 5 5 16 18 5 21 19 20 12 22 7 21 9 4 14 10 14 0 28 5 17 14 23 6 19 12 22 7 22 3 30 5 18 12 3 25 6 25 14 27 10 29 4 1 18 16 24 3 20 10 14 6 16 29 14 12 3 23 8 16 7 10 19 27 

Cancelled Jobs
207 3
200 16
200 23
222 25
224 42
