50 60
5 4 0 30 1 23 2 16 3 17 40 4 17 5 11 6 10 7 18 8 19 9 19 10 16 11 30 12 14 13 30 14 10 15 15 24 17 25 19 26 27 27 24 28 10 29 30 30 17 31 16 32 15 33 29 34 30 35 12 36 25 37 10 38 17 39 22 44 10 45 16 46 27 47 12 48 11 49 12 50 15 51 19 52 14 53 17 54 13 55 23 40 4 21 5 14 6 24 7 11 8 20 9 22 10 19 11 24 16 30 17 22 18 22 19 10 20 28 21 21 22 15 23 29 24 13 25 29 26 17 27 30 28 25 29 22 30 27 31 11 32 25 33 20 34 19 35 10 36 13 37 18 38 30 39 20 44 23 45 14 46 18 47 11 52 12 53 10 54 21 55 19 52 4 16 5 15 6 18 7 23 8 20 9 24 10 30 11 14 12 19 13 18 14 22 15 12 16 12 17 17 18 10 19 16 20 28 21 12 22 11 23 19 24 14 25 26 26 27 27 27 28 27 29 29 30 25 31 19 32 14 33 19 34 11 35 22 36 30 37 13 38 19 39 21 40 15 41 11 42 13 43 19 44 25 45 19 46 20 47 15 48 11 49 20 50 28 51 19 52 26 53 17 54 29 55 26 4 56 14 57 11 58 30 59 29 
5 4 0 27 1 17 2 18 3 16 28 4 18 5 20 6 20 7 18 16 23 17 20 18 11 19 26 28 21 29 10 30 26 31 20 36 21 37 27 38 13 39 12 40 18 41 10 42 26 43 19 48 29 49 28 50 12 51 27 52 21 53 20 54 13 55 20 12 4 18 5 28 6 17 7 13 28 25 29 10 30 14 31 11 36 10 37 26 38 25 39 23 40 8 27 9 20 10 28 11 27 12 14 13 22 14 16 15 26 16 24 17 22 18 26 19 30 24 26 25 10 26 15 27 24 28 13 29 24 30 21 31 23 32 13 33 12 34 13 35 21 36 21 37 15 38 28 39 10 40 20 41 16 42 24 43 14 48 14 49 13 50 15 51 16 52 20 53 10 54 10 55 20 4 56 27 57 13 58 13 59 20 
5 4 0 13 1 20 2 10 3 20 8 24 13 25 20 26 12 27 21 28 17 29 10 30 29 31 25 24 4 20 5 21 6 10 7 12 8 16 9 11 10 27 11 10 20 11 21 12 22 30 23 15 36 16 37 30 38 13 39 18 48 21 49 17 50 21 51 30 52 17 53 16 54 24 55 23 36 8 23 9 17 10 26 11 12 12 28 13 21 14 24 15 27 20 30 21 20 22 12 23 24 28 20 29 25 30 22 31 18 32 26 33 22 34 26 35 18 36 16 37 18 38 22 39 26 40 21 41 10 42 12 43 18 44 16 45 15 46 28 47 24 48 18 49 21 50 23 51 28 4 56 12 57 15 58 30 59 28 
5 4 0 11 1 13 2 13 3 11 44 4 12 5 22 6 15 7 23 8 27 9 16 10 28 11 26 12 30 13 10 14 10 15 15 16 28 17 11 18 27 19 16 24 27 25 11 26 27 27 22 32 13 33 29 34 17 35 19 36 12 37 30 38 12 39 15 40 26 41 22 42 15 43 25 44 16 45 28 46 29 47 12 48 17 49 17 50 18 51 26 52 25 53 30 54 10 55 16 8 12 23 13 11 14 15 15 27 16 27 17 15 18 10 19 15 12 16 14 17 13 18 18 19 11 44 12 45 24 46 12 47 27 48 28 49 22 50 15 51 18 4 56 22 57 13 58 29 59 25 
5 4 0 19 1 20 2 20 3 18 32 4 18 5 22 6 15 7 25 8 21 9 22 10 18 11 18 12 29 13 13 14 16 15 16 16 27 17 10 18 23 19 13 24 28 25 20 26 18 27 23 32 19 33 24 34 29 35 17 44 19 45 25 46 18 47 11 52 18 53 16 54 27 55 26 8 12 15 13 28 14 14 15 22 28 21 29 29 30 12 31 18 32 4 13 5 24 6 21 7 24 8 10 9 12 10 10 11 19 16 23 17 29 18 10 19 28 24 14 25 17 26 24 27 19 28 25 29 16 30 13 31 26 32 23 33 19 34 16 35 11 36 19 37 20 38 17 39 24 40 29 41 12 42 10 43 30 4 56 13 57 14 58 25 59 19 
5 4 0 30 1 17 2 20 3 14 24 4 12 5 13 6 23 7 11 16 22 17 21 18 20 19 18 28 19 29 14 30 12 31 30 32 14 33 30 34 29 35 15 44 27 45 27 46 21 47 15 48 10 49 29 50 19 51 14 48 4 10 5 29 6 12 7 11 8 21 9 14 10 14 11 12 12 25 13 16 14 28 15 15 16 14 17 26 18 11 19 13 20 22 21 24 22 23 23 10 24 16 25 20 26 16 27 19 28 12 29 24 30 23 31 24 32 29 33 20 34 25 35 14 36 29 37 27 38 17 39 28 44 23 45 27 46 25 47 23 48 16 49 10 50 23 51 18 52 29 53 10 54 18 55 15 44 8 24 9 13 10 28 11 11 12 26 13 12 14 12 15 27 16 23 17 25 18 19 19 12 20 18 21 16 22 15 23 11 24 21 25 23 26 17 27 28 28 30 29 23 30 25 31 25 32 21 33 29 34 12 35 16 36 12 37 15 38 22 39 12 44 10 45 12 46 30 47 22 48 21 49 12 50 26 51 19 52 16 53 18 54 21 55 17 4 56 25 57 23 58 20 59 16 
5 4 0 27 1 11 2 29 3 12 36 4 15 5 19 6 23 7 25 16 23 17 29 18 22 19 10 24 22 25 28 26 27 27 15 28 26 29 13 30 11 31 10 32 10 33 12 34 19 35 23 36 21 37 28 38 15 39 29 40 12 41 24 42 10 43 26 44 16 45 28 46 27 47 29 52 23 53 30 54 27 55 24 16 12 18 13 12 14 22 15 19 20 15 21 15 22 11 23 19 32 30 33 10 34 30 35 13 52 17 53 10 54 29 55 24 4 32 18 33 12 34 21 35 15 4 56 26 57 17 58 29 59 21 
5 4 0 26 1 19 2 25 3 18 16 12 13 13 22 14 14 15 12 32 23 33 12 34 13 35 18 40 20 41 29 42 26 43 17 44 10 45 27 46 13 47 19 24 16 16 17 22 18 23 19 27 20 19 21 21 22 12 23 21 28 22 29 30 30 22 31 15 32 29 33 13 34 24 35 20 48 12 49 17 50 27 51 29 52 27 53 26 54 13 55 11 28 4 19 5 29 6 29 7 20 8 13 9 10 10 29 11 25 12 14 13 24 14 14 15 25 28 26 29 29 30 24 31 26 40 17 41 24 42 19 43 24 44 29 45 26 46 15 47 18 48 10 49 30 50 16 51 26 4 56 14 57 19 58 17 59 24 
5 4 0 18 1 12 2 28 3 10 4 24 29 25 17 26 20 27 18 12 28 10 29 13 30 20 31 18 36 24 37 13 38 10 39 12 52 21 53 20 54 29 55 20 28 4 19 5 29 6 19 7 23 8 23 9 16 10 15 11 10 24 27 25 29 26 26 27 13 28 28 29 30 30 12 31 30 32 21 33 19 34 22 35 14 44 16 45 21 46 13 47 24 52 26 53 25 54 17 55 20 4 56 30 57 10 58 28 59 11 
5 4 0 16 1 14 2 30 3 19 32 8 27 9 14 10 14 11 13 16 29 17 16 18 18 19 23 24 28 25 14 26 22 27 21 28 11 29 14 30 21 31 18 40 19 41 17 42 29 43 29 44 15 45 25 46 20 47 25 48 10 49 27 50 13 51 19 52 22 53 21 54 17 55 17 8 16 12 17 27 18 24 19 12 40 24 41 30 42 26 43 16 12 28 14 29 17 30 22 31 22 40 26 41 15 42 17 43 15 44 12 45 17 46 28 47 20 4 56 22 57 16 58 10 59 13 
5 4 0 21 1 19 2 23 3 13 20 8 24 9 16 10 21 11 26 28 10 29 17 30 18 31 23 32 19 33 15 34 18 35 24 36 22 37 19 38 20 39 24 44 21 45 27 46 30 47 11 48 4 20 5 11 6 10 7 23 8 16 9 13 10 27 11 20 12 20 13 10 14 10 15 23 20 11 21 26 22 21 23 14 24 23 25 29 26 26 27 23 28 15 29 18 30 18 31 20 32 10 33 28 34 13 35 14 36 24 37 15 38 18 39 10 40 21 41 19 42 17 43 12 44 20 45 26 46 22 47 24 48 10 49 21 50 18 51 29 52 25 53 18 54 23 55 25 20 4 10 5 18 6 27 7 20 16 28 17 18 18 27 19 29 20 14 21 19 22 27 23 23 28 21 29 20 30 30 31 29 32 20 33 14 34 29 35 24 4 56 20 57 11 58 28 59 30 
5 4 0 27 1 20 2 18 3 17 28 4 17 5 15 6 24 7 18 16 30 17 13 18 11 19 16 24 15 25 21 26 13 27 21 36 28 37 29 38 28 39 15 40 18 41 20 42 26 43 27 48 25 49 16 50 20 51 30 52 30 53 16 54 24 55 16 20 12 25 13 30 14 20 15 30 24 23 25 14 26 13 27 13 32 13 33 13 34 11 35 19 40 26 41 18 42 22 43 26 52 13 53 26 54 27 55 25 12 4 13 5 27 6 11 7 22 12 22 13 19 14 28 15 20 16 26 17 15 18 12 19 22 4 56 12 57 14 58 16 59 14 
5 4 0 10 1 21 2 25 3 14 20 4 27 5 14 6 28 7 11 20 26 21 30 22 24 23 20 24 14 25 27 26 29 27 19 44 19 45 28 46 20 47 26 52 20 53 28 54 23 55 14 28 4 20 5 19 6 15 7 29 8 16 9 20 10 30 11 11 12 21 13 11 14 17 15 29 16 23 17 28 18 19 19 28 32 18 33 15 34 11 35 18 48 24 49 14 50 23 51 17 52 19 53 23 54 29 55 24 16 20 29 21 15 22 25 23 12 24 11 25 28 26 13 27 21 28 24 29 24 30 21 31 18 40 25 41 17 42 26 43 23 4 56 18 57 12 58 24 59 30 
5 4 0 15 1 18 2 16 3 26 52 4 18 5 13 6 15 7 10 8 19 9 23 10 30 11 23 12 30 13 11 14 24 15 20 16 18 17 16 18 30 19 27 20 28 21 19 22 29 23 11 24 28 25 13 26 21 27 25 28 16 29 25 30 28 31 18 32 23 33 12 34 11 35 17 36 24 37 27 38 17 39 30 40 21 41 29 42 25 43 22 44 11 45 22 46 18 47 15 48 30 49 10 50 28 51 19 52 11 53 13 54 18 55 14 12 4 18 5 11 6 24 7 12 32 27 33 21 34 25 35 14 52 14 53 23 54 12 55 20 24 12 20 13 25 14 29 15 13 16 15 17 26 18 25 19 26 24 27 25 23 26 28 27 19 32 21 33 23 34 20 35 29 36 19 37 17 38 20 39 10 40 10 41 23 42 21 43 10 4 56 14 57 10 58 27 59 10 
5 4 0 27 1 24 2 20 3 21 48 4 21 5 20 6 28 7 26 8 27 9 29 10 22 11 25 12 14 13 28 14 29 15 21 16 14 17 20 18 15 19 10 20 18 21 12 22 13 23 21 24 15 25 20 26 13 27 24 28 23 29 19 30 24 31 30 32 22 33 22 34 14 35 18 36 12 37 24 38 18 39 29 44 26 45 29 46 29 47 21 48 22 49 13 50 29 51 15 52 29 53 23 54 26 55 22 40 12 26 13 10 14 13 15 20 16 25 17 30 18 24 19 23 20 11 21 11 22 22 23 24 24 18 25 19 26 29 27 24 32 14 33 26 34 25 35 15 36 26 37 17 38 25 39 23 40 26 41 25 42 16 43 24 44 22 45 14 46 25 47 13 48 28 49 17 50 27 51 11 52 16 53 17 54 11 55 20 20 16 27 17 17 18 21 19 30 20 20 21 13 22 24 23 26 28 24 29 29 30 29 31 26 32 11 33 30 34 22 35 30 40 15 41 21 42 17 43 12 4 56 11 57 14 58 12 59 30 
5 4 0 11 1 16 2 26 3 13 12 4 19 5 11 6 22 7 27 36 27 37 15 38 18 39 10 44 11 45 13 46 22 47 17 16 16 20 17 14 18 16 19 24 36 24 37 24 38 24 39 11 44 23 45 25 46 16 47 21 52 11 53 18 54 17 55 11 44 4 28 5 26 6 13 7 24 12 14 13 20 14 14 15 14 20 14 21 22 22 21 23 21 24 29 25 18 26 29 27 14 28 22 29 15 30 22 31 20 32 10 33 14 34 12 35 29 36 12 37 27 38 11 39 16 40 27 41 12 42 16 43 19 44 30 45 30 46 19 47 20 48 12 49 11 50 27 51 25 52 25 53 21 54 26 55 16 4 56 20 57 15 58 24 59 15 
5 4 0 18 1 24 2 16 3 14 28 4 14 5 30 6 13 7 21 12 24 13 23 14 14 15 17 16 11 17 12 18 11 19 11 24 28 25 30 26 11 27 24 28 17 29 29 30 28 31 14 36 17 37 27 38 20 39 18 40 28 41 10 42 21 43 16 36 8 29 9 18 10 11 11 16 12 19 13 29 14 27 15 20 16 25 17 15 18 30 19 15 20 14 21 24 22 19 23 30 24 27 25 12 26 10 27 18 28 24 29 12 30 20 31 26 32 15 33 22 34 19 35 12 40 11 41 14 42 25 43 22 48 25 49 29 50 30 51 18 32 8 25 9 17 10 29 11 27 16 16 17 30 18 20 19 10 20 13 21 10 22 15 23 25 24 23 25 24 26 10 27 12 28 26 29 23 30 19 31 23 32 15 33 16 34 17 35 18 48 15 49 15 50 30 51 19 52 12 53 22 54 26 55 28 4 56 10 57 30 58 27 59 15 
5 4 0 18 1 25 2 19 3 14 32 4 12 5 19 6 18 7 20 12 21 13 30 14 21 15 30 20 29 21 26 22 26 23 29 24 15 25 19 26 23 27 26 36 23 37 12 38 24 39 11 40 14 41 24 42 12 43 14 44 23 45 13 46 26 47 16 48 18 49 22 50 17 51 14 44 4 21 5 21 6 12 7 25 8 26 9 21 10 26 11 23 12 15 13 29 14 18 15 19 24 13 25 14 26 29 27 19 28 19 29 30 30 25 31 17 32 10 33 13 34 21 35 29 36 10 37 23 38 18 39 14 40 11 41 20 42 18 43 10 44 15 45 21 46 15 47 13 48 21 49 11 50 30 51 24 52 26 53 25 54 23 55 22 32 8 16 9 18 10 15 11 23 12 25 13 30 14 21 15 25 24 11 25 22 26 27 27 29 32 27 33 20 34 24 35 26 36 14 37 18 38 13 39 20 44 12 45 28 46 12 47 16 48 22 49 11 50 24 51 12 52 13 53 12 54 23 55 18 4 56 12 57 28 58 28 59 14 
5 4 0 21 1 28 2 16 3 26 40 4 21 5 22 6 12 7 15 8 12 9 30 10 26 11 28 12 10 13 27 14 29 15 24 16 17 17 25 18 27 19 26 20 16 21 15 22 11 23 12 24 17 25 19 26 29 27 28 28 30 29 21 30 10 31 29 32 30 33 19 34 14 35 29 36 20 37 14 38 13 39 26 52 29 53 28 54 24 55 29 48 4 24 5 29 6 14 7 25 8 20 9 30 10 12 11 15 12 10 13 10 14 13 15 17 16 29 17 12 18 10 19 15 20 26 21 22 22 18 23 17 24 21 25 12 26 13 27 27 28 11 29 27 30 12 31 23 32 29 33 16 34 28 35 20 36 17 37 11 38 13 39 16 40 19 41 29 42 12 43 24 48 12 49 11 50 24 51 18 52 28 53 19 54 15 55 17 4 52 22 53 27 54 30 55 25 4 56 19 57 26 58 29 59 19 
5 4 0 20 1 26 2 26 3 19 4 28 13 29 23 30 10 31 26 8 8 24 9 21 10 28 11 11 48 28 49 27 50 30 51 19 44 4 18 5 28 6 10 7 19 8 16 9 20 10 13 11 11 12 26 13 29 14 15 15 27 16 26 17 17 18 14 19 21 20 11 21 17 22 14 23 18 28 17 29 15 30 20 31 22 36 27 37 17 38 12 39 18 40 20 41 22 42 25 43 30 44 24 45 30 46 20 47 23 48 13 49 26 50 21 51 10 52 21 53 10 54 19 55 14 4 56 11 57 20 58 30 59 28 
5 4 0 21 1 18 2 18 3 23 44 8 27 9 22 10 11 11 12 12 10 13 13 14 23 15 14 16 22 17 30 18 11 19 11 20 26 21 15 22 20 23 23 24 25 25 25 26 24 27 13 32 20 33 27 34 30 35 16 36 11 37 23 38 12 39 30 40 27 41 21 42 14 43 19 44 24 45 13 46 20 47 28 48 24 49 16 50 16 51 20 52 17 53 11 54 27 55 20 4 4 23 5 28 6 13 7 28 36 4 19 5 29 6 26 7 28 8 22 9 29 10 11 11 28 16 19 17 26 18 10 19 18 32 27 33 13 34 25 35 29 36 30 37 12 38 20 39 21 40 16 41 27 42 23 43 30 44 21 45 13 46 16 47 20 48 25 49 28 50 25 51 29 52 17 53 17 54 21 55 10 4 56 16 57 20 58 14 59 21 
5 4 0 11 1 13 2 19 3 30 32 20 25 21 18 22 12 23 21 24 28 25 20 26 11 27 24 28 12 29 25 30 13 31 28 36 20 37 21 38 29 39 27 40 19 41 12 42 17 43 25 44 20 45 17 46 16 47 19 48 13 49 28 50 21 51 27 52 10 53 22 54 25 55 21 12 4 29 5 19 6 24 7 15 12 24 13 28 14 22 15 20 32 19 33 23 34 15 35 26 24 4 22 5 12 6 27 7 30 16 13 17 22 18 12 19 19 24 29 25 28 26 11 27 18 32 10 33 25 34 25 35 22 40 10 41 13 42 10 43 10 44 10 45 19 46 26 47 14 4 56 24 57 23 58 21 59 19 
5 4 0 25 1 11 2 27 3 13 32 4 19 5 16 6 14 7 21 12 22 13 25 14 20 15 15 16 26 17 21 18 22 19 16 24 29 25 20 26 10 27 17 32 20 33 12 34 13 35 10 36 12 37 24 38 23 39 24 40 22 41 13 42 15 43 12 52 16 53 30 54 29 55 24 28 4 26 5 21 6 11 7 14 12 17 13 22 14 21 15 21 16 24 17 26 18 11 19 24 24 15 25 14 26 13 27 10 28 18 29 12 30 15 31 13 48 25 49 19 50 20 51 30 52 18 53 13 54 11 55 10 32 4 21 5 21 6 21 7 19 8 12 9 11 10 24 11 13 12 21 13 15 14 13 15 10 20 30 21 24 22 15 23 14 32 26 33 10 34 28 35 18 40 18 41 12 42 19 43 22 48 18 49 24 50 29 51 23 52 22 53 29 54 21 55 18 4 56 19 57 25 58 22 59 23 
5 4 0 23 1 23 2 23 3 15 24 4 30 5 23 6 28 7 29 8 26 9 12 10 13 11 19 12 19 13 15 14 10 15 23 16 30 17 28 18 29 19 15 20 25 21 11 22 16 23 23 52 30 53 21 54 10 55 25 40 4 19 5 10 6 13 7 17 8 17 9 16 10 15 11 18 20 30 21 13 22 13 23 27 24 29 25 25 26 12 27 10 28 16 29 10 30 21 31 14 32 11 33 30 34 30 35 13 40 28 41 19 42 18 43 14 44 12 45 21 46 16 47 20 48 24 49 19 50 12 51 24 52 12 53 13 54 16 55 15 36 12 12 13 28 14 21 15 15 20 22 21 16 22 26 23 20 24 22 25 18 26 23 27 15 28 21 29 14 30 26 31 13 32 15 33 17 34 10 35 30 36 26 37 29 38 29 39 13 44 24 45 26 46 10 47 16 48 21 49 27 50 13 51 19 52 21 53 20 54 27 55 28 4 56 11 57 14 58 29 59 21 
5 4 0 15 1 23 2 16 3 18 16 8 12 9 20 10 18 11 20 28 20 29 28 30 21 31 12 40 14 41 21 42 24 43 22 44 12 45 17 46 25 47 30 52 4 26 5 24 6 18 7 23 8 25 9 19 10 26 11 10 12 18 13 29 14 17 15 26 16 12 17 18 18 29 19 27 20 12 21 19 22 27 23 11 24 17 25 25 26 26 27 26 28 25 29 12 30 21 31 21 32 20 33 28 34 22 35 17 36 19 37 11 38 12 39 29 40 23 41 29 42 24 43 19 44 15 45 13 46 16 47 29 48 26 49 16 50 28 51 23 52 27 53 12 54 28 55 18 16 24 18 25 25 26 23 27 14 28 30 29 10 30 28 31 18 32 22 33 14 34 17 35 10 48 14 49 27 50 18 51 15 4 56 23 57 27 58 23 59 10 
5 4 0 24 1 17 2 14 3 15 8 8 24 9 25 10 30 11 12 44 26 45 26 46 23 47 16 20 12 20 13 11 14 23 15 23 16 28 17 23 18 10 19 16 24 28 25 29 26 27 27 19 32 16 33 13 34 13 35 27 52 16 53 15 54 12 55 11 32 4 23 5 30 6 20 7 21 8 14 9 21 10 25 11 22 16 26 17 21 18 29 19 23 20 25 21 20 22 27 23 26 32 11 33 24 34 27 35 18 40 15 41 17 42 13 43 25 48 25 49 27 50 14 51 16 52 25 53 12 54 18 55 19 4 56 13 57 20 58 20 59 26 
5 4 0 28 1 10 2 15 3 23 48 4 18 5 14 6 27 7 30 8 19 9 26 10 23 11 24 12 13 13 25 14 27 15 18 16 14 17 22 18 19 19 29 20 15 21 30 22 20 23 27 24 29 25 17 26 22 27 24 28 23 29 28 30 13 31 22 36 29 37 27 38 12 39 14 40 16 41 16 42 10 43 29 44 14 45 28 46 23 47 15 48 16 49 26 50 24 51 17 52 20 53 15 54 14 55 30 16 4 20 5 18 6 30 7 25 8 23 9 15 10 14 11 17 32 26 33 19 34 12 35 26 44 21 45 27 46 17 47 14 12 8 25 9 10 10 14 11 11 24 25 25 24 26 12 27 17 28 10 29 19 30 19 31 14 4 56 16 57 27 58 15 59 10 
5 4 0 21 1 27 2 23 3 30 12 24 11 25 27 26 26 27 25 36 23 37 20 38 29 39 18 48 21 49 16 50 27 51 16 40 4 13 5 13 6 21 7 16 8 23 9 23 10 13 11 27 12 17 13 19 14 14 15 22 20 29 21 20 22 17 23 11 24 20 25 30 26 12 27 28 28 12 29 26 30 29 31 12 36 22 37 24 38 19 39 12 44 19 45 28 46 26 47 19 48 16 49 29 50 30 51 15 52 19 53 15 54 14 55 28 20 8 21 9 22 10 12 11 17 12 30 13 15 14 11 15 19 16 24 17 29 18 15 19 27 44 24 45 26 46 29 47 11 52 30 53 14 54 24 55 18 4 56 16 57 14 58 24 59 29 
5 4 0 26 1 13 2 27 3 13 8 16 11 17 18 18 21 19 30 28 29 29 11 30 21 31 25 44 8 28 9 19 10 17 11 14 12 12 13 17 14 15 15 11 16 15 17 16 18 14 19 22 20 17 21 22 22 24 23 19 24 27 25 13 26 22 27 19 28 18 29 20 30 18 31 24 32 22 33 21 34 10 35 30 36 28 37 24 38 23 39 13 40 27 41 23 42 15 43 27 48 26 49 15 50 17 51 10 52 14 53 25 54 13 55 16 4 36 20 37 21 38 30 39 29 4 56 27 57 17 58 12 59 25 
5 4 0 24 1 24 2 21 3 26 36 12 11 13 16 14 11 15 25 16 14 17 19 18 19 19 27 20 19 21 11 22 16 23 29 28 22 29 30 30 11 31 17 36 16 37 27 38 30 39 27 40 18 41 21 42 23 43 11 44 28 45 29 46 22 47 22 48 10 49 16 50 10 51 19 52 14 53 10 54 20 55 23 24 4 12 5 21 6 11 7 17 20 27 21 29 22 24 23 18 28 13 29 14 30 23 31 23 36 23 37 16 38 13 39 17 44 13 45 28 46 29 47 19 52 13 53 29 54 27 55 29 24 4 26 5 11 6 17 7 19 12 23 13 26 14 25 15 30 16 12 17 15 18 13 19 14 20 22 21 11 22 21 23 30 28 28 29 15 30 21 31 24 52 16 53 14 54 14 55 15 4 56 26 57 30 58 27 59 19 
5 4 0 20 1 21 2 27 3 20 44 4 24 5 18 6 15 7 27 12 26 13 27 14 13 15 24 16 27 17 17 18 15 19 18 20 22 21 24 22 12 23 25 24 12 25 23 26 27 27 30 28 13 29 10 30 27 31 18 32 11 33 12 34 23 35 12 36 22 37 12 38 15 39 27 44 14 45 24 46 13 47 20 48 11 49 28 50 12 51 17 52 11 53 30 54 27 55 25 40 4 12 5 24 6 19 7 11 8 12 9 13 10 13 11 10 20 28 21 16 22 25 23 29 24 24 25 28 26 16 27 17 28 22 29 20 30 18 31 17 32 11 33 16 34 24 35 21 36 19 37 26 38 21 39 18 40 26 41 18 42 29 43 25 44 25 45 14 46 21 47 27 52 23 53 20 54 22 55 24 8 4 29 5 15 6 18 7 25 16 17 17 18 18 18 19 13 4 56 25 57 25 58 15 59 26 
5 4 0 14 1 30 2 20 3 25 44 8 15 9 11 10 27 11 19 12 11 13 23 14 17 15 20 16 26 17 10 18 22 19 15 20 11 21 30 22 20 23 19 28 29 29 29 30 14 31 10 32 18 33 26 34 10 35 24 36 26 37 18 38 12 39 21 40 19 41 23 42 26 43 25 44 26 45 29 46 19 47 16 48 22 49 24 50 18 51 26 52 19 53 25 54 18 55 18 44 4 25 5 16 6 24 7 22 8 16 9 11 10 16 11 18 12 23 13 22 14 27 15 12 16 12 17 26 18 13 19 13 28 13 29 19 30 10 31 15 32 17 33 16 34 30 35 27 36 18 37 20 38 11 39 15 40 14 41 21 42 20 43 18 44 21 45 20 46 17 47 15 48 15 49 28 50 10 51 28 52 24 53 24 54 28 55 14 40 12 26 13 16 14 17 15 28 20 27 21 16 22 19 23 27 24 20 25 26 26 18 27 20 28 16 29 29 30 12 31 23 32 12 33 19 34 14 35 13 36 15 37 22 38 27 39 23 40 26 41 14 42 18 43 24 44 21 45 29 46 21 47 13 48 20 49 24 50 28 51 22 52 30 53 20 54 14 55 21 4 56 11 57 19 58 29 59 18 
5 4 0 16 1 11 2 29 3 15 52 4 26 5 13 6 25 7 16 8 25 9 29 10 28 11 10 12 26 13 20 14 11 15 25 16 17 17 20 18 12 19 22 20 22 21 25 22 24 23 12 24 18 25 24 26 22 27 12 28 20 29 20 30 20 31 11 32 16 33 24 34 18 35 29 36 30 37 10 38 15 39 30 40 21 41 23 42 14 43 19 44 17 45 12 46 28 47 11 48 23 49 19 50 12 51 10 52 23 53 21 54 16 55 30 16 4 10 5 16 6 20 7 29 24 16 25 27 26 15 27 17 36 28 37 11 38 20 39 17 44 25 45 18 46 28 47 18 28 4 17 5 22 6 11 7 25 8 15 9 10 10 26 11 24 12 24 13 24 14 12 15 10 24 17 25 20 26 19 27 29 28 19 29 24 30 18 31 19 36 21 37 16 38 25 39 26 48 10 49 23 50 12 51 16 4 56 22 57 26 58 12 59 12 
5 4 0 21 1 17 2 22 3 22 4 4 17 5 10 6 23 7 29 4 28 16 29 10 30 24 31 28 20 8 24 9 18 10 18 11 28 16 14 17 13 18 11 19 11 44 15 45 11 46 20 47 20 48 10 49 11 50 27 51 25 52 24 53 28 54 26 55 23 4 56 25 57 14 58 13 59 26 
5 4 0 28 1 20 2 29 3 23 20 4 24 5 11 6 29 7 29 12 15 13 28 14 19 15 18 16 15 17 20 18 19 19 12 24 13 25 15 26 26 27 17 48 17 49 10 50 28 51 18 24 8 28 9 26 10 20 11 28 12 30 13 21 14 22 15 10 16 23 17 20 18 18 19 10 28 11 29 29 30 27 31 27 40 14 41 19 42 28 43 17 44 30 45 29 46 17 47 17 12 12 18 13 13 14 24 15 27 24 24 25 15 26 14 27 21 40 15 41 20 42 22 43 25 4 56 18 57 20 58 21 59 19 
5 4 0 19 1 18 2 21 3 28 28 8 18 9 18 10 24 11 29 28 11 29 13 30 19 31 20 36 19 37 27 38 28 39 28 40 18 41 15 42 28 43 16 44 22 45 30 46 19 47 24 48 13 49 12 50 13 51 11 52 26 53 14 54 16 55 28 52 4 13 5 11 6 12 7 21 8 15 9 12 10 11 11 21 12 30 13 20 14 28 15 24 16 14 17 29 18 22 19 25 20 30 21 28 22 20 23 24 24 23 25 11 26 23 27 16 28 26 29 27 30 13 31 27 32 11 33 28 34 10 35 29 36 15 37 21 38 29 39 24 40 11 41 14 42 11 43 22 44 16 45 11 46 11 47 13 48 13 49 10 50 20 51 25 52 30 53 25 54 22 55 17 12 4 25 5 19 6 30 7 19 12 22 13 20 14 24 15 20 24 28 25 24 26 14 27 18 4 56 12 57 30 58 12 59 20 
5 4 0 27 1 10 2 29 3 18 12 8 29 9 29 10 22 11 24 12 25 13 16 14 23 15 19 48 26 49 25 50 25 51 30 12 8 23 9 19 10 26 11 15 28 26 29 30 30 22 31 27 44 27 45 27 46 22 47 10 12 16 16 17 13 18 29 19 23 20 28 21 26 22 26 23 20 52 23 53 28 54 20 55 21 4 56 26 57 10 58 15 59 26 
5 4 0 14 1 11 2 18 3 21 28 4 25 5 12 6 26 7 20 8 10 9 13 10 11 11 27 12 10 13 20 14 19 15 25 20 23 21 20 22 10 23 17 28 19 29 28 30 16 31 29 36 23 37 14 38 21 39 19 40 25 41 22 42 10 43 26 52 4 10 5 21 6 13 7 18 8 30 9 13 10 10 11 28 12 16 13 14 14 15 15 18 16 25 17 27 18 27 19 15 20 16 21 19 22 19 23 21 24 28 25 22 26 28 27 17 28 21 29 15 30 26 31 24 32 27 33 19 34 23 35 16 36 17 37 10 38 19 39 14 40 27 41 15 42 16 43 20 44 16 45 17 46 12 47 25 48 23 49 15 50 25 51 28 52 16 53 28 54 23 55 14 24 4 24 5 26 6 22 7 23 12 13 13 11 14 21 15 15 20 11 21 19 22 26 23 30 24 27 25 13 26 15 27 19 28 17 29 18 30 17 31 28 32 11 33 26 34 10 35 10 4 56 22 57 16 58 24 59 22 
5 4 0 10 1 10 2 19 3 28 40 4 26 5 19 6 12 7 28 8 23 9 14 10 27 11 23 12 26 13 27 14 26 15 17 16 10 17 21 18 23 19 30 20 12 21 27 22 19 23 29 24 17 25 23 26 28 27 22 32 16 33 19 34 28 35 23 36 13 37 17 38 18 39 17 40 16 41 25 42 16 43 21 52 17 53 28 54 13 55 19 4 12 16 13 30 14 26 15 29 16 8 29 9 19 10 17 11 10 16 23 17 12 18 12 19 25 28 14 29 20 30 22 31 19 36 26 37 10 38 25 39 11 4 56 12 57 12 58 23 59 28 
5 4 0 24 1 30 2 27 3 10 20 12 22 13 25 14 27 15 16 24 11 25 24 26 14 27 10 28 19 29 15 30 18 31 21 44 10 45 16 46 10 47 26 52 16 53 10 54 19 55 25 52 4 25 5 24 6 26 7 14 8 11 9 13 10 11 11 20 12 11 13 11 14 18 15 15 16 26 17 30 18 26 19 10 20 30 21 23 22 25 23 30 24 19 25 28 26 14 27 15 28 14 29 24 30 29 31 12 32 13 33 14 34 20 35 20 36 15 37 10 38 15 39 29 40 24 41 14 42 13 43 25 44 12 45 12 46 21 47 12 48 30 49 12 50 14 51 17 52 26 53 24 54 23 55 27 4 40 28 41 28 42 24 43 19 4 56 17 57 27 58 21 59 26 
5 4 0 20 1 15 2 10 3 25 16 20 25 21 16 22 27 23 13 28 10 29 30 30 20 31 20 32 21 33 10 34 16 35 29 52 27 53 11 54 17 55 30 28 4 12 5 26 6 21 7 11 8 16 9 13 10 29 11 11 32 26 33 24 34 29 35 21 36 20 37 22 38 15 39 25 40 24 41 12 42 27 43 28 48 25 49 19 50 22 51 23 52 23 53 18 54 23 55 24 32 8 15 9 11 10 28 11 20 16 22 17 30 18 28 19 25 20 19 21 15 22 23 23 26 32 18 33 15 34 19 35 14 36 16 37 15 38 28 39 15 44 15 45 27 46 25 47 26 48 22 49 25 50 27 51 22 52 19 53 17 54 18 55 25 4 56 29 57 23 58 15 59 18 
5 4 0 23 1 19 2 22 3 23 36 4 27 5 24 6 22 7 28 8 18 9 10 10 22 11 10 12 30 13 11 14 12 15 14 20 13 21 12 22 24 23 30 24 23 25 26 26 24 27 23 36 10 37 13 38 17 39 20 40 26 41 16 42 26 43 24 44 25 45 29 46 13 47 15 52 29 53 25 54 20 55 11 40 4 26 5 17 6 21 7 28 8 20 9 18 10 17 11 16 12 25 13 12 14 17 15 29 16 22 17 17 18 20 19 23 24 27 25 26 26 30 27 14 28 25 29 29 30 16 31 29 32 22 33 19 34 28 35 16 36 27 37 20 38 21 39 10 40 16 41 29 42 14 43 27 48 29 49 28 50 14 51 21 4 12 16 13 21 14 13 15 18 4 56 23 57 11 58 15 59 16 
5 4 0 10 1 24 2 11 3 23 40 4 19 5 24 6 27 7 18 12 11 13 23 14 22 15 14 20 24 21 13 22 15 23 30 24 20 25 24 26 26 27 27 32 24 33 14 34 27 35 12 36 21 37 23 38 12 39 30 40 30 41 14 42 27 43 13 44 23 45 12 46 21 47 30 48 20 49 21 50 13 51 18 52 19 53 16 54 21 55 28 16 4 29 5 15 6 16 7 26 20 17 21 30 22 16 23 18 24 12 25 25 26 14 27 24 40 18 41 29 42 30 43 23 44 4 30 5 14 6 30 7 15 12 22 13 20 14 28 15 25 16 23 17 10 18 14 19 10 20 13 21 22 22 21 23 14 24 29 25 19 26 23 27 10 28 25 29 21 30 28 31 29 32 14 33 29 34 18 35 16 36 13 37 11 38 17 39 23 44 28 45 22 46 16 47 30 48 14 49 23 50 15 51 30 52 17 53 15 54 21 55 13 4 56 28 57 18 58 19 59 14 
5 4 0 13 1 26 2 23 3 27 52 4 24 5 18 6 23 7 21 8 30 9 26 10 28 11 26 12 14 13 22 14 29 15 12 16 26 17 18 18 23 19 17 20 11 21 19 22 16 23 17 24 17 25 19 26 10 27 18 28 27 29 16 30 16 31 25 32 28 33 28 34 27 35 10 36 13 37 12 38 15 39 25 40 19 41 24 42 18 43 25 44 18 45 12 46 28 47 20 48 13 49 26 50 13 51 14 52 16 53 13 54 20 55 17 20 4 26 5 14 6 27 7 22 20 28 21 19 22 12 23 17 32 24 33 21 34 13 35 15 36 24 37 29 38 26 39 26 40 11 41 19 42 15 43 18 48 4 21 5 15 6 13 7 13 8 13 9 22 10 20 11 17 12 22 13 10 14 30 15 15 16 14 17 14 18 13 19 21 20 29 21 24 22 16 23 23 24 14 25 14 26 29 27 17 28 11 29 14 30 25 31 15 32 21 33 22 34 18 35 16 36 10 37 23 38 25 39 15 44 14 45 23 46 17 47 11 48 24 49 24 50 28 51 20 52 20 53 26 54 25 55 25 4 56 21 57 21 58 30 59 28 
5 4 0 24 1 19 2 23 3 28 40 4 10 5 13 6 13 7 15 8 21 9 15 10 22 11 16 12 22 13 29 14 12 15 13 16 25 17 29 18 28 19 26 20 23 21 15 22 17 23 16 28 21 29 15 30 27 31 11 32 28 33 29 34 25 35 21 40 12 41 19 42 17 43 13 44 27 45 12 46 18 47 20 48 29 49 19 50 22 51 16 12 8 11 9 14 10 27 11 30 12 23 13 16 14 11 15 22 52 25 53 22 54 12 55 13 8 28 11 29 11 30 21 31 21 40 12 41 14 42 10 43 13 4 56 15 57 30 58 10 59 13 
5 4 0 19 1 15 2 22 3 22 24 4 26 5 23 6 18 7 21 8 30 9 18 10 26 11 16 12 25 13 24 14 30 15 19 16 28 17 16 18 17 19 26 24 23 25 15 26 28 27 13 32 28 33 25 34 14 35 15 24 4 13 5 27 6 12 7 10 12 15 13 23 14 21 15 23 36 17 37 13 38 22 39 23 40 27 41 24 42 10 43 12 44 16 45 26 46 18 47 14 52 25 53 21 54 18 55 24 48 8 15 9 30 10 26 11 13 12 29 13 26 14 18 15 21 16 27 17 22 18 17 19 24 20 19 21 26 22 27 23 13 24 26 25 15 26 10 27 10 28 17 29 16 30 24 31 23 32 25 33 25 34 21 35 16 36 23 37 29 38 27 39 13 40 27 41 10 42 26 43 13 44 19 45 14 46 27 47 30 48 10 49 29 50 13 51 12 52 13 53 30 54 10 55 27 4 56 13 57 30 58 16 59 30 
5 4 0 22 1 19 2 16 3 29 4 52 24 53 27 54 21 55 10 24 16 29 17 25 18 23 19 13 24 11 25 13 26 11 27 28 32 19 33 18 34 15 35 17 40 30 41 23 42 18 43 20 48 25 49 23 50 29 51 12 52 19 53 16 54 30 55 16 16 4 26 5 23 6 25 7 25 12 26 13 14 14 24 15 16 28 27 29 16 30 18 31 27 48 26 49 27 50 20 51 15 4 56 25 57 15 58 21 59 17 
5 4 0 20 1 15 2 12 3 23 20 12 18 13 29 14 22 15 30 16 22 17 18 18 22 19 16 28 14 29 13 30 16 31 28 32 10 33 10 34 16 35 23 40 21 41 17 42 28 43 24 44 4 25 5 30 6 12 7 30 8 20 9 29 10 22 11 13 12 23 13 13 14 11 15 26 16 16 17 13 18 18 19 27 24 20 25 24 26 21 27 22 28 25 29 26 30 15 31 25 32 24 33 20 34 17 35 23 36 16 37 13 38 17 39 30 44 11 45 23 46 29 47 24 48 28 49 29 50 26 51 26 52 19 53 30 54 11 55 18 24 28 20 29 14 30 24 31 21 32 26 33 24 34 27 35 29 36 27 37 24 38 13 39 24 40 11 41 20 42 11 43 25 44 12 45 27 46 29 47 28 52 19 53 27 54 24 55 11 4 56 10 57 21 58 30 59 10 
5 4 0 28 1 13 2 25 3 26 32 4 30 5 14 6 25 7 27 12 27 13 23 14 22 15 30 16 30 17 22 18 20 19 22 28 16 29 24 30 12 31 14 36 19 37 26 38 18 39 28 40 26 41 11 42 24 43 25 44 29 45 30 46 18 47 22 48 26 49 20 50 20 51 16 24 4 10 5 14 6 28 7 11 12 17 13 16 14 24 15 22 16 26 17 28 18 10 19 18 32 30 33 21 34 17 35 19 36 18 37 20 38 27 39 27 44 29 45 19 46 10 47 25 48 4 17 5 19 6 12 7 27 8 13 9 22 10 29 11 18 12 14 13 21 14 13 15 12 16 23 17 22 18 24 19 29 20 20 21 16 22 16 23 22 24 26 25 11 26 30 27 22 28 10 29 15 30 28 31 19 36 23 37 27 38 13 39 27 40 28 41 24 42 24 43 24 44 19 45 23 46 13 47 27 48 18 49 18 50 19 51 21 52 12 53 30 54 19 55 16 4 56 30 57 18 58 30 59 13 
5 4 0 17 1 15 2 10 3 11 8 16 25 17 20 18 29 19 21 44 19 45 13 46 16 47 11 28 4 13 5 10 6 26 7 26 16 27 17 18 18 13 19 20 20 10 21 26 22 13 23 14 24 18 25 19 26 15 27 12 28 28 29 14 30 28 31 11 40 21 41 22 42 16 43 29 52 27 53 22 54 16 55 14 52 4 11 5 27 6 12 7 22 8 21 9 23 10 11 11 27 12 19 13 18 14 25 15 28 16 18 17 22 18 16 19 11 20 20 21 21 22 30 23 29 24 19 25 26 26 12 27 26 28 20 29 28 30 20 31 20 32 30 33 10 34 17 35 25 36 15 37 22 38 27 39 18 40 19 41 12 42 19 43 21 44 12 45 13 46 12 47 10 48 28 49 13 50 20 51 30 52 15 53 29 54 30 55 24 4 56 29 57 17 58 19 59 30 

Dynamic Events
Machine Breakdowns (x y z): Machine {x} breakdown from time {y} to {z}
0 262 328
1 155 221
2 110 176
3 32 98
4 292 358
5 162 228
6 58 124
7 310 376
8 269 335
9 163 229
10 99 165
11 187 253
12 327 393
13 137 203
14 136 202
15 325 391
16 304 370
17 268 334
18 95 161
19 306 372
20 251 317
21 112 178
22 315 381
23 75 141
24 333 399
25 197 263
26 330 396
27 313 379
28 80 146
29 197 263
30 37 103
31 333 399
32 241 307
33 213 279
34 275 341
35 328 394
36 140 206
37 26 92
38 268 334
39 69 135
40 304 370
41 330 396
42 252 318
43 102 168
44 8 74
45 87 153
46 45 111
47 73 139
48 132 198
49 328 394
50 108 174
51 308 374
52 329 395
53 328 394
54 13 79
55 91 157
56 124 190
57 138 204
58 128 194
59 328 394

Added Jobs (first number is the time at which the job is added, then pairs of machines and process time)
68: 5 46 56 16 58 20 33 20 24 28 7 13 2 27 8 16 5 21 30 24 44 15 15 29 42 20 48 27 21 24 3 18 37 14 50 25 25 10 10 16 55 22 22 21 35 17 39 19 12 11 46 13 53 16 43 19 34 15 28 22 29 24 9 17 32 13 6 23 14 15 19 18 54 23 41 16 57 12 11 12 26 21 27 27 49 23 17 14 45 12 51 22 16 22 51 37 30 53 14 31 24 23 22 47 28 39 16 29 10 44 23 13 12 27 12 24 11 41 21 28 14 35 10 52 17 6 22 57 30 21 10 49 22 26 12 4 30 15 27 19 18 36 26 40 19 18 11 22 17 55 27 7 15 51 11 30 29 20 17 46 27 10 26 8 21 5 23 12 26 48 25 34 14 1 16 16 29 38 21 3 15 43 11 32 27 45 26 56 20 42 27 2 10 50 22 0 10 19 24 22 36 30 2 28 48 10 47 30 13 28 45 16 42 12 1 12 26 24 40 26 18 22 34 12 51 21 53 10 12 27 32 11 55 13 15 12 23 44 15 33 26 41 27 52 25 54 12 59 22 0 27 4 10 50 30 12 14 29 30 3 18 57 24 10 19 26 15 36 25 47 11 49 19 42 11 55 18 17 29 30 14 13 30 21 38 26 20 15 47 12 33 25 5 16 2 28 14 16 59 27 52 23 1 25 6 15 26 23 9 16 30 23 23 17 4 15 36 27 29 24 27 22 8 22 43 12 
99: 5 43 7 21 48 30 11 12 2 19 3 16 45 13 27 12 4 13 31 12 58 17 12 17 13 30 56 20 16 18 49 24 1 25 35 23 42 11 17 28 39 12 34 18 24 23 38 11 30 17 36 10 28 21 32 27 20 22 33 23 22 20 23 26 47 17 15 24 55 22 59 30 29 19 53 18 0 10 5 30 40 11 26 12 8 24 46 17 40 34 24 30 17 50 28 25 24 11 29 33 24 52 19 42 17 36 30 47 30 13 14 19 30 55 19 10 29 31 30 3 16 2 21 45 11 12 12 46 22 22 25 27 11 1 13 57 23 14 10 21 25 5 15 8 16 0 20 35 23 24 21 39 20 56 29 15 30 32 17 7 12 51 10 23 18 44 17 37 19 8 4 14 59 30 24 18 52 15 55 11 0 22 48 17 40 30 32 21 13 55 21 3 21 38 27 41 17 11 13 25 16 51 30 5 26 42 14 36 17 29 15 50 10 48 21 59 10 23 25 44 13 17 19 54 15 0 27 24 14 53 21 49 22 52 16 15 23 40 24 4 22 14 13 6 15 47 25 57 11 22 13 38 45 21 49 28 28 14 38 10 40 28 17 27 24 18 59 10 20 19 0 14 43 17 19 25 15 22 41 21 27 29 9 30 50 23 31 22 22 16 7 22 37 16 53 25 46 15 33 17 12 19 44 22 47 28 2 13 52 24 42 28 51 30 56 10 26 20 13 21 21 15 57 25 48 20 16 26 
91: 5 15 58 17 43 26 23 11 26 20 28 27 55 27 7 17 13 11 50 26 24 12 56 29 51 18 17 26 25 27 38 20 24 14 16 36 20 44 14 53 13 12 22 34 24 57 13 35 10 41 13 0 28 50 17 24 13 59 21 49 19 33 18 17 25 45 25 16 26 37 28 13 18 20 13 4 15 47 11 26 28 8 30 16 3 14 7 30 11 20 43 24 16 20 23 14 36 13 28 5 30 27 21 43 19 22 22 3 24 37 19 2 15 26 18 31 24 34 27 59 19 41 24 40 26 36 26 33 20 56 10 46 10 30 26 25 10 7 25 55 11 38 14 8 26 52 29 42 30 17 26 13 28 49 14 23 12 22 9 17 39 24 30 27 51 17 48 25 49 25 20 24 50 23 53 25 44 27 0 22 7 13 16 13 17 27 43 16 22 27 21 13 24 18 19 29 59 25 4 13 8 17 
115: 5 10 41 26 53 29 27 12 10 12 20 20 17 13 4 28 25 30 28 17 50 23 18 41 11 51 28 46 12 18 12 38 27 7 26 50 16 14 18 13 29 5 19 20 14 12 20 10 10 42 29 9 18 2 14 29 21 11 19 15 34 16 59 15 42 25 38 24 41 18 47 26 39 18 28 20 20 23 2 24 56 19 50 26 10 16 7 25 52 17 14 29 25 49 18 23 22 51 13 38 16 47 28 30 24 15 23 11 28 12 24 2 19 42 19 24 12 25 10 11 57 29 0 11 5 28 42 28 12 25 3 27 13 23 29 28 51 29 25 11 31 21 
133: 5 9 59 10 33 26 54 24 28 14 21 28 37 18 52 18 38 16 4 25 21 35 14 46 15 34 16 38 19 29 18 28 12 52 23 50 23 20 15 51 24 24 11 22 30 43 21 33 26 48 25 6 24 47 16 25 28 41 25 55 29 54 14 8 2 29 39 14 36 20 38 22 31 19 4 28 11 14 42 28 33 50 25 48 21 28 13 41 30 35 15 34 27 46 15 54 15 13 14 25 11 15 14 40 23 19 14 8 22 36 27 31 23 30 26 23 20 11 13 18 26 43 22 53 11 2 26 26 14 49 24 5 26 1 19 32 14 56 27 55 10 22 30 39 10 10 17 17 58 12 28 27 42 15 47 20 59 27 53 11 51 20 45 20 32 15 31 14 12 12 57 25 13 30 23 12 34 18 41 12 10 14 
24: 5 17 25 27 33 14 54 29 42 29 52 28 59 14 38 19 6 19 31 28 4 24 29 17 10 28 20 28 15 30 53 30 5 11 47 12 26 55 25 57 26 6 12 54 28 53 22 51 22 9 16 12 16 39 27 59 24 56 18 20 29 37 14 49 20 21 10 13 20 25 15 40 24 35 26 33 29 19 22 36 16 0 10 7 10 14 28 44 11 41 32 14 42 12 56 25 6 10 9 25 20 21 1 13 44 30 48 13 52 16 3 13 50 14 2 10 10 30 15 25 29 21 57 27 27 10 41 12 43 30 40 23 19 24 35 18 22 21 33 10 24 28 53 23 39 25 37 28 5 19 47 14 31 22 51 29 23 14 38 29 17 20 11 12 58 22 45 15 54 11 21 24 49 39 16 56 24 18 29 50 19 59 17 55 22 19 21 5 12 9 13 37 11 26 11 36 13 28 19 20 16 6 13 58 10 53 10 45 28 22 17 40 30 2 22 47 27 44 23 30 19 23 16 42 12 32 16 4 12 13 29 21 12 14 16 11 29 33 28 35 24 0 10 43 26 49 12 31 23 48 22 8 19 34 29 24 12 15 19 3 15 46 12 16 20 7 21 54 16 57 12 14 18 28 12 11 16 29 19 16 1 29 45 17 47 27 17 25 15 20 29 16 8 28 56 30 55 27 14 18 
101: 5 28 19 18 1 11 39 11 16 24 32 22 50 23 18 23 4 30 20 20 22 26 17 17 21 28 3 22 11 30 44 20 34 25 57 30 51 13 2 27 9 21 48 15 28 22 6 18 37 26 26 16 30 23 12 18 52 20 41 24 13 55 14 32 24 53 28 41 29 28 18 7 25 43 22 50 28 39 20 3 15 56 11 38 25 8 23 45 11 37 18 25 14 18 22 36 24 57 26 31 25 33 14 52 27 48 22 21 28 51 30 34 16 22 29 2 29 26 10 12 16 20 26 1 13 30 29 4 30 15 10 46 12 42 21 27 29 14 24 47 21 47 46 11 44 30 39 12 17 28 29 20 23 26 50 21 41 21 26 16 9 16 13 19 49 28 20 11 11 18 24 20 31 10 18 18 1 13 3 11 38 21 8 26 28 14 42 14 27 15 2 30 4 23 43 17 33 26 35 27 19 18 58 15 40 26 21 17 53 17 0 10 5 27 14 19 10 21 57 20 37 15 25 12 32 28 22 16 7 30 15 13 48 17 52 16 24 18 28 19 27 6 13 1 22 45 18 30 16 58 20 13 16 33 20 44 27 28 28 3 29 48 15 40 25 7 19 52 30 49 20 23 12 50 26 21 14 0 30 56 17 55 23 57 27 52 34 24 11 30 7 11 20 15 29 11 46 25 12 20 40 24 21 29 56 19 17 25 6 10 59 29 55 17 10 22 41 19 8 15 50 14 26 18 31 30 47 24 48 25 42 10 18 27 36 30 2 27 39 11 27 25 14 11 53 17 13 10 22 18 35 22 32 24 3 16 58 10 51 11 24 18 28 18 19 19 25 24 9 19 23 10 54 16 38 10 43 24 44 23 57 13 30 13 4 13 0 16 15 29 
116: 5 25 6 12 8 20 7 23 28 17 45 18 12 12 0 28 13 13 11 24 19 29 59 12 15 12 26 18 5 19 52 30 4 30 40 13 41 24 38 16 33 25 47 18 31 14 16 16 21 26 36 13 12 1 27 48 25 37 10 10 19 56 14 50 20 38 27 8 25 40 10 47 14 9 16 59 28 21 43 17 36 21 40 25 46 11 27 11 23 16 13 22 37 15 28 28 11 16 24 11 52 16 26 27 50 13 32 16 21 20 15 14 16 16 56 14 8 17 55 23 40 14 17 51 19 31 13 30 15 28 19 54 24 58 25 27 20 47 20 0 20 6 17 57 29 55 21 21 12 39 13 34 24 15 14 10 27 1 12 5 12 48 17 35 17 33 29 7 17 40 16 38 18 24 29 18 28 43 21 3 15 20 21 13 16 41 16 29 22 52 28 53 27 56 22 32 13 25 28 2 17 19 31 20 20 19 32 12 53 11 9 16 44 12 13 25 23 30 4 24 1 13 22 25 2 30 34 12 28 20 30 14 55 22 0 19 10 22 24 19 
58: 5 32 49 30 38 25 30 25 39 26 20 19 1 30 32 12 34 15 33 26 13 25 12 18 43 22 27 16 56 15 58 26 4 19 7 29 2 12 42 30 19 25 14 15 6 15 23 23 57 26 10 17 48 28 31 20 11 24 3 28 35 13 41 10 21 10 22 26 14 49 27 39 12 59 25 41 17 22 20 13 19 43 11 14 28 8 12 32 20 51 18 48 23 15 30 55 29 6 20 12 13 38 25 28 21 52 10 36 23 0 23 24 10 18 15 17 46 29 44 24 20 17 28 12 1 18 11 26 12 28 6 19 38 24 50 11 37 20 52 20 56 27 57 23 27 21 58 17 54 10 4 14 18 13 43 20 59 21 49 24 9 55 11 51 22 4 13 15 29 28 20 21 25 48 23 26 28 13 22 22 50 27 46 25 56 18 31 12 20 27 54 14 41 29 34 10 6 29 13 27 2 16 19 13 14 23 24 20 3 13 51 23 37 13 36 16 9 23 35 15 28 26 52 28 

Cancelled Jobs
187 7
88 12
102 13
24 15
116 16
160 19
158 20
113 30
2 33
147 37
55 45
23 49
