50 60
5 4 0 30 1 11 2 18 3 24 12 4 12 5 27 6 25 7 18 12 29 13 24 14 18 15 23 44 20 45 17 46 25 47 12 40 4 13 5 19 6 19 7 15 8 18 9 10 10 17 11 30 16 20 17 20 18 14 19 17 24 19 25 12 26 28 27 17 28 26 29 13 30 21 31 14 32 30 33 23 34 16 35 20 36 13 37 19 38 30 39 22 40 24 41 29 42 21 43 12 48 23 49 14 50 16 51 28 52 25 53 23 54 29 55 23 28 4 26 5 26 6 13 7 23 8 13 9 12 10 22 11 25 12 29 13 25 14 15 15 23 24 16 25 16 26 24 27 21 32 23 33 26 34 18 35 14 44 10 45 16 46 20 47 25 48 23 49 29 50 11 51 20 4 56 23 57 30 58 13 59 20 
5 4 0 26 1 21 2 19 3 21 4 28 27 29 30 30 10 31 28 44 4 17 5 12 6 10 7 13 12 12 13 20 14 24 15 10 16 27 17 23 18 18 19 26 20 12 21 20 22 30 23 28 24 22 25 10 26 15 27 14 28 26 29 14 30 29 31 10 32 20 33 22 34 18 35 28 36 19 37 15 38 29 39 25 40 26 41 20 42 27 43 27 48 14 49 24 50 29 51 19 52 29 53 22 54 10 55 21 28 4 10 5 18 6 18 7 25 8 16 9 23 10 22 11 29 12 11 13 19 14 24 15 26 20 12 21 11 22 22 23 27 24 16 25 10 26 21 27 30 28 28 29 30 30 25 31 19 52 20 53 20 54 10 55 25 4 56 15 57 26 58 13 59 26 
5 4 0 22 1 17 2 26 3 29 48 4 22 5 30 6 11 7 19 8 13 9 10 10 26 11 25 16 25 17 11 18 15 19 19 20 20 21 23 22 30 23 21 24 29 25 15 26 12 27 10 28 23 29 19 30 13 31 24 32 16 33 17 34 17 35 11 36 19 37 30 38 26 39 16 40 19 41 25 42 11 43 21 44 14 45 21 46 17 47 24 48 29 49 14 50 18 51 25 52 22 53 21 54 29 55 17 4 48 21 49 28 50 30 51 12 20 4 22 5 28 6 16 7 28 32 11 33 22 34 20 35 14 36 21 37 13 38 10 39 29 40 25 41 12 42 24 43 23 48 28 49 11 50 13 51 21 4 56 22 57 15 58 16 59 29 
5 4 0 10 1 13 2 29 3 11 44 8 18 9 23 10 24 11 20 12 10 13 21 14 13 15 12 16 19 17 25 18 30 19 20 20 21 21 28 22 10 23 22 24 22 25 22 26 27 27 27 28 26 29 28 30 28 31 19 32 19 33 22 34 20 35 12 36 25 37 21 38 26 39 26 40 25 41 15 42 28 43 30 44 23 45 21 46 15 47 12 52 21 53 17 54 26 55 17 4 16 13 17 13 18 30 19 11 24 4 14 5 21 6 16 7 22 8 19 9 27 10 12 11 15 12 10 13 20 14 18 15 22 28 17 29 24 30 24 31 21 40 26 41 20 42 16 43 29 48 12 49 22 50 24 51 29 4 56 18 57 11 58 26 59 17 
5 4 0 29 1 13 2 10 3 29 4 20 15 21 15 22 29 23 11 52 4 14 5 23 6 15 7 21 8 14 9 26 10 19 11 26 12 21 13 28 14 13 15 13 16 30 17 12 18 26 19 11 20 13 21 13 22 22 23 20 24 30 25 12 26 18 27 16 28 25 29 27 30 14 31 27 32 20 33 19 34 18 35 23 36 18 37 10 38 18 39 14 40 23 41 23 42 28 43 12 44 22 45 14 46 18 47 12 48 24 49 24 50 14 51 20 52 14 53 27 54 27 55 29 16 4 22 5 10 6 17 7 20 24 27 25 16 26 11 27 19 32 20 33 11 34 25 35 18 44 27 45 30 46 30 47 25 4 56 13 57 14 58 19 59 23 
5 4 0 20 1 18 2 30 3 28 20 4 16 5 16 6 23 7 15 8 28 9 24 10 28 11 29 12 11 13 18 14 19 15 21 16 16 17 12 18 19 19 19 20 25 21 19 22 30 23 23 24 16 11 17 22 18 26 19 24 20 20 21 13 22 13 23 23 28 23 29 29 30 23 31 17 32 19 33 26 34 22 35 22 44 29 45 15 46 30 47 15 48 24 49 21 50 28 51 26 16 8 17 9 12 10 16 11 23 16 16 17 14 18 28 19 27 36 12 37 28 38 29 39 29 44 15 45 24 46 13 47 23 4 56 12 57 24 58 15 59 18 
5 4 0 30 1 23 2 18 3 16 48 4 19 5 11 6 11 7 19 8 20 9 28 10 23 11 29 12 25 13 27 14 29 15 23 16 21 17 17 18 24 19 20 20 19 21 27 22 17 23 28 28 10 29 11 30 15 31 26 32 18 33 13 34 11 35 13 36 22 37 20 38 11 39 27 40 12 41 10 42 29 43 19 44 16 45 14 46 10 47 17 48 23 49 26 50 24 51 30 52 21 53 11 54 11 55 22 40 4 28 5 19 6 26 7 25 12 23 13 11 14 24 15 12 16 13 17 11 18 17 19 26 20 19 21 20 22 15 23 22 28 28 29 28 30 21 31 25 32 13 33 13 34 14 35 16 36 20 37 11 38 20 39 11 40 14 41 18 42 12 43 19 44 29 45 18 46 22 47 18 48 15 49 16 50 14 51 20 12 4 26 5 10 6 18 7 27 12 17 13 19 14 14 15 30 16 13 17 14 18 10 19 24 4 56 27 57 30 58 25 59 16 
5 4 0 24 1 10 2 30 3 10 48 4 27 5 29 6 16 7 16 8 26 9 22 10 10 11 29 12 13 13 28 14 25 15 11 16 26 17 21 18 21 19 28 20 29 21 10 22 21 23 17 24 27 25 23 26 29 27 20 28 14 29 15 30 13 31 19 36 10 37 18 38 12 39 14 40 21 41 21 42 13 43 16 44 29 45 12 46 25 47 19 48 23 49 25 50 20 51 14 52 27 53 14 54 13 55 10 48 8 17 9 13 10 13 11 30 12 23 13 27 14 14 15 21 16 20 17 27 18 10 19 25 20 18 21 23 22 22 23 25 24 16 25 15 26 14 27 11 28 23 29 21 30 26 31 17 32 20 33 29 34 12 35 14 36 27 37 25 38 18 39 19 40 24 41 19 42 18 43 30 44 29 45 24 46 14 47 20 48 20 49 12 50 23 51 30 52 27 53 24 54 30 55 10 36 4 15 5 16 6 19 7 18 16 26 17 19 18 10 19 26 20 16 21 11 22 28 23 15 28 13 29 13 30 29 31 18 32 17 33 24 34 26 35 16 40 15 41 14 42 30 43 10 44 24 45 30 46 13 47 19 48 17 49 14 50 13 51 28 52 26 53 28 54 29 55 28 4 56 18 57 22 58 10 59 29 
5 4 0 22 1 24 2 17 3 14 12 4 15 5 29 6 29 7 20 20 30 21 26 22 24 23 16 52 12 53 23 54 13 55 24 8 32 24 33 10 34 19 35 13 48 30 49 28 50 25 51 23 40 4 23 5 30 6 19 7 28 8 23 9 18 10 28 11 19 12 14 13 12 14 25 15 18 20 24 21 26 22 25 23 18 24 21 25 27 26 20 27 12 28 23 29 18 30 15 31 23 32 13 33 26 34 27 35 13 36 10 37 15 38 11 39 14 44 19 45 27 46 17 47 15 48 26 49 17 50 18 51 13 4 56 11 57 23 58 20 59 14 
5 4 0 23 1 25 2 24 3 29 20 8 10 9 20 10 11 11 13 12 16 13 13 14 30 15 19 24 15 25 10 26 13 27 24 32 21 33 30 34 25 35 13 40 29 41 12 42 27 43 26 40 4 16 5 25 6 15 7 13 8 12 9 22 10 22 11 16 12 30 13 16 14 19 15 23 16 11 17 29 18 12 19 15 20 12 21 11 22 11 23 20 24 28 25 13 26 20 27 28 28 30 29 14 30 25 31 17 32 25 33 16 34 26 35 17 44 14 45 24 46 30 47 26 48 17 49 28 50 28 51 10 16 16 25 17 19 18 30 19 26 28 11 29 13 30 26 31 22 36 26 37 23 38 26 39 26 52 11 53 16 54 16 55 27 4 56 30 57 16 58 27 59 15 
5 4 0 23 1 15 2 21 3 18 12 4 28 5 12 6 28 7 21 44 22 45 13 46 18 47 14 52 25 53 19 54 23 55 19 32 12 29 13 16 14 19 15 20 20 11 21 20 22 10 23 18 24 19 25 28 26 12 27 11 28 10 29 13 30 27 31 11 32 13 33 14 34 18 35 12 44 12 45 24 46 18 47 14 48 15 49 13 50 20 51 25 52 20 53 21 54 13 55 16 36 12 13 13 27 14 15 15 20 16 17 17 26 18 13 19 28 20 14 21 28 22 27 23 11 28 18 29 19 30 30 31 17 32 10 33 17 34 25 35 18 36 12 37 17 38 10 39 26 40 22 41 25 42 23 43 29 48 19 49 27 50 21 51 27 52 22 53 12 54 22 55 10 4 56 28 57 23 58 27 59 29 
5 4 0 18 1 17 2 23 3 10 20 8 21 9 30 10 11 11 24 32 13 33 25 34 18 35 10 40 15 41 23 42 11 43 28 44 20 45 23 46 12 47 28 48 21 49 16 50 23 51 25 40 8 11 9 21 10 14 11 22 12 14 13 30 14 27 15 20 16 27 17 13 18 22 19 26 24 26 25 16 26 27 27 21 28 28 29 30 30 18 31 23 32 25 33 22 34 13 35 25 36 16 37 29 38 19 39 13 40 15 41 19 42 25 43 27 48 24 49 16 50 15 51 24 52 21 53 16 54 17 55 22 24 4 22 5 27 6 12 7 22 16 21 17 20 18 25 19 13 36 22 37 12 38 19 39 14 40 14 41 13 42 16 43 20 48 16 49 25 50 20 51 23 52 16 53 19 54 23 55 23 4 56 22 57 20 58 11 59 22 
5 4 0 15 1 17 2 10 3 16 36 4 23 5 19 6 18 7 13 16 24 17 24 18 10 19 10 20 27 21 14 22 27 23 26 28 17 29 20 30 26 31 24 32 30 33 19 34 14 35 23 40 18 41 23 42 12 43 30 44 27 45 19 46 11 47 21 48 11 49 27 50 23 51 30 52 17 53 24 54 25 55 16 8 40 26 41 17 42 25 43 14 44 27 45 25 46 15 47 27 32 4 24 5 21 6 20 7 10 8 11 9 21 10 15 11 27 12 18 13 21 14 12 15 21 16 13 17 17 18 21 19 12 24 18 25 12 26 14 27 15 32 17 33 26 34 21 35 21 44 28 45 19 46 11 47 14 48 21 49 19 50 10 51 24 4 56 21 57 24 58 21 59 20 
5 4 0 18 1 12 2 27 3 21 24 4 10 5 29 6 12 7 13 8 20 9 29 10 25 11 17 20 15 21 23 22 14 23 28 28 10 29 29 30 17 31 30 32 17 33 30 34 16 35 16 52 30 53 29 54 14 55 14 16 8 17 9 28 10 10 11 29 12 23 13 18 14 20 15 10 44 28 45 15 46 24 47 21 48 11 49 14 50 23 51 21 16 16 30 17 10 18 18 19 24 20 22 21 23 22 29 23 28 36 21 37 12 38 11 39 20 52 21 53 24 54 30 55 29 4 56 18 57 15 58 23 59 22 
5 4 0 15 1 14 2 27 3 16 36 4 29 5 14 6 21 7 30 8 22 9 10 10 29 11 27 12 24 13 20 14 17 15 14 16 22 17 30 18 14 19 19 24 16 25 29 26 15 27 28 28 12 29 19 30 11 31 28 32 15 33 10 34 14 35 14 36 25 37 28 38 16 39 23 44 13 45 19 46 14 47 14 24 12 27 13 15 14 16 15 22 16 20 17 26 18 19 19 19 20 14 21 22 22 18 23 25 36 20 37 15 38 15 39 27 48 20 49 18 50 29 51 13 52 13 53 13 54 21 55 30 36 12 24 13 26 14 14 15 13 20 19 21 27 22 20 23 16 24 22 25 25 26 25 27 11 28 29 29 26 30 19 31 19 32 24 33 26 34 26 35 21 40 13 41 15 42 30 43 23 44 27 45 20 46 29 47 21 48 22 49 22 50 17 51 11 52 14 53 20 54 12 55 17 4 56 11 57 27 58 28 59 24 
5 4 0 13 1 21 2 11 3 16 52 4 24 5 15 6 16 7 11 8 16 9 16 10 13 11 13 12 25 13 13 14 25 15 23 16 18 17 27 18 18 19 21 20 17 21 21 22 25 23 10 24 18 25 21 26 29 27 16 28 11 29 29 30 13 31 17 32 17 33 28 34 25 35 28 36 12 37 25 38 16 39 20 40 25 41 13 42 16 43 21 44 24 45 24 46 23 47 29 48 15 49 29 50 23 51 17 52 28 53 14 54 12 55 26 52 4 20 5 11 6 24 7 24 8 15 9 12 10 30 11 25 12 30 13 14 14 22 15 11 16 23 17 10 18 13 19 20 20 13 21 28 22 14 23 21 24 20 25 13 26 20 27 14 28 17 29 22 30 29 31 19 32 12 33 29 34 15 35 22 36 18 37 22 38 20 39 12 40 24 41 25 42 23 43 21 44 26 45 17 46 14 47 26 48 13 49 20 50 12 51 30 52 29 53 20 54 20 55 15 32 4 28 5 13 6 28 7 13 12 19 13 19 14 10 15 30 20 28 21 11 22 25 23 17 32 18 33 23 34 14 35 30 36 12 37 20 38 20 39 13 40 16 41 12 42 19 43 18 44 12 45 11 46 24 47 22 52 13 53 18 54 24 55 27 4 56 26 57 15 58 10 59 15 
5 4 0 18 1 28 2 14 3 24 24 12 30 13 24 14 11 15 19 16 16 17 17 18 11 19 20 28 10 29 27 30 19 31 18 40 20 41 14 42 11 43 22 48 10 49 13 50 18 51 25 52 10 53 11 54 17 55 18 4 16 28 17 14 18 14 19 29 40 4 13 5 17 6 20 7 21 8 20 9 10 10 12 11 11 12 13 13 21 14 20 15 25 24 23 25 22 26 13 27 19 28 25 29 29 30 10 31 30 32 15 33 30 34 16 35 14 40 10 41 14 42 18 43 25 44 12 45 14 46 16 47 20 48 20 49 22 50 26 51 11 52 16 53 16 54 10 55 15 4 56 28 57 27 58 23 59 13 
5 4 0 25 1 15 2 17 3 28 32 12 11 13 16 14 30 15 19 16 29 17 16 18 14 19 28 20 18 21 16 22 18 23 18 28 18 29 16 30 10 31 11 32 21 33 20 34 28 35 20 36 20 37 23 38 22 39 30 48 18 49 16 50 12 51 21 52 16 53 21 54 25 55 29 40 4 10 5 28 6 23 7 10 8 16 9 16 10 29 11 30 12 30 13 25 14 28 15 29 16 26 17 22 18 11 19 20 20 11 21 18 22 27 23 30 28 25 29 30 30 14 31 14 32 11 33 22 34 28 35 11 40 14 41 26 42 22 43 16 44 27 45 14 46 25 47 25 48 25 49 24 50 11 51 30 12 4 25 5 29 6 15 7 12 24 19 25 16 26 29 27 11 36 10 37 30 38 25 39 18 4 56 11 57 28 58 27 59 10 
5 4 0 28 1 27 2 15 3 11 52 4 19 5 27 6 15 7 28 8 18 9 27 10 12 11 30 12 20 13 29 14 23 15 25 16 27 17 26 18 13 19 25 20 20 21 26 22 23 23 15 24 19 25 12 26 30 27 18 28 25 29 30 30 11 31 21 32 25 33 10 34 18 35 29 36 11 37 25 38 29 39 17 40 30 41 27 42 20 43 16 44 14 45 22 46 15 47 16 48 19 49 14 50 13 51 25 52 28 53 28 54 26 55 29 4 24 25 25 11 26 26 27 20 44 4 18 5 14 6 15 7 15 8 15 9 24 10 20 11 18 12 17 13 11 14 13 15 24 16 14 17 28 18 30 19 24 20 12 21 24 22 13 23 18 28 18 29 14 30 23 31 21 32 18 33 16 34 26 35 19 40 17 41 22 42 16 43 21 44 15 45 28 46 14 47 29 48 26 49 22 50 13 51 26 52 29 53 19 54 10 55 10 4 56 19 57 30 58 14 59 16 
5 4 0 21 1 26 2 30 3 30 32 4 13 5 27 6 29 7 28 8 20 9 16 10 30 11 13 24 15 25 24 26 29 27 11 28 11 29 16 30 25 31 17 32 11 33 11 34 21 35 16 44 24 45 26 46 18 47 18 48 22 49 14 50 10 51 12 52 20 53 10 54 23 55 23 36 8 15 9 19 10 29 11 15 12 18 13 17 14 26 15 17 16 21 17 22 18 16 19 25 20 30 21 15 22 30 23 14 24 21 25 10 26 28 27 22 28 25 29 12 30 22 31 10 32 27 33 15 34 22 35 19 40 11 41 11 42 16 43 12 52 18 53 24 54 29 55 24 16 8 18 9 14 10 26 11 17 16 20 17 10 18 25 19 29 28 28 29 19 30 28 31 25 48 19 49 15 50 28 51 14 4 56 26 57 27 58 25 59 27 
5 4 0 10 1 30 2 11 3 13 36 8 27 9 26 10 16 11 30 12 21 13 15 14 12 15 11 16 22 17 28 18 29 19 10 32 12 33 26 34 11 35 26 36 12 37 21 38 27 39 18 40 11 41 19 42 28 43 12 44 15 45 26 46 29 47 19 48 21 49 25 50 23 51 25 52 22 53 11 54 12 55 29 28 4 13 5 15 6 25 7 21 12 11 13 26 14 13 15 28 28 14 29 10 30 21 31 23 32 25 33 18 34 14 35 10 36 23 37 29 38 13 39 28 44 14 45 17 46 13 47 21 52 23 53 26 54 18 55 15 20 12 20 13 10 14 12 15 26 16 28 17 27 18 10 19 20 32 18 33 16 34 24 35 19 48 10 49 14 50 27 51 28 52 19 53 14 54 23 55 11 4 56 12 57 14 58 26 59 17 
5 4 0 13 1 26 2 11 3 19 12 16 23 17 16 18 20 19 30 24 18 25 20 26 12 27 11 28 24 29 26 30 28 31 25 52 4 29 5 19 6 17 7 26 8 21 9 11 10 29 11 19 12 13 13 14 14 17 15 15 16 22 17 11 18 26 19 27 20 22 21 19 22 27 23 30 24 27 25 28 26 10 27 14 28 30 29 19 30 16 31 14 32 16 33 25 34 17 35 16 36 14 37 22 38 27 39 20 40 10 41 15 42 12 43 16 44 21 45 25 46 28 47 26 48 30 49 22 50 12 51 28 52 11 53 11 54 29 55 16 44 4 12 5 11 6 25 7 22 12 12 13 11 14 30 15 30 16 19 17 12 18 22 19 14 20 15 21 29 22 18 23 23 28 22 29 21 30 19 31 17 32 20 33 25 34 28 35 10 36 15 37 27 38 22 39 10 40 28 41 21 42 22 43 20 44 12 45 29 46 15 47 29 48 14 49 20 50 13 51 23 52 14 53 24 54 15 55 26 4 56 30 57 22 58 24 59 10 
5 4 0 13 1 25 2 22 3 25 44 4 28 5 16 6 22 7 15 8 29 9 19 10 12 11 27 12 17 13 30 14 22 15 27 16 27 17 24 18 27 19 23 24 11 25 25 26 23 27 22 28 11 29 16 30 20 31 30 32 17 33 29 34 12 35 17 36 16 37 21 38 30 39 21 40 20 41 14 42 13 43 15 44 10 45 22 46 21 47 10 52 16 53 30 54 23 55 16 52 4 27 5 20 6 11 7 17 8 29 9 22 10 23 11 11 12 11 13 19 14 11 15 22 16 12 17 28 18 30 19 17 20 22 21 13 22 20 23 10 24 14 25 25 26 16 27 28 28 23 29 14 30 20 31 19 32 18 33 15 34 25 35 28 36 15 37 14 38 21 39 23 40 29 41 18 42 20 43 18 44 18 45 24 46 20 47 24 48 21 49 27 50 30 51 11 52 27 53 18 54 21 55 20 48 4 25 5 20 6 17 7 21 8 13 9 24 10 22 11 14 12 25 13 10 14 24 15 23 16 18 17 21 18 13 19 22 20 19 21 16 22 13 23 22 28 12 29 15 30 16 31 14 32 29 33 18 34 24 35 11 36 17 37 20 38 14 39 14 40 11 41 15 42 20 43 21 44 19 45 28 46 13 47 16 48 23 49 21 50 30 51 24 52 15 53 21 54 30 55 11 4 56 13 57 22 58 10 59 30 
5 4 0 16 1 24 2 29 3 13 12 8 16 9 10 10 14 11 13 32 16 33 26 34 21 35 12 36 19 37 11 38 12 39 21 4 8 24 9 10 10 21 11 12 12 4 13 5 30 6 17 7 29 24 23 25 21 26 16 27 22 44 30 45 19 46 10 47 14 4 56 24 57 11 58 15 59 13 
5 4 0 14 1 25 2 27 3 15 4 32 17 33 10 34 28 35 10 8 28 16 29 19 30 10 31 18 40 17 41 10 42 14 43 19 32 8 22 9 21 10 22 11 17 12 24 13 29 14 14 15 21 16 12 17 19 18 30 19 18 20 28 21 29 22 15 23 18 36 21 37 20 38 11 39 22 40 13 41 11 42 29 43 10 44 18 45 13 46 18 47 23 48 11 49 22 50 15 51 30 4 56 20 57 20 58 18 59 22 
5 4 0 20 1 18 2 21 3 17 12 4 28 5 21 6 29 7 16 24 23 25 19 26 17 27 12 52 29 53 14 54 18 55 12 24 4 29 5 11 6 13 7 27 12 22 13 10 14 29 15 13 24 18 25 23 26 11 27 28 28 25 29 16 30 20 31 17 36 16 37 10 38 20 39 19 48 28 49 26 50 28 51 22 48 4 19 5 11 6 14 7 23 12 26 13 29 14 12 15 19 16 17 17 12 18 19 19 10 20 13 21 24 22 30 23 11 24 15 25 22 26 22 27 11 28 24 29 23 30 27 31 30 32 12 33 30 34 25 35 11 36 20 37 27 38 10 39 22 40 15 41 29 42 29 43 23 44 22 45 23 46 25 47 16 48 28 49 25 50 13 51 20 52 17 53 14 54 28 55 29 4 56 23 57 14 58 13 59 24 
5 4 0 24 1 21 2 10 3 21 20 12 30 13 24 14 16 15 11 16 25 17 15 18 20 19 24 36 22 37 30 38 18 39 19 48 18 49 18 50 16 51 12 52 15 53 16 54 26 55 18 48 4 21 5 17 6 16 7 17 8 22 9 24 10 27 11 21 12 20 13 30 14 13 15 29 16 29 17 25 18 24 19 23 20 17 21 24 22 27 23 12 24 19 25 24 26 10 27 12 28 16 29 10 30 14 31 25 32 27 33 22 34 25 35 11 36 15 37 27 38 21 39 19 40 13 41 25 42 13 43 19 44 28 45 25 46 28 47 17 48 26 49 20 50 21 51 17 20 4 25 5 27 6 22 7 26 8 26 9 22 10 10 11 24 24 27 25 15 26 28 27 13 40 19 41 12 42 24 43 30 48 26 49 30 50 17 51 10 4 56 21 57 24 58 22 59 29 
5 4 0 20 1 23 2 13 3 20 36 12 20 13 18 14 22 15 17 20 21 21 28 22 27 23 27 24 15 25 11 26 20 27 26 32 18 33 20 34 12 35 21 36 25 37 12 38 26 39 20 40 19 41 15 42 21 43 21 44 13 45 15 46 30 47 27 48 14 49 25 50 10 51 27 52 16 53 12 54 25 55 23 36 8 20 9 29 10 16 11 17 12 18 13 16 14 30 15 13 16 29 17 23 18 29 19 15 20 26 21 19 22 16 23 23 28 17 29 10 30 16 31 11 36 28 37 19 38 15 39 25 40 21 41 12 42 10 43 30 48 18 49 21 50 13 51 21 52 20 53 25 54 21 55 10 36 4 24 5 16 6 21 7 13 8 23 9 20 10 24 11 26 12 28 13 23 14 30 15 14 16 10 17 22 18 20 19 11 20 27 21 11 22 18 23 13 32 11 33 29 34 22 35 25 40 20 41 20 42 18 43 24 48 23 49 11 50 19 51 19 52 11 53 12 54 28 55 12 4 56 18 57 13 58 23 59 27 
5 4 0 17 1 12 2 29 3 14 4 36 14 37 16 38 29 39 23 28 4 13 5 27 6 20 7 19 16 29 17 10 18 15 19 16 32 19 33 12 34 11 35 20 36 20 37 18 38 15 39 29 44 18 45 15 46 19 47 24 48 29 49 27 50 14 51 10 52 19 53 24 54 11 55 23 36 4 14 5 15 6 29 7 23 12 12 13 24 14 22 15 15 16 10 17 16 18 12 19 14 20 29 21 16 22 22 23 20 28 22 29 16 30 13 31 26 32 18 33 17 34 18 35 30 36 23 37 24 38 20 39 19 44 28 45 22 46 17 47 24 48 11 49 16 50 24 51 18 4 56 29 57 28 58 13 59 16 
5 4 0 10 1 30 2 26 3 27 32 8 20 9 17 10 23 11 10 12 19 13 15 14 27 15 10 24 14 25 21 26 26 27 15 28 20 29 24 30 10 31 13 40 26 41 10 42 19 43 22 44 21 45 15 46 13 47 14 48 24 49 29 50 16 51 23 52 21 53 18 54 27 55 25 4 40 25 41 20 42 17 43 13 24 4 29 5 25 6 23 7 11 12 27 13 12 14 16 15 28 16 14 17 29 18 11 19 18 32 28 33 16 34 13 35 19 40 11 41 30 42 17 43 16 48 20 49 28 50 11 51 11 4 56 10 57 27 58 25 59 25 
5 4 0 21 1 14 2 27 3 17 8 28 25 29 21 30 30 31 20 52 16 53 12 54 30 55 30 4 48 25 49 25 50 22 51 15 28 4 14 5 11 6 14 7 13 8 29 9 15 10 14 11 11 16 29 17 17 18 30 19 15 20 14 21 28 22 16 23 19 36 26 37 25 38 25 39 28 44 29 45 10 46 10 47 26 48 23 49 29 50 16 51 11 4 56 11 57 21 58 23 59 19 
5 4 0 26 1 11 2 21 3 24 52 4 26 5 20 6 30 7 22 8 13 9 19 10 12 11 15 12 19 13 28 14 18 15 15 16 22 17 28 18 18 19 27 20 10 21 29 22 10 23 13 24 27 25 17 26 13 27 21 28 13 29 22 30 20 31 14 32 19 33 25 34 13 35 13 36 26 37 16 38 17 39 20 40 27 41 21 42 30 43 10 44 19 45 30 46 28 47 26 48 16 49 29 50 30 51 13 52 17 53 11 54 21 55 16 40 4 11 5 28 6 22 7 23 8 30 9 17 10 25 11 26 12 23 13 18 14 19 15 12 20 23 21 11 22 17 23 23 28 11 29 22 30 19 31 10 32 18 33 15 34 20 35 30 36 14 37 19 38 19 39 25 40 30 41 29 42 21 43 11 48 17 49 27 50 19 51 18 52 17 53 15 54 21 55 12 52 4 16 5 18 6 16 7 22 8 22 9 28 10 15 11 15 12 22 13 10 14 18 15 24 16 21 17 14 18 16 19 23 20 19 21 18 22 18 23 24 24 26 25 25 26 25 27 24 28 29 29 13 30 11 31 30 32 27 33 23 34 11 35 28 36 12 37 14 38 13 39 13 40 13 41 15 42 25 43 23 44 28 45 26 46 18 47 13 48 11 49 27 50 15 51 17 52 14 53 11 54 30 55 20 4 56 19 57 28 58 25 59 15 
5 4 0 12 1 27 2 22 3 29 24 4 19 5 10 6 14 7 25 12 27 13 11 14 20 15 20 16 20 17 26 18 16 19 24 24 24 25 13 26 19 27 17 36 25 37 16 38 23 39 18 40 11 41 22 42 27 43 21 12 12 25 13 26 14 21 15 13 40 24 41 21 42 17 43 23 44 10 45 23 46 16 47 26 48 4 14 5 21 6 10 7 30 8 11 9 19 10 30 11 14 12 20 13 15 14 11 15 19 16 17 17 20 18 24 19 11 24 19 25 22 26 12 27 17 28 30 29 12 30 30 31 20 32 25 33 27 34 28 35 23 36 12 37 10 38 26 39 27 40 27 41 22 42 21 43 12 44 15 45 21 46 11 47 13 48 18 49 19 50 20 51 24 52 30 53 18 54 24 55 10 4 56 18 57 22 58 26 59 13 
5 4 0 10 1 10 2 21 3 30 28 4 26 5 10 6 26 7 10 8 27 9 21 10 18 11 23 12 28 13 27 14 16 15 29 20 25 21 18 22 18 23 16 24 21 25 10 26 23 27 24 40 15 41 30 42 17 43 27 48 13 49 19 50 23 51 26 12 8 22 9 29 10 14 11 16 12 26 13 14 14 19 15 14 24 28 25 22 26 30 27 17 28 4 12 5 19 6 15 7 16 16 17 17 16 18 18 19 29 36 22 37 22 38 17 39 17 40 27 41 30 42 16 43 29 44 21 45 21 46 16 47 21 48 30 49 19 50 14 51 13 52 27 53 27 54 23 55 23 4 56 11 57 27 58 21 59 29 
5 4 0 12 1 19 2 23 3 17 20 8 11 9 28 10 14 11 18 20 22 21 11 22 28 23 13 24 27 25 15 26 11 27 26 28 24 29 21 30 24 31 24 32 29 33 29 34 16 35 21 4 40 19 41 21 42 14 43 15 12 16 10 17 27 18 17 19 29 36 20 37 13 38 18 39 10 48 20 49 18 50 13 51 23 4 56 22 57 20 58 22 59 11 
5 4 0 28 1 12 2 12 3 20 44 4 25 5 19 6 20 7 26 8 21 9 28 10 10 11 16 12 13 13 30 14 18 15 25 16 23 17 27 18 22 19 21 24 24 25 23 26 20 27 26 28 30 29 16 30 14 31 10 32 20 33 19 34 25 35 21 40 23 41 23 42 28 43 28 44 28 45 20 46 26 47 28 48 19 49 20 50 15 51 16 52 13 53 10 54 20 55 29 24 12 15 13 17 14 30 15 25 20 10 21 14 22 22 23 30 24 22 25 15 26 21 27 14 32 14 33 24 34 28 35 20 40 20 41 26 42 12 43 25 44 26 45 13 46 15 47 13 8 16 15 17 24 18 26 19 11 32 10 33 19 34 29 35 15 4 56 28 57 15 58 25 59 14 
5 4 0 30 1 20 2 17 3 16 44 4 13 5 24 6 29 7 19 8 28 9 20 10 23 11 13 12 14 13 30 14 19 15 21 16 18 17 16 18 19 19 13 20 23 21 30 22 22 23 19 28 17 29 29 30 10 31 10 32 15 33 12 34 21 35 30 36 27 37 10 38 25 39 13 44 15 45 12 46 20 47 15 48 13 49 15 50 23 51 13 52 30 53 21 54 11 55 15 20 16 28 17 21 18 17 19 25 20 29 21 16 22 25 23 15 32 30 33 27 34 23 35 16 40 12 41 13 42 14 43 25 44 29 45 20 46 17 47 18 52 4 20 5 12 6 27 7 13 8 29 9 18 10 20 11 24 12 29 13 26 14 14 15 16 16 11 17 18 18 27 19 24 20 13 21 10 22 23 23 18 24 16 25 29 26 22 27 13 28 29 29 17 30 29 31 29 32 22 33 28 34 15 35 19 36 11 37 14 38 13 39 17 40 26 41 19 42 12 43 16 44 15 45 14 46 29 47 16 48 30 49 24 50 13 51 12 52 22 53 22 54 15 55 24 4 56 15 57 13 58 14 59 11 
5 4 0 14 1 26 2 19 3 27 12 12 15 13 30 14 18 15 22 44 15 45 14 46 16 47 22 48 17 49 28 50 24 51 20 32 12 21 13 25 14 29 15 11 16 16 17 11 18 25 19 23 20 28 21 12 22 26 23 21 24 12 25 19 26 16 27 28 28 25 29 11 30 30 31 15 36 29 37 12 38 13 39 11 40 13 41 10 42 29 43 20 52 11 53 30 54 11 55 17 20 12 22 13 15 14 11 15 21 20 24 21 13 22 23 23 29 32 29 33 16 34 28 35 16 40 23 41 20 42 22 43 30 48 20 49 22 50 20 51 22 4 56 14 57 14 58 29 59 16 
5 4 0 12 1 19 2 23 3 11 24 20 17 21 23 22 12 23 17 28 28 29 10 30 22 31 26 36 24 37 17 38 23 39 24 40 21 41 18 42 23 43 10 44 19 45 12 46 28 47 25 52 22 53 11 54 16 55 19 32 4 10 5 23 6 29 7 11 12 23 13 26 14 17 15 12 16 24 17 21 18 13 19 29 20 13 21 19 22 15 23 11 32 28 33 13 34 20 35 19 40 16 41 20 42 21 43 14 44 12 45 30 46 15 47 30 48 21 49 30 50 30 51 24 44 4 29 5 10 6 16 7 25 12 20 13 24 14 24 15 27 20 20 21 29 22 30 23 21 24 11 25 25 26 14 27 20 28 10 29 23 30 16 31 22 32 12 33 21 34 10 35 16 36 27 37 21 38 19 39 20 40 27 41 18 42 22 43 11 44 30 45 16 46 13 47 27 48 25 49 10 50 12 51 28 52 23 53 17 54 20 55 14 4 56 12 57 15 58 26 59 11 
5 4 0 15 1 23 2 30 3 25 52 4 10 5 21 6 29 7 16 8 22 9 24 10 16 11 18 12 20 13 17 14 11 15 20 16 30 17 24 18 30 19 18 20 12 21 27 22 19 23 28 24 29 25 27 26 23 27 15 28 23 29 17 30 16 31 24 32 14 33 28 34 19 35 24 36 28 37 15 38 26 39 28 40 13 41 15 42 10 43 12 44 24 45 27 46 29 47 18 48 22 49 17 50 16 51 10 52 16 53 26 54 16 55 14 48 4 23 5 21 6 13 7 22 12 25 13 14 14 22 15 17 16 12 17 28 18 26 19 21 20 21 21 12 22 27 23 23 24 10 25 16 26 16 27 10 28 12 29 25 30 22 31 29 32 10 33 16 34 29 35 30 36 19 37 14 38 16 39 28 40 25 41 17 42 10 43 25 44 27 45 15 46 30 47 30 48 25 49 23 50 13 51 10 52 26 53 27 54 18 55 23 16 4 24 5 26 6 24 7 28 36 17 37 19 38 13 39 26 44 15 45 16 46 26 47 17 48 29 49 24 50 19 51 20 4 56 23 57 17 58 23 59 16 
5 4 0 11 1 25 2 12 3 28 24 8 26 9 29 10 15 11 24 12 20 13 30 14 23 15 26 16 22 17 16 18 13 19 18 24 19 25 29 26 28 27 22 28 29 29 28 30 20 31 27 36 10 37 30 38 17 39 14 48 4 19 5 25 6 12 7 17 8 10 9 26 10 18 11 25 12 18 13 18 14 15 15 17 16 26 17 15 18 21 19 18 20 20 21 20 22 25 23 14 24 15 25 12 26 10 27 25 28 16 29 29 30 16 31 23 32 20 33 11 34 27 35 10 36 23 37 13 38 29 39 25 40 17 41 17 42 25 43 17 44 21 45 27 46 30 47 23 48 11 49 22 50 26 51 24 24 4 16 5 28 6 20 7 29 20 19 21 11 22 19 23 20 24 16 25 22 26 22 27 18 28 16 29 27 30 11 31 11 40 17 41 23 42 17 43 26 52 12 53 11 54 28 55 19 4 56 15 57 22 58 15 59 13 
5 4 0 27 1 28 2 12 3 22 4 4 27 5 23 6 25 7 16 4 48 30 49 17 50 27 51 27 16 12 23 13 24 14 28 15 24 28 20 29 17 30 15 31 23 40 22 41 17 42 17 43 13 48 15 49 12 50 12 51 28 4 56 21 57 29 58 25 59 13 
5 4 0 11 1 26 2 14 3 19 4 16 22 17 26 18 22 19 11 12 20 23 21 14 22 13 23 20 32 20 33 29 34 28 35 13 52 12 53 23 54 20 55 26 48 4 30 5 26 6 26 7 30 8 20 9 10 10 19 11 18 12 22 13 18 14 10 15 20 16 24 17 16 18 24 19 30 20 21 21 22 22 30 23 27 24 13 25 15 26 26 27 15 28 18 29 28 30 10 31 20 32 10 33 19 34 15 35 10 40 15 41 11 42 17 43 30 44 24 45 18 46 27 47 13 48 30 49 16 50 10 51 30 52 28 53 25 54 27 55 14 4 56 19 57 20 58 17 59 30 
5 4 0 14 1 12 2 29 3 25 28 8 20 9 11 10 24 11 30 16 24 17 21 18 18 19 28 24 19 25 14 26 20 27 17 32 21 33 21 34 26 35 26 36 14 37 28 38 12 39 30 44 12 45 23 46 22 47 26 48 12 49 22 50 25 51 13 48 4 26 5 12 6 21 7 18 8 22 9 27 10 28 11 22 12 26 13 20 14 20 15 20 16 19 17 13 18 24 19 19 20 24 21 15 22 13 23 29 24 11 25 15 26 13 27 23 32 22 33 10 34 21 35 25 36 16 37 18 38 20 39 22 40 12 41 29 42 16 43 18 44 19 45 28 46 28 47 18 48 11 49 26 50 22 51 26 52 16 53 27 54 23 55 24 44 4 17 5 10 6 15 7 28 8 21 9 24 10 23 11 27 12 29 13 21 14 30 15 30 16 24 17 25 18 14 19 27 24 23 25 25 26 26 27 29 28 18 29 21 30 25 31 21 32 17 33 16 34 22 35 17 36 20 37 30 38 18 39 25 40 12 41 13 42 13 43 11 44 19 45 30 46 10 47 15 52 17 53 19 54 27 55 30 4 56 11 57 26 58 27 59 29 
5 4 0 27 1 12 2 17 3 23 20 8 14 9 19 10 22 11 14 16 27 17 20 18 22 19 27 20 22 21 17 22 21 23 19 24 13 25 29 26 22 27 21 28 12 29 20 30 21 31 24 20 4 20 5 21 6 17 7 12 8 26 9 13 10 21 11 13 16 15 17 18 18 18 19 18 28 19 29 12 30 12 31 17 48 24 49 11 50 22 51 14 20 8 11 9 29 10 16 11 13 12 28 13 15 14 22 15 29 24 10 25 25 26 15 27 30 36 13 37 29 38 16 39 15 52 28 53 24 54 12 55 12 4 56 10 57 13 58 14 59 14 
5 4 0 22 1 25 2 17 3 13 24 8 10 9 20 10 23 11 14 12 16 13 28 14 23 15 25 16 18 17 23 18 25 19 27 40 23 41 16 42 17 43 15 44 24 45 25 46 17 47 13 48 24 49 30 50 17 51 24 52 4 26 5 13 6 23 7 28 8 22 9 12 10 28 11 29 12 16 13 22 14 20 15 14 16 16 17 18 18 24 19 24 20 11 21 18 22 20 23 14 24 15 25 17 26 17 27 29 28 15 29 17 30 28 31 16 32 27 33 28 34 23 35 28 36 25 37 23 38 29 39 20 40 15 41 21 42 16 43 22 44 30 45 16 46 18 47 15 48 18 49 16 50 15 51 28 52 22 53 17 54 21 55 12 40 8 27 9 17 10 11 11 19 12 25 13 30 14 28 15 11 16 15 17 14 18 17 19 17 24 26 25 15 26 19 27 14 28 17 29 10 30 11 31 15 32 17 33 28 34 17 35 14 36 25 37 28 38 16 39 26 40 13 41 22 42 12 43 18 48 19 49 22 50 29 51 15 52 15 53 19 54 13 55 21 4 56 19 57 26 58 24 59 12 
5 4 0 25 1 24 2 26 3 19 20 4 22 5 10 6 14 7 12 12 22 13 18 14 28 15 30 20 18 21 29 22 11 23 26 40 13 41 18 42 14 43 21 44 24 45 16 46 23 47 18 44 4 29 5 24 6 15 7 12 8 13 9 10 10 14 11 24 12 27 13 20 14 27 15 29 16 16 17 25 18 28 19 10 24 24 25 22 26 19 27 16 32 26 33 20 34 11 35 18 36 25 37 22 38 29 39 23 40 23 41 30 42 25 43 16 44 21 45 23 46 27 47 11 48 28 49 27 50 22 51 17 52 22 53 12 54 21 55 19 12 20 16 21 10 22 29 23 16 32 17 33 17 34 13 35 21 48 28 49 21 50 19 51 12 4 56 17 57 15 58 22 59 27 
5 4 0 16 1 14 2 23 3 10 24 16 10 17 18 18 27 19 14 20 12 21 17 22 30 23 13 40 16 41 27 42 30 43 21 44 15 45 21 46 23 47 23 48 24 49 22 50 14 51 22 52 20 53 19 54 18 55 13 40 12 11 13 17 14 25 15 22 20 29 21 26 22 30 23 30 24 18 25 18 26 25 27 19 28 15 29 11 30 17 31 14 32 16 33 15 34 24 35 16 36 23 37 30 38 21 39 30 40 11 41 29 42 13 43 10 44 28 45 18 46 27 47 27 48 21 49 28 50 19 51 25 52 28 53 23 54 24 55 17 44 4 25 5 30 6 21 7 23 8 27 9 23 10 22 11 14 12 28 13 30 14 18 15 24 16 19 17 17 18 16 19 12 24 23 25 16 26 24 27 12 28 12 29 20 30 22 31 15 36 14 37 28 38 26 39 12 40 19 41 23 42 17 43 30 44 19 45 20 46 24 47 29 48 30 49 13 50 25 51 11 52 22 53 23 54 16 55 24 4 56 22 57 21 58 16 59 21 
5 4 0 20 1 21 2 21 3 12 20 20 14 21 25 22 20 23 18 32 10 33 29 34 18 35 28 36 16 37 11 38 28 39 21 40 11 41 10 42 10 43 28 44 12 45 16 46 18 47 22 32 4 12 5 30 6 18 7 30 8 11 9 11 10 11 11 21 24 15 25 18 26 16 27 12 28 13 29 29 30 29 31 26 32 17 33 10 34 16 35 18 44 22 45 20 46 15 47 14 48 11 49 15 50 26 51 20 52 19 53 17 54 14 55 28 20 24 13 25 11 26 22 27 22 28 28 29 18 30 25 31 11 32 19 33 30 34 27 35 10 36 27 37 20 38 28 39 27 52 20 53 20 54 25 55 21 4 56 26 57 30 58 23 59 14 
5 4 0 16 1 12 2 12 3 27 40 8 13 9 18 10 26 11 19 16 28 17 16 18 27 19 13 24 21 25 21 26 10 27 13 28 28 29 24 30 17 31 16 32 23 33 12 34 12 35 27 36 15 37 22 38 22 39 29 40 16 41 21 42 14 43 17 44 11 45 12 46 23 47 19 48 21 49 17 50 27 51 13 52 25 53 13 54 17 55 15 8 12 11 13 30 14 27 15 22 36 19 37 18 38 11 39 15 24 12 22 13 15 14 24 15 19 16 18 17 18 18 13 19 27 20 22 21 20 22 26 23 15 24 19 25 27 26 24 27 14 28 19 29 21 30 14 31 15 40 16 41 15 42 29 43 26 4 56 22 57 20 58 11 59 12 

Dynamic Events
Machine Breakdowns (x y z): Machine {x} breakdown from time {y} to {z}
0 196 260
1 13 77
2 305 369
3 159 223
4 314 378
5 321 385
6 314 378
7 157 221
8 77 141
9 121 185
10 39 103
11 109 173
12 203 267
13 258 322
14 321 385
15 273 337
16 98 162
17 265 329
18 18 82
19 148 212
20 193 257
21 164 228
22 292 356
23 88 152
24 185 249
25 110 174
26 282 346
27 304 368
28 6 70
29 267 331
30 46 110
31 208 272
32 68 132
33 258 322
34 151 215
35 19 83
36 10 74
37 181 245
38 182 246
39 198 262
40 305 369
41 20 84
42 297 361
43 292 356
44 226 290
45 320 384
46 10 74
47 318 382
48 174 238
49 216 280
50 5 69
51 61 125
52 321 385
53 88 152
54 62 126
55 319 383
56 310 374
57 241 305
58 233 297
59 188 252

Added Jobs (first number is the time at which the job is added, then pairs of machines and process time)
118: 5 5 12 25 1 22 15 24 43 20 41 19 6 18 21 12 24 37 12 48 24 9 16 31 19 37 22 24 14 25 0 12 4 16 35 11 42 21 3 22 50 27 27 14 57 29 9 20 21 12 26 15 44 11 49 11 13 14 29 14 36 27 53 24 15 24 48 15 10 10 8 29 32 29 33 30 12 27 16 17 39 11 1 28 59 11 31 21 55 23 17 26 2 14 54 11 38 10 23 15 43 35 26 34 11 24 12 13 24 45 29 58 23 29 15 31 12 4 11 37 26 48 18 6 27 3 23 59 30 42 20 22 19 52 22 2 30 17 20 16 29 49 21 5 21 41 12 30 12 40 21 14 22 57 13 27 27 9 18 8 19 7 25 10 14 33 25 19 29 53 22 44 25 26 27 54 28 46 30 56 21 23 27 21 29 0 22 45 58 26 56 28 31 13 7 30 30 15 59 17 5 15 33 12 39 13 4 18 41 26 29 19 11 14 54 27 32 30 28 14 22 21 55 16 50 13 15 15 48 23 20 24 25 14 37 11 24 23 57 16 12 27 2 17 23 11 47 10 18 29 53 25 49 10 26 26 34 15 14 16 9 24 1 24 42 18 52 26 17 15 40 13 51 20 27 22 13 20 
87: 5 11 17 25 44 16 39 16 37 15 43 16 53 24 23 12 58 19 51 22 24 14 29 15 13 22 17 40 15 14 17 8 24 55 23 44 28 56 10 48 10 47 27 32 29 12 13 52 27 33 28 48 59 26 17 29 26 12 33 11 38 28 16 13 0 15 5 21 32 17 51 22 14 30 3 26 55 24 40 27 18 28 42 13 22 28 4 11 24 19 6 24 21 15 53 12 15 11 49 20 34 25 54 12 39 24 43 23 52 29 36 17 58 26 47 11 44 20 20 16 2 29 46 13 57 18 45 14 28 20 48 21 7 28 1 25 19 24 23 28 56 10 35 16 10 12 29 13 8 23 20 13 15 46 23 57 24 28 27 31 18 27 19 21 20 36 9 19 54 21 6 27 0 10 46 27 3 22 24 10 50 12 11 25 13 30 52 29 59 25 51 19 35 10 2 24 19 18 17 20 12 17 34 17 10 26 47 15 33 13 40 11 43 13 14 23 5 18 57 20 48 15 15 24 53 19 8 28 39 20 23 18 44 17 18 15 55 20 
28: 5 30 15 11 1 28 43 28 20 26 29 12 37 29 32 29 14 27 13 10 49 14 38 20 11 12 12 29 59 18 34 19 50 15 4 22 35 22 25 17 44 16 54 17 27 14 6 16 17 17 48 15 30 28 18 29 3 10 51 23 57 26 4 5 30 47 23 48 12 33 30 6 34 14 16 15 0 27 5 30 45 17 48 14 22 10 22 9 21 24 29 51 12 3 23 52 21 8 24 42 28 37 20 16 23 32 10 47 23 21 15 28 27 17 24 0 12 20 25 58 11 26 19 13 15 14 14 39 19 26 13 24 8 22 26 14 17 29 30 15 46 24 31 20 25 27 49 23 54 16 6 14 37 16 48 16 55 23 56 18 38 17 11 18 18 25 7 25 20 22 10 26 42 30 34 26 44 24 29 27 1 20 
120: 5 39 26 17 52 11 29 18 47 10 48 25 11 26 54 13 44 29 46 28 24 26 15 23 49 18 12 24 17 19 39 15 3 30 38 16 30 23 22 17 53 20 34 13 4 17 6 30 0 30 51 23 32 20 28 25 19 12 36 20 59 21 9 14 25 25 37 19 58 10 8 20 43 18 41 11 5 13 31 17 30 14 15 2 10 51 14 27 28 0 17 32 17 29 19 9 27 23 30 16 20 38 10 5 12 11 14 44 14 50 22 15 16 46 17 36 17 18 11 49 12 19 11 20 25 56 25 57 19 8 21 37 15 52 28 43 20 1 20 22 10 27 12 17 23 14 45 24 49 11 24 21 37 13 3 27 0 12 55 13 44 28 25 26 1 13 52 21 35 15 14 19 39 16 53 26 47 19 20 23 11 11 6 28 28 12 31 29 5 26 17 29 18 27 13 15 27 36 18 46 24 7 26 34 16 26 30 9 18 29 13 12 16 4 21 8 24 50 20 5 12 30 11 21 15 41 17 51 16 0 20 23 23 44 30 17 21 54 16 16 27 13 23 18 26 33 22 57 16 43 21 30 6 28 40 29 21 15 58 24 17 29 59 13 1 23 22 23 32 28 28 18 52 29 14 17 3 26 57 30 23 23 37 22 38 23 2 10 56 20 53 25 7 26 48 22 25 13 33 18 50 10 13 22 16 13 49 24 54 14 11 26 
30: 5 36 42 27 43 26 41 27 38 23 34 29 59 18 13 11 24 30 11 19 9 25 25 22 40 30 54 15 29 18 22 25 8 18 55 10 32 11 45 26 39 25 37 23 3 19 0 27 48 30 17 28 53 21 4 26 51 14 12 17 44 15 6 21 16 25 15 11 10 22 30 28 26 18 24 24 22 53 16 26 10 58 11 30 14 43 20 46 29 18 12 39 25 21 22 23 18 59 22 8 10 47 19 34 13 10 20 48 28 15 27 49 23 55 12 19 30 45 17 22 21 20 29 22 56 14 2 25 20 11 25 27 46 17 7 28 39 26 58 22 28 28 48 10 14 30 44 19 47 18 43 30 9 14 5 30 38 10 1 20 0 13 24 26 32 11 54 17 28 20 17 58 24 7 30 5 14 19 14 13 14 0 23 8 24 35 13 52 18 42 29 16 29 26 28 27 13 11 24 2 25 36 29 33 17 55 23 4 16 28 28 9 19 25 24 14 30 41 24 31 16 34 11 46 12 7 55 22 41 24 14 19 4 17 29 14 17 20 9 16 
43: 5 42 6 17 2 23 8 23 41 14 5 27 42 24 24 11 19 21 58 26 45 12 20 15 50 13 4 30 56 22 43 28 54 28 59 28 40 13 29 17 55 29 52 11 30 12 12 19 1 26 47 11 13 21 46 10 44 21 27 11 21 28 53 29 35 10 51 21 36 23 32 30 34 15 3 27 0 25 37 18 57 26 49 23 17 29 49 31 10 28 15 18 14 55 28 41 25 34 19 3 17 54 27 58 16 53 28 5 20 38 10 50 15 17 10 10 11 1 30 35 24 39 15 57 21 40 26 20 15 21 22 14 10 25 25 2 30 11 30 27 10 9 23 23 30 47 15 26 22 6 18 46 27 32 11 51 26 33 15 13 25 29 13 0 17 12 20 45 15 52 16 4 20 36 16 44 13 24 11 15 29 37 28 7 13 48 14 29 12 15 24 15 2 17 40 27 29 11 49 30 13 17 7 25 25 11 43 16 37 16 28 24 18 20 39 26 10 14 27 14 42 13 45 24 35 19 33 15 48 17 32 15 21 20 53 27 6 19 46 13 16 28 54 24 52 20 26 13 17 25 36 18 15 14 51 21 59 12 57 20 23 30 4 22 31 18 3 29 19 14 58 18 50 25 38 21 22 11 47 19 34 22 38 13 15 0 17 9 26 39 25 22 23 59 19 56 27 6 20 49 11 4 30 12 19 32 24 8 18 17 17 23 16 55 14 29 20 40 22 53 17 26 25 18 12 41 10 24 10 35 13 52 23 51 17 28 25 27 25 34 14 21 29 42 30 5 14 37 15 15 21 31 27 36 12 57 11 1 22 11 45 21 1 15 16 29 9 24 50 20 33 10 51 12 11 18 46 26 38 18 14 20 
104: 5 24 38 24 11 16 49 12 58 26 50 18 14 22 56 17 30 16 23 28 18 12 33 27 40 15 42 26 6 28 39 13 37 14 0 22 45 28 25 28 7 25 21 12 53 12 3 17 15 16 46 3 13 46 30 32 24 8 11 39 10 12 13 25 11 31 22 24 18 33 23 58 15 15 29 34 12 38 14 13 25 50 25 29 29 17 30 11 15 27 19 16 27 4 17 5 24 55 21 37 30 19 14 6 30 9 22 49 29 51 21 47 16 48 27 56 20 1 26 14 23 30 10 28 20 40 28 42 11 45 18 18 21 44 30 52 18 59 11 0 25 21 28 31 3 25 46 30 47 23 31 12 48 19 27 21 23 11 56 28 43 23 37 23 51 30 16 12 41 28 13 23 21 19 9 25 14 26 18 22 44 23 32 23 4 12 12 18 45 10 58 20 19 18 59 29 7 13 25 21 39 29 17 27 35 19 51 37 22 9 29 47 28 2 30 28 29 56 12 40 20 41 14 20 26 42 23 15 16 0 22 33 10 31 29 7 26 49 26 12 24 54 20 34 10 17 18 1 17 38 21 59 15 53 15 27 22 10 13 13 12 3 14 8 16 58 16 30 13 57 22 46 13 16 21 18 16 50 21 29 26 39 20 45 20 26 18 32 16 14 20 52 21 55 25 6 18 11 27 51 21 36 16 48 28 5 26 44 29 50 2 10 36 22 8 15 34 15 5 29 31 21 52 16 43 17 45 12 27 17 20 24 54 11 32 19 57 18 50 15 37 24 29 18 9 14 19 12 12 13 23 23 11 26 33 28 59 12 51 28 30 21 42 13 0 21 14 25 40 26 1 28 53 18 49 15 28 28 25 17 35 22 6 17 56 24 17 19 47 15 15 27 41 16 18 27 39 27 58 21 38 17 13 22 16 12 10 21 48 11 
41: 5 38 34 21 13 16 15 22 8 14 12 28 49 21 56 15 32 27 36 28 47 16 48 12 29 21 21 15 7 10 11 27 52 26 59 20 27 13 57 25 4 15 17 29 18 18 44 15 54 22 6 13 23 25 24 11 10 28 43 13 35 15 41 27 0 27 5 17 33 11 55 15 9 17 39 28 26 13 34 33 11 30 29 41 19 19 17 43 12 46 17 6 10 15 14 37 22 48 17 31 24 21 12 22 12 40 21 2 30 57 24 14 22 36 20 29 12 42 28 47 24 54 12 59 12 38 30 5 29 51 17 25 26 12 30 50 19 24 15 7 23 13 19 10 13 1 25 37 56 11 14 18 11 22 55 21 50 10 32 27 39 13 36 20 6 10 2 25 16 12 15 28 27 17 18 19 10 11 40 16 12 30 5 21 4 10 52 27 30 19 35 28 45 18 13 28 53 25 0 22 20 29 48 30 43 18 57 20 31 21 17 27 51 25 42 24 25 28 29 25 46 22 26 25 16 4 19 3 22 33 26 49 21 2 19 11 15 55 20 43 27 6 28 26 28 10 18 13 13 42 12 17 11 20 20 48 26 36 22 58 21 27 30 22 30 56 11 28 18 29 18 44 21 7 27 19 0 26 59 15 37 12 36 25 54 11 32 29 46 21 26 28 38 11 52 13 30 21 48 11 21 26 8 12 24 29 34 22 43 30 28 25 53 26 

Cancelled Jobs
30 3
103 10
2 11
64 21
36 22
138 24
73 37
