10 60
5 4 0 27 1 23 2 10 3 28 36 4 15 5 18 6 30 7 12 8 18 9 10 10 18 11 18 12 21 13 14 14 22 15 13 16 16 17 11 18 25 19 19 20 27 21 19 22 17 23 29 28 10 29 25 30 24 31 18 40 15 41 15 42 17 43 19 48 29 49 24 50 15 51 22 52 22 53 10 54 15 55 21 8 8 22 9 17 10 15 11 21 28 18 29 20 30 17 31 12 32 4 20 5 15 6 10 7 20 8 25 9 11 10 26 11 30 16 23 17 12 18 12 19 14 20 17 21 23 22 11 23 19 24 15 25 24 26 30 27 14 28 19 29 21 30 11 31 22 40 14 41 11 42 21 43 20 44 20 45 25 46 19 47 18 4 56 22 57 13 58 10 59 12 
5 4 0 23 1 29 2 20 3 24 12 20 16 21 19 22 20 23 26 36 29 37 28 38 15 39 12 48 15 49 20 50 13 51 30 44 4 19 5 19 6 12 7 17 8 28 9 25 10 14 11 25 12 17 13 27 14 16 15 18 16 21 17 16 18 25 19 21 20 30 21 12 22 25 23 22 28 19 29 21 30 23 31 20 32 10 33 25 34 24 35 22 40 17 41 12 42 10 43 11 44 30 45 15 46 24 47 23 48 18 49 22 50 30 51 19 52 21 53 28 54 20 55 28 24 12 19 13 29 14 18 15 16 24 25 25 21 26 14 27 27 28 26 29 11 30 10 31 25 44 27 45 30 46 17 47 26 48 11 49 13 50 20 51 20 52 25 53 13 54 15 55 28 4 56 28 57 23 58 26 59 28 
5 4 0 17 1 26 2 24 3 14 32 4 14 5 24 6 25 7 15 12 26 13 10 14 20 15 25 16 19 17 29 18 23 19 12 24 24 25 12 26 19 27 29 28 12 29 10 30 22 31 16 40 24 41 19 42 25 43 20 44 18 45 12 46 10 47 17 48 21 49 14 50 25 51 28 52 4 26 5 15 6 17 7 29 8 27 9 26 10 23 11 23 12 10 13 30 14 20 15 11 16 26 17 21 18 25 19 15 20 15 21 28 22 17 23 21 24 21 25 18 26 15 27 10 28 18 29 27 30 13 31 10 32 14 33 10 34 22 35 13 36 21 37 19 38 19 39 24 40 12 41 13 42 22 43 10 44 23 45 11 46 26 47 16 48 16 49 17 50 24 51 23 52 20 53 24 54 19 55 25 16 4 19 5 21 6 12 7 27 12 24 13 13 14 26 15 25 28 25 29 22 30 27 31 25 44 27 45 23 46 13 47 26 4 56 19 57 15 58 13 59 19 
5 4 0 23 1 20 2 13 3 15 44 8 14 9 29 10 26 11 24 12 22 13 24 14 12 15 16 16 16 17 19 18 11 19 22 20 23 21 11 22 22 23 27 24 15 25 21 26 13 27 21 28 21 29 12 30 17 31 13 36 14 37 12 38 25 39 14 40 10 41 18 42 21 43 23 44 13 45 10 46 21 47 14 48 30 49 15 50 20 51 10 52 18 53 15 54 25 55 15 20 4 12 5 18 6 13 7 30 12 13 13 29 14 23 15 18 28 11 29 15 30 19 31 19 32 22 33 16 34 28 35 28 48 30 49 28 50 14 51 29 32 4 22 5 26 6 27 7 17 12 23 13 28 14 17 15 24 16 29 17 13 18 27 19 15 36 12 37 17 38 15 39 18 40 17 41 26 42 22 43 17 44 18 45 26 46 21 47 15 48 12 49 18 50 18 51 16 52 18 53 16 54 23 55 22 4 56 10 57 27 58 27 59 30 
5 4 0 18 1 11 2 20 3 30 8 36 17 37 14 38 22 39 23 40 30 41 19 42 16 43 12 24 8 13 9 24 10 21 11 21 12 29 13 28 14 14 15 26 32 19 33 23 34 14 35 10 36 18 37 15 38 16 39 17 44 23 45 30 46 11 47 20 52 29 53 13 54 28 55 18 4 4 28 5 29 6 10 7 22 4 56 23 57 25 58 26 59 15 
5 4 0 23 1 13 2 23 3 17 4 4 15 5 16 6 24 7 30 8 8 10 9 24 10 16 11 13 28 18 29 19 30 21 31 18 24 4 12 5 15 6 12 7 13 28 10 29 17 30 25 31 24 32 30 33 25 34 13 35 29 40 11 41 10 42 26 43 30 44 24 45 25 46 20 47 28 52 28 53 26 54 28 55 21 4 56 18 57 11 58 23 59 20 
5 4 0 12 1 20 2 24 3 25 24 4 24 5 15 6 25 7 29 8 18 9 26 10 25 11 11 12 29 13 16 14 13 15 10 16 27 17 12 18 11 19 12 24 28 25 17 26 30 27 14 48 23 49 27 50 26 51 23 32 4 12 5 30 6 28 7 30 12 28 13 30 14 17 15 22 16 22 17 30 18 19 19 21 20 16 21 17 22 30 23 16 24 17 25 19 26 14 27 19 36 25 37 25 38 22 39 30 40 17 41 18 42 10 43 15 44 18 45 30 46 22 47 11 4 44 23 45 14 46 23 47 11 4 56 11 57 10 58 22 59 25 
5 4 0 11 1 15 2 11 3 22 8 4 15 5 19 6 30 7 23 24 20 25 12 26 17 27 30 52 4 20 5 23 6 14 7 28 8 20 9 19 10 23 11 20 12 29 13 27 14 10 15 12 16 20 17 23 18 10 19 28 20 12 21 16 22 13 23 23 24 16 25 26 26 28 27 22 28 13 29 28 30 26 31 18 32 18 33 24 34 10 35 29 36 23 37 19 38 28 39 18 40 20 41 25 42 12 43 13 44 19 45 30 46 11 47 13 48 11 49 17 50 23 51 28 52 18 53 29 54 12 55 25 16 12 26 13 17 14 16 15 12 16 19 17 13 18 17 19 18 20 20 21 14 22 15 23 18 48 17 49 20 50 24 51 29 4 56 11 57 21 58 16 59 26 
5 4 0 21 1 20 2 20 3 26 4 8 21 9 26 10 19 11 21 16 24 16 25 27 26 28 27 16 32 24 33 23 34 21 35 12 36 12 37 17 38 28 39 29 52 24 53 23 54 14 55 24 20 12 19 13 16 14 11 15 20 24 19 25 17 26 26 27 10 40 26 41 20 42 27 43 15 44 10 45 14 46 29 47 30 48 17 49 11 50 16 51 14 4 56 14 57 19 58 20 59 28 
5 4 0 22 1 11 2 26 3 28 48 4 28 5 14 6 30 7 19 8 18 9 27 10 30 11 16 12 11 13 24 14 21 15 25 16 16 17 17 18 22 19 11 20 17 21 24 22 21 23 24 24 16 25 16 26 27 27 28 28 14 29 16 30 18 31 16 32 27 33 14 34 29 35 14 40 20 41 14 42 13 43 17 44 18 45 17 46 11 47 19 48 14 49 19 50 10 51 25 52 16 53 11 54 14 55 23 20 12 24 13 12 14 29 15 16 20 25 21 14 22 12 23 23 28 22 29 18 30 25 31 14 36 20 37 13 38 28 39 26 40 12 41 14 42 17 43 23 36 8 21 9 19 10 12 11 27 12 26 13 28 14 22 15 21 16 29 17 11 18 23 19 11 20 16 21 24 22 21 23 25 24 26 25 17 26 24 27 18 28 26 29 19 30 29 31 28 32 12 33 20 34 29 35 10 44 21 45 13 46 27 47 17 48 14 49 20 50 11 51 29 4 56 11 57 20 58 16 59 26 

Dynamic Events
Machine Breakdowns (x y z): Machine {x} breakdown from time {y} to {z}
0 25 58
1 51 84
2 167 200
3 20 53
4 154 187
5 163 196
6 88 121
7 38 71
8 157 190
9 22 55
10 131 164
11 157 190
12 85 118
13 62 95
14 167 200
16 77 110
18 33 66
19 161 194
20 169 202
21 105 138
22 33 66
24 153 186
26 102 135
28 159 192
30 166 199
32 163 196
33 55 88
34 121 154
36 163 196
40 121 154
43 167 200
44 169 202
45 163 196
47 166 199
49 13 46
50 32 65
51 129 162
52 88 121
53 120 153
54 20 53
55 134 167
56 80 113
57 161 194
58 167 200
59 60 93

Added Jobs (first number is the time at which the job is added, then pairs of machines and process time)
38: 5 30 9 16 27 14 41 17 10 12 19 25 23 17 31 11 35 27 26 20 32 28 3 24 47 21 34 16 37 27 28 26 30 13 1 26 45 13 18 14 43 13 2 25 50 30 25 14 36 24 14 25 42 23 12 13 0 16 13 19 59 27 11 31 12 48 11 35 18 57 26 38 18 52 19 28 16 19 15 2 17 29 15 34 12 28 5 29 22 25 8 23 33 15 57 10 29 22 36 16 58 19 42 14 54 26 1 22 39 24 53 22 51 30 30 21 43 25 44 13 14 10 28 23 34 20 6 19 46 29 7 26 25 27 56 26 4 16 11 17 59 16 25 7 15 36 18 31 27 44 17 0 27 27 27 35 28 58 24 52 26 17 17 55 27 45 27 39 18 49 19 12 14 29 10 53 15 21 27 32 12 33 25 13 12 59 12 15 22 6 29 56 20 50 0 16 17 18 52 28 5 24 47 23 23 27 16 25 9 12 42 17 29 14 20 24 6 28 15 18 12 15 31 10 49 27 56 15 4 15 40 16 18 11 26 14 57 18 54 13 11 24 25 15 30 21 13 12 1 13 2 24 48 13 19 13 59 12 50 29 44 11 46 23 3 24 53 13 36 21 51 19 21 26 45 15 14 26 24 23 28 19 10 30 43 24 41 11 27 23 22 20 38 26 

Cancelled Jobs
58 4
