100 40
5 4 0 10 1 15 2 12 3 15 32 4 20 5 20 6 27 7 16 8 26 9 12 10 17 11 20 12 10 13 10 14 15 15 19 16 15 17 26 18 18 19 20 20 30 21 14 22 26 23 25 24 10 25 15 26 21 27 22 28 13 29 28 30 18 31 22 32 25 33 15 34 16 35 24 8 8 28 9 28 10 27 11 20 12 22 13 28 14 20 15 23 4 16 23 17 30 18 26 19 28 4 36 21 37 20 38 24 39 29 
5 4 0 21 1 19 2 29 3 22 8 16 30 17 16 18 27 19 15 28 30 29 25 30 13 31 20 24 4 30 5 13 6 18 7 11 8 28 9 17 10 27 11 17 12 16 13 30 14 12 15 11 16 13 17 27 18 26 19 24 24 10 25 25 26 28 27 17 28 30 29 23 30 24 31 22 4 4 10 5 26 6 28 7 27 4 36 10 37 13 38 13 39 20 
5 4 0 23 1 17 2 13 3 26 32 4 22 5 20 6 19 7 21 8 13 9 28 10 17 11 29 12 18 13 13 14 20 15 23 16 17 17 12 18 12 19 12 20 13 21 24 22 14 23 20 24 12 25 19 26 26 27 29 28 24 29 15 30 23 31 13 32 27 33 18 34 20 35 26 16 8 17 9 14 10 28 11 14 16 14 17 13 18 10 19 17 20 15 21 10 22 15 23 16 28 23 29 25 30 10 31 26 24 4 15 5 19 6 21 7 13 8 28 9 22 10 21 11 17 12 16 13 21 14 10 15 10 16 15 17 21 18 26 19 28 28 21 29 14 30 17 31 21 32 27 33 18 34 15 35 30 4 36 13 37 30 38 14 39 14 
5 4 0 26 1 25 2 28 3 15 20 4 16 5 24 6 17 7 13 20 27 21 28 22 17 23 14 24 12 25 10 26 21 27 15 28 22 29 23 30 14 31 24 32 27 33 21 34 27 35 10 32 4 14 5 24 6 13 7 19 8 20 9 16 10 30 11 10 12 16 13 28 14 25 15 22 16 11 17 30 18 30 19 29 20 27 21 18 22 28 23 10 24 20 25 24 26 15 27 12 28 14 29 21 30 27 31 19 32 27 33 19 34 10 35 19 4 12 19 13 15 14 25 15 16 4 36 17 37 20 38 11 39 16 
5 4 0 26 1 27 2 13 3 21 24 4 12 5 19 6 23 7 14 8 25 9 10 10 28 11 13 20 19 21 20 22 13 23 27 24 15 25 13 26 21 27 29 28 11 29 30 30 11 31 18 32 27 33 13 34 28 35 22 4 32 21 33 15 34 29 35 12 24 8 26 9 24 10 16 11 21 12 18 13 15 14 11 15 20 16 28 17 10 18 25 19 13 20 15 21 17 22 23 23 11 24 28 25 23 26 25 27 19 32 18 33 23 34 13 35 28 4 36 25 37 22 38 17 39 13 
5 4 0 19 1 24 2 27 3 16 28 4 20 5 14 6 21 7 13 8 10 9 27 10 10 11 30 12 10 13 30 14 21 15 23 16 15 17 21 18 30 19 10 24 24 25 22 26 22 27 20 28 19 29 10 30 26 31 16 32 20 33 17 34 15 35 19 16 4 11 5 14 6 16 7 28 8 10 9 25 10 11 11 10 20 15 21 27 22 11 23 25 32 16 33 25 34 14 35 10 28 4 27 5 17 6 28 7 22 8 23 9 16 10 26 11 16 12 21 13 20 14 26 15 30 16 17 17 18 18 19 19 12 20 23 21 27 22 10 23 26 28 24 29 27 30 16 31 24 32 16 33 26 34 19 35 21 4 36 22 37 11 38 27 39 13 
5 4 0 20 1 27 2 17 3 17 4 8 10 9 26 10 12 11 16 16 12 13 13 13 14 12 15 30 16 16 17 13 18 20 19 14 28 29 29 29 30 18 31 13 32 20 33 27 34 22 35 22 32 4 26 5 27 6 30 7 16 8 29 9 28 10 18 11 13 12 20 13 17 14 23 15 29 16 15 17 13 18 20 19 22 20 28 21 14 22 16 23 14 24 16 25 18 26 23 27 24 28 17 29 15 30 19 31 24 32 11 33 17 34 17 35 14 4 36 29 37 25 38 25 39 25 
5 4 0 25 1 26 2 22 3 21 28 4 24 5 15 6 26 7 23 8 28 9 27 10 14 11 19 12 15 13 17 14 12 15 28 16 14 17 22 18 15 19 26 20 28 21 10 22 14 23 28 24 18 25 14 26 22 27 28 32 12 33 16 34 30 35 18 16 4 27 5 23 6 19 7 23 8 27 9 25 10 10 11 20 24 27 25 23 26 30 27 10 32 22 33 15 34 10 35 26 12 4 26 5 16 6 13 7 23 20 24 21 11 22 23 23 17 32 24 33 29 34 30 35 12 4 36 22 37 14 38 21 39 24 
5 4 0 27 1 17 2 10 3 24 16 20 26 21 23 22 13 23 29 24 20 25 10 26 20 27 27 28 22 29 28 30 22 31 19 32 28 33 27 34 25 35 24 16 4 11 5 14 6 18 7 18 16 14 17 22 18 24 19 14 20 17 21 28 22 13 23 10 32 11 33 14 34 10 35 19 28 4 18 5 15 6 22 7 24 8 10 9 18 10 25 11 10 12 12 13 23 14 12 15 22 16 14 17 25 18 21 19 25 20 24 21 14 22 12 23 28 24 12 25 15 26 17 27 19 32 17 33 10 34 12 35 22 4 36 19 37 10 38 12 39 16 
5 4 0 10 1 17 2 19 3 16 20 12 22 13 17 14 12 15 19 16 22 17 13 18 14 19 19 20 18 21 13 22 30 23 14 24 21 25 18 26 25 27 30 28 10 29 10 30 22 31 30 20 8 16 9 15 10 18 11 25 12 18 13 25 14 29 15 19 16 30 17 10 18 20 19 13 20 22 21 18 22 19 23 24 24 25 25 24 26 28 27 26 32 4 18 5 11 6 23 7 10 8 14 9 30 10 20 11 18 12 12 13 22 14 23 15 30 16 23 17 11 18 28 19 23 20 20 21 24 22 29 23 22 24 19 25 23 26 12 27 15 28 26 29 28 30 28 31 23 32 19 33 22 34 15 35 18 4 36 17 37 21 38 20 39 13 
5 4 0 13 1 16 2 14 3 18 28 4 24 5 24 6 24 7 10 8 23 9 24 10 25 11 22 12 20 13 13 14 18 15 19 16 30 17 17 18 22 19 12 24 28 25 29 26 16 27 12 28 13 29 21 30 14 31 20 32 16 33 19 34 10 35 29 20 4 26 5 24 6 11 7 11 8 18 9 22 10 10 11 22 20 24 21 20 22 12 23 10 24 29 25 14 26 20 27 29 28 14 29 10 30 30 31 20 8 20 16 21 15 22 14 23 18 24 14 25 25 26 13 27 20 4 36 13 37 13 38 12 39 25 
5 4 0 13 1 13 2 11 3 18 12 8 11 9 15 10 10 11 17 12 16 13 17 14 24 15 17 28 12 29 13 30 13 31 29 8 4 18 5 28 6 12 7 25 20 19 21 23 22 13 23 18 8 8 20 9 20 10 22 11 28 24 29 25 26 26 26 27 28 4 36 27 37 15 38 17 39 29 
5 4 0 19 1 30 2 26 3 16 12 4 26 5 26 6 29 7 25 20 24 21 27 22 13 23 11 28 30 29 29 30 24 31 16 32 4 27 5 14 6 16 7 28 8 19 9 12 10 18 11 10 12 24 13 14 14 30 15 14 16 20 17 22 18 20 19 19 20 14 21 18 22 29 23 21 24 15 25 13 26 23 27 27 28 25 29 14 30 21 31 21 32 14 33 14 34 24 35 15 12 4 21 5 13 6 10 7 28 24 24 25 26 26 22 27 16 32 20 33 30 34 21 35 15 4 36 21 37 25 38 15 39 19 
5 4 0 22 1 18 2 24 3 10 24 4 13 5 18 6 29 7 11 8 13 9 18 10 24 11 18 16 11 17 29 18 27 19 11 20 21 21 19 22 26 23 28 28 10 29 23 30 21 31 13 32 13 33 18 34 15 35 18 8 4 25 5 11 6 17 7 28 24 16 25 27 26 12 27 29 24 4 30 5 18 6 21 7 15 8 27 9 19 10 19 11 17 12 18 13 30 14 13 15 17 16 15 17 22 18 17 19 19 28 16 29 23 30 17 31 18 32 19 33 29 34 16 35 14 4 36 12 37 10 38 23 39 21 
5 4 0 17 1 30 2 13 3 26 12 8 30 9 20 10 21 11 14 20 21 21 25 22 16 23 25 24 21 25 25 26 11 27 26 4 4 12 5 29 6 28 7 13 8 28 23 29 20 30 17 31 16 32 15 33 17 34 27 35 26 4 36 16 37 14 38 15 39 15 
5 4 0 24 1 12 2 23 3 11 4 24 17 25 20 26 20 27 22 24 4 11 5 14 6 29 7 16 8 30 9 26 10 11 11 20 12 16 13 24 14 19 15 23 16 18 17 10 18 22 19 12 20 24 21 21 22 24 23 14 32 16 33 22 34 26 35 14 4 12 30 13 21 14 19 15 19 4 36 13 37 10 38 20 39 18 
5 4 0 19 1 23 2 12 3 17 16 12 30 13 11 14 29 15 26 20 27 21 29 22 17 23 16 24 21 25 17 26 20 27 30 32 21 33 28 34 15 35 20 28 8 13 9 12 10 24 11 30 12 16 13 20 14 17 15 24 16 19 17 23 18 20 19 29 20 14 21 15 22 13 23 18 24 26 25 23 26 18 27 13 28 15 29 30 30 30 31 24 32 14 33 17 34 18 35 11 12 12 25 13 26 14 12 15 12 16 19 17 19 18 20 19 15 32 22 33 15 34 29 35 12 4 36 12 37 18 38 17 39 27 
5 4 0 10 1 12 2 30 3 30 28 4 23 5 20 6 16 7 10 12 20 13 14 14 14 15 13 16 24 17 18 18 24 19 28 20 15 21 30 22 30 23 24 24 26 25 29 26 11 27 15 28 16 29 14 30 16 31 30 32 29 33 29 34 25 35 15 32 4 11 5 26 6 28 7 11 8 11 9 16 10 30 11 12 12 11 13 29 14 27 15 30 16 18 17 17 18 26 19 11 20 23 21 10 22 19 23 23 24 26 25 13 26 22 27 27 28 18 29 18 30 24 31 14 32 12 33 13 34 30 35 10 32 4 15 5 11 6 12 7 27 8 19 9 10 10 12 11 26 12 14 13 27 14 24 15 18 16 16 17 26 18 13 19 11 20 30 21 29 22 14 23 19 24 10 25 12 26 17 27 19 28 27 29 18 30 21 31 12 32 28 33 29 34 21 35 30 4 36 23 37 27 38 26 39 30 
5 4 0 29 1 30 2 28 3 29 12 8 17 9 29 10 21 11 15 24 17 25 10 26 28 27 14 28 17 29 22 30 20 31 23 28 4 12 5 16 6 21 7 15 8 24 9 16 10 21 11 22 12 20 13 27 14 16 15 18 16 14 17 27 18 28 19 24 20 29 21 30 22 14 23 19 24 28 25 27 26 20 27 24 32 14 33 17 34 22 35 28 4 4 12 5 23 6 30 7 28 4 36 16 37 28 38 21 39 18 
5 4 0 27 1 30 2 12 3 29 8 20 16 21 13 22 11 23 19 32 16 33 20 34 25 35 30 24 4 16 5 16 6 15 7 17 16 26 17 26 18 27 19 12 20 30 21 25 22 30 23 22 24 10 25 30 26 20 27 22 28 14 29 21 30 10 31 30 32 11 33 14 34 16 35 12 28 4 15 5 12 6 14 7 28 8 21 9 27 10 29 11 19 16 14 17 23 18 13 19 12 20 24 21 27 22 22 23 26 24 12 25 26 26 22 27 18 28 12 29 17 30 19 31 24 32 10 33 10 34 24 35 22 4 36 27 37 29 38 22 39 28 
5 4 0 25 1 30 2 10 3 14 16 4 28 5 12 6 24 7 10 8 18 9 10 10 26 11 18 12 24 13 20 14 22 15 16 16 16 17 11 18 24 19 29 24 8 20 9 11 10 22 11 27 16 16 17 21 18 12 19 30 20 22 21 26 22 17 23 27 24 17 25 13 26 29 27 25 28 13 29 20 30 25 31 28 32 24 33 18 34 24 35 30 16 4 10 5 23 6 27 7 12 20 26 21 16 22 28 23 23 24 10 25 18 26 24 27 18 32 26 33 20 34 21 35 24 4 36 14 37 10 38 15 39 30 
5 4 0 10 1 10 2 20 3 14 28 4 21 5 28 6 29 7 14 8 27 9 27 10 11 11 12 12 14 13 15 14 18 15 21 16 23 17 22 18 20 19 10 24 14 25 13 26 21 27 26 28 25 29 29 30 15 31 12 32 19 33 11 34 21 35 19 24 4 19 5 13 6 10 7 30 8 22 9 19 10 14 11 14 16 22 17 23 18 24 19 17 20 20 21 21 22 14 23 28 24 13 25 20 26 10 27 20 32 30 33 16 34 23 35 12 28 4 29 5 19 6 17 7 30 8 17 9 25 10 30 11 14 12 13 13 17 14 18 15 18 16 17 17 27 18 15 19 17 20 16 21 24 22 12 23 12 28 27 29 18 30 15 31 26 32 24 33 10 34 15 35 28 4 36 12 37 11 38 26 39 14 
5 4 0 23 1 26 2 26 3 25 16 16 16 17 13 18 19 19 27 24 28 25 13 26 29 27 13 28 12 29 29 30 27 31 20 32 19 33 14 34 13 35 21 12 8 28 9 25 10 12 11 14 16 25 17 18 18 24 19 17 28 30 29 16 30 26 31 13 4 8 26 9 22 10 25 11 18 4 36 19 37 29 38 20 39 30 
5 4 0 10 1 12 2 13 3 10 4 12 18 13 15 14 13 15 19 32 4 26 5 29 6 27 7 29 8 30 9 23 10 23 11 18 12 10 13 27 14 17 15 24 16 11 17 26 18 22 19 10 20 29 21 10 22 21 23 15 24 21 25 10 26 19 27 21 28 25 29 28 30 20 31 29 32 10 33 16 34 22 35 10 8 12 26 13 24 14 25 15 23 20 23 21 24 22 24 23 25 4 36 27 37 24 38 10 39 25 
5 4 0 28 1 11 2 12 3 16 32 4 20 5 27 6 16 7 19 8 21 9 14 10 30 11 15 12 19 13 30 14 24 15 18 16 26 17 14 18 11 19 19 20 11 21 24 22 11 23 25 24 29 25 15 26 12 27 19 28 18 29 23 30 18 31 15 32 14 33 18 34 24 35 12 16 4 19 5 16 6 13 7 24 20 11 21 25 22 20 23 10 24 14 25 29 26 21 27 17 28 14 29 11 30 17 31 11 20 4 14 5 11 6 30 7 29 12 29 13 13 14 15 15 15 16 21 17 10 18 11 19 19 24 15 25 14 26 17 27 27 32 25 33 20 34 23 35 26 4 36 19 37 11 38 15 39 13 
5 4 0 13 1 11 2 24 3 30 20 4 14 5 18 6 23 7 24 8 23 9 23 10 24 11 16 16 19 17 15 18 21 19 19 20 19 21 20 22 27 23 13 28 14 29 17 30 26 31 30 20 8 15 9 25 10 30 11 27 12 17 13 30 14 10 15 29 16 10 17 19 18 17 19 26 20 23 21 12 22 17 23 15 32 27 33 11 34 23 35 28 8 16 28 17 27 18 12 19 29 28 26 29 15 30 26 31 30 4 36 16 37 27 38 15 39 25 
5 4 0 24 1 23 2 25 3 25 4 4 20 5 20 6 25 7 13 28 4 28 5 18 6 18 7 22 8 18 9 12 10 20 11 27 16 29 17 11 18 13 19 17 20 16 21 24 22 19 23 24 24 30 25 13 26 16 27 26 28 25 29 22 30 11 31 27 32 29 33 29 34 27 35 24 28 4 15 5 23 6 15 7 23 8 16 9 30 10 23 11 11 12 20 13 27 14 27 15 24 16 20 17 28 18 21 19 29 20 20 21 10 22 14 23 14 28 11 29 13 30 15 31 23 32 18 33 16 34 22 35 16 4 36 24 37 14 38 19 39 21 
5 4 0 15 1 21 2 24 3 28 24 4 12 5 15 6 19 7 18 8 22 9 28 10 11 11 24 12 25 13 22 14 16 15 19 16 28 17 14 18 18 19 22 24 17 25 10 26 25 27 27 32 30 33 24 34 14 35 11 28 4 24 5 12 6 11 7 24 8 27 9 23 10 11 11 22 16 29 17 16 18 11 19 25 20 20 21 28 22 19 23 11 24 23 25 11 26 16 27 18 28 15 29 25 30 15 31 11 32 28 33 13 34 12 35 19 12 16 29 17 24 18 16 19 12 24 16 25 29 26 17 27 22 28 14 29 13 30 27 31 26 4 36 30 37 22 38 23 39 29 
5 4 0 11 1 27 2 14 3 23 28 4 20 5 12 6 25 7 25 12 21 13 12 14 25 15 11 16 30 17 23 18 24 19 17 20 27 21 13 22 17 23 18 24 19 25 30 26 15 27 30 28 18 29 11 30 15 31 16 32 28 33 22 34 17 35 21 4 4 13 5 15 6 12 7 30 4 4 13 5 29 6 29 7 14 4 36 25 37 21 38 17 39 12 
5 4 0 13 1 30 2 24 3 19 8 4 11 5 17 6 14 7 18 24 15 25 20 26 17 27 29 28 4 12 5 16 6 27 7 14 8 25 9 14 10 28 11 29 16 20 17 25 18 14 19 29 20 28 21 18 22 21 23 21 24 11 25 29 26 12 27 30 28 28 29 21 30 20 31 14 32 30 33 11 34 16 35 17 16 16 11 17 30 18 29 19 13 20 27 21 25 22 16 23 26 24 30 25 14 26 19 27 11 28 19 29 15 30 26 31 20 4 36 19 37 19 38 11 39 22 
5 4 0 17 1 23 2 19 3 12 24 4 24 5 30 6 25 7 13 12 25 13 20 14 24 15 14 16 27 17 21 18 17 19 26 20 17 21 16 22 25 23 12 24 20 25 14 26 22 27 13 32 14 33 23 34 28 35 27 8 24 12 25 25 26 28 27 27 32 19 33 24 34 27 35 29 24 4 22 5 18 6 27 7 10 8 11 9 29 10 25 11 14 16 14 17 22 18 29 19 13 20 16 21 26 22 12 23 30 24 28 25 28 26 10 27 12 32 19 33 21 34 24 35 30 4 36 16 37 22 38 23 39 29 
5 4 0 25 1 10 2 26 3 20 8 4 18 5 19 6 28 7 16 32 28 33 10 34 19 35 16 28 8 27 9 17 10 13 11 20 12 26 13 29 14 13 15 14 16 11 17 27 18 17 19 13 20 25 21 17 22 18 23 18 24 26 25 18 26 11 27 16 28 25 29 24 30 20 31 10 32 22 33 29 34 14 35 14 32 4 21 5 14 6 13 7 29 8 23 9 17 10 21 11 20 12 20 13 18 14 18 15 20 16 26 17 11 18 22 19 13 20 23 21 28 22 20 23 17 24 20 25 30 26 19 27 24 28 19 29 19 30 12 31 26 32 14 33 15 34 14 35 18 4 36 14 37 25 38 18 39 28 
5 4 0 18 1 17 2 24 3 27 8 20 17 21 22 22 10 23 19 24 18 25 27 26 10 27 12 20 8 29 9 24 10 12 11 18 16 17 17 29 18 12 19 19 20 10 21 15 22 29 23 14 24 10 25 27 26 27 27 12 32 26 33 29 34 17 35 30 8 16 15 17 15 18 20 19 20 24 30 25 16 26 13 27 17 4 36 28 37 17 38 18 39 30 
5 4 0 29 1 26 2 16 3 12 8 8 15 9 26 10 10 11 15 32 12 33 19 34 21 35 11 16 4 14 5 10 6 24 7 10 20 21 21 13 22 19 23 21 24 16 25 28 26 28 27 11 28 23 29 22 30 23 31 16 16 4 23 5 30 6 22 7 18 8 25 9 14 10 21 11 26 12 18 13 26 14 14 15 30 28 25 29 24 30 17 31 17 4 36 26 37 17 38 18 39 25 
5 4 0 23 1 19 2 19 3 22 8 16 22 17 24 18 11 19 23 28 24 29 26 30 21 31 17 16 4 16 5 30 6 11 7 16 12 12 13 17 14 22 15 10 16 20 17 20 18 29 19 12 28 14 29 24 30 26 31 29 20 4 29 5 20 6 20 7 27 12 26 13 17 14 20 15 25 16 26 17 29 18 24 19 15 20 30 21 30 22 23 23 29 32 30 33 11 34 20 35 22 4 36 25 37 10 38 23 39 23 
5 4 0 13 1 12 2 20 3 22 12 4 11 5 18 6 26 7 29 20 28 21 14 22 19 23 19 24 12 25 15 26 27 27 16 16 4 12 5 23 6 20 7 23 8 19 9 24 10 14 11 23 12 19 13 21 14 15 15 15 32 10 33 22 34 15 35 15 16 16 20 17 15 18 11 19 26 20 25 21 21 22 25 23 16 24 24 25 10 26 26 27 16 32 23 33 23 34 28 35 24 4 36 13 37 13 38 18 39 29 
5 4 0 18 1 22 2 27 3 15 28 4 26 5 22 6 29 7 28 8 29 9 15 10 27 11 20 16 30 17 18 18 16 19 17 20 26 21 26 22 14 23 30 24 16 25 14 26 30 27 13 28 22 29 17 30 10 31 17 32 24 33 24 34 29 35 26 8 4 30 5 16 6 19 7 19 16 30 17 15 18 19 19 19 20 4 19 5 10 6 16 7 11 12 28 13 17 14 24 15 15 16 21 17 19 18 22 19 13 20 20 21 22 22 28 23 10 28 26 29 25 30 22 31 23 4 36 22 37 14 38 21 39 21 
5 4 0 21 1 28 2 14 3 11 16 4 19 5 21 6 25 7 15 12 23 13 22 14 22 15 22 16 30 17 11 18 20 19 21 32 21 33 18 34 10 35 13 12 12 20 13 13 14 22 15 11 24 24 25 25 26 21 27 13 32 21 33 30 34 29 35 20 24 4 19 5 27 6 14 7 12 8 30 9 11 10 14 11 14 12 21 13 10 14 21 15 27 16 16 17 12 18 19 19 12 24 21 25 25 26 17 27 26 32 30 33 19 34 11 35 26 4 36 11 37 26 38 27 39 10 
5 4 0 20 1 10 2 27 3 12 4 20 11 21 11 22 27 23 16 4 24 12 25 23 26 10 27 18 24 4 30 5 19 6 29 7 13 8 30 9 11 10 18 11 28 16 27 17 25 18 28 19 21 20 13 21 12 22 10 23 21 24 22 25 12 26 29 27 26 28 10 29 10 30 30 31 27 4 36 22 37 29 38 29 39 25 
5 4 0 22 1 11 2 16 3 11 4 8 25 9 15 10 27 11 21 16 4 15 5 15 6 26 7 27 8 16 9 18 10 13 11 28 16 27 17 20 18 30 19 15 32 17 33 17 34 25 35 21 24 8 19 9 16 10 20 11 20 12 28 13 16 14 11 15 16 16 22 17 30 18 22 19 17 20 17 21 15 22 10 23 20 28 10 29 29 30 20 31 28 32 20 33 30 34 12 35 13 4 36 26 37 20 38 12 39 23 
5 4 0 17 1 17 2 27 3 24 20 4 30 5 28 6 17 7 19 8 10 9 12 10 29 11 10 12 30 13 28 14 14 15 12 24 11 25 24 26 24 27 28 28 24 29 11 30 14 31 28 20 4 23 5 10 6 25 7 18 8 14 9 19 10 10 11 17 16 15 17 22 18 25 19 18 24 12 25 30 26 17 27 17 32 11 33 30 34 25 35 24 32 4 15 5 25 6 13 7 22 8 17 9 25 10 14 11 16 12 16 13 19 14 12 15 14 16 25 17 30 18 10 19 16 20 23 21 27 22 29 23 15 24 29 25 13 26 13 27 21 28 28 29 21 30 28 31 21 32 11 33 26 34 13 35 26 4 36 23 37 20 38 27 39 24 
5 4 0 10 1 13 2 15 3 21 8 8 28 9 27 10 24 11 10 16 17 17 11 18 26 19 13 20 12 23 13 30 14 19 15 12 16 16 17 15 18 18 19 18 20 16 21 14 22 30 23 25 28 14 29 19 30 27 31 27 32 24 33 30 34 29 35 10 8 16 17 17 17 18 11 19 10 20 18 21 16 22 22 23 26 4 36 23 37 29 38 23 39 17 
5 4 0 11 1 26 2 11 3 10 16 8 25 9 19 10 26 11 28 16 15 17 24 18 20 19 16 24 30 25 19 26 15 27 18 28 24 29 10 30 21 31 29 32 4 14 5 27 6 28 7 13 8 20 9 10 10 24 11 18 12 29 13 14 14 26 15 11 16 15 17 25 18 25 19 29 20 25 21 18 22 10 23 26 24 25 25 28 26 30 27 24 28 19 29 14 30 18 31 26 32 18 33 26 34 12 35 14 8 20 16 21 30 22 28 23 19 28 25 29 25 30 16 31 30 4 36 30 37 21 38 22 39 30 
5 4 0 17 1 11 2 22 3 29 12 12 20 13 19 14 24 15 30 28 26 29 20 30 26 31 27 32 24 33 22 34 21 35 10 4 16 29 17 13 18 27 19 18 4 28 26 29 11 30 20 31 23 4 36 18 37 23 38 11 39 22 
5 4 0 27 1 20 2 12 3 24 20 4 23 5 24 6 11 7 15 16 22 17 23 18 28 19 30 24 11 25 26 26 28 27 29 28 15 29 28 30 17 31 24 32 13 33 21 34 25 35 16 16 4 16 5 12 6 28 7 21 8 11 9 21 10 28 11 21 20 11 21 20 22 15 23 30 32 14 33 30 34 13 35 22 4 32 29 33 13 34 26 35 17 4 36 19 37 19 38 20 39 30 
5 4 0 17 1 16 2 13 3 28 16 4 18 5 15 6 22 7 15 12 19 13 11 14 26 15 30 24 10 25 19 26 16 27 22 32 25 33 27 34 29 35 29 28 8 28 9 27 10 15 11 25 12 25 13 28 14 11 15 21 16 26 17 21 18 17 19 22 20 30 21 20 22 25 23 12 24 19 25 29 26 15 27 22 28 26 29 17 30 11 31 21 32 25 33 28 34 29 35 14 32 4 14 5 14 6 16 7 24 8 12 9 24 10 16 11 11 12 20 13 23 14 11 15 28 16 21 17 30 18 14 19 29 20 13 21 14 22 18 23 27 24 29 25 11 26 27 27 22 28 22 29 11 30 23 31 21 32 27 33 24 34 22 35 29 4 36 19 37 20 38 22 39 12 
5 4 0 15 1 27 2 13 3 13 12 16 28 17 22 18 18 19 15 20 28 21 13 22 19 23 30 24 29 25 21 26 21 27 29 20 8 17 9 25 10 23 11 22 16 20 17 25 18 28 19 23 20 17 21 20 22 17 23 19 24 28 25 27 26 16 27 19 32 19 33 29 34 11 35 20 8 4 23 5 16 6 14 7 29 24 10 25 14 26 20 27 18 4 36 14 37 11 38 20 39 10 
5 4 0 21 1 28 2 16 3 14 4 32 26 33 13 34 12 35 26 20 4 24 5 26 6 15 7 20 8 30 9 18 10 21 11 21 20 29 21 24 22 27 23 10 28 11 29 21 30 20 31 16 32 19 33 24 34 22 35 27 20 4 17 5 21 6 22 7 22 8 17 9 27 10 22 11 26 12 24 13 26 14 24 15 19 16 26 17 15 18 10 19 10 28 14 29 12 30 22 31 21 4 36 11 37 27 38 18 39 22 
5 4 0 17 1 19 2 18 3 28 4 20 21 21 22 22 10 23 18 28 4 17 5 24 6 12 7 20 8 28 9 23 10 10 11 28 12 18 13 15 14 11 15 19 16 11 17 13 18 23 19 10 24 25 25 12 26 21 27 22 28 24 29 30 30 12 31 24 32 10 33 22 34 20 35 21 20 8 15 9 26 10 27 11 25 12 28 13 30 14 22 15 30 16 13 17 23 18 22 19 26 28 29 29 22 30 13 31 28 32 23 33 27 34 21 35 22 4 36 19 37 22 38 21 39 26 
5 4 0 10 1 19 2 17 3 24 20 8 23 9 23 10 22 11 16 12 24 13 10 14 20 15 13 20 14 21 13 22 12 23 12 28 23 29 23 30 11 31 11 32 14 33 17 34 21 35 17 16 8 12 9 17 10 25 11 26 12 14 13 19 14 24 15 26 16 25 17 28 18 10 19 29 28 14 29 29 30 11 31 17 32 4 26 5 12 6 27 7 22 8 26 9 27 10 22 11 23 12 14 13 10 14 11 15 22 16 30 17 18 18 20 19 11 20 14 21 16 22 11 23 27 24 27 25 24 26 21 27 26 28 14 29 10 30 18 31 28 32 22 33 23 34 14 35 17 4 36 18 37 11 38 24 39 23 
5 4 0 24 1 25 2 26 3 26 32 4 12 5 24 6 27 7 16 8 13 9 28 10 18 11 25 12 22 13 28 14 15 15 26 16 17 17 18 18 10 19 19 20 28 21 13 22 18 23 17 24 29 25 19 26 13 27 25 28 23 29 21 30 26 31 25 32 23 33 15 34 30 35 23 4 4 15 5 10 6 25 7 29 28 4 18 5 11 6 27 7 21 8 13 9 20 10 11 11 26 12 23 13 25 14 19 15 23 16 25 17 11 18 12 19 14 20 27 21 19 22 14 23 17 28 28 29 26 30 13 31 25 32 23 33 24 34 11 35 21 4 36 20 37 22 38 24 39 13 
5 4 0 13 1 20 2 11 3 12 32 4 10 5 12 6 18 7 14 8 18 9 30 10 13 11 10 12 18 13 28 14 20 15 30 16 18 17 21 18 10 19 16 20 10 21 22 22 13 23 23 24 20 25 28 26 28 27 24 28 17 29 26 30 13 31 25 32 30 33 21 34 15 35 11 12 8 16 9 11 10 29 11 16 16 17 17 13 18 21 19 15 28 11 29 25 30 28 31 19 32 4 26 5 16 6 19 7 17 8 24 9 24 10 11 11 30 12 20 13 23 14 28 15 22 16 15 17 20 18 21 19 24 20 14 21 25 22 15 23 24 24 27 25 20 26 10 27 17 28 21 29 14 30 20 31 13 32 29 33 26 34 30 35 16 4 36 10 37 26 38 29 39 25 
5 4 0 14 1 26 2 16 3 28 16 4 22 5 29 6 15 7 18 24 22 25 25 26 26 27 10 28 17 29 22 30 28 31 15 32 22 33 17 34 15 35 10 20 4 14 5 15 6 19 7 14 8 10 9 16 10 20 11 13 12 29 13 30 14 27 15 30 16 20 17 28 18 30 19 17 28 27 29 25 30 19 31 21 8 16 19 17 22 18 30 19 24 20 20 21 28 22 16 23 19 4 36 22 37 20 38 30 39 17 
5 4 0 24 1 11 2 13 3 17 8 16 14 17 23 18 19 19 21 28 28 29 16 30 11 31 20 28 4 27 5 17 6 27 7 18 8 29 9 24 10 10 11 13 12 30 13 26 14 28 15 29 16 15 17 27 18 13 19 27 20 18 21 11 22 23 23 17 24 12 25 28 26 12 27 25 32 16 33 10 34 29 35 17 28 4 21 5 28 6 16 7 14 8 30 9 16 10 19 11 14 12 28 13 15 14 26 15 23 16 20 17 24 18 19 19 21 20 16 21 14 22 27 23 15 28 21 29 11 30 17 31 18 32 18 33 10 34 21 35 12 4 36 13 37 15 38 17 39 17 
5 4 0 22 1 10 2 10 3 12 4 8 12 9 27 10 19 11 13 24 4 15 5 15 6 26 7 23 16 19 17 29 18 21 19 21 20 21 21 22 22 19 23 30 24 18 25 11 26 17 27 25 28 19 29 30 30 20 31 23 32 20 33 10 34 16 35 10 32 4 12 5 21 6 26 7 27 8 25 9 29 10 16 11 23 12 23 13 12 14 19 15 13 16 25 17 21 18 17 19 16 20 12 21 26 22 13 23 15 24 20 25 11 26 10 27 21 28 22 29 15 30 16 31 18 32 29 33 17 34 25 35 29 4 36 30 37 17 38 25 39 29 
5 4 0 15 1 13 2 19 3 28 24 4 22 5 16 6 29 7 23 16 27 17 12 18 11 19 19 20 13 21 30 22 25 23 22 24 15 25 13 26 20 27 13 28 29 29 10 30 11 31 18 32 10 33 19 34 26 35 20 20 4 19 5 12 6 26 7 28 8 25 9 16 10 26 11 29 20 27 21 26 22 23 23 29 24 12 25 14 26 25 27 30 28 14 29 25 30 22 31 14 16 4 28 5 20 6 24 7 15 8 28 9 10 10 12 11 25 24 22 25 17 26 29 27 11 28 27 29 13 30 21 31 20 4 36 19 37 20 38 21 39 29 
5 4 0 28 1 16 2 25 3 30 28 8 28 9 21 10 14 11 23 12 17 13 26 14 15 15 26 16 23 17 19 18 20 19 29 20 22 21 21 22 19 23 19 24 26 25 14 26 18 27 21 28 17 29 27 30 17 31 14 32 21 33 10 34 19 35 28 24 4 27 5 14 6 11 7 25 8 17 9 14 10 23 11 26 12 25 13 22 14 27 15 30 20 23 21 19 22 25 23 14 28 29 29 28 30 18 31 14 32 25 33 25 34 17 35 15 12 12 14 13 10 14 23 15 10 16 24 17 28 18 17 19 10 24 27 25 21 26 15 27 14 4 36 28 37 25 38 27 39 17 
5 4 0 28 1 15 2 14 3 16 20 4 24 5 16 6 23 7 10 8 12 9 17 10 20 11 22 12 27 13 16 14 16 15 27 16 17 17 10 18 29 19 25 20 11 21 17 22 11 23 17 4 20 16 21 25 22 16 23 16 32 4 18 5 18 6 16 7 10 8 21 9 30 10 19 11 29 12 16 13 11 14 25 15 29 16 17 17 26 18 24 19 24 20 12 21 30 22 26 23 19 24 11 25 18 26 28 27 17 28 23 29 12 30 26 31 26 32 28 33 11 34 12 35 11 4 36 28 37 27 38 30 39 22 
5 4 0 15 1 25 2 14 3 20 4 24 26 25 18 26 30 27 28 12 4 11 5 12 6 23 7 27 12 13 13 28 14 11 15 11 28 27 29 11 30 11 31 19 4 32 29 33 10 34 10 35 20 4 36 15 37 18 38 28 39 19 
5 4 0 24 1 25 2 20 3 11 8 12 11 13 17 14 10 15 20 32 13 33 13 34 21 35 15 28 4 29 5 26 6 17 7 12 8 11 9 28 10 20 11 18 16 21 17 18 18 13 19 11 20 15 21 26 22 25 23 18 24 28 25 14 26 23 27 30 28 21 29 15 30 19 31 27 32 25 33 12 34 18 35 15 12 4 28 5 27 6 15 7 29 20 19 21 15 22 10 23 12 32 29 33 21 34 30 35 24 4 36 20 37 22 38 22 39 27 
5 4 0 17 1 11 2 16 3 25 12 4 10 5 23 6 24 7 26 8 24 9 19 10 12 11 13 28 12 29 16 30 23 31 27 4 12 28 13 28 14 14 15 22 32 4 18 5 16 6 27 7 22 8 18 9 23 10 25 11 13 12 20 13 25 14 15 15 24 16 10 17 12 18 30 19 30 20 16 21 13 22 30 23 16 24 19 25 12 26 23 27 21 28 22 29 18 30 21 31 21 32 15 33 20 34 17 35 13 4 36 20 37 30 38 21 39 22 
5 4 0 16 1 28 2 29 3 18 12 12 26 13 30 14 11 15 18 20 18 21 28 22 22 23 20 28 18 29 17 30 25 31 14 12 16 10 17 22 18 20 19 19 24 23 25 29 26 22 27 20 28 17 29 13 30 21 31 13 32 4 29 5 10 6 19 7 23 8 22 9 25 10 17 11 29 12 15 13 18 14 23 15 18 16 27 17 20 18 27 19 23 20 23 21 25 22 20 23 25 24 21 25 21 26 27 27 30 28 16 29 28 30 11 31 17 32 29 33 30 34 18 35 11 4 36 19 37 26 38 15 39 19 
5 4 0 23 1 12 2 28 3 25 24 8 20 9 21 10 12 11 30 16 26 17 10 18 11 19 30 20 12 21 14 22 20 23 15 24 15 25 23 26 13 27 12 28 15 29 21 30 28 31 30 32 15 33 22 34 11 35 28 28 4 11 5 21 6 20 7 20 8 11 9 22 10 19 11 19 12 10 13 25 14 15 15 23 16 12 17 23 18 17 19 14 24 21 25 24 26 25 27 30 28 10 29 14 30 30 31 21 32 24 33 23 34 19 35 13 12 4 16 5 23 6 11 7 21 12 12 13 11 14 29 15 17 20 10 21 12 22 17 23 11 4 36 27 37 19 38 26 39 21 
5 4 0 21 1 10 2 15 3 10 12 4 28 5 10 6 28 7 19 8 27 9 10 10 22 11 28 12 16 13 21 14 14 15 18 20 4 27 5 24 6 19 7 22 8 10 9 29 10 12 11 10 12 13 13 14 14 30 15 13 16 16 17 28 18 25 19 27 20 12 21 20 22 13 23 11 20 4 26 5 12 6 22 7 18 8 18 9 16 10 14 11 15 16 20 17 21 18 17 19 26 20 28 21 21 22 27 23 12 28 29 29 10 30 13 31 13 4 36 19 37 25 38 25 39 24 
5 4 0 29 1 12 2 10 3 27 20 4 14 5 22 6 12 7 11 12 29 13 17 14 25 15 14 16 20 17 19 18 15 19 15 28 22 29 16 30 29 31 17 32 29 33 16 34 24 35 21 24 4 13 5 27 6 11 7 23 8 18 9 21 10 16 11 18 12 29 13 18 14 23 15 25 16 20 17 22 18 30 19 25 20 17 21 17 22 19 23 25 32 16 33 16 34 29 35 10 12 4 19 5 23 6 12 7 24 24 19 25 14 26 28 27 26 32 13 33 21 34 26 35 30 4 36 28 37 23 38 29 39 26 
5 4 0 15 1 18 2 24 3 22 24 4 21 5 24 6 10 7 11 8 21 9 30 10 23 11 30 20 18 21 16 22 26 23 13 24 28 25 21 26 21 27 21 28 24 29 26 30 26 31 17 32 11 33 28 34 19 35 12 24 8 11 9 21 10 12 11 15 12 15 13 29 14 15 15 11 16 25 17 14 18 27 19 21 20 21 21 19 22 19 23 15 24 28 25 13 26 14 27 25 32 17 33 24 34 17 35 27 4 12 18 13 21 14 17 15 14 4 36 25 37 18 38 18 39 28 
5 4 0 11 1 29 2 12 3 27 12 4 24 5 16 6 12 7 11 8 22 9 11 10 24 11 10 24 21 25 13 26 30 27 29 8 28 20 29 14 30 29 31 14 32 21 33 28 34 10 35 18 8 8 27 9 13 10 30 11 19 24 12 25 30 26 14 27 18 4 36 28 37 29 38 12 39 19 
5 4 0 23 1 25 2 15 3 27 24 4 26 5 14 6 10 7 10 12 30 13 24 14 20 15 25 16 29 17 26 18 28 19 20 24 30 25 23 26 29 27 12 28 13 29 14 30 30 31 22 32 11 33 28 34 18 35 21 16 4 22 5 22 6 30 7 23 12 20 13 25 14 11 15 26 28 22 29 23 30 29 31 29 32 20 33 16 34 29 35 10 8 20 15 21 25 22 29 23 11 28 28 29 17 30 17 31 26 4 36 20 37 23 38 26 39 23 
5 4 0 29 1 28 2 15 3 19 24 4 14 5 10 6 17 7 29 12 30 13 28 14 12 15 13 16 16 17 14 18 25 19 16 20 20 21 14 22 21 23 30 24 20 25 11 26 14 27 11 28 14 29 26 30 26 31 16 12 8 13 9 24 10 14 11 12 12 30 13 25 14 12 15 27 32 11 33 20 34 13 35 10 20 4 19 5 16 6 10 7 11 12 26 13 17 14 14 15 11 16 20 17 13 18 18 19 11 20 17 21 13 22 23 23 15 24 12 25 14 26 10 27 11 4 36 14 37 19 38 26 39 10 
5 4 0 12 1 24 2 25 3 25 24 4 21 5 24 6 23 7 27 8 25 9 11 10 24 11 10 12 28 13 16 14 10 15 15 16 10 17 10 18 12 19 24 24 22 25 10 26 15 27 13 28 27 29 20 30 28 31 22 32 4 10 5 26 6 26 7 10 8 11 9 13 10 23 11 11 12 28 13 16 14 16 15 23 16 10 17 13 18 15 19 19 20 29 21 17 22 17 23 25 24 30 25 21 26 15 27 29 28 17 29 27 30 29 31 13 32 18 33 13 34 22 35 19 12 4 20 5 23 6 26 7 24 12 13 13 17 14 10 15 22 28 10 29 14 30 29 31 15 4 36 20 37 29 38 30 39 11 
5 4 0 18 1 21 2 14 3 20 8 20 11 21 11 22 26 23 20 32 26 33 16 34 18 35 17 12 4 29 5 30 6 27 7 30 16 27 17 20 18 20 19 17 28 16 29 20 30 28 31 26 20 4 20 5 30 6 29 7 17 8 20 9 16 10 13 11 25 16 11 17 13 18 22 19 21 24 24 25 26 26 24 27 22 28 24 29 22 30 10 31 19 4 36 21 37 13 38 10 39 21 
5 4 0 11 1 18 2 17 3 30 32 4 26 5 19 6 15 7 17 8 24 9 21 10 30 11 23 12 21 13 30 14 28 15 25 16 18 17 13 18 20 19 20 20 26 21 16 22 26 23 10 24 28 25 18 26 14 27 24 28 19 29 17 30 14 31 26 32 28 33 29 34 16 35 23 8 8 22 9 19 10 25 11 29 32 15 33 11 34 14 35 29 32 4 27 5 17 6 15 7 12 8 11 9 15 10 17 11 29 12 11 13 16 14 28 15 30 16 20 17 14 18 23 19 18 20 24 21 17 22 23 23 28 24 17 25 16 26 20 27 25 28 28 29 20 30 25 31 21 32 11 33 15 34 28 35 23 4 36 14 37 26 38 14 39 17 
5 4 0 15 1 16 2 28 3 25 32 4 19 5 21 6 27 7 22 8 29 9 18 10 12 11 11 12 13 13 15 14 10 15 15 16 30 17 28 18 21 19 30 20 18 21 14 22 24 23 10 24 15 25 18 26 22 27 23 28 12 29 13 30 29 31 18 32 18 33 13 34 18 35 23 8 16 17 17 13 18 20 19 21 20 24 21 10 22 28 23 26 4 32 20 33 26 34 27 35 18 4 36 14 37 16 38 18 39 30 
5 4 0 16 1 14 2 23 3 28 20 4 10 5 28 6 27 7 10 12 18 13 18 14 21 15 22 16 30 17 13 18 25 19 17 24 17 25 10 26 27 27 21 32 18 33 24 34 10 35 13 20 12 26 13 12 14 27 15 30 16 11 17 29 18 15 19 13 20 29 21 18 22 28 23 25 24 17 25 30 26 29 27 13 28 11 29 18 30 21 31 22 28 4 17 5 10 6 21 7 15 8 10 9 14 10 19 11 30 16 22 17 23 18 28 19 24 20 15 21 12 22 12 23 30 24 16 25 27 26 25 27 19 28 28 29 28 30 14 31 30 32 17 33 19 34 23 35 12 4 36 29 37 22 38 22 39 14 
5 4 0 18 1 25 2 21 3 20 32 4 30 5 15 6 16 7 19 8 12 9 27 10 14 11 16 12 16 13 14 14 28 15 26 16 15 17 23 18 23 19 30 20 17 21 30 22 26 23 17 24 27 25 19 26 13 27 16 28 20 29 28 30 17 31 14 32 22 33 23 34 14 35 19 8 28 25 29 16 30 18 31 17 32 27 33 24 34 21 35 19 8 12 27 13 24 14 15 15 19 20 14 21 22 22 25 23 30 4 36 30 37 16 38 29 39 21 
5 4 0 21 1 24 2 18 3 13 24 8 25 9 26 10 17 11 19 12 10 13 22 14 27 15 16 20 24 21 27 22 22 23 27 24 12 25 17 26 11 27 30 28 19 29 20 30 11 31 20 32 29 33 10 34 20 35 26 12 4 29 5 28 6 22 7 25 8 19 9 30 10 21 11 23 20 29 21 19 22 20 23 28 16 8 21 9 17 10 28 11 13 12 10 13 30 14 16 15 14 28 10 29 15 30 10 31 24 32 17 33 18 34 11 35 10 4 36 27 37 28 38 20 39 23 
5 4 0 20 1 10 2 26 3 16 24 4 24 5 26 6 20 7 18 12 11 13 22 14 10 15 29 16 26 17 13 18 20 19 14 24 18 25 16 26 15 27 21 28 20 29 29 30 29 31 17 32 25 33 24 34 14 35 20 32 4 17 5 25 6 21 7 14 8 30 9 11 10 18 11 21 12 22 13 15 14 24 15 16 16 29 17 16 18 15 19 11 20 12 21 28 22 21 23 23 24 13 25 16 26 20 27 11 28 27 29 20 30 19 31 24 32 29 33 25 34 19 35 24 4 16 30 17 29 18 17 19 20 4 36 30 37 26 38 28 39 26 
5 4 0 20 1 18 2 30 3 17 20 4 11 5 19 6 24 7 27 8 10 9 19 10 14 11 29 20 30 21 11 22 22 23 18 24 13 25 30 26 14 27 15 28 27 29 21 30 25 31 28 24 8 17 9 16 10 30 11 23 12 20 13 20 14 14 15 16 16 15 17 16 18 18 19 17 20 16 21 30 22 24 23 23 24 16 25 28 26 29 27 22 32 29 33 26 34 29 35 20 8 4 18 5 29 6 12 7 22 32 13 33 22 34 26 35 30 4 36 12 37 17 38 17 39 13 
5 4 0 14 1 17 2 20 3 25 12 4 27 5 14 6 28 7 27 8 15 9 12 10 10 11 15 28 16 29 21 30 26 31 18 8 4 17 5 11 6 25 7 21 32 17 33 12 34 11 35 22 12 8 28 9 14 10 12 11 13 16 21 17 10 18 28 19 30 28 13 29 29 30 29 31 20 4 36 12 37 27 38 23 39 23 
5 4 0 20 1 28 2 10 3 12 4 16 13 17 25 18 20 19 30 8 24 27 25 30 26 11 27 10 28 16 29 28 30 14 31 28 12 8 20 9 21 10 22 11 21 12 22 13 27 14 12 15 25 16 19 17 29 18 14 19 27 4 36 15 37 15 38 10 39 19 
5 4 0 11 1 28 2 23 3 16 20 4 28 5 26 6 13 7 18 8 15 9 15 10 12 11 30 16 29 17 15 18 14 19 16 20 28 21 26 22 26 23 17 24 27 25 28 26 14 27 23 8 24 25 25 11 26 20 27 22 32 19 33 19 34 15 35 28 32 4 28 5 18 6 11 7 13 8 27 9 28 10 18 11 18 12 24 13 29 14 18 15 14 16 22 17 24 18 10 19 27 20 21 21 25 22 19 23 11 24 28 25 25 26 30 27 18 28 23 29 25 30 21 31 18 32 28 33 27 34 24 35 25 4 36 14 37 15 38 26 39 29 
5 4 0 28 1 14 2 12 3 30 12 12 12 13 10 14 27 15 24 24 14 25 22 26 25 27 10 28 16 29 10 30 10 31 30 16 8 21 9 23 10 12 11 19 16 28 17 18 18 11 19 21 24 28 25 21 26 27 27 14 28 25 29 30 30 24 31 16 28 4 26 5 12 6 24 7 19 12 19 13 23 14 27 15 21 16 12 17 12 18 27 19 30 20 11 21 16 22 20 23 27 24 14 25 11 26 17 27 15 28 26 29 24 30 16 31 29 32 12 33 26 34 15 35 26 4 36 15 37 14 38 23 39 28 
5 4 0 13 1 18 2 27 3 14 24 4 15 5 20 6 23 7 20 8 21 9 23 10 10 11 20 12 28 13 18 14 19 15 13 16 21 17 28 18 22 19 11 20 28 21 12 22 23 23 29 32 13 33 22 34 16 35 22 20 4 17 5 11 6 23 7 21 20 22 21 19 22 17 23 13 24 15 25 21 26 17 27 18 28 16 29 28 30 30 31 16 32 22 33 18 34 14 35 22 8 16 10 17 16 18 12 19 11 20 24 21 18 22 29 23 25 4 36 21 37 23 38 24 39 17 
5 4 0 21 1 21 2 24 3 11 28 8 22 9 20 10 15 11 25 12 16 13 22 14 22 15 17 16 24 17 26 18 24 19 25 20 22 21 16 22 15 23 18 24 17 25 23 26 12 27 15 28 14 29 24 30 22 31 15 32 22 33 17 34 15 35 17 28 4 12 5 22 6 29 7 16 12 25 13 26 14 16 15 18 16 22 17 13 18 11 19 10 20 25 21 14 22 28 23 17 24 21 25 30 26 15 27 12 28 14 29 19 30 23 31 12 32 11 33 27 34 14 35 25 12 8 16 9 15 10 18 11 29 12 27 13 15 14 15 15 16 16 13 17 29 18 21 19 26 4 36 25 37 26 38 28 39 18 
5 4 0 20 1 17 2 26 3 25 4 28 13 29 10 30 14 31 27 8 4 19 5 23 6 16 7 24 32 25 33 26 34 13 35 25 12 8 28 9 16 10 23 11 30 16 21 17 29 18 20 19 27 20 12 21 27 22 30 23 30 4 36 24 37 27 38 14 39 19 
5 4 0 30 1 12 2 22 3 14 20 4 13 5 16 6 25 7 27 16 14 17 27 18 15 19 28 20 25 21 28 22 25 23 10 28 18 29 13 30 25 31 21 32 30 33 17 34 30 35 24 24 8 15 9 29 10 13 11 16 12 16 13 20 14 27 15 30 16 26 17 21 18 24 19 24 20 15 21 26 22 16 23 30 24 22 25 10 26 23 27 29 28 22 29 11 30 21 31 15 4 8 26 9 21 10 10 11 20 4 36 16 37 15 38 23 39 20 
5 4 0 30 1 21 2 17 3 18 24 4 17 5 29 6 14 7 19 8 19 9 11 10 10 11 24 16 30 17 27 18 27 19 12 20 19 21 23 22 17 23 10 28 27 29 28 30 16 31 13 32 30 33 14 34 28 35 20 16 4 20 5 30 6 20 7 10 20 23 21 29 22 27 23 30 28 14 29 22 30 18 31 30 32 30 33 15 34 11 35 21 24 4 24 5 24 6 10 7 10 8 10 9 23 10 21 11 27 12 21 13 16 14 13 15 18 16 20 17 30 18 13 19 12 20 12 21 17 22 18 23 13 24 27 25 12 26 29 27 25 4 36 18 37 23 38 10 39 10 
5 4 0 17 1 27 2 28 3 12 24 8 22 9 13 10 18 11 29 12 24 13 20 14 24 15 22 16 12 17 18 18 26 19 29 20 16 21 14 22 17 23 24 28 24 29 24 30 30 31 19 32 28 33 15 34 13 35 24 32 4 30 5 22 6 10 7 20 8 25 9 22 10 17 11 25 12 27 13 20 14 27 15 19 16 16 17 28 18 29 19 10 20 26 21 10 22 20 23 16 24 16 25 22 26 28 27 20 28 27 29 25 30 14 31 27 32 28 33 15 34 24 35 16 24 4 10 5 13 6 22 7 18 8 22 9 14 10 29 11 11 16 11 17 10 18 15 19 18 20 10 21 17 22 18 23 14 28 22 29 20 30 15 31 21 32 29 33 11 34 10 35 12 4 36 23 37 26 38 16 39 29 
5 4 0 19 1 30 2 16 3 23 4 4 15 5 28 6 30 7 30 24 8 12 9 27 10 25 11 12 12 30 13 28 14 30 15 22 16 11 17 19 18 23 19 15 20 15 21 15 22 14 23 21 28 15 29 22 30 24 31 16 32 23 33 29 34 14 35 10 4 12 26 13 13 14 10 15 16 4 36 29 37 13 38 29 39 18 
5 4 0 14 1 16 2 12 3 29 32 4 21 5 20 6 14 7 10 8 11 9 10 10 22 11 10 12 29 13 24 14 17 15 29 16 14 17 24 18 29 19 24 20 24 21 11 22 25 23 23 24 20 25 30 26 14 27 30 28 11 29 19 30 26 31 21 32 25 33 15 34 19 35 12 8 8 29 9 29 10 18 11 28 12 21 13 25 14 27 15 21 4 20 28 21 24 22 29 23 12 4 36 28 37 25 38 17 39 15 
5 4 0 11 1 17 2 24 3 24 4 28 12 29 15 30 16 31 11 24 4 19 5 28 6 25 7 30 8 20 9 11 10 13 11 23 16 12 17 26 18 26 19 11 20 12 21 30 22 15 23 28 28 17 29 23 30 14 31 23 32 26 33 24 34 22 35 12 16 4 14 5 10 6 18 7 11 12 15 13 14 14 24 15 19 24 14 25 21 26 27 27 17 32 20 33 27 34 19 35 12 4 36 26 37 12 38 20 39 14 
5 4 0 23 1 18 2 22 3 14 12 16 18 17 24 18 22 19 11 20 12 21 11 22 15 23 29 32 27 33 30 34 17 35 28 4 32 18 33 22 34 15 35 19 8 12 10 13 11 14 18 15 27 16 24 17 12 18 28 19 12 4 36 17 37 14 38 16 39 17 
5 4 0 18 1 10 2 25 3 13 16 4 18 5 23 6 21 7 21 12 12 13 27 14 19 15 21 16 19 17 23 18 26 19 20 24 23 25 16 26 12 27 25 4 4 19 5 28 6 25 7 22 28 4 23 5 18 6 17 7 11 8 25 9 11 10 24 11 25 12 20 13 18 14 18 15 27 20 22 21 10 22 27 23 17 24 26 25 27 26 17 27 16 28 22 29 13 30 19 31 12 32 16 33 27 34 18 35 27 4 36 16 37 26 38 27 39 21 
5 4 0 21 1 27 2 22 3 18 24 4 30 5 15 6 18 7 25 12 19 13 10 14 21 15 30 16 18 17 12 18 21 19 18 20 14 21 30 22 21 23 10 24 28 25 29 26 10 27 25 32 13 33 21 34 11 35 13 20 8 22 9 10 10 30 11 22 12 20 13 11 14 22 15 17 20 29 21 11 22 16 23 27 24 13 25 11 26 10 27 19 28 23 29 16 30 16 31 22 28 4 21 5 28 6 15 7 20 8 25 9 20 10 26 11 28 12 26 13 12 14 21 15 26 16 13 17 16 18 18 19 19 20 11 21 12 22 22 23 12 24 26 25 19 26 16 27 26 28 13 29 25 30 20 31 19 4 36 19 37 19 38 18 39 13 
5 4 0 10 1 22 2 14 3 18 8 16 23 17 18 18 14 19 27 28 21 29 27 30 28 31 14 16 20 21 21 13 22 16 23 28 24 21 25 16 26 25 27 15 28 10 29 24 30 26 31 12 32 19 33 10 34 24 35 16 8 8 19 9 20 10 27 11 12 12 15 13 21 14 16 15 24 4 36 18 37 20 38 18 39 27 
5 4 0 16 1 14 2 12 3 27 12 8 15 9 23 10 23 11 30 16 26 17 10 18 27 19 16 24 10 25 28 26 13 27 15 4 20 11 21 11 22 28 23 11 32 4 16 5 15 6 29 7 17 8 29 9 23 10 17 11 24 12 21 13 10 14 23 15 25 16 23 17 19 18 28 19 10 20 17 21 11 22 28 23 24 24 27 25 10 26 22 27 19 28 12 29 27 30 15 31 20 32 27 33 21 34 12 35 24 4 36 25 37 17 38 11 39 23 
5 4 0 29 1 18 2 21 3 13 32 4 20 5 10 6 24 7 10 8 23 9 19 10 18 11 17 12 13 13 12 14 26 15 15 16 11 17 13 18 16 19 16 20 15 21 11 22 13 23 13 24 16 25 26 26 24 27 11 28 30 29 16 30 22 31 29 32 23 33 17 34 19 35 18 20 4 24 5 16 6 30 7 11 12 30 13 28 14 24 15 15 24 21 25 16 26 19 27 22 28 23 29 19 30 22 31 13 32 22 33 28 34 28 35 27 20 4 16 5 16 6 16 7 16 12 17 13 17 14 23 15 12 16 30 17 25 18 12 19 14 24 21 25 17 26 23 27 28 32 21 33 12 34 21 35 13 4 36 29 37 17 38 24 39 15 
5 4 0 17 1 22 2 26 3 16 4 16 15 17 17 18 25 19 18 32 4 10 5 12 6 28 7 13 8 12 9 27 10 26 11 13 12 30 13 26 14 16 15 22 16 29 17 22 18 19 19 30 20 22 21 22 22 30 23 16 24 20 25 16 26 12 27 19 28 10 29 14 30 22 31 10 32 11 33 18 34 15 35 26 20 4 22 5 16 6 16 7 15 8 24 9 27 10 19 11 29 12 23 13 28 14 17 15 22 20 11 21 12 22 22 23 19 24 27 25 25 26 14 27 22 4 36 24 37 21 38 27 39 15 
5 4 0 20 1 28 2 25 3 24 32 4 12 5 11 6 14 7 30 8 25 9 16 10 28 11 15 12 10 13 20 14 19 15 21 16 21 17 16 18 18 19 15 20 27 21 29 22 28 23 16 24 22 25 24 26 29 27 29 28 20 29 29 30 26 31 13 32 17 33 15 34 27 35 14 12 8 13 9 15 10 11 11 25 20 11 21 24 22 18 23 23 24 10 25 29 26 21 27 24 28 4 11 5 24 6 20 7 30 12 24 13 14 14 16 15 30 16 26 17 28 18 14 19 20 20 21 21 18 22 23 23 23 24 16 25 24 26 27 27 17 28 30 29 10 30 17 31 11 32 28 33 28 34 18 35 14 4 36 16 37 25 38 17 39 27 
5 4 0 15 1 12 2 15 3 21 24 8 21 9 27 10 19 11 26 16 12 17 10 18 24 19 15 20 14 21 28 22 18 23 11 24 25 25 28 26 14 27 25 28 18 29 29 30 15 31 19 32 11 33 21 34 22 35 20 12 4 30 5 15 6 27 7 24 16 15 17 16 18 15 19 28 20 14 21 17 22 22 23 20 20 8 17 9 25 10 19 11 11 12 24 13 11 14 15 15 16 20 21 21 11 22 11 23 10 28 14 29 25 30 21 31 27 32 10 33 13 34 11 35 30 4 36 17 37 21 38 15 39 30 

Dynamic Events
Machine Breakdowns (x y z): Machine {x} breakdown from time {y} to {z}
0 113 228
1 46 161
2 111 226
3 82 197
4 522 637
5 203 318
6 506 588
7 409 518
8 574 689
9 138 253
10 467 582
11 552 667
12 557 672
13 519 634
14 249 354
14 572 677
15 375 490
16 165 280
17 452 567
18 470 585
19 566 643
20 371 486
21 386 501
22 64 156
22 420 535
23 509 624
24 346 461
25 63 147
25 574 689
26 200 315
27 574 685
28 557 657
29 391 506
30 374 489
31 28 136
31 576 691
32 529 637
33 384 499
34 347 437
35 58 173
36 213 328
37 391 486
38 430 538
39 522 619

Added Jobs (first number is the time at which the job is added, then pairs of machines and process time)
226: 5 10 4 24 16 20 30 25 23 24 34 17 29 11 9 23 13 12 24 16 3 23 7 30 12 25 25 32 25 7 25 35 21 34 21 5 15 6 23 15 39 10 29 29 22 12 19 23 8 13 10 5 25 10 16 28 14 38 17 18 13 19 14 11 12 31 17 25 30 29 11 29 21 18 19 20 7 18 12 24 3 11 17 28 22 30 13 22 34 12 28 25 1 22 11 21 29 13 8 28 38 26 6 21 35 25 20 11 0 20 36 14 10 26 18 28 16 20 15 10 26 20 9 12 24 25 5 21 30 23 
92: 5 32 24 10 15 17 36 16 10 17 5 29 19 12 12 30 22 22 25 13 6 10 1 21 37 30 20 29 8 28 13 10 33 28 2 25 14 17 32 26 3 11 9 26 28 11 29 13 30 21 31 30 38 19 0 28 4 10 26 14 34 10 16 13 35 25 21 36 13 10 28 9 18 7 23 39 17 32 23 21 28 29 30 8 13 13 19 33 24 1 21 16 21 2 28 5 16 19 11 20 25 4 21 23 12 17 11 15 20 29 4 19 37 15 30 26 10 13 32 21 29 29 18 21 39 23 8 13 9 19 36 19 28 22 12 27 13 21 22 17 6 21 34 23 20 16 0 18 21 11 5 22 3 12 31 22 24 15 19 11 35 24 23 21 33 15 7 18 11 38 11 19 18 12 21 5 22 14 27 21 10 1 12 34 14 32 27 11 16 29 14 27 38 14 14 13 26 14 4 11 9 27 29 19 11 28 21 20 16 12 35 16 13 19 2 14 8 13 18 30 24 12 7 12 22 27 19 26 34 22 15 21 36 24 27 21 37 17 33 30 28 17 23 24 32 26 
214: 5 29 1 26 17 24 15 23 25 12 29 26 10 23 22 20 32 11 3 28 33 11 13 21 28 11 39 13 27 23 5 24 6 17 26 10 9 22 34 12 36 19 8 25 12 11 7 24 20 22 2 20 31 17 38 27 37 27 35 17 29 23 28 19 22 14 23 15 19 27 20 20 17 2 15 1 29 39 12 7 22 0 21 9 11 29 25 21 17 16 25 17 16 8 13 24 16 13 16 6 10 11 12 3 18 22 16 37 10 25 26 26 11 36 24 33 18 12 15 32 6 26 13 22 33 25 5 13 11 11 0 18 22 23 31 24 1 18 18 20 8 12 4 13 19 16 29 24 10 30 23 14 12 26 38 11 32 25 20 15 21 21 36 15 35 27 39 10 30 11 7 22 2 24 3 28 37 14 25 30 14 27 15 30 21 19 15 15 29 31 24 1 10 5 24 27 28 10 24 33 19 35 13 21 30 38 30 14 28 32 29 7 23 30 24 16 30 9 18 23 26 3 15 17 23 8 21 22 38 29 33 15 16 15 35 26 30 29 13 21 26 28 11 30 1 27 31 23 15 29 27 22 14 15 12 26 3 28 34 21 18 30 17 26 4 16 6 25 25 27 32 27 
142: 5 5 18 27 13 23 34 13 9 24 12 12 21 34 26 16 11 14 27 29 14 17 24 24 28 10 23 35 12 11 11 22 22 36 29 1 26 12 15 20 16 33 27 28 10 31 16 23 20 5 22 21 13 4 12 24 10 17 28 25 4 25 9 28 29 11 37 30 34 30 7 21 0 29 15 26 39 14 30 11 17 28 23 28 25 30 11 19 33 28 2 23 14 23 24 28 19 20 32 16 26 14 20 10 24 9 27 14 23 35 15 20 17 11 20 4 29 36 13 1 11 38 22 32 28 24 29 15 28 33 28 39 27 6 17 34 30 29 21 8 25 12 28 26 12 30 29 37 21 23 21 13 29 24 21 17 29 23 4 26 18 21 36 26 5 16 17 30 24 28 25 14 30 22 12 17 31 19 6 24 22 19 14 14 11 15 19 24 26 19 35 10 37 13 27 29 8 16 10 20 15 17 
210: 5 11 23 14 17 22 5 24 0 12 13 15 9 16 39 30 4 23 8 15 34 20 16 16 19 7 19 18 21 17 23 19 21 15 27 30 26 16 10 29 12 26 27 25 30 22 11 13 30 31 28 32 18 38 21 0 17 24 10 14 26 1 22 5 1 14 27 11 26 19 6 21 2 13 21 30 21 12 16 21 23 29 13 11 21 6 21 36 16 27 24 20 25 26 11 2 11 22 20 39 13 14 25 25 14 13 10 32 10 18 18 37 21 28 28 17 13 24 15 19 24 28 28 21 35 10 17 25 29 13 37 22 0 16 6 29 20 26 25 24 18 22 9 12 16 19 3 14 30 29 1 18 38 12 26 12 7 28 19 20 5 26 8 22 31 24 
78: 5 24 6 15 21 22 8 25 3 21 2 24 31 14 30 18 7 23 29 17 28 18 24 30 0 20 35 24 15 10 14 23 11 13 26 14 5 29 1 15 16 25 32 24 38 20 4 19 39 20 26 28 28 25 14 34 12 22 29 1 19 30 18 36 12 11 21 21 18 20 15 32 15 23 17 38 27 7 21 27 17 4 18 9 24 6 29 29 20 39 24 33 21 31 23 0 27 10 28 19 30 13 17 27 17 21 11 13 33 26 21 28 2 23 6 26 32 10 14 23 22 29 39 13 16 21 20 16 13 24 9 27 27 21 7 23 15 30 5 29 0 29 28 22 4 23 18 21 25 18 19 13 31 27 37 22 1 29 14 13 27 2 13 14 11 28 16 27 16 15 14 33 23 21 22 20 26 11 20 18 28 4 25 31 16 1 22 27 9 23 18 24 2 17 14 11 11 11 3 16 0 23 6 29 33 26 32 21 22 12 37 26 20 17 25 30 17 22 23 28 7 28 1 20 4 18 35 22 19 21 31 30 28 20 30 12 34 27 24 27 21 21 
144: 5 6 31 17 18 26 10 26 16 18 2 23 23 16 32 9 27 34 28 28 15 0 17 25 26 13 19 5 20 26 25 32 29 27 22 3 18 20 27 39 30 36 30 33 21 8 10 30 17 19 20 23 11 11 28 24 20 4 21 38 12 7 15 1 16 22 25 31 18 6 15 29 17 14 30 18 10 21 22 6 17 29 39 18 34 17 26 15 13 15 37 25 30 20 28 18 15 17 24 38 25 24 15 12 15 3 23 32 16 7 29 34 15 21 30 15 27 28 15 14 12 35 13 27 28 13 28 1 23 31 23 5 25 2 25 11 15 33 30 10 18 19 18 9 29 29 21 23 27 37 27 6 27 30 0 29 33 18 3 10 37 30 20 21 38 13 16 12 5 10 39 27 19 18 30 22 23 24 34 28 15 15 21 22 31 11 25 29 26 13 6 27 12 13 7 13 29 13 22 25 17 15 18 19 9 12 35 18 10 27 13 20 8 16 
227: 5 4 39 30 2 10 16 26 36 14 17 10 10 36 20 29 23 31 28 15 12 33 22 34 19 20 17 9 16 17 11 0 27 2 18 28 10 11 24 22 14 16 25 25 15 7 1 29 24 14 27 18 5 17 28 13 12 24 35 16 28 0 15 32 30 39 12 10 29 23 16 13 24 18 20 38 28 34 21 25 22 4 26 17 25 16 20 14 29 28 17 31 23 7 16 27 22 15 10 8 21 9 11 2 27 3 29 12 12 6 17 29 27 26 24 24 10 8 27 10 20 18 6 23 10 29 33 28 5 25 21 11 18 13 
54: 5 18 8 18 15 16 13 18 32 11 39 14 2 28 12 24 4 20 23 26 25 26 31 11 30 12 5 24 10 14 38 18 11 18 22 15 29 16 28 26 27 21 23 24 15 10 11 7 28 32 19 31 22 38 28 36 20 3 28 4 21 20 25 28 15 39 23 14 12 23 29 17 25 18 14 8 21 1 14 2 13 30 16 37 17 35 14 33 18 11 24 12 26 27 22 18 33 29 4 10 17 14 10 15 14 22 3 21 13 26 5 30 6 22 23 21 39 25 24 21 38 10 19 23 27 17 28 21 29 23 26 21 21 5 13 8 21 14 18 27 22 32 28 31 18 34 16 11 18 21 15 18 15 2 11 3 29 1 20 39 13 28 11 6 24 12 20 13 17 33 17 26 27 10 30 13 3 22 20 29 38 13 27 22 31 11 33 16 1 20 29 16 13 10 26 22 36 13 22 23 2 19 
156: 5 29 2 12 39 28 32 11 18 26 24 15 36 16 4 22 9 16 34 11 25 15 11 24 1 18 38 26 10 13 21 18 15 12 31 21 17 11 37 18 8 25 6 10 30 19 3 17 22 29 0 15 33 21 35 19 29 19 12 19 11 10 29 0 17 39 27 36 11 25 16 1 24 7 17 17 24 14 13 12 14 23 11 31 11 19 38 12 23 11 37 15 19 26 16 11 24 22 26 19 30 10 18 24 5 18 22 21 33 16 15 29 21 21 25 23 17 17 35 30 6 16 12 29 34 28 10 26 20 22 9 15 27 10 31 26 29 21 4 12 28 29 8 22 39 17 21 6 24 14 10 15 15 39 20 7 14 20 23 2 11 28 20 19 28 23 24 25 28 27 30 1 29 29 12 11 15 18 13 9 24 8 27 10 16 26 15 4 19 26 34 16 27 10 18 10 36 27 39 29 16 26 5 29 8 29 35 23 9 29 21 29 3 28 20 30 7 11 38 26 19 11 13 12 30 13 32 28 24 13 0 26 1 26 37 25 2 24 29 17 17 11 
207: 5 13 26 26 14 18 5 17 18 11 9 22 12 17 37 27 3 20 25 20 0 19 19 12 20 18 24 26 19 16 15 31 23 15 18 20 13 21 12 9 30 1 13 29 12 36 19 6 30 7 17 27 14 2 21 38 22 33 22 18 10 14 30 10 11 24 10 28 21 29 1 19 15 13 29 23 23 21 11 16 9 22 5 19 2 21 39 18 19 20 12 10 8 16 36 15 27 24 10 18 17 13 35 19 38 30 13 17 7 30 31 14 33 30 20 30 22 23 24 28 3 19 25 20 31 19 21 2 14 28 22 21 20 34 17 23 18 27 22 24 11 35 28 37 17 31 14 9 16 1 13 33 27 25 15 18 14 32 10 38 13 11 27 36 23 17 18 3 28 30 22 4 26 15 29 7 13 0 18 39 10 6 18 10 23 26 21 19 14 26 34 16 17 12 0 25 18 21 3 11 35 27 10 12 16 10 38 22 33 10 11 23 37 17 32 30 5 15 8 24 21 24 27 17 28 13 
48: 5 31 28 10 39 27 19 27 18 28 31 21 27 23 21 16 11 19 22 11 30 28 14 25 25 18 38 19 6 17 10 29 5 27 2 22 35 28 23 17 32 14 1 12 37 18 33 24 12 24 3 30 17 26 13 28 8 20 7 18 24 30 0 20 31 7 16 18 23 36 17 39 26 12 19 20 27 6 16 16 26 8 18 23 20 24 11 19 12 4 30 30 15 1 13 31 25 21 16 2 14 25 15 35 30 26 25 11 26 15 10 5 23 28 28 34 28 38 12 13 22 10 23 22 23 3 14 7 15 24 34 23 9 29 11 12 10 17 23 11 36 11 13 22 21 34 15 3 19 26 18 0 13 18 27 10 26 17 28 4 22 38 23 11 23 19 10 21 30 14 9 14 13 12 12 20 30 24 19 17 0 20 34 16 4 13 20 18 14 18 31 24 18 17 2 16 26 25 
195: 5 29 33 22 2 10 0 16 19 28 12 17 31 29 3 12 34 10 13 12 1 14 15 23 36 13 35 26 14 16 8 17 22 27 25 28 5 10 27 14 6 11 11 22 29 25 39 24 26 12 10 27 37 30 30 19 21 19 4 13 19 23 15 24 19 7 25 4 20 38 25 35 28 17 20 18 18 10 12 32 21 19 30 34 10 11 10 29 26 25 27 1 15 0 29 16 12 8 22 18 2 17 26 10 5 23 12 20 0 30 31 29 35 13 16 28 28 13 17 11 21 12 37 29 24 23 4 17 13 18 8 24 22 22 29 15 21 14 19 23 11 36 27 21 21 33 22 5 21 38 23 3 29 29 27 31 28 12 10 28 30 6 22 7 26 11 22 1 10 10 10 24 17 22 23 30 14 35 30 23 35 24 27 16 17 23 26 18 21 20 8 14 13 16 39 18 34 24 2 21 31 19 32 30 9 22 15 18 29 22 7 22 10 12 37 14 38 17 22 15 12 27 30 23 6 10 
227: 5 25 28 12 35 30 11 27 29 11 4 15 18 17 14 30 7 19 2 20 22 22 30 17 1 21 38 29 3 27 20 18 24 18 8 15 6 20 34 11 36 15 5 20 21 19 17 13 32 18 0 27 16 4 19 9 26 11 10 27 18 13 21 16 23 31 27 34 20 19 22 24 27 25 12 33 30 2 30 1 27 10 19 32 15 17 14 24 23 14 27 10 9 26 29 16 2 17 19 23 26 30 28 17 5 10 36 29 15 18 1 28 3 20 8 10 39 18 10 30 28 18 13 34 25 27 12 7 19 22 10 26 24 38 26 32 30 8 20 25 21 20 18 21 27 24 12 36 30 3 27 30 13 35 12 12 28 39 21 9 30 2 18 10 25 29 29 0 26 11 15 1 21 23 25 31 16 29 16 27 33 19 34 12 13 28 4 29 26 17 31 25 29 13 35 28 21 19 2 30 1 28 9 20 25 29 5 23 15 30 28 19 6 21 14 14 17 29 30 17 27 14 22 16 3 15 36 26 23 25 11 12 18 24 32 15 
182: 5 27 36 12 16 24 39 10 8 15 9 18 6 19 38 17 19 26 22 28 1 16 33 27 12 29 13 21 31 17 15 19 11 20 32 13 21 14 5 15 37 27 24 12 34 26 3 10 2 16 18 20 30 16 25 10 14 17 20 12 22 27 19 14 15 15 16 32 19 2 18 26 11 37 20 29 10 20 15 30 29 8 22 3 19 30 10 14 21 25 6 23 38 10 36 13 39 28 28 28 26 19 31 30 0 11 35 21 7 17 25 29 16 11 32 20 4 12 37 30 27 20 1 21 33 30 29 15 17 21 30 28 8 25 3 26 12 19 24 15 11 11 15 10 19 21 14 34 25 35 17 14 25 24 18 6 25 21 25 32 18 13 16 10 10 26 19 2 18 12 15 36 23 29 14 4 20 17 26 25 25 13 11 23 

Cancelled Jobs
149 8
107 11
161 16
39 21
372 27
126 60
310 64
125 71
374 73
309 81
183 94
