10 40
5 4 0 10 1 22 2 21 3 20 4 4 23 5 23 6 20 7 13 28 4 25 5 18 6 19 7 30 12 15 13 15 14 10 15 24 16 29 17 14 18 10 19 22 20 22 21 22 22 24 23 12 24 12 25 22 26 13 27 21 28 30 29 28 30 28 31 22 32 29 33 30 34 10 35 14 16 4 20 5 26 6 27 7 25 16 19 17 27 18 15 19 27 28 19 29 24 30 22 31 24 32 26 33 26 34 27 35 12 4 36 26 37 16 38 23 39 25 
5 4 0 20 1 27 2 22 3 19 12 4 14 5 30 6 22 7 22 12 30 13 30 14 27 15 20 24 25 25 20 26 18 27 22 8 8 28 9 25 10 28 11 30 28 14 29 30 30 30 31 24 12 12 11 13 25 14 12 15 24 16 23 17 12 18 14 19 30 20 26 21 19 22 17 23 25 4 36 29 37 26 38 12 39 13 
5 4 0 28 1 16 2 11 3 27 20 8 17 9 27 10 25 11 10 20 26 21 28 22 10 23 21 24 25 25 23 26 27 27 23 28 15 29 11 30 30 31 19 32 24 33 28 34 15 35 20 4 4 23 5 17 6 25 7 26 32 4 13 5 30 6 28 7 21 8 21 9 27 10 16 11 13 12 30 13 27 14 24 15 30 16 16 17 16 18 16 19 20 20 10 21 10 22 15 23 30 24 10 25 29 26 13 27 26 28 28 29 22 30 24 31 26 32 28 33 15 34 19 35 16 4 36 10 37 30 38 21 39 26 
5 4 0 27 1 18 2 29 3 27 8 8 23 9 22 10 10 11 25 24 25 25 20 26 27 27 13 12 4 15 5 18 6 26 7 10 24 12 25 26 26 25 27 27 28 26 29 27 30 25 31 28 28 4 19 5 28 6 19 7 26 8 22 9 20 10 22 11 22 12 29 13 21 14 13 15 13 20 16 21 11 22 22 23 14 24 23 25 28 26 19 27 15 28 24 29 22 30 26 31 24 32 13 33 23 34 20 35 20 4 36 25 37 18 38 11 39 29 
5 4 0 18 1 25 2 10 3 24 16 4 19 5 30 6 24 7 22 12 25 13 21 14 10 15 27 28 30 29 16 30 25 31 15 32 28 33 24 34 10 35 20 28 4 24 5 19 6 22 7 28 8 23 9 16 10 23 11 18 12 16 13 18 14 21 15 26 16 14 17 11 18 24 19 12 20 16 21 26 22 30 23 18 28 15 29 21 30 30 31 26 32 21 33 11 34 21 35 29 8 4 26 5 18 6 20 7 12 16 17 17 23 18 19 19 21 4 36 14 37 16 38 24 39 29 
5 4 0 20 1 13 2 27 3 10 12 4 12 5 11 6 27 7 27 12 16 13 23 14 29 15 10 24 14 25 29 26 24 27 20 4 28 26 29 13 30 11 31 25 20 4 15 5 10 6 11 7 28 12 22 13 13 14 11 15 13 16 15 17 12 18 22 19 29 20 22 21 21 22 18 23 15 24 28 25 11 26 30 27 20 4 36 25 37 20 38 15 39 18 
5 4 0 25 1 16 2 20 3 12 16 16 23 17 22 18 28 19 25 20 23 21 21 22 18 23 18 24 24 25 21 26 16 27 18 32 17 33 26 34 24 35 27 28 4 17 5 21 6 25 7 13 8 29 9 18 10 26 11 23 12 10 13 18 14 24 15 25 16 11 17 18 18 15 19 16 20 10 21 22 22 15 23 13 24 18 25 25 26 25 27 30 28 20 29 21 30 28 31 29 8 4 14 5 25 6 19 7 22 20 19 21 15 22 29 23 24 4 36 20 37 24 38 18 39 12 
5 4 0 24 1 21 2 18 3 16 20 4 20 5 24 6 23 7 30 8 16 9 26 10 23 11 13 20 20 21 15 22 16 23 10 24 22 25 15 26 27 27 16 28 11 29 27 30 11 31 30 16 8 13 9 15 10 10 11 25 16 19 17 24 18 22 19 15 20 12 21 13 22 10 23 24 28 17 29 21 30 22 31 26 16 12 10 13 22 14 25 15 16 16 12 17 17 18 21 19 12 20 20 21 18 22 19 23 29 24 24 25 26 26 22 27 24 4 36 21 37 23 38 22 39 18 
5 4 0 21 1 14 2 25 3 18 32 4 12 5 24 6 13 7 23 8 30 9 19 10 30 11 10 12 26 13 12 14 24 15 23 16 20 17 13 18 11 19 13 20 15 21 21 22 20 23 27 24 16 25 16 26 15 27 12 28 14 29 14 30 19 31 12 32 25 33 11 34 29 35 11 8 4 11 5 20 6 26 7 23 20 23 21 18 22 23 23 23 28 4 18 5 18 6 18 7 26 8 11 9 29 10 13 11 14 12 16 13 29 14 21 15 18 16 14 17 12 18 15 19 22 20 10 21 21 22 15 23 21 28 30 29 22 30 29 31 22 32 27 33 11 34 20 35 14 4 36 16 37 16 38 10 39 23 
5 4 0 27 1 15 2 23 3 28 12 4 27 5 13 6 25 7 24 20 10 21 24 22 20 23 28 32 14 33 15 34 14 35 13 8 8 21 9 16 10 22 11 25 12 23 13 25 14 10 15 14 20 8 13 9 10 10 11 11 17 12 13 13 20 14 15 15 15 20 20 21 12 22 25 23 27 24 19 25 24 26 26 27 20 32 14 33 14 34 28 35 18 4 36 17 37 14 38 29 39 10 

Dynamic Events
Machine Breakdowns (x y z): Machine {x} breakdown from time {y} to {z}
0 30 63
2 164 197
3 162 195
6 98 131
8 16 49
9 168 201
10 163 196
11 150 183
12 156 189
13 114 147
14 34 67
15 63 96
16 144 177
18 166 199
19 19 52
20 168 201
22 39 72
25 169 202
27 165 198
28 108 141
29 27 60
30 163 196
31 61 94
32 139 172
35 35 68
36 42 75
37 8 41
39 39 72

Added Jobs (first number is the time at which the job is added, then pairs of machines and process time)
9: 5 9 8 25 39 26 31 18 16 13 38 12 20 24 23 16 25 28 9 18 24 13 17 3 20 8 21 39 15 10 25 24 11 23 30 31 20 21 27 37 29 20 17 15 28 22 11 6 22 1 18 2 10 18 28 17 21 30 28 28 12 33 19 7 20 32 24 0 23 11 7 10 33 23 19 29 14 13 39 15 17 22 38 13 23 12 31 16 10 22 26 21 4 4 11 0 18 21 19 10 26 15 8 20 0 27 30 28 24 18 18 16 13 18 4 24 12 24 3 25 22 21 11 13 37 26 25 23 7 12 9 29 
37: 5 11 36 17 13 30 22 20 21 26 9 27 24 23 11 29 33 18 8 24 6 17 27 12 30 16 25 3 28 37 23 38 20 23 14 6 18 17 17 24 13 8 30 0 21 25 28 11 30 35 29 27 21 20 20 34 19 12 18 5 17 21 17 39 15 33 24 2 25 1 17 18 14 10 13 9 15 36 19 7 14 32 15 15 11 28 25 18 39 24 21 11 12 28 27 12 5 28 19 18 17 27 20 19 14 22 38 28 16 14 15 27 35 22 13 15 31 14 9 16 10 30 0 18 29 20 26 29 24 23 7 25 11 18 30 19 2 20 6 11 8 27 26 34 26 4 15 7 29 31 16 10 15 27 16 2 24 23 30 14 14 15 29 28 12 25 27 13 14 12 19 37 15 6 14 20 21 33 18 11 12 17 16 22 18 36 13 8 20 5 21 32 21 30 29 20 17 22 22 28 16 19 27 23 39 25 21 20 31 20 19 22 10 11 23 23 36 19 6 18 20 16 4 16 29 22 11 18 9 29 24 22 18 26 5 24 

Cancelled Jobs
