100 40
5 4 0 13 1 20 2 21 3 12 12 8 12 9 14 10 11 11 22 12 27 13 23 14 12 15 23 32 14 33 15 34 17 35 14 32 4 22 5 12 6 10 7 27 8 28 9 12 10 30 11 21 12 30 13 29 14 15 15 21 16 20 17 27 18 16 19 21 20 30 21 16 22 27 23 20 24 25 25 28 26 13 27 30 28 29 29 21 30 10 31 18 32 10 33 17 34 21 35 15 32 4 20 5 29 6 16 7 14 8 11 9 11 10 12 11 27 12 25 13 25 14 19 15 14 16 22 17 23 18 23 19 30 20 16 21 29 22 28 23 23 24 17 25 16 26 10 27 12 28 15 29 11 30 27 31 29 32 27 33 29 34 29 35 10 4 36 10 37 15 38 21 39 14 
5 4 0 14 1 29 2 17 3 24 12 4 24 5 26 6 12 7 15 20 24 21 14 22 25 23 10 28 15 29 20 30 19 31 13 24 4 19 5 15 6 25 7 19 8 10 9 27 10 12 11 27 12 17 13 18 14 15 15 22 20 15 21 10 22 13 23 14 28 11 29 25 30 12 31 30 32 28 33 25 34 20 35 14 8 24 27 25 30 26 24 27 30 32 10 33 15 34 28 35 23 4 36 17 37 16 38 11 39 19 
5 4 0 27 1 27 2 15 3 17 20 12 18 13 26 14 11 15 22 16 26 17 27 18 23 19 15 20 30 21 12 22 16 23 20 24 26 25 12 26 20 27 30 28 25 29 30 30 27 31 20 24 4 27 5 22 6 19 7 19 8 16 9 18 10 23 11 20 12 22 13 13 14 26 15 30 16 15 17 15 18 29 19 18 20 11 21 20 22 11 23 11 24 13 25 25 26 25 27 28 28 4 30 5 23 6 23 7 19 8 25 9 14 10 22 11 12 12 12 13 17 14 11 15 24 16 17 17 22 18 29 19 23 24 23 25 25 26 16 27 29 28 27 29 30 30 24 31 13 32 25 33 13 34 14 35 28 4 36 15 37 27 38 27 39 21 
5 4 0 11 1 15 2 29 3 22 32 4 11 5 11 6 10 7 30 8 29 9 11 10 28 11 12 12 17 13 14 14 16 15 26 16 11 17 15 18 28 19 11 20 18 21 29 22 23 23 13 24 11 25 26 26 11 27 28 28 21 29 29 30 26 31 13 32 20 33 11 34 11 35 26 20 8 17 9 29 10 30 11 15 20 10 21 16 22 27 23 27 24 28 25 19 26 22 27 24 28 17 29 22 30 14 31 13 32 16 33 19 34 28 35 26 16 8 12 9 29 10 24 11 16 20 18 21 30 22 19 23 24 28 19 29 26 30 21 31 22 32 27 33 29 34 11 35 20 4 36 16 37 27 38 10 39 19 
5 4 0 30 1 14 2 23 3 25 20 8 23 9 15 10 18 11 20 12 12 13 24 14 21 15 25 16 26 17 18 18 22 19 22 24 18 25 29 26 22 27 16 28 21 29 23 30 22 31 24 16 4 25 5 11 6 14 7 17 8 20 9 24 10 30 11 18 16 12 17 24 18 25 19 15 32 23 33 30 34 20 35 14 28 4 19 5 11 6 15 7 26 8 21 9 26 10 10 11 17 12 29 13 17 14 23 15 14 16 14 17 28 18 15 19 26 20 21 21 23 22 29 23 17 24 18 25 21 26 11 27 19 32 24 33 21 34 29 35 23 4 36 20 37 23 38 24 39 30 
5 4 0 16 1 20 2 14 3 23 4 32 22 33 24 34 23 35 22 4 24 28 25 22 26 11 27 24 32 4 25 5 18 6 16 7 17 8 30 9 20 10 20 11 13 12 28 13 18 14 22 15 10 16 21 17 20 18 11 19 18 20 25 21 15 22 26 23 17 24 26 25 28 26 28 27 18 28 30 29 29 30 10 31 15 32 30 33 14 34 20 35 14 4 36 30 37 22 38 26 39 20 
5 4 0 14 1 15 2 18 3 27 32 4 11 5 30 6 14 7 29 8 11 9 25 10 23 11 15 12 28 13 27 14 11 15 15 16 24 17 19 18 11 19 24 20 12 21 10 22 21 23 23 24 20 25 20 26 28 27 10 28 18 29 22 30 13 31 11 32 27 33 17 34 17 35 29 4 24 27 25 27 26 20 27 20 12 20 16 21 26 22 17 23 13 24 22 25 25 26 25 27 10 32 26 33 28 34 28 35 22 4 36 22 37 27 38 17 39 12 
5 4 0 13 1 22 2 17 3 14 28 4 18 5 27 6 16 7 23 8 18 9 17 10 18 11 19 12 10 13 19 14 25 15 14 16 22 17 11 18 17 19 18 20 24 21 11 22 10 23 28 28 22 29 13 30 26 31 25 32 24 33 30 34 19 35 30 28 4 10 5 23 6 12 7 18 8 17 9 25 10 17 11 29 12 24 13 21 14 21 15 17 16 24 17 12 18 16 19 26 20 22 21 13 22 21 23 23 24 23 25 25 26 18 27 14 28 23 29 28 30 17 31 10 16 4 14 5 27 6 19 7 14 8 11 9 24 10 27 11 18 12 15 13 26 14 25 15 18 32 14 33 14 34 23 35 15 4 36 15 37 15 38 18 39 11 
5 4 0 17 1 21 2 29 3 15 8 4 10 5 11 6 13 7 10 32 15 33 22 34 12 35 26 16 8 22 9 12 10 15 11 13 12 28 13 28 14 17 15 25 16 24 17 13 18 20 19 21 28 28 29 13 30 18 31 16 4 12 29 13 26 14 27 15 21 4 36 18 37 10 38 24 39 16 
5 4 0 21 1 27 2 30 3 17 32 4 19 5 22 6 16 7 10 8 22 9 29 10 29 11 18 12 13 13 25 14 22 15 20 16 13 17 25 18 13 19 27 20 12 21 16 22 29 23 29 24 20 25 18 26 19 27 19 28 15 29 16 30 27 31 21 32 29 33 16 34 22 35 27 24 4 12 5 24 6 10 7 25 8 22 9 26 10 19 11 25 12 18 13 11 14 18 15 18 16 27 17 14 18 23 19 21 24 15 25 15 26 12 27 12 28 13 29 17 30 10 31 14 16 16 10 17 30 18 10 19 21 20 15 21 20 22 18 23 14 24 22 25 29 26 22 27 12 28 24 29 18 30 27 31 12 4 36 18 37 27 38 23 39 11 
5 4 0 26 1 21 2 23 3 17 24 4 15 5 11 6 28 7 21 8 15 9 28 10 18 11 18 12 17 13 17 14 15 15 18 20 23 21 19 22 30 23 15 24 16 25 26 26 26 27 11 32 26 33 15 34 29 35 19 4 28 22 29 11 30 21 31 27 4 32 30 33 28 34 19 35 24 4 36 14 37 18 38 21 39 19 
5 4 0 10 1 10 2 20 3 27 32 4 17 5 12 6 25 7 19 8 25 9 15 10 23 11 13 12 12 13 25 14 18 15 29 16 14 17 15 18 18 19 20 20 30 21 30 22 24 23 21 24 26 25 16 26 24 27 27 28 26 29 26 30 28 31 19 32 15 33 28 34 21 35 14 4 4 27 5 15 6 23 7 11 24 4 18 5 27 6 22 7 27 8 20 9 26 10 21 11 28 16 17 17 15 18 28 19 25 20 16 21 22 22 13 23 28 28 11 29 24 30 14 31 11 32 26 33 24 34 27 35 15 4 36 26 37 10 38 14 39 28 
5 4 0 17 1 20 2 10 3 27 8 8 15 9 17 10 14 11 20 24 27 25 16 26 26 27 15 28 4 30 5 22 6 26 7 23 12 23 13 23 14 26 15 21 16 23 17 24 18 11 19 16 20 22 21 24 22 19 23 19 24 22 25 26 26 25 27 12 28 27 29 26 30 11 31 19 32 21 33 24 34 30 35 24 12 4 22 5 11 6 22 7 10 8 15 9 28 10 20 11 23 24 25 25 28 26 10 27 19 4 36 24 37 22 38 25 39 18 
5 4 0 28 1 13 2 29 3 18 4 16 29 17 19 18 29 19 21 4 32 28 33 29 34 21 35 10 12 8 25 9 16 10 13 11 25 16 23 17 16 18 20 19 30 20 20 21 22 22 13 23 10 4 36 29 37 21 38 16 39 16 
5 4 0 21 1 10 2 29 3 13 28 4 22 5 15 6 27 7 23 8 29 9 13 10 24 11 23 12 29 13 25 14 20 15 11 16 15 17 14 18 17 19 15 20 29 21 21 22 23 23 26 28 13 29 22 30 21 31 12 32 16 33 25 34 24 35 25 24 8 28 9 13 10 22 11 26 12 13 13 23 14 18 15 27 16 15 17 25 18 11 19 12 24 26 25 12 26 25 27 18 28 24 29 15 30 11 31 19 32 14 33 14 34 14 35 17 16 8 17 9 17 10 21 11 29 12 28 13 24 14 18 15 15 24 12 25 12 26 29 27 24 28 23 29 13 30 23 31 23 4 36 18 37 27 38 11 39 18 
5 4 0 16 1 17 2 16 3 25 12 4 24 5 22 6 27 7 10 12 20 13 18 14 15 15 29 16 14 17 25 18 25 19 10 32 4 11 5 19 6 26 7 30 8 17 9 10 10 16 11 12 12 18 13 11 14 12 15 26 16 22 17 13 18 28 19 15 20 21 21 12 22 13 23 14 24 18 25 23 26 28 27 12 28 25 29 28 30 26 31 28 32 18 33 21 34 25 35 10 28 4 19 5 30 6 14 7 22 8 10 9 12 10 17 11 19 12 16 13 13 14 29 15 30 16 12 17 28 18 19 19 15 24 12 25 17 26 22 27 18 28 21 29 18 30 21 31 13 32 11 33 19 34 29 35 21 4 36 10 37 29 38 27 39 16 
5 4 0 22 1 17 2 30 3 16 20 4 28 5 14 6 12 7 30 8 30 9 26 10 28 11 18 12 21 13 17 14 23 15 14 16 23 17 25 18 25 19 13 24 11 25 29 26 11 27 30 12 4 19 5 22 6 26 7 14 8 30 9 24 10 12 11 22 20 10 21 16 22 20 23 16 28 4 10 5 22 6 21 7 11 8 19 9 12 10 13 11 30 12 30 13 20 14 12 15 30 20 25 21 19 22 30 23 19 24 23 25 20 26 10 27 16 28 29 29 19 30 24 31 26 32 27 33 18 34 17 35 18 4 36 24 37 24 38 13 39 26 
5 4 0 13 1 11 2 22 3 21 12 12 28 13 16 14 12 15 21 20 11 21 26 22 10 23 23 32 13 33 14 34 11 35 22 12 12 14 13 10 14 16 15 22 16 21 17 12 18 17 19 30 28 23 29 17 30 26 31 30 8 4 30 5 24 6 20 7 25 28 15 29 17 30 11 31 15 4 36 14 37 16 38 16 39 29 
5 4 0 15 1 11 2 10 3 13 28 4 21 5 24 6 11 7 25 8 19 9 24 10 26 11 18 12 15 13 19 14 22 15 14 16 30 17 22 18 13 19 20 20 24 21 11 22 21 23 19 28 11 29 13 30 22 31 13 32 27 33 19 34 18 35 13 24 4 13 5 30 6 21 7 28 8 15 9 25 10 13 11 19 12 27 13 19 14 18 15 19 20 21 21 29 22 27 23 19 24 15 25 27 26 22 27 12 28 26 29 26 30 24 31 22 12 4 17 5 14 6 15 7 15 8 18 9 23 10 28 11 18 32 16 33 11 34 15 35 18 4 36 16 37 27 38 28 39 26 
5 4 0 30 1 15 2 16 3 10 20 4 17 5 20 6 29 7 24 16 19 17 15 18 28 19 17 20 28 21 19 22 15 23 25 24 12 25 16 26 29 27 24 32 29 33 16 34 11 35 24 24 4 17 5 14 6 10 7 29 8 22 9 22 10 29 11 25 12 14 13 10 14 30 15 18 20 14 21 19 22 16 23 20 28 12 29 15 30 16 31 23 32 12 33 30 34 23 35 21 28 4 18 5 27 6 17 7 21 8 23 9 24 10 21 11 11 12 29 13 16 14 15 15 29 16 30 17 11 18 18 19 20 20 19 21 26 22 16 23 10 28 14 29 11 30 16 31 12 32 16 33 24 34 18 35 19 4 36 17 37 22 38 22 39 21 
5 4 0 27 1 27 2 18 3 30 8 20 29 21 24 22 23 23 29 24 21 25 17 26 24 27 10 24 4 25 5 17 6 19 7 12 8 28 9 14 10 24 11 19 12 25 13 14 14 23 15 23 16 12 17 14 18 30 19 14 28 17 29 17 30 17 31 11 32 29 33 29 34 27 35 26 16 4 21 5 19 6 15 7 15 12 28 13 25 14 23 15 22 20 14 21 15 22 30 23 10 24 26 25 23 26 18 27 29 4 36 24 37 27 38 26 39 10 
5 4 0 13 1 26 2 11 3 18 4 16 20 17 18 18 17 19 26 16 4 14 5 11 6 20 7 26 16 21 17 22 18 30 19 10 24 30 25 30 26 17 27 11 28 14 29 11 30 10 31 17 8 16 11 17 22 18 22 19 19 24 14 25 27 26 14 27 22 4 36 17 37 24 38 14 39 15 
5 4 0 22 1 10 2 19 3 15 28 4 30 5 28 6 19 7 10 8 15 9 14 10 27 11 18 12 25 13 10 14 25 15 21 16 30 17 26 18 19 19 10 24 25 25 22 26 26 27 30 28 24 29 10 30 20 31 19 32 11 33 11 34 12 35 28 20 4 22 5 10 6 25 7 19 12 29 13 11 14 28 15 18 16 13 17 26 18 18 19 22 20 14 21 28 22 24 23 17 24 10 25 10 26 10 27 27 28 4 12 5 17 6 22 7 10 8 28 9 12 10 22 11 21 12 19 13 11 14 20 15 16 16 16 17 17 18 16 19 21 20 23 21 23 22 28 23 27 24 13 25 22 26 10 27 24 32 11 33 10 34 23 35 26 4 36 22 37 17 38 30 39 26 
5 4 0 17 1 23 2 24 3 24 24 4 29 5 14 6 30 7 10 8 24 9 18 10 28 11 28 20 11 21 21 22 30 23 10 24 10 25 25 26 10 27 30 28 21 29 13 30 16 31 14 32 13 33 23 34 19 35 23 8 16 14 17 18 18 29 19 30 20 13 21 13 22 29 23 13 8 20 25 21 22 22 14 23 23 32 15 33 25 34 29 35 30 4 36 25 37 12 38 13 39 29 
5 4 0 20 1 19 2 21 3 15 32 4 18 5 22 6 30 7 21 8 28 9 29 10 21 11 28 12 28 13 18 14 29 15 27 16 12 17 13 18 20 19 30 20 14 21 23 22 12 23 11 24 14 25 23 26 21 27 26 28 23 29 15 30 16 31 10 32 26 33 21 34 13 35 15 20 4 30 5 17 6 21 7 16 8 25 9 14 10 15 11 29 24 18 25 19 26 28 27 10 28 12 29 25 30 18 31 27 32 30 33 26 34 15 35 16 8 24 11 25 13 26 16 27 21 32 13 33 25 34 17 35 15 4 36 20 37 15 38 26 39 30 
5 4 0 28 1 28 2 13 3 29 24 4 22 5 22 6 18 7 26 8 10 9 28 10 10 11 22 16 24 17 28 18 23 19 20 20 15 21 18 22 21 23 17 24 10 25 13 26 23 27 24 28 26 29 29 30 13 31 23 8 8 14 9 19 10 22 11 16 24 27 25 27 26 21 27 16 24 8 22 9 29 10 25 11 16 12 29 13 25 14 24 15 12 16 29 17 22 18 22 19 20 20 22 21 27 22 18 23 23 24 24 25 19 26 30 27 23 28 26 29 14 30 10 31 28 4 36 19 37 19 38 29 39 15 
5 4 0 19 1 10 2 29 3 10 28 4 25 5 15 6 18 7 27 8 17 9 22 10 30 11 16 12 14 13 17 14 23 15 18 16 12 17 22 18 15 19 12 20 21 21 19 22 20 23 12 24 30 25 20 26 14 27 17 32 21 33 18 34 10 35 24 8 12 20 13 18 14 11 15 19 16 13 17 20 18 16 19 14 16 8 10 9 17 10 19 11 17 20 26 21 27 22 26 23 14 24 26 25 15 26 20 27 29 28 21 29 13 30 18 31 26 4 36 11 37 20 38 25 39 20 
5 4 0 28 1 24 2 11 3 30 32 4 26 5 29 6 30 7 18 8 13 9 22 10 14 11 21 12 21 13 14 14 20 15 28 16 23 17 25 18 14 19 24 20 11 21 12 22 25 23 18 24 19 25 10 26 23 27 23 28 13 29 26 30 30 31 12 32 21 33 30 34 19 35 22 32 4 17 5 26 6 22 7 17 8 21 9 15 10 22 11 22 12 16 13 15 14 22 15 18 16 16 17 23 18 25 19 20 20 19 21 16 22 21 23 23 24 16 25 24 26 14 27 28 28 25 29 19 30 17 31 27 32 20 33 25 34 12 35 17 8 20 12 21 22 22 11 23 16 28 14 29 21 30 20 31 17 4 36 12 37 29 38 11 39 30 
5 4 0 30 1 17 2 29 3 13 12 4 22 5 12 6 18 7 14 16 22 17 25 18 26 19 25 24 13 25 30 26 19 27 27 8 16 12 17 13 18 27 19 23 24 15 25 11 26 25 27 19 20 4 26 5 24 6 16 7 25 12 16 13 25 14 13 15 10 24 28 25 16 26 15 27 16 28 22 29 30 30 29 31 13 32 18 33 13 34 23 35 17 4 36 24 37 21 38 21 39 24 
5 4 0 19 1 16 2 18 3 18 24 12 21 13 25 14 20 15 18 16 19 17 26 18 21 19 20 20 14 21 30 22 28 23 15 24 18 25 28 26 27 27 18 28 11 29 10 30 18 31 27 32 10 33 15 34 19 35 24 24 4 22 5 10 6 17 7 12 8 12 9 18 10 27 11 27 16 18 17 27 18 11 19 19 24 29 25 11 26 29 27 10 28 16 29 11 30 11 31 22 32 21 33 14 34 29 35 14 12 4 21 5 28 6 30 7 11 24 19 25 15 26 29 27 18 32 29 33 15 34 21 35 19 4 36 10 37 29 38 24 39 30 
5 4 0 24 1 23 2 30 3 18 24 8 15 9 25 10 28 11 19 12 24 13 14 14 17 15 21 16 13 17 25 18 11 19 28 20 29 21 30 22 28 23 23 24 17 25 20 26 23 27 17 28 23 29 27 30 19 31 21 4 28 10 29 17 30 15 31 13 12 8 17 9 13 10 15 11 27 12 25 13 11 14 24 15 12 16 26 17 19 18 27 19 27 4 36 14 37 11 38 26 39 26 
5 4 0 23 1 23 2 29 3 24 24 4 28 5 24 6 29 7 25 8 16 9 17 10 25 11 22 12 24 13 23 14 10 15 27 16 25 17 29 18 16 19 13 20 10 21 10 22 11 23 19 24 14 25 10 26 15 27 12 28 4 24 5 10 6 19 7 26 8 11 9 29 10 17 11 26 12 21 13 12 14 16 15 10 20 13 21 11 22 15 23 13 24 19 25 26 26 21 27 26 28 24 29 26 30 22 31 25 32 27 33 14 34 24 35 21 12 8 11 9 18 10 30 11 20 16 19 17 21 18 10 19 13 20 13 21 18 22 27 23 13 4 36 17 37 18 38 20 39 27 
5 4 0 20 1 15 2 27 3 22 20 4 25 5 12 6 25 7 27 8 26 9 17 10 13 11 25 20 13 21 15 22 29 23 24 24 20 25 26 26 15 27 21 28 18 29 21 30 21 31 24 8 4 27 5 12 6 13 7 21 12 10 13 28 14 14 15 26 8 24 30 25 28 26 24 27 23 32 27 33 23 34 23 35 12 4 36 16 37 25 38 28 39 11 
5 4 0 25 1 14 2 20 3 17 24 4 21 5 24 6 29 7 16 12 25 13 14 14 14 15 28 16 23 17 22 18 15 19 23 20 24 21 26 22 25 23 15 28 14 29 27 30 22 31 22 32 19 33 13 34 12 35 29 32 4 30 5 16 6 17 7 16 8 14 9 21 10 19 11 14 12 30 13 13 14 18 15 20 16 29 17 16 18 18 19 23 20 20 21 22 22 15 23 22 24 18 25 28 26 27 27 11 28 22 29 29 30 15 31 15 32 17 33 17 34 21 35 16 28 4 23 5 20 6 16 7 18 8 15 9 30 10 23 11 20 12 15 13 10 14 22 15 23 20 22 21 15 22 12 23 18 24 14 25 21 26 22 27 19 28 29 29 23 30 29 31 16 32 27 33 20 34 12 35 29 4 36 12 37 21 38 15 39 15 
5 4 0 22 1 13 2 20 3 28 12 12 13 13 23 14 24 15 20 16 18 17 11 18 23 19 24 28 21 29 23 30 26 31 21 28 4 18 5 15 6 19 7 13 8 23 9 25 10 20 11 19 16 20 17 21 18 13 19 16 20 25 21 28 22 20 23 19 24 10 25 19 26 14 27 13 28 14 29 19 30 23 31 17 32 10 33 25 34 24 35 12 8 28 28 29 29 30 26 31 16 32 28 33 20 34 16 35 22 4 36 30 37 30 38 20 39 17 
5 4 0 22 1 16 2 10 3 14 28 8 13 9 20 10 13 11 24 12 18 13 10 14 28 15 27 16 17 17 27 18 20 19 12 20 23 21 16 22 17 23 28 24 14 25 25 26 12 27 25 28 29 29 20 30 11 31 13 32 18 33 19 34 27 35 21 20 12 30 13 17 14 29 15 20 20 12 21 23 22 26 23 19 24 20 25 18 26 15 27 13 28 27 29 23 30 22 31 28 32 27 33 26 34 12 35 15 12 8 11 9 29 10 10 11 12 16 21 17 12 18 12 19 12 20 29 21 14 22 15 23 28 4 36 12 37 23 38 11 39 17 
5 4 0 26 1 22 2 21 3 13 20 4 20 5 14 6 20 7 27 12 18 13 25 14 28 15 18 20 14 21 28 22 19 23 18 24 19 25 10 26 19 27 14 32 28 33 19 34 28 35 21 20 4 13 5 22 6 17 7 18 16 13 17 11 18 15 19 12 20 30 21 15 22 30 23 19 24 13 25 19 26 20 27 14 28 26 29 28 30 11 31 24 4 4 20 5 13 6 30 7 14 4 36 11 37 16 38 19 39 16 
5 4 0 25 1 23 2 28 3 18 28 4 20 5 16 6 28 7 25 12 15 13 25 14 20 15 18 16 12 17 28 18 22 19 28 20 24 21 22 22 20 23 18 24 26 25 11 26 11 27 11 28 12 29 16 30 26 31 18 32 28 33 29 34 16 35 10 32 4 20 5 17 6 18 7 23 8 23 9 21 10 13 11 24 12 13 13 30 14 12 15 22 16 13 17 13 18 30 19 18 20 25 21 14 22 10 23 19 24 10 25 13 26 24 27 24 28 15 29 13 30 16 31 29 32 13 33 22 34 16 35 22 20 12 28 13 20 14 10 15 24 16 19 17 24 18 22 19 19 20 11 21 15 22 27 23 30 24 17 25 28 26 12 27 17 32 22 33 25 34 20 35 29 4 36 15 37 30 38 10 39 19 
5 4 0 20 1 26 2 15 3 27 28 4 19 5 21 6 14 7 17 8 20 9 29 10 22 11 25 12 27 13 25 14 21 15 23 16 28 17 12 18 14 19 20 20 26 21 19 22 29 23 30 28 28 29 13 30 26 31 21 32 24 33 14 34 25 35 11 8 12 13 13 17 14 11 15 30 32 28 33 21 34 11 35 20 4 8 24 9 12 10 13 11 13 4 36 26 37 13 38 14 39 10 
5 4 0 24 1 14 2 13 3 17 8 4 21 5 27 6 29 7 25 12 23 13 29 14 12 15 16 4 4 28 5 15 6 23 7 17 12 12 13 13 11 14 20 15 15 28 21 29 10 30 11 31 24 32 13 33 26 34 23 35 20 4 36 13 37 23 38 21 39 25 
5 4 0 20 1 10 2 10 3 10 20 4 20 5 23 6 10 7 15 12 30 13 15 14 30 15 30 24 17 25 12 26 29 27 13 28 23 29 27 30 13 31 15 32 15 33 26 34 20 35 11 24 4 14 5 30 6 15 7 18 8 24 9 25 10 22 11 22 12 22 13 23 14 15 15 28 16 16 17 18 18 30 19 14 24 15 25 23 26 22 27 13 28 20 29 16 30 13 31 15 24 4 15 5 22 6 10 7 20 8 26 9 28 10 12 11 27 12 21 13 16 14 29 15 10 16 27 17 10 18 26 19 18 28 11 29 26 30 16 31 22 32 16 33 26 34 18 35 11 4 36 11 37 28 38 21 39 14 
5 4 0 25 1 30 2 25 3 16 28 4 12 5 24 6 28 7 17 8 28 9 25 10 20 11 27 16 24 17 24 18 24 19 16 20 18 21 21 22 17 23 26 24 28 25 22 26 14 27 20 28 26 29 10 30 26 31 27 32 13 33 24 34 29 35 21 28 4 23 5 16 6 17 7 26 8 22 9 23 10 11 11 17 12 17 13 21 14 22 15 11 16 23 17 11 18 23 19 25 20 21 21 24 22 22 23 17 24 14 25 10 26 24 27 28 32 18 33 27 34 10 35 15 20 12 23 13 21 14 30 15 24 20 17 21 23 22 27 23 10 24 22 25 14 26 16 27 25 28 14 29 17 30 24 31 28 32 15 33 17 34 11 35 20 4 36 11 37 30 38 17 39 26 
5 4 0 18 1 13 2 28 3 10 12 4 22 5 17 6 13 7 13 12 25 13 18 14 20 15 21 28 15 29 24 30 29 31 12 20 4 21 5 17 6 21 7 25 12 15 13 17 14 21 15 29 16 28 17 22 18 26 19 20 20 16 21 14 22 11 23 18 24 22 25 10 26 29 27 10 12 8 21 9 24 10 16 11 27 28 20 29 25 30 18 31 24 32 28 33 21 34 27 35 24 4 36 10 37 23 38 21 39 17 
5 4 0 20 1 26 2 16 3 22 24 4 24 5 23 6 11 7 18 8 17 9 15 10 19 11 19 12 26 13 13 14 30 15 13 16 20 17 15 18 19 19 27 20 17 21 19 22 20 23 26 28 20 29 19 30 16 31 14 12 8 20 9 13 10 12 11 10 12 20 13 21 14 23 15 27 24 28 25 16 26 19 27 16 20 4 24 5 28 6 30 7 22 8 15 9 13 10 23 11 20 16 12 17 14 18 21 19 25 20 11 21 25 22 11 23 14 24 14 25 20 26 30 27 24 4 36 27 37 13 38 27 39 12 
5 4 0 22 1 10 2 13 3 13 24 8 27 9 27 10 29 11 22 12 11 13 30 14 12 15 20 16 12 17 27 18 12 19 21 24 23 25 18 26 21 27 20 28 10 29 26 30 27 31 12 32 13 33 24 34 21 35 26 16 4 27 5 24 6 15 7 18 20 24 21 12 22 23 23 19 24 30 25 26 26 13 27 18 32 29 33 17 34 30 35 12 32 4 26 5 13 6 15 7 29 8 22 9 20 10 20 11 26 12 13 13 27 14 16 15 23 16 29 17 14 18 12 19 21 20 25 21 26 22 18 23 20 24 20 25 10 26 18 27 10 28 22 29 23 30 15 31 21 32 12 33 19 34 29 35 21 4 36 27 37 23 38 10 39 11 
5 4 0 11 1 30 2 30 3 17 32 4 20 5 27 6 26 7 12 8 21 9 10 10 16 11 20 12 10 13 22 14 29 15 12 16 13 17 14 18 21 19 11 20 29 21 13 22 23 23 25 24 30 25 26 26 10 27 19 28 18 29 21 30 30 31 21 32 19 33 24 34 21 35 15 16 8 11 9 27 10 21 11 24 12 21 13 13 14 25 15 15 24 11 25 12 26 20 27 12 32 12 33 11 34 29 35 24 24 4 21 5 18 6 20 7 24 8 17 9 24 10 29 11 13 12 14 13 28 14 25 15 28 20 23 21 12 22 17 23 14 24 13 25 16 26 29 27 15 28 28 29 25 30 24 31 18 4 36 21 37 10 38 12 39 20 
5 4 0 18 1 17 2 19 3 19 8 12 21 13 17 14 20 15 15 32 30 33 27 34 14 35 18 8 4 16 5 19 6 20 7 29 8 14 9 30 10 22 11 11 28 4 23 5 21 6 19 7 18 8 12 9 26 10 22 11 11 12 29 13 17 14 10 15 19 16 18 17 12 18 30 19 23 20 10 21 29 22 14 23 25 28 25 29 26 30 28 31 14 32 23 33 20 34 30 35 27 4 36 19 37 27 38 30 39 21 
5 4 0 26 1 11 2 24 3 25 28 4 12 5 10 6 10 7 23 8 26 9 15 10 14 11 30 12 10 13 15 14 10 15 10 20 10 21 15 22 15 23 24 24 30 25 19 26 30 27 10 28 29 29 14 30 28 31 12 32 11 33 26 34 17 35 11 16 12 29 13 23 14 19 15 29 16 24 17 24 18 27 19 14 20 28 21 29 22 16 23 25 24 27 25 24 26 20 27 23 4 20 15 21 23 22 23 23 22 4 36 30 37 26 38 16 39 27 
5 4 0 13 1 10 2 23 3 28 28 4 11 5 24 6 17 7 25 8 14 9 20 10 23 11 29 12 14 13 22 14 17 15 27 20 10 21 13 22 12 23 27 24 27 25 26 26 22 27 25 28 18 29 29 30 16 31 11 32 25 33 30 34 29 35 22 16 8 27 9 20 10 25 11 12 16 14 17 11 18 23 19 18 20 22 21 28 22 23 23 19 32 26 33 28 34 29 35 28 24 4 28 5 29 6 26 7 15 8 17 9 19 10 20 11 13 16 15 17 25 18 26 19 11 20 28 21 18 22 21 23 10 28 28 29 28 30 11 31 26 32 17 33 23 34 29 35 21 4 36 21 37 20 38 18 39 16 
5 4 0 11 1 26 2 27 3 14 32 4 21 5 20 6 25 7 30 8 10 9 19 10 12 11 18 12 25 13 12 14 15 15 15 16 13 17 30 18 15 19 17 20 12 21 19 22 27 23 24 24 13 25 19 26 25 27 24 28 15 29 30 30 30 31 27 32 25 33 22 34 12 35 14 16 12 10 13 26 14 24 15 24 24 13 25 28 26 20 27 27 28 23 29 29 30 23 31 17 32 16 33 13 34 16 35 12 12 16 22 17 10 18 23 19 19 20 29 21 21 22 14 23 30 32 23 33 29 34 24 35 10 4 36 19 37 24 38 30 39 24 
5 4 0 22 1 28 2 22 3 18 32 4 12 5 17 6 17 7 21 8 17 9 22 10 17 11 23 12 19 13 24 14 29 15 16 16 24 17 19 18 20 19 17 20 20 21 23 22 14 23 23 24 17 25 16 26 11 27 19 28 21 29 19 30 29 31 30 32 28 33 23 34 28 35 27 16 8 16 9 15 10 24 11 12 12 30 13 25 14 22 15 27 16 20 17 10 18 22 19 28 24 18 25 26 26 20 27 14 24 4 16 5 29 6 27 7 11 8 26 9 13 10 21 11 16 12 17 13 16 14 12 15 16 16 30 17 27 18 28 19 19 20 20 21 21 22 29 23 21 32 26 33 26 34 26 35 12 4 36 15 37 13 38 25 39 16 
5 4 0 27 1 11 2 21 3 21 12 4 17 5 28 6 14 7 30 24 26 25 11 26 26 27 25 32 15 33 20 34 10 35 10 4 28 27 29 15 30 30 31 24 32 4 25 5 20 6 19 7 19 8 27 9 11 10 24 11 17 12 16 13 27 14 24 15 24 16 24 17 17 18 28 19 20 20 28 21 20 22 11 23 27 24 14 25 23 26 11 27 22 28 24 29 11 30 12 31 11 32 29 33 26 34 11 35 16 4 36 25 37 10 38 13 39 18 
5 4 0 13 1 19 2 20 3 16 32 4 14 5 18 6 12 7 12 8 20 9 14 10 22 11 30 12 21 13 20 14 26 15 21 16 16 17 19 18 29 19 26 20 26 21 29 22 22 23 15 24 25 25 21 26 27 27 22 28 12 29 20 30 19 31 12 32 25 33 30 34 20 35 15 24 4 10 5 24 6 20 7 26 8 21 9 11 10 26 11 30 12 10 13 28 14 11 15 22 24 12 25 12 26 13 27 27 28 28 29 15 30 28 31 13 32 28 33 13 34 12 35 13 24 8 16 9 18 10 24 11 18 12 12 13 19 14 15 15 29 20 30 21 12 22 10 23 24 24 26 25 24 26 26 27 18 28 10 29 23 30 22 31 25 32 21 33 11 34 28 35 24 4 36 14 37 16 38 18 39 12 
5 4 0 10 1 17 2 15 3 19 16 4 24 5 15 6 29 7 25 8 18 9 12 10 24 11 28 12 29 13 25 14 18 15 15 20 20 21 21 22 28 23 20 32 4 21 5 22 6 12 7 14 8 24 9 16 10 24 11 16 12 20 13 12 14 17 15 22 16 19 17 12 18 12 19 22 20 17 21 19 22 16 23 25 24 30 25 11 26 27 27 10 28 29 29 19 30 20 31 10 32 29 33 29 34 23 35 22 12 8 12 9 28 10 10 11 28 24 15 25 16 26 14 27 26 32 24 33 24 34 28 35 18 4 36 28 37 29 38 30 39 14 
5 4 0 11 1 28 2 16 3 30 12 12 12 13 24 14 13 15 23 24 27 25 11 26 11 27 18 28 20 29 30 30 19 31 23 32 4 12 5 15 6 30 7 10 8 27 9 29 10 22 11 13 12 10 13 22 14 21 15 15 16 12 17 13 18 15 19 19 20 16 21 29 22 10 23 19 24 23 25 20 26 17 27 27 28 26 29 28 30 19 31 25 32 10 33 11 34 29 35 27 16 4 30 5 13 6 20 7 24 8 15 9 30 10 29 11 14 16 17 17 15 18 11 19 22 20 12 21 20 22 21 23 17 4 36 24 37 27 38 25 39 20 
5 4 0 18 1 17 2 22 3 28 16 8 24 9 23 10 27 11 13 12 14 13 26 14 28 15 30 24 23 25 15 26 29 27 10 28 29 29 24 30 19 31 11 24 8 25 9 17 10 19 11 29 12 20 13 14 14 21 15 21 16 21 17 18 18 20 19 25 20 26 21 20 22 26 23 11 24 10 25 10 26 25 27 25 32 23 33 13 34 15 35 24 12 4 30 5 23 6 24 7 10 12 15 13 28 14 29 15 17 32 19 33 11 34 20 35 30 4 36 30 37 11 38 20 39 16 
5 4 0 25 1 15 2 30 3 23 4 24 27 25 12 26 10 27 27 4 28 24 29 23 30 22 31 22 20 12 24 13 25 14 22 15 12 16 29 17 23 18 22 19 19 20 10 21 15 22 16 23 30 28 27 29 25 30 18 31 16 32 10 33 11 34 21 35 12 4 36 27 37 12 38 26 39 17 
5 4 0 27 1 13 2 10 3 13 12 16 30 17 11 18 29 19 13 28 22 29 16 30 20 31 15 32 14 33 12 34 10 35 24 12 4 29 5 17 6 27 7 18 16 18 17 20 18 21 19 24 20 18 21 12 22 26 23 10 16 16 30 17 13 18 12 19 18 20 19 21 26 22 12 23 25 24 21 25 18 26 10 27 16 32 28 33 14 34 24 35 19 4 36 14 37 25 38 18 39 21 
5 4 0 19 1 29 2 18 3 17 4 20 30 21 15 22 26 23 12 28 4 13 5 14 6 22 7 28 8 13 9 13 10 19 11 26 12 13 13 22 14 25 15 10 16 19 17 27 18 13 19 24 20 26 21 13 22 25 23 23 28 25 29 18 30 21 31 23 32 28 33 27 34 24 35 26 16 4 19 5 25 6 16 7 22 12 12 13 26 14 28 15 25 16 30 17 24 18 23 19 20 32 21 33 18 34 20 35 21 4 36 12 37 30 38 11 39 16 
5 4 0 18 1 25 2 16 3 25 12 4 14 5 24 6 12 7 12 12 30 13 13 14 27 15 27 16 19 17 17 18 27 19 23 20 4 18 5 29 6 12 7 26 8 28 9 30 10 16 11 11 12 19 13 21 14 26 15 29 28 29 29 29 30 21 31 20 32 11 33 18 34 19 35 10 8 4 22 5 20 6 11 7 27 16 25 17 20 18 19 19 20 4 36 24 37 19 38 27 39 21 
5 4 0 24 1 22 2 16 3 11 28 4 30 5 16 6 12 7 15 8 23 9 30 10 19 11 29 12 23 13 15 14 11 15 22 16 13 17 11 18 19 19 29 20 20 21 16 22 26 23 23 28 16 29 20 30 10 31 11 32 20 33 17 34 22 35 20 24 4 14 5 29 6 22 7 27 12 24 13 29 14 24 15 28 20 15 21 22 22 28 23 12 24 18 25 14 26 21 27 17 28 25 29 24 30 15 31 14 32 22 33 19 34 30 35 10 12 8 20 9 23 10 27 11 30 16 26 17 26 18 28 19 29 24 13 25 21 26 24 27 26 4 36 29 37 12 38 30 39 29 
5 4 0 16 1 11 2 27 3 26 20 4 13 5 30 6 14 7 29 8 19 9 19 10 20 11 22 12 13 13 10 14 15 15 24 16 12 17 29 18 12 19 11 28 26 29 16 30 18 31 21 8 4 22 5 19 6 17 7 27 12 18 13 14 14 17 15 21 16 4 28 5 21 6 30 7 30 16 21 17 26 18 26 19 19 20 16 21 29 22 10 23 21 32 19 33 29 34 16 35 12 4 36 17 37 30 38 12 39 21 
5 4 0 11 1 24 2 30 3 28 32 4 15 5 11 6 10 7 30 8 19 9 30 10 25 11 18 12 22 13 11 14 12 15 19 16 27 17 23 18 25 19 27 20 22 21 25 22 19 23 26 24 14 25 24 26 17 27 11 28 21 29 13 30 16 31 28 32 16 33 10 34 12 35 12 12 12 17 13 23 14 11 15 11 24 11 25 13 26 15 27 24 28 20 29 15 30 16 31 15 12 4 18 5 22 6 11 7 23 8 20 9 23 10 13 11 27 20 19 21 13 22 28 23 17 4 36 26 37 28 38 18 39 20 
5 4 0 23 1 15 2 11 3 13 16 4 21 5 15 6 10 7 20 8 19 9 17 10 22 11 16 12 29 13 30 14 25 15 12 32 22 33 17 34 13 35 29 28 4 28 5 22 6 15 7 17 8 26 9 27 10 11 11 10 12 11 13 20 14 21 15 29 20 28 21 13 22 28 23 26 24 30 25 10 26 25 27 26 28 30 29 23 30 30 31 22 32 16 33 20 34 18 35 27 28 4 15 5 11 6 16 7 26 8 28 9 17 10 13 11 25 16 14 17 28 18 22 19 24 20 20 21 26 22 12 23 26 24 28 25 22 26 29 27 11 28 20 29 22 30 12 31 22 32 23 33 18 34 13 35 17 4 36 29 37 28 38 30 39 26 
5 4 0 14 1 27 2 30 3 18 16 4 13 5 28 6 28 7 19 16 15 17 28 18 20 19 29 20 20 21 15 22 21 23 28 24 30 25 15 26 30 27 29 32 4 23 5 20 6 12 7 14 8 23 9 14 10 28 11 18 12 24 13 20 14 21 15 25 16 13 17 10 18 20 19 27 20 25 21 15 22 21 23 25 24 17 25 13 26 12 27 28 28 16 29 29 30 23 31 23 32 10 33 27 34 12 35 25 8 4 30 5 10 6 16 7 20 32 17 33 22 34 14 35 24 4 36 11 37 17 38 22 39 10 
5 4 0 19 1 17 2 21 3 16 12 16 22 17 22 18 12 19 13 20 26 21 24 22 30 23 15 24 30 25 10 26 24 27 23 28 4 11 5 18 6 20 7 11 8 30 9 30 10 19 11 23 16 18 17 27 18 19 19 14 20 18 21 17 22 25 23 29 24 22 25 29 26 18 27 23 28 22 29 10 30 28 31 30 32 16 33 25 34 29 35 16 16 4 30 5 26 6 17 7 30 20 25 21 26 22 29 23 10 24 20 25 15 26 18 27 10 32 12 33 21 34 13 35 29 4 36 26 37 23 38 23 39 27 
5 4 0 14 1 14 2 17 3 29 28 4 24 5 25 6 19 7 18 12 23 13 19 14 15 15 29 16 15 17 22 18 20 19 12 20 13 21 30 22 11 23 18 24 20 25 11 26 20 27 18 28 30 29 11 30 11 31 13 32 22 33 19 34 20 35 18 20 4 30 5 20 6 15 7 24 8 13 9 29 10 23 11 30 12 21 13 30 14 26 15 22 16 22 17 30 18 26 19 14 20 18 21 11 22 23 23 29 12 8 24 9 16 10 19 11 26 20 22 21 12 22 10 23 23 32 10 33 17 34 13 35 30 4 36 15 37 25 38 29 39 13 
5 4 0 27 1 21 2 23 3 21 28 4 12 5 29 6 22 7 12 12 13 13 20 14 23 15 29 16 12 17 29 18 19 19 23 20 30 21 21 22 14 23 12 24 10 25 19 26 14 27 26 28 26 29 30 30 25 31 14 32 24 33 14 34 19 35 11 28 4 16 5 17 6 23 7 23 8 24 9 27 10 30 11 25 12 20 13 15 14 24 15 13 16 16 17 26 18 24 19 30 24 19 25 19 26 29 27 30 28 15 29 10 30 15 31 28 32 25 33 16 34 19 35 18 8 8 17 9 25 10 20 11 11 32 24 33 11 34 22 35 30 4 36 21 37 28 38 10 39 21 
5 4 0 23 1 22 2 11 3 26 32 4 28 5 10 6 19 7 21 8 26 9 18 10 12 11 15 12 24 13 22 14 22 15 23 16 11 17 11 18 29 19 27 20 13 21 15 22 21 23 12 24 30 25 17 26 12 27 20 28 17 29 23 30 11 31 11 32 10 33 16 34 11 35 30 16 12 13 13 10 14 11 15 29 24 16 25 18 26 30 27 14 28 23 29 12 30 10 31 10 32 25 33 21 34 24 35 18 24 4 23 5 30 6 17 7 26 12 29 13 27 14 18 15 22 20 25 21 26 22 11 23 25 24 10 25 23 26 30 27 13 28 13 29 25 30 25 31 14 32 13 33 30 34 15 35 11 4 36 30 37 13 38 24 39 30 
5 4 0 13 1 17 2 29 3 24 16 4 27 5 29 6 21 7 19 16 28 17 15 18 30 19 27 20 15 21 18 22 21 23 30 28 13 29 23 30 23 31 24 8 4 20 5 29 6 29 7 12 16 21 17 30 18 20 19 23 20 8 25 9 30 10 29 11 20 16 25 17 27 18 16 19 12 24 17 25 13 26 23 27 11 28 23 29 14 30 22 31 20 32 28 33 13 34 26 35 26 4 36 23 37 14 38 12 39 26 
5 4 0 30 1 28 2 14 3 19 4 8 25 9 14 10 24 11 22 8 16 24 17 29 18 13 19 11 28 24 29 19 30 23 31 15 20 4 21 5 25 6 18 7 18 8 16 9 15 10 24 11 17 12 27 13 30 14 15 15 29 16 21 17 18 18 24 19 10 20 24 21 30 22 21 23 10 4 36 12 37 15 38 21 39 13 
5 4 0 28 1 16 2 11 3 11 12 8 26 9 23 10 18 11 23 12 14 13 26 14 28 15 12 24 14 25 27 26 21 27 12 24 4 18 5 21 6 14 7 30 16 19 17 30 18 13 19 14 20 23 21 25 22 21 23 26 24 17 25 10 26 26 27 11 28 20 29 27 30 25 31 18 32 12 33 21 34 19 35 15 28 8 18 9 19 10 25 11 20 12 22 13 17 14 10 15 27 16 14 17 16 18 17 19 28 20 21 21 18 22 12 23 30 24 11 25 19 26 22 27 12 28 13 29 21 30 10 31 20 32 26 33 29 34 29 35 15 4 36 27 37 29 38 17 39 27 
5 4 0 30 1 18 2 14 3 19 12 8 29 9 20 10 13 11 21 12 19 13 30 14 23 15 21 20 10 21 16 22 15 23 20 12 4 24 5 30 6 17 7 17 12 10 13 22 14 14 15 16 20 28 21 22 22 25 23 12 32 4 21 5 28 6 24 7 15 8 21 9 23 10 27 11 14 12 14 13 23 14 12 15 25 16 14 17 19 18 16 19 20 20 21 21 17 22 12 23 25 24 25 25 14 26 28 27 10 28 20 29 30 30 28 31 23 32 25 33 12 34 13 35 25 4 36 24 37 19 38 20 39 11 
5 4 0 12 1 24 2 24 3 18 24 8 10 9 28 10 16 11 22 12 29 13 17 14 16 15 21 16 19 17 11 18 10 19 15 20 10 21 28 22 13 23 20 28 11 29 23 30 15 31 12 32 11 33 11 34 16 35 24 20 8 18 9 13 10 23 11 19 12 20 13 29 14 14 15 23 16 24 17 27 18 30 19 25 20 26 21 30 22 24 23 27 32 13 33 24 34 19 35 13 4 16 14 17 22 18 21 19 27 4 36 13 37 14 38 10 39 24 
5 4 0 24 1 18 2 24 3 17 24 4 23 5 14 6 26 7 23 8 26 9 24 10 25 11 21 12 11 13 30 14 10 15 27 16 25 17 11 18 28 19 14 20 20 21 21 22 25 23 16 32 26 33 18 34 14 35 14 12 8 30 9 28 10 12 11 20 20 15 21 11 22 26 23 17 28 23 29 15 30 12 31 19 4 8 27 9 12 10 13 11 11 4 36 24 37 29 38 27 39 28 
5 4 0 17 1 11 2 20 3 22 12 4 18 5 15 6 13 7 23 16 25 17 10 18 27 19 13 28 16 29 10 30 11 31 12 32 4 22 5 30 6 25 7 24 8 28 9 20 10 14 11 19 12 30 13 27 14 18 15 16 16 26 17 28 18 29 19 26 20 23 21 22 22 12 23 18 24 19 25 28 26 11 27 27 28 17 29 25 30 27 31 30 32 11 33 28 34 25 35 13 20 4 26 5 19 6 13 7 19 8 13 9 18 10 11 11 27 16 14 17 16 18 15 19 22 20 15 21 19 22 20 23 13 24 11 25 11 26 13 27 17 4 36 23 37 19 38 26 39 23 
5 4 0 10 1 17 2 15 3 14 32 4 28 5 22 6 19 7 11 8 21 9 29 10 14 11 13 12 29 13 29 14 12 15 24 16 21 17 29 18 20 19 21 20 18 21 18 22 13 23 17 24 25 25 26 26 16 27 28 28 23 29 22 30 10 31 28 32 24 33 26 34 21 35 30 12 16 23 17 21 18 11 19 21 24 27 25 13 26 28 27 19 32 14 33 17 34 16 35 16 32 4 28 5 26 6 16 7 25 8 28 9 30 10 24 11 26 12 18 13 14 14 15 15 20 16 13 17 21 18 26 19 29 20 18 21 23 22 23 23 19 24 14 25 26 26 10 27 18 28 27 29 30 30 30 31 24 32 25 33 14 34 17 35 11 4 36 30 37 21 38 22 39 30 
5 4 0 30 1 23 2 17 3 18 12 4 28 5 19 6 22 7 21 16 17 17 17 18 21 19 21 20 29 21 19 22 24 23 13 4 24 10 25 23 26 20 27 11 28 4 12 5 29 6 26 7 21 8 25 9 17 10 27 11 20 12 22 13 19 14 28 15 22 16 22 17 23 18 19 19 17 20 30 21 16 22 19 23 25 24 12 25 28 26 30 27 21 28 12 29 14 30 28 31 12 4 36 19 37 12 38 15 39 11 
5 4 0 16 1 17 2 14 3 21 28 4 23 5 19 6 27 7 18 8 22 9 19 10 28 11 23 12 23 13 17 14 10 15 24 16 30 17 27 18 21 19 25 24 27 25 10 26 28 27 12 28 23 29 17 30 10 31 28 32 16 33 22 34 14 35 11 28 4 18 5 19 6 12 7 21 12 14 13 17 14 13 15 28 16 12 17 27 18 16 19 10 20 20 21 13 22 27 23 23 24 30 25 13 26 30 27 17 28 13 29 14 30 12 31 16 32 28 33 23 34 18 35 12 8 12 19 13 10 14 12 15 12 32 22 33 27 34 30 35 22 4 36 11 37 13 38 11 39 25 
5 4 0 14 1 12 2 25 3 18 16 8 12 9 23 10 25 11 24 20 20 21 22 22 13 23 10 28 13 29 15 30 18 31 26 32 23 33 24 34 26 35 13 28 4 30 5 16 6 14 7 23 8 27 9 26 10 24 11 21 12 10 13 11 14 14 15 22 16 12 17 12 18 24 19 27 24 23 25 15 26 20 27 16 28 19 29 19 30 24 31 26 32 23 33 24 34 26 35 15 12 24 26 25 20 26 20 27 10 28 11 29 10 30 16 31 27 32 26 33 22 34 27 35 25 4 36 19 37 28 38 19 39 19 
5 4 0 17 1 30 2 26 3 24 20 4 22 5 13 6 20 7 20 12 20 13 25 14 22 15 17 20 10 21 21 22 22 23 22 24 27 25 15 26 15 27 23 32 23 33 13 34 10 35 14 24 4 24 5 25 6 16 7 13 12 10 13 28 14 19 15 13 16 22 17 28 18 28 19 14 24 19 25 22 26 23 27 10 28 12 29 28 30 19 31 11 32 24 33 14 34 29 35 20 8 20 10 21 20 22 19 23 24 32 11 33 23 34 30 35 13 4 36 10 37 28 38 24 39 30 
5 4 0 19 1 30 2 27 3 14 24 8 28 9 26 10 17 11 26 12 16 13 12 14 18 15 23 16 19 17 17 18 17 19 16 20 18 21 11 22 13 23 27 24 14 25 16 26 15 27 27 28 15 29 20 30 13 31 16 4 12 21 13 18 14 29 15 27 24 4 28 5 21 6 16 7 12 8 12 9 30 10 19 11 22 12 22 13 13 14 25 15 22 24 25 25 30 26 23 27 13 28 25 29 15 30 27 31 13 32 29 33 29 34 10 35 24 4 36 30 37 22 38 25 39 17 
5 4 0 23 1 19 2 12 3 26 32 4 18 5 11 6 26 7 16 8 14 9 17 10 18 11 21 12 11 13 26 14 16 15 13 16 10 17 25 18 16 19 17 20 30 21 28 22 30 23 10 24 15 25 18 26 14 27 24 28 24 29 10 30 30 31 13 32 16 33 23 34 23 35 13 20 4 21 5 22 6 21 7 14 8 11 9 24 10 27 11 11 12 16 13 12 14 27 15 26 16 27 17 10 18 24 19 24 20 14 21 23 22 13 23 25 24 4 16 5 17 6 10 7 10 8 13 9 18 10 25 11 29 12 30 13 19 14 11 15 10 16 10 17 21 18 16 19 20 24 14 25 25 26 11 27 17 32 27 33 22 34 30 35 10 4 36 21 37 14 38 24 39 19 
5 4 0 30 1 29 2 17 3 11 28 4 23 5 21 6 22 7 17 8 28 9 14 10 11 11 26 16 15 17 19 18 19 19 21 20 24 21 13 22 15 23 22 24 14 25 27 26 25 27 21 28 19 29 13 30 27 31 17 32 19 33 28 34 12 35 23 28 4 30 5 25 6 12 7 26 12 16 13 12 14 11 15 13 16 12 17 24 18 24 19 19 20 15 21 13 22 24 23 14 24 20 25 26 26 14 27 29 28 27 29 17 30 30 31 14 32 21 33 20 34 19 35 11 28 4 27 5 28 6 18 7 23 8 10 9 17 10 12 11 14 12 12 13 17 14 18 15 30 20 17 21 19 22 15 23 20 24 28 25 30 26 23 27 28 28 16 29 23 30 25 31 13 32 25 33 25 34 24 35 13 4 36 15 37 22 38 25 39 27 
5 4 0 11 1 17 2 13 3 11 16 8 22 9 22 10 23 11 27 16 22 17 29 18 29 19 18 20 20 21 26 22 25 23 27 28 25 29 15 30 12 31 23 16 8 10 9 30 10 26 11 10 12 28 13 15 14 24 15 19 16 23 17 15 18 25 19 12 24 14 25 20 26 26 27 14 8 16 27 17 29 18 17 19 25 32 17 33 12 34 21 35 24 4 36 21 37 22 38 19 39 24 
5 4 0 22 1 17 2 30 3 19 20 4 12 5 25 6 19 7 12 8 23 9 19 10 28 11 28 12 20 13 19 14 25 15 17 20 28 21 29 22 12 23 10 24 12 25 12 26 23 27 10 8 12 16 13 13 14 25 15 30 32 14 33 27 34 20 35 15 8 4 21 5 10 6 28 7 18 32 10 33 17 34 26 35 18 4 36 12 37 28 38 26 39 27 
5 4 0 28 1 23 2 27 3 12 12 8 28 9 14 10 16 11 30 24 18 25 24 26 15 27 21 32 21 33 11 34 22 35 26 4 4 26 5 29 6 17 7 29 24 4 13 5 20 6 20 7 10 16 26 17 17 18 19 19 17 20 16 21 25 22 27 23 14 24 23 25 21 26 26 27 30 28 13 29 20 30 21 31 28 32 10 33 29 34 22 35 12 4 36 11 37 19 38 23 39 16 
5 4 0 27 1 22 2 28 3 11 24 8 17 9 26 10 19 11 13 12 16 13 17 14 23 15 11 16 25 17 22 18 15 19 14 20 15 21 17 22 19 23 18 28 11 29 12 30 22 31 24 32 28 33 14 34 13 35 29 16 16 25 17 26 18 25 19 18 20 28 21 26 22 11 23 24 28 20 29 21 30 18 31 18 32 28 33 11 34 18 35 17 16 12 22 13 22 14 23 15 12 16 19 17 25 18 23 19 20 20 24 21 24 22 22 23 30 24 17 25 28 26 23 27 20 4 36 25 37 28 38 25 39 23 
5 4 0 11 1 30 2 24 3 12 4 24 10 25 25 26 18 27 17 12 4 30 5 28 6 29 7 27 12 11 13 26 14 20 15 14 28 30 29 18 30 10 31 10 28 4 19 5 10 6 23 7 15 12 21 13 17 14 28 15 14 16 16 17 11 18 13 19 19 20 29 21 21 22 10 23 13 24 22 25 21 26 20 27 28 28 27 29 16 30 19 31 25 32 29 33 30 34 17 35 19 4 36 27 37 23 38 11 39 14 
5 4 0 27 1 12 2 21 3 14 8 4 23 5 27 6 19 7 14 16 20 17 23 18 19 19 24 28 4 21 5 17 6 18 7 29 8 11 9 28 10 29 11 27 12 28 13 18 14 24 15 24 16 11 17 19 18 30 19 30 20 28 21 29 22 10 23 19 24 21 25 13 26 13 27 13 32 23 33 20 34 27 35 24 4 12 12 13 16 14 11 15 18 4 36 18 37 14 38 15 39 23 
5 4 0 18 1 10 2 15 3 20 32 4 15 5 25 6 15 7 15 8 28 9 30 10 13 11 21 12 23 13 22 14 25 15 23 16 16 17 11 18 17 19 15 20 21 21 18 22 17 23 17 24 19 25 29 26 17 27 30 28 23 29 22 30 28 31 30 32 10 33 23 34 13 35 27 8 20 25 21 18 22 17 23 27 32 28 33 29 34 13 35 21 16 8 12 9 23 10 12 11 19 12 18 13 28 14 13 15 15 28 16 29 11 30 27 31 14 32 24 33 12 34 25 35 29 4 36 16 37 11 38 21 39 28 
5 4 0 16 1 21 2 20 3 20 16 8 28 9 18 10 25 11 30 16 13 17 26 18 15 19 28 24 14 25 17 26 21 27 14 32 30 33 25 34 15 35 20 4 20 25 21 20 22 26 23 26 28 4 18 5 21 6 25 7 22 8 19 9 26 10 28 11 19 12 30 13 26 14 24 15 13 16 20 17 26 18 12 19 21 24 24 25 24 26 17 27 21 28 21 29 14 30 26 31 24 32 26 33 25 34 10 35 25 4 36 10 37 17 38 19 39 13 
5 4 0 21 1 28 2 12 3 17 28 4 24 5 17 6 22 7 29 8 18 9 28 10 19 11 22 12 23 13 20 14 21 15 25 16 21 17 27 18 20 19 25 20 30 21 19 22 27 23 10 24 18 25 14 26 28 27 18 28 25 29 17 30 12 31 26 12 4 30 5 11 6 10 7 19 16 24 17 29 18 11 19 13 28 20 29 28 30 10 31 28 28 4 18 5 11 6 24 7 26 8 17 9 17 10 24 11 17 12 15 13 19 14 25 15 11 16 25 17 13 18 18 19 29 20 10 21 28 22 21 23 18 24 18 25 19 26 17 27 13 28 22 29 17 30 13 31 14 4 36 13 37 24 38 13 39 13 
5 4 0 10 1 11 2 15 3 14 16 8 30 9 12 10 12 11 19 16 24 17 29 18 12 19 28 28 29 29 28 30 18 31 26 32 24 33 18 34 16 35 17 32 4 28 5 20 6 30 7 22 8 19 9 13 10 29 11 11 12 24 13 26 14 17 15 12 16 30 17 18 18 21 19 28 20 10 21 15 22 22 23 15 24 23 25 20 26 16 27 22 28 14 29 15 30 18 31 11 32 21 33 13 34 20 35 29 24 4 20 5 27 6 30 7 27 12 19 13 23 14 19 15 14 20 18 21 24 22 27 23 30 24 22 25 28 26 11 27 10 28 18 29 22 30 26 31 20 32 27 33 15 34 24 35 24 4 36 11 37 11 38 21 39 17 
5 4 0 12 1 15 2 15 3 21 24 4 28 5 11 6 14 7 13 16 27 17 17 18 27 19 30 20 22 21 30 22 22 23 14 24 30 25 28 26 29 27 12 28 11 29 20 30 17 31 29 32 21 33 19 34 24 35 30 24 4 17 5 24 6 23 7 27 8 12 9 18 10 10 11 19 12 25 13 24 14 12 15 25 16 24 17 13 18 20 19 11 24 16 25 17 26 17 27 25 32 29 33 25 34 16 35 25 28 4 22 5 30 6 23 7 10 8 29 9 11 10 23 11 14 12 23 13 10 14 29 15 12 16 29 17 28 18 18 19 21 20 22 21 10 22 12 23 19 24 10 25 15 26 19 27 29 28 16 29 26 30 25 31 19 4 36 20 37 29 38 15 39 22 
5 4 0 27 1 25 2 22 3 16 24 4 26 5 23 6 29 7 22 8 14 9 13 10 26 11 16 12 17 13 11 14 24 15 21 16 30 17 28 18 14 19 11 24 23 25 23 26 16 27 16 32 11 33 29 34 24 35 14 20 4 18 5 21 6 15 7 17 8 23 9 12 10 28 11 30 20 12 21 22 22 15 23 11 24 23 25 19 26 17 27 16 32 21 33 13 34 15 35 28 28 4 30 5 10 6 14 7 13 8 27 9 27 10 28 11 13 12 24 13 10 14 25 15 10 16 30 17 29 18 16 19 13 24 23 25 11 26 15 27 11 28 22 29 27 30 12 31 28 32 22 33 20 34 13 35 20 4 36 15 37 11 38 30 39 26 
5 4 0 24 1 11 2 15 3 19 12 12 11 13 29 14 12 15 13 20 20 21 22 22 13 23 20 28 13 29 16 30 28 31 13 8 16 12 17 30 18 29 19 27 32 20 33 11 34 30 35 24 32 4 16 5 10 6 29 7 25 8 29 9 19 10 19 11 23 12 11 13 16 14 28 15 15 16 17 17 27 18 11 19 19 20 18 21 30 22 19 23 15 24 28 25 11 26 17 27 10 28 25 29 27 30 23 31 27 32 29 33 26 34 25 35 16 4 36 24 37 30 38 11 39 11 
5 4 0 10 1 24 2 14 3 25 20 8 23 9 11 10 10 11 18 16 11 17 29 18 11 19 19 20 16 21 13 22 12 23 28 24 20 25 15 26 11 27 25 28 10 29 28 30 15 31 17 24 4 27 5 10 6 19 7 19 8 11 9 29 10 22 11 14 12 10 13 19 14 13 15 22 16 19 17 20 18 13 19 16 20 10 21 13 22 20 23 18 24 30 25 19 26 27 27 10 32 4 30 5 21 6 19 7 22 8 14 9 21 10 12 11 12 12 15 13 29 14 24 15 25 16 27 17 22 18 21 19 19 20 20 21 21 22 20 23 24 24 18 25 27 26 21 27 10 28 18 29 14 30 14 31 15 32 24 33 21 34 25 35 16 4 36 12 37 29 38 30 39 18 
5 4 0 17 1 12 2 19 3 23 12 24 25 25 27 26 11 27 10 28 28 29 17 30 30 31 22 32 28 33 18 34 24 35 19 8 12 18 13 27 14 14 15 13 32 25 33 11 34 16 35 29 12 16 17 17 12 18 25 19 22 28 28 29 21 30 15 31 19 32 23 33 21 34 28 35 28 4 36 25 37 16 38 27 39 11 
5 4 0 27 1 22 2 28 3 12 20 4 24 5 27 6 12 7 15 12 18 13 25 14 30 15 22 20 13 21 27 22 12 23 21 24 17 25 25 26 28 27 22 32 10 33 16 34 12 35 18 4 8 20 9 24 10 19 11 20 28 4 20 5 21 6 11 7 13 8 10 9 22 10 20 11 19 12 13 13 28 14 10 15 14 16 18 17 30 18 27 19 30 20 19 21 23 22 30 23 29 24 20 25 16 26 15 27 18 28 17 29 10 30 20 31 28 4 36 23 37 30 38 29 39 22 

Dynamic Events
Machine Breakdowns (x y z): Machine {x} breakdown from time {y} to {z}
0 124 234
1 408 518
2 499 609
3 431 541
4 489 590
5 464 574
6 39 132
6 399 509
7 149 245
7 443 548
8 56 166
9 113 223
10 163 273
11 137 247
12 88 198
13 277 387
14 150 260
15 350 460
16 245 355
17 481 586
18 545 648
19 253 338
19 544 654
20 160 270
21 243 335
21 550 660
22 423 533
23 431 541
24 111 199
24 474 584
25 551 661
26 92 197
26 437 547
27 292 402
28 107 217
29 217 327
30 155 265
31 123 233
32 334 444
33 78 168
33 520 630
34 361 471
35 413 523
36 520 630
37 520 630
38 319 429
39 212 322

Added Jobs (first number is the time at which the job is added, then pairs of machines and process time)
164: 5 5 5 30 0 29 2 20 32 16 1 10 29 28 18 27 11 9 20 14 21 20 20 22 18 5 14 11 17 19 15 16 15 13 16 18 15 4 25 34 11 38 12 35 23 36 30 1 29 30 10 12 22 0 17 25 18 31 10 8 30 29 30 32 21 2 13 26 26 17 28 9 9 14 3 28 4 15 24 12 18 17 8 10 26 13 6 15 20 21 12 19 16 31 20 2 23 10 14 37 13 6 10 25 16 16 16 15 16 38 13 21 25 11 21 12 14 19 3 17 37 28 20 12 18 28 31 24 27 12 24 20 12 14 17 19 32 11 15 30 
110: 5 11 0 14 26 19 22 26 20 26 15 29 35 28 14 23 28 29 3 15 19 28 12 10 30 10 12 19 13 17 15 35 24 25 22 27 25 30 13 7 10 26 16 32 10 2 11 33 19 21 24 38 29 14 21 18 27 6 28 23 23 9 15 36 27 15 14 0 19 24 25 29 27 4 14 39 26 31 23 34 21 20 20 8 15 10 18 30 38 26 30 23 5 15 3 14 1 24 13 12 37 25 4 13 9 24 31 16 30 4 11 35 20 13 20 36 25 26 23 23 13 11 23 12 22 5 12 3 16 17 14 29 11 38 14 7 27 6 29 0 27 21 27 1 13 28 26 34 30 24 19 37 28 25 16 18 15 10 27 22 19 30 16 20 26 9 26 2 21 21 4 16 19 10 38 22 36 15 12 10 27 23 9 10 24 27 1 11 23 29 39 16 3 17 22 11 15 29 11 30 13 27 32 15 2 30 28 27 26 27 18 23 
45: 5 19 4 15 12 22 32 19 35 22 26 18 7 15 21 26 9 11 0 22 34 23 28 18 2 14 20 29 5 18 38 12 1 21 19 27 24 14 3 22 27 29 10 22 24 2 30 33 10 0 16 13 19 23 23 37 30 1 19 10 23 7 23 26 14 27 24 20 18 34 16 38 16 4 10 30 10 16 11 17 21 39 25 9 26 25 27 15 29 8 30 12 10 3 15 15 20 14 19 24 22 29 24 19 10 15 13 28 3 29 31 11 5 26 1 13 18 24 29 23 27 10 17 24 23 10 32 5 18 29 29 31 11 25 24 14 15 2 15 7 14 16 20 34 22 17 27 22 12 13 16 33 13 18 17 37 10 12 10 39 14 38 29 19 25 35 10 28 20 30 22 32 15 27 18 10 10 3 10 1 19 4 15 24 25 26 12 36 22 9 15 28 32 20 20 28 7 14 5 28 33 19 26 20 25 11 38 10 8 17 22 10 18 30 2 28 36 19 21 11 12 10 10 10 13 14 15 21 3 19 6 10 0 10 19 16 34 17 23 12 35 21 37 25 11 23 14 10 
81: 5 29 13 14 25 14 29 11 31 23 33 28 1 22 16 20 7 10 6 16 4 12 3 11 26 27 12 25 0 24 17 28 2 29 39 27 21 19 28 30 30 12 14 21 10 22 35 29 32 12 38 26 11 27 18 27 19 20 36 24 8 8 25 35 17 23 10 22 27 39 24 27 26 24 24 17 20 10 30 24 24 18 10 16 25 21 3 27 15 15 1 12 0 24 28 25 5 28 8 25 27 31 17 29 10 3 22 2 23 12 21 9 21 14 16 26 11 11 14 29 8 13 10 21 16 13 7 27 31 15 2 22 37 26 39 28 1 19 22 11 32 22 17 17 18 26 0 23 27 17 24 20 33 21 5 11 35 28 28 15 38 25 21 24 36 26 15 16 
190: 5 9 13 17 2 16 33 12 5 10 36 27 10 19 38 11 23 12 7 27 13 11 22 1 13 3 20 30 11 34 14 9 22 39 16 27 20 19 17 29 18 18 14 12 22 2 18 24 5 14 39 17 9 17 36 30 20 29 2 29 38 10 15 14 4 21 0 20 14 30 37 12 13 29 29 21 11 21 25 29 31 23 35 13 33 28 8 14 22 22 6 13 18 11 19 18 4 35 23 3 15 2 26 34 30 24 22 24 23 18 5 30 8 15 26 19 32 18 28 24 31 30 9 24 11 19 38 25 36 25 33 25 21 29 1 10 2 14 35 26 16 24 4 17 24 28 12 15 29 16 13 21 15 24 
147: 5 15 17 15 9 14 11 26 26 18 7 24 24 17 27 18 2 16 5 17 34 27 21 17 14 13 4 25 25 11 37 23 29 25 23 26 12 35 14 21 25 22 21 9 15 19 21 15 22 8 28 0 20 34 24 36 10 30 11 7 17 2 25 24 27 38 22 29 20 20 18 3 18 32 25 31 30 12 14 1 29 33 29 10 27 11 16 5 14 39 28 8 1 28 7 19 10 20 35 16 17 22 28 21 27 14 30 18 25 15 25 33 14 14 20 35 16 26 27 5 29 38 16 11 21 25 18 34 17 2 18 20 29 8 25 9 22 17 30 29 24 27 17 6 13 24 12 12 10 19 16 32 30 36 17 31 27 37 21 22 30 13 28 27 18 24 8 11 6 30 29 21 21 30 19 17 14 23 12 22 37 30 4 25 27 17 10 20 26 15 39 14 36 23 31 27 38 19 24 18 5 16 35 22 
105: 5 28 18 28 20 15 12 30 19 28 28 17 1 16 29 26 37 23 23 17 15 23 22 26 14 19 26 26 24 14 17 24 11 16 3 14 33 28 7 10 31 27 6 17 38 23 25 26 2 21 4 19 13 21 5 22 32 16 31 26 17 28 16 13 29 39 18 36 26 8 23 27 27 16 20 6 25 14 30 9 18 31 12 19 13 22 26 0 30 23 23 29 20 34 23 1 15 7 28 2 16 4 29 30 22 37 28 20 30 24 10 3 24 11 10 35 26 38 15 18 20 27 23 12 7 21 0 15 8 11 20 12 12 27 10 15 22 22 6 29 30 17 34 27 11 28 4 12 13 24 39 19 24 29 25 12 3 16 29 13 2 30 18 30 9 20 35 23 28 18 21 20 36 23 33 13 23 16 21 27 10 6 17 13 28 12 16 36 24 1 14 8 23 7 15 2 28 32 13 25 29 22 22 4 15 0 30 39 17 28 24 19 29 9 24 3 15 30 19 33 10 18 15 25 0 16 28 12 30 18 17 23 29 27 1 19 4 20 22 22 15 26 9 21 16 10 19 13 7 28 8 12 31 10 33 20 10 26 39 21 23 17 11 16 12 13 27 25 14 19 34 14 38 30 
205: 5 7 0 15 9 12 22 14 37 14 7 21 33 30 10 12 20 24 18 19 22 31 20 36 25 35 13 38 17 15 20 3 10 14 30 39 14 37 12 7 14 30 20 26 26 21 29 16 26 12 21 6 25 23 11 4 25 9 12 12 21 11 19 16 38 13 32 10 1 28 0 13 14 12 16 22 25 6 13 36 21 29 20 15 23 18 21 19 24 8 16 9 26 2 12 16 17 30 28 11 20 14 26 31 21 26 18 27 18 3 30 33 12 12 23 35 16 37 30 21 25 0 25 17 16 24 16 5 10 30 39 23 15 18 8 19 35 29 
56: 5 6 2 11 32 13 19 19 25 13 28 18 18 10 8 5 16 38 10 23 18 0 22 21 23 29 18 24 12 12 13 30 26 29 33 20 11 16 0 19 18 11 34 10 17 10 25 21 24 10 27 26 15 13 39 16 5 29 16 16 13 14 21 14 10 24 9 23 29 10 36 26 32 17 3 30 37 12 1 22 38 29 19 27 14 23 6 18 31 15 28 25 13 10 13 35 18 24 24 28 28 8 17 26 24 27 30 0 28 34 21 11 27 30 27 3 18 25 18 20 19 25 26 30 33 17 7 22 14 18 1 19 18 23 22 21 2 17 21 23 29 11 28 21 6 29 20 12 17 23 0 30 38 13 24 28 12 12 37 17 
197: 5 24 0 19 12 28 4 10 17 28 6 17 9 10 11 26 13 27 10 23 1 10 27 26 35 13 21 23 7 23 20 22 5 21 18 15 3 18 24 30 29 15 23 30 16 13 2 30 25 25 28 25 10 21 28 24 21 16 30 11 22 12 16 26 11 38 17 39 27 27 14 37 10 20 30 31 24 29 12 0 20 10 25 7 25 35 29 18 20 17 14 19 17 9 21 14 16 5 15 15 22 13 10 34 20 32 15 9 22 13 26 14 24 17 35 25 27 20 16 22 29 10 0 27 38 12 28 34 14 38 23 30 30 24 24 32 29 12 22 35 26 31 13 27 11 11 16 36 24 5 20 3 15 23 27 4 25 22 21 18 23 17 14 28 17 7 27 1 16 14 20 26 16 2 23 9 26 20 29 25 18 21 13 21 16 30 36 21 2 13 1 30 29 21 32 19 10 26 26 11 35 15 12 24 15 24 30 27 27 11 25 26 19 15 4 14 6 17 7 13 28 28 17 20 22 22 
49: 5 5 2 16 8 11 17 19 36 20 20 13 16 25 22 24 27 31 27 35 27 16 16 29 12 11 18 27 11 26 28 33 19 8 24 37 13 0 13 9 21 38 26 14 20 32 15 23 17 17 16 19 4 21 0 29 25 20 39 14 34 10 9 29 30 12 13 25 8 30 18 15 19 24 29 11 3 18 10 25 33 16 35 14 24 23 6 27 21 20 37 12 31 22 1 24 36 12 22 11 7 21 23 24 26 26 5 29 27 24 20 1 23 32 26 8 29 11 16 5 12 31 15 33 23 15 12 3 25 13 24 2 26 34 19 12 24 38 21 20 17 26 20 0 27 4 19 29 30 10 30 32 20 25 35 23 1 27 8 13 9 26 11 22 37 13 23 30 39 10 22 17 5 14 18 12 13 12 0 15 12 27 28 14 17 30 7 27 27 18 29 22 36 23 19 19 16 26 25 19 21 29 38 17 2 21 4 11 33 26 6 24 10 22 31 12 
197: 5 17 14 25 38 23 37 29 22 21 5 19 32 19 24 29 13 29 11 14 39 29 36 28 6 18 3 25 0 24 25 11 7 26 4 15 23 33 30 23 19 39 24 20 27 11 28 5 18 36 23 31 16 2 20 32 13 3 29 37 19 0 29 14 26 17 22 28 17 9 17 16 22 10 15 22 23 27 28 13 24 8 27 32 14 13 23 30 16 12 37 12 3 26 34 19 17 29 8 18 32 29 6 15 28 23 24 10 39 25 29 15 18 30 13 12 15 28 20 15 21 23 25 16 7 30 11 24 12 28 19 28 33 19 36 26 30 28 2 23 38 12 22 17 31 10 5 17 28 36 26 19 27 38 11 30 24 1 25 37 25 35 22 8 23 11 23 4 18 13 17 33 16 29 11 17 26 26 14 15 17 18 24 2 23 24 17 14 18 16 21 23 30 21 22 3 27 28 29 25 30 31 16 20 24 27 24 20 28 16 31 30 14 27 7 19 34 12 6 12 26 15 23 26 19 18 21 13 25 12 1 28 33 17 37 12 17 25 16 25 11 13 38 30 0 17 29 21 5 12 2 10 8 26 36 23 27 22 12 27 
192: 5 24 14 25 9 13 5 30 11 28 16 21 21 12 10 20 17 14 2 27 7 14 32 17 25 27 28 11 18 27 31 10 23 11 0 13 6 10 15 18 24 15 12 20 19 20 36 22 26 28 15 8 24 3 24 24 24 33 15 11 16 14 18 29 26 32 16 20 23 16 24 27 21 30 20 26 25 28 12 5 29 11 7 10 37 30 33 29 10 11 13 30 22 27 20 29 30 22 34 26 3 16 8 17 12 21 10 28 25 7 20 30 13 6 11 16 30 0 18 37 24 10 19 9 30 5 13 14 23 29 9 12 32 30 5 19 12 23 4 28 6 28 35 10 1 13 27 21 10 16 38 19 26 16 7 15 19 20 20 25 25 12 23 24 15 18 30 17 33 29 8 27 13 22 36 21 28 11 16 16 17 28 2 10 37 26 24 24 
123: 5 24 7 23 25 27 21 11 28 29 35 29 18 29 14 27 34 13 38 22 33 11 19 30 11 27 5 20 1 24 36 11 3 23 13 30 0 16 26 22 8 28 20 28 29 19 12 16 17 26 17 39 13 25 11 14 11 21 12 29 13 22 25 8 16 23 29 24 28 1 12 4 30 30 17 5 22 20 21 9 22 38 15 3 25 16 33 29 16 17 36 11 24 10 32 12 3 10 38 12 26 19 28 11 25 24 10 11 19 10 23 12 37 27 27 21 39 26 4 31 13 12 11 2 15 3 27 23 23 22 30 17 28 29 15 13 35 29 33 28 36 22 14 25 34 15 27 14 3 26 38 15 13 20 29 13 5 24 16 21 22 26 0 12 11 25 37 21 6 14 17 19 9 26 
72: 5 13 8 29 31 27 30 18 37 14 1 21 38 26 19 22 33 25 22 14 7 18 25 22 29 21 20 25 11 2 21 8 16 13 15 39 11 11 17 1 20 31 29 37 11 21 15 25 21 35 26 19 3 15 2 20 24 11 25 23 20 21 39 28 0 18 28 13 12 14 11 19 6 10 34 18 16 27 29 26 36 10 19 14 22 18 10 27 13 17 25 13 14 33 10 2 28 39 12 24 16 36 25 37 26 11 28 12 28 31 27 27 17 9 23 14 15 19 30 17 30 0 14 25 13 22 27 8 27 16 24 3 15 30 28 10 25 28 13 35 23 29 32 28 20 26 12 18 18 22 29 18 34 10 31 10 0 19 33 13 8 19 27 21 19 15 4 25 21 18 28 15 16 24 38 17 15 20 24 15 10 25 23 19 14 23 35 17 9 25 1 11 11 20 30 22 3 24 26 26 
213: 5 16 18 21 2 22 25 30 20 21 19 26 6 22 31 22 5 17 27 17 8 10 23 29 38 21 28 15 37 19 30 19 35 28 15 7 12 33 29 0 28 4 10 24 14 18 25 35 23 19 24 14 25 2 13 37 12 34 15 30 30 31 13 32 30 30 14 28 30 12 36 27 27 20 16 20 5 12 11 22 6 25 12 10 29 24 37 14 7 29 0 22 22 12 17 15 23 23 32 16 13 19 2 29 38 30 8 16 9 24 3 10 33 15 31 28 35 23 10 12 20 29 25 13 19 23 20 26 25 1 30 8 17 36 10 22 28 21 10 2 26 7 27 14 10 29 11 10 27 9 10 35 19 3 18 0 23 30 16 25 25 34 21 12 30 19 11 7 16 14 37 20 27 26 25 19 21 30 17 13 1 25 

Cancelled Jobs
272 8
142 29
197 31
87 38
298 41
22 51
234 54
5 58
21 63
44 69
335 72
97 75
112 79
177 85
292 95
138 96
317 97
