20 40
5 4 0 27 1 20 2 23 3 11 32 4 12 5 29 6 11 7 28 8 20 9 27 10 22 11 16 12 14 13 24 14 28 15 24 16 17 17 27 18 10 19 23 20 24 21 29 22 30 23 24 24 17 25 16 26 17 27 20 28 16 29 22 30 15 31 29 32 19 33 14 34 12 35 12 16 4 17 5 20 6 12 7 12 8 12 9 18 10 18 11 28 12 21 13 17 14 18 15 22 24 16 25 30 26 12 27 14 28 4 20 5 17 6 10 7 20 8 13 9 29 10 19 11 20 16 11 17 22 18 19 19 29 20 18 21 12 22 14 23 15 24 19 25 28 26 26 27 22 28 10 29 10 30 11 31 27 32 12 33 27 34 10 35 24 4 36 26 37 22 38 22 39 17 
5 4 0 30 1 20 2 26 3 15 20 4 17 5 10 6 12 7 19 8 15 9 30 10 23 11 29 12 24 13 17 14 21 15 28 20 20 21 29 22 18 23 17 28 17 29 19 30 20 31 26 16 12 23 13 21 14 23 15 27 16 16 17 11 18 27 19 18 28 17 29 26 30 16 31 14 32 15 33 11 34 23 35 28 16 4 16 5 15 6 30 7 30 8 27 9 20 10 28 11 25 16 22 17 17 18 29 19 11 24 13 25 20 26 16 27 22 4 36 22 37 16 38 25 39 12 
5 4 0 17 1 13 2 16 3 10 24 4 12 5 14 6 30 7 30 8 29 9 25 10 14 11 23 12 27 13 21 14 17 15 26 16 25 17 15 18 24 19 15 24 15 25 11 26 27 27 19 32 30 33 15 34 12 35 29 16 12 12 13 11 14 28 15 20 20 25 21 10 22 23 23 17 24 26 25 21 26 20 27 11 28 22 29 17 30 16 31 21 28 4 19 5 12 6 12 7 11 8 14 9 24 10 11 11 14 12 10 13 13 14 28 15 27 16 23 17 16 18 10 19 17 20 16 21 20 22 22 23 10 28 20 29 25 30 27 31 30 32 25 33 18 34 16 35 21 4 36 27 37 25 38 15 39 18 
5 4 0 17 1 29 2 27 3 23 24 4 26 5 18 6 15 7 14 8 28 9 25 10 13 11 15 12 21 13 23 14 17 15 24 16 17 17 26 18 13 19 20 20 21 21 30 22 12 23 28 24 25 25 28 26 26 27 20 24 4 24 5 24 6 17 7 19 8 29 9 25 10 30 11 21 12 17 13 13 14 20 15 13 16 13 17 15 18 30 19 28 24 25 25 28 26 28 27 28 32 10 33 16 34 19 35 18 16 8 23 9 28 10 30 11 10 12 10 13 19 14 24 15 11 20 23 21 24 22 19 23 29 32 14 33 21 34 19 35 20 4 36 30 37 18 38 18 39 22 
5 4 0 10 1 19 2 10 3 12 24 4 23 5 27 6 21 7 12 12 16 13 10 14 21 15 20 16 25 17 30 18 18 19 14 20 12 21 12 22 28 23 17 24 22 25 11 26 16 27 10 28 11 29 19 30 16 31 19 24 4 15 5 30 6 20 7 12 12 26 13 20 14 28 15 10 16 30 17 21 18 11 19 22 20 19 21 13 22 14 23 21 24 19 25 18 26 10 27 26 32 30 33 24 34 28 35 10 28 8 10 9 19 10 14 11 24 12 19 13 10 14 28 15 22 16 28 17 11 18 10 19 23 20 13 21 24 22 12 23 23 24 10 25 13 26 26 27 25 28 23 29 29 30 22 31 12 32 23 33 19 34 12 35 26 4 36 27 37 21 38 28 39 10 
5 4 0 14 1 22 2 14 3 23 16 12 11 13 26 14 20 15 14 24 19 25 14 26 17 27 15 28 27 29 24 30 27 31 18 32 24 33 17 34 27 35 16 16 8 11 9 25 10 28 11 14 12 14 13 24 14 17 15 14 16 12 17 21 18 21 19 12 28 18 29 16 30 10 31 27 12 12 19 13 14 14 19 15 15 20 20 21 22 22 27 23 28 32 28 33 30 34 16 35 24 4 36 24 37 29 38 14 39 26 
5 4 0 18 1 22 2 11 3 19 32 4 19 5 13 6 28 7 20 8 24 9 16 10 10 11 22 12 29 13 19 14 22 15 12 16 10 17 28 18 17 19 29 20 30 21 24 22 27 23 19 24 14 25 21 26 25 27 22 28 13 29 10 30 22 31 27 32 26 33 29 34 20 35 11 32 4 21 5 12 6 15 7 20 8 14 9 28 10 13 11 27 12 18 13 23 14 11 15 18 16 12 17 25 18 16 19 21 20 17 21 30 22 14 23 15 24 16 25 12 26 28 27 18 28 16 29 28 30 30 31 15 32 16 33 17 34 22 35 11 32 4 23 5 15 6 22 7 20 8 20 9 14 10 28 11 22 12 26 13 16 14 18 15 22 16 22 17 28 18 23 19 26 20 11 21 29 22 24 23 23 24 21 25 13 26 17 27 29 28 12 29 22 30 14 31 18 32 19 33 23 34 21 35 22 4 36 11 37 21 38 13 39 23 
5 4 0 17 1 25 2 25 3 25 20 4 26 5 22 6 22 7 12 8 25 9 10 10 25 11 17 16 15 17 23 18 20 19 21 20 18 21 11 22 26 23 15 32 23 33 23 34 21 35 11 28 4 29 5 19 6 15 7 25 8 10 9 19 10 12 11 21 12 11 13 19 14 14 15 19 20 20 21 26 22 23 23 16 24 12 25 17 26 22 27 13 28 30 29 23 30 15 31 29 32 24 33 13 34 14 35 23 12 12 19 13 15 14 20 15 21 20 13 21 30 22 25 23 27 24 19 25 29 26 28 27 21 4 36 28 37 26 38 10 39 18 
5 4 0 29 1 26 2 28 3 27 28 4 11 5 27 6 23 7 27 8 11 9 14 10 12 11 14 12 30 13 30 14 21 15 11 20 22 21 10 22 18 23 30 24 16 25 25 26 25 27 10 28 21 29 11 30 27 31 19 32 30 33 26 34 13 35 20 20 4 20 5 17 6 28 7 19 8 26 9 23 10 15 11 16 12 12 13 27 14 21 15 19 24 27 25 23 26 11 27 27 32 17 33 30 34 21 35 15 4 16 14 17 10 18 13 19 13 4 36 19 37 26 38 18 39 25 
5 4 0 11 1 18 2 15 3 24 12 8 24 9 15 10 11 11 11 12 16 13 22 14 21 15 18 32 18 33 16 34 27 35 21 32 4 16 5 27 6 10 7 30 8 26 9 23 10 23 11 29 12 26 13 21 14 30 15 19 16 22 17 25 18 14 19 26 20 26 21 29 22 19 23 10 24 26 25 27 26 11 27 13 28 29 29 22 30 16 31 13 32 10 33 22 34 26 35 17 16 8 14 9 26 10 29 11 19 12 16 13 23 14 28 15 27 24 25 25 18 26 11 27 14 28 10 29 28 30 30 31 15 4 36 11 37 29 38 20 39 15 
5 4 0 20 1 29 2 11 3 10 16 4 18 5 10 6 11 7 27 16 29 17 10 18 16 19 16 24 27 25 24 26 20 27 28 32 28 33 23 34 10 35 26 16 8 10 9 12 10 28 11 20 12 28 13 18 14 22 15 22 16 13 17 14 18 17 19 14 20 10 21 16 22 18 23 30 32 4 13 5 27 6 23 7 18 8 11 9 11 10 16 11 21 12 21 13 25 14 23 15 10 16 19 17 25 18 18 19 12 20 14 21 17 22 21 23 20 24 17 25 24 26 26 27 25 28 20 29 24 30 14 31 12 32 21 33 22 34 23 35 22 4 36 22 37 23 38 11 39 25 
5 4 0 12 1 26 2 25 3 28 24 4 13 5 22 6 17 7 12 8 22 9 21 10 18 11 30 16 15 17 28 18 18 19 30 20 12 21 28 22 24 23 30 28 17 29 21 30 12 31 12 32 19 33 25 34 22 35 14 16 4 21 5 29 6 29 7 10 8 24 9 28 10 28 11 28 20 21 21 15 22 22 23 21 28 25 29 27 30 30 31 10 28 4 22 5 24 6 18 7 27 8 26 9 24 10 11 11 16 12 25 13 24 14 17 15 18 20 29 21 24 22 10 23 30 24 14 25 28 26 11 27 25 28 17 29 28 30 20 31 25 32 18 33 10 34 29 35 22 4 36 15 37 21 38 20 39 21 
5 4 0 15 1 28 2 15 3 29 32 4 13 5 19 6 14 7 24 8 12 9 18 10 23 11 14 12 22 13 26 14 14 15 21 16 28 17 16 18 15 19 30 20 18 21 29 22 26 23 12 24 17 25 14 26 30 27 15 28 19 29 16 30 17 31 24 32 13 33 28 34 14 35 16 28 4 18 5 29 6 26 7 11 8 14 9 20 10 27 11 16 12 30 13 16 14 24 15 17 20 26 21 28 22 22 23 20 24 11 25 29 26 21 27 29 28 16 29 27 30 19 31 11 32 29 33 29 34 27 35 17 8 16 21 17 11 18 10 19 10 24 20 25 27 26 16 27 10 4 36 24 37 22 38 22 39 14 
5 4 0 17 1 10 2 15 3 14 12 8 17 9 26 10 29 11 15 12 29 13 18 14 24 15 24 32 11 33 24 34 21 35 26 20 12 14 13 18 14 28 15 13 16 11 17 11 18 18 19 16 20 26 21 14 22 14 23 29 28 12 29 11 30 19 31 19 32 26 33 12 34 14 35 18 16 12 30 13 21 14 16 15 21 16 10 17 10 18 23 19 30 20 26 21 16 22 19 23 25 28 21 29 10 30 24 31 15 4 36 20 37 21 38 16 39 14 
5 4 0 13 1 24 2 10 3 16 24 4 10 5 11 6 13 7 11 8 24 9 12 10 19 11 21 16 12 17 10 18 27 19 27 24 14 25 27 26 11 27 27 28 11 29 25 30 20 31 23 32 23 33 30 34 19 35 21 8 16 19 17 28 18 21 19 15 28 28 29 10 30 19 31 23 28 8 30 9 17 10 23 11 10 12 27 13 23 14 11 15 25 16 13 17 24 18 22 19 11 20 27 21 24 22 10 23 27 24 28 25 19 26 29 27 21 28 10 29 23 30 18 31 12 32 21 33 13 34 26 35 12 4 36 14 37 10 38 18 39 26 
5 4 0 11 1 29 2 10 3 12 24 8 15 9 19 10 17 11 14 12 22 13 21 14 10 15 26 16 16 17 25 18 13 19 13 20 17 21 28 22 21 23 24 28 12 29 20 30 28 31 12 32 25 33 27 34 10 35 16 32 4 27 5 22 6 12 7 15 8 23 9 25 10 18 11 11 12 14 13 10 14 15 15 11 16 11 17 14 18 13 19 24 20 20 21 10 22 29 23 11 24 20 25 29 26 16 27 21 28 25 29 10 30 27 31 29 32 28 33 22 34 12 35 12 32 4 16 5 15 6 24 7 24 8 18 9 25 10 19 11 12 12 29 13 23 14 10 15 18 16 29 17 14 18 16 19 12 20 29 21 19 22 18 23 29 24 22 25 22 26 24 27 16 28 10 29 26 30 18 31 28 32 15 33 13 34 15 35 10 4 36 15 37 14 38 16 39 16 
5 4 0 11 1 11 2 30 3 18 4 32 16 33 11 34 10 35 30 24 4 24 5 10 6 23 7 19 8 23 9 16 10 10 11 17 12 16 13 23 14 10 15 30 16 25 17 26 18 11 19 19 20 23 21 26 22 22 23 27 32 29 33 27 34 13 35 17 20 8 16 9 27 10 18 11 17 12 27 13 18 14 24 15 28 20 27 21 28 22 16 23 20 24 15 25 21 26 24 27 21 28 23 29 25 30 17 31 29 4 36 18 37 22 38 14 39 28 
5 4 0 28 1 18 2 22 3 17 20 8 17 9 10 10 16 11 18 12 14 13 29 14 12 15 18 16 26 17 17 18 29 19 18 20 17 21 28 22 25 23 22 24 11 25 28 26 20 27 16 12 12 19 13 13 14 16 15 10 16 13 17 11 18 21 19 16 20 17 21 30 22 25 23 25 20 4 10 5 21 6 10 7 13 8 28 9 24 10 15 11 29 12 28 13 19 14 22 15 10 24 26 25 18 26 27 27 13 32 26 33 25 34 20 35 26 4 36 22 37 30 38 24 39 23 
5 4 0 23 1 26 2 25 3 18 16 4 25 5 27 6 22 7 23 8 24 9 18 10 27 11 16 12 22 13 11 14 16 15 12 16 21 17 25 18 22 19 18 32 4 24 5 10 6 12 7 22 8 18 9 16 10 22 11 21 12 29 13 29 14 19 15 13 16 27 17 23 18 24 19 11 20 13 21 28 22 20 23 15 24 14 25 30 26 28 27 16 28 18 29 16 30 14 31 15 32 13 33 16 34 28 35 10 28 4 22 5 10 6 10 7 11 8 28 9 17 10 29 11 19 12 19 13 28 14 13 15 25 16 23 17 22 18 24 19 22 20 16 21 11 22 16 23 16 24 27 25 13 26 28 27 28 28 28 29 17 30 15 31 28 4 36 21 37 27 38 12 39 16 
5 4 0 23 1 16 2 10 3 18 4 24 15 25 25 26 26 27 14 4 12 24 13 22 14 25 15 24 8 8 13 9 15 10 27 11 18 24 10 25 25 26 21 27 20 4 36 22 37 29 38 27 39 17 

Dynamic Events
Machine Breakdowns (x y z): Machine {x} breakdown from time {y} to {z}
0 168 209
1 117 158
2 167 208
3 163 204
4 99 140
5 5 46
6 99 140
7 146 187
9 181 222
11 101 142
12 60 101
13 73 114
14 166 207
15 202 243
16 63 104
17 130 171
18 199 240
20 120 161
21 139 180
22 32 73
23 83 124
24 199 240
25 2 43
26 180 221
27 185 226
28 116 157
29 140 181
30 114 155
31 87 128
32 105 146
33 190 231
35 163 204
36 164 205
37 0 41
38 52 93
39 199 240

Added Jobs (first number is the time at which the job is added, then pairs of machines and process time)
65: 5 26 2 15 11 22 32 28 7 29 28 20 24 24 30 13 10 18 37 12 31 19 14 28 39 11 25 16 26 14 1 17 21 10 19 13 4 23 13 25 6 21 29 26 36 11 35 16 15 20 22 28 12 22 21 2 10 28 11 5 12 30 30 16 19 13 21 20 19 24 24 34 25 39 11 1 29 10 29 32 18 7 20 27 14 38 16 35 17 25 25 23 20 4 21 33 24 28 17 14 9 22 20 21 0 17 30 15 11 23 36 22 18 25 24 26 34 20 16 12 21 30 10 11 3 15 14 15 8 25 39 14 1 21 33 27 31 20 4 28 22 18 23 18 27 25 5 24 6 14 7 10 35 19 21 2 26 39 19 19 21 7 28 3 22 11 23 21 29 1 13 12 25 35 13 0 10 10 26 30 26 32 19 36 16 20 17 9 30 37 19 31 23 25 19 5 26 6 23 28 21 17 17 23 18 26 19 17 14 22 
74: 5 31 15 18 20 24 4 17 8 17 13 24 30 17 33 13 26 24 1 14 12 19 21 15 9 11 27 15 6 29 24 13 28 13 7 20 37 27 31 24 39 15 29 23 14 19 18 23 36 30 23 25 5 11 35 18 10 19 32 10 3 14 16 20 12 20 29 21 14 32 17 17 18 25 23 0 27 5 27 29 20 10 11 19 14 36 20 30 19 14 16 18 18 30 34 21 27 18 38 24 14 23 15 26 36 27 30 12 37 10 21 21 0 13 4 15 32 26 6 35 12 1 28 28 19 29 25 5 12 32 26 28 22 28 2 29 32 16 37 12 29 23 39 27 26 23 24 23 28 23 8 12 0 11 1 26 7 23 12 19 27 21 3 19 5 26 20 11 11 28 38 23 35 19 10 10 15 24 13 18 36 25 19 29 6 12 9 12 
51: 5 11 0 28 1 29 34 17 3 22 24 19 7 16 4 13 28 27 18 24 5 27 38 18 5 0 17 11 13 12 27 22 23 9 13 16 25 19 17 13 6 26 28 12 30 26 35 29 10 19 31 25 16 20 27 17 19 23 18 30 20 20 38 25 12 14 14 22 29 3 25 14 25 25 20 36 22 19 27 12 18 30 10 0 17 4 22 7 11 33 19 11 14 5 11 8 15 15 21 18 14 6 11 20 20 37 27 10 25 35 15 1 13 34 10 28 24 13 10 29 18 39 27 17 17 26 11 22 34 23 1 29 4 22 39 10 9 13 13 22 16 14 26 13 12 13 5 13 17 18 19 19 25 24 27 24 10 14 3 21 37 24 14 29 29 17 31 11 30 11 28 27 
39: 5 5 35 11 34 16 24 23 7 23 14 24 15 32 20 26 10 30 11 36 16 13 27 5 22 7 20 38 20 17 26 0 27 25 20 18 12 11 26 4 21 23 29 9 13 10 37 15 20 13 28 22 8 12 21 29 3 15 2 25 34 11 13 35 24 32 17 21 30 14 11 28 23 11 20 23 26 25 29 9 15 3 16 16 14 1 20 33 25 27 23 26 34 11 20 17 9 28 24 19 39 14 28 18 27 14 14 16 36 12 0 25 32 23 3 20 37 12 7 10 17 15 38 26 15 25 16 20 29 20 33 13 2 11 19 18 11 23 10 16 21 25 22 10 

Cancelled Jobs
26 3
48 7
18 9
35 14
