10 20
5 4 0 26 1 24 2 13 3 26 4 8 28 9 25 10 12 11 30 8 8 13 9 11 10 30 11 22 12 22 13 30 14 20 15 24 4 4 16 5 17 6 16 7 25 4 16 21 17 15 18 27 19 22 
5 4 0 12 1 14 2 20 3 23 4 12 12 13 14 14 19 15 27 8 4 29 5 16 6 22 7 17 12 18 13 25 14 18 15 12 8 8 12 9 24 10 12 11 11 12 10 13 13 14 25 15 10 4 16 17 17 13 18 27 19 30 
5 4 0 22 1 14 2 21 3 28 12 4 12 5 12 6 17 7 25 8 22 9 29 10 23 11 20 12 20 13 15 14 19 15 14 12 4 12 5 22 6 23 7 28 8 28 9 20 10 29 11 22 12 15 13 18 14 27 15 11 4 12 21 13 22 14 11 15 10 4 16 16 17 24 18 13 19 19 
5 4 0 29 1 19 2 28 3 28 12 4 17 5 27 6 15 7 13 8 22 9 13 10 18 11 18 12 13 13 30 14 29 15 17 4 12 25 13 29 14 10 15 24 4 12 12 13 21 14 18 15 10 4 16 29 17 21 18 25 19 12 
5 4 0 12 1 12 2 16 3 29 8 4 12 5 15 6 17 7 23 8 29 9 27 10 11 11 28 8 4 19 5 15 6 15 7 13 8 14 9 19 10 21 11 12 4 4 13 5 20 6 11 7 19 4 16 23 17 29 18 12 19 28 
5 4 0 12 1 20 2 20 3 30 4 4 19 5 30 6 18 7 20 8 4 20 5 26 6 27 7 27 12 27 13 11 14 14 15 14 12 4 28 5 24 6 27 7 25 8 13 9 24 10 21 11 28 12 16 13 28 14 20 15 22 4 16 22 17 16 18 19 19 28 
5 4 0 26 1 10 2 25 3 14 4 12 25 13 11 14 25 15 30 4 8 12 9 23 10 10 11 13 12 4 15 5 21 6 22 7 22 8 15 9 17 10 30 11 20 12 25 13 10 14 27 15 17 4 16 16 17 17 18 13 19 19 
5 4 0 15 1 16 2 30 3 13 8 8 22 9 16 10 20 11 23 12 24 13 15 14 22 15 30 12 4 17 5 16 6 25 7 18 8 22 9 11 10 29 11 15 12 23 13 28 14 22 15 14 12 4 11 5 12 6 20 7 19 8 21 9 23 10 17 11 30 12 27 13 23 14 20 15 26 4 16 29 17 24 18 18 19 30 
5 4 0 11 1 30 2 30 3 19 4 12 21 13 28 14 28 15 11 8 4 22 5 25 6 11 7 11 8 20 9 19 10 11 11 30 8 8 27 9 16 10 20 11 12 12 23 13 23 14 18 15 21 4 16 24 17 15 18 16 19 12 
5 4 0 25 1 11 2 28 3 23 8 4 11 5 14 6 12 7 28 8 29 9 14 10 11 11 12 4 8 28 9 30 10 15 11 28 12 4 24 5 11 6 30 7 29 8 30 9 16 10 12 11 30 12 20 13 25 14 29 15 17 4 16 23 17 11 18 20 19 27 

Dynamic Events
Machine Breakdowns (x y z): Machine {x} breakdown from time {y} to {z}
2 114 145
3 113 144
5 131 162
6 157 188
7 73 104
8 99 130
10 35 66
11 39 70
15 152 183
17 1 32
18 27 58
19 24 55

Added Jobs (first number is the time at which the job is added, then pairs of machines and process time)
25: 5 10 7 15 14 17 12 22 1 20 5 15 0 20 11 19 17 15 4 15 3 17 11 17 20 11 21 5 11 12 25 10 30 9 16 6 25 8 25 1 30 15 22 4 28 11 0 17 15 10 16 23 13 30 10 29 1 15 6 17 19 27 8 12 4 21 12 15 6 11 23 15 29 13 19 19 14 7 11 1 17 9 7 19 16 27 0 19 17 14 18 12 11 11 4 27 10 26 2 28 
57: 5 7 12 22 6 20 10 25 16 29 9 28 17 29 1 12 12 4 26 19 17 10 14 11 20 16 27 3 30 12 11 18 18 17 29 1 27 5 25 13 26 11 3 29 8 14 12 19 5 13 0 25 4 27 11 28 19 13 17 26 18 25 13 18 9 2 27 19 26 7 18 15 20 11 25 10 21 16 24 13 14 17 13 8 2 17 0 19 15 16 9 13 11 12 3 22 10 27 13 18 
12: 5 11 12 14 4 25 7 27 2 17 13 25 18 14 19 20 14 11 0 17 6 29 5 12 12 10 19 19 22 14 16 8 24 0 15 4 13 9 14 13 27 12 27 2 18 7 23 17 20 7 13 20 5 17 8 23 1 27 0 27 15 24 11 17 6 17 20 18 17 6 21 3 27 7 19 13 22 8 0 27 6 23 19 12 2 21 10 15 13 15 4 27 11 16 

Cancelled Jobs
4 3
