10 20
5 4 0 18 1 12 2 15 3 29 4 8 18 9 11 10 30 11 10 8 4 24 5 15 6 24 7 13 8 22 9 15 10 24 11 17 4 8 25 9 16 10 27 11 18 4 16 24 17 14 18 12 19 13 
5 4 0 26 1 15 2 16 3 27 8 4 11 5 15 6 26 7 12 8 28 9 20 10 26 11 12 12 4 20 5 14 6 18 7 25 8 29 9 10 10 13 11 10 12 16 13 29 14 29 15 29 8 8 17 9 23 10 13 11 16 12 15 13 19 14 10 15 17 4 16 27 17 19 18 26 19 19 
5 4 0 29 1 28 2 13 3 18 8 8 17 9 24 10 18 11 21 12 17 13 18 14 22 15 23 12 4 26 5 11 6 19 7 14 8 15 9 26 10 28 11 14 12 27 13 13 14 30 15 27 12 4 27 5 21 6 16 7 28 8 11 9 22 10 21 11 20 12 26 13 17 14 19 15 13 4 16 12 17 21 18 29 19 11 
5 4 0 19 1 15 2 19 3 18 4 8 17 9 23 10 16 11 10 12 4 30 5 28 6 26 7 30 8 28 9 30 10 18 11 12 12 13 13 26 14 11 15 27 12 4 11 5 25 6 20 7 14 8 22 9 15 10 22 11 29 12 15 13 18 14 20 15 30 4 16 15 17 14 18 14 19 14 
5 4 0 14 1 11 2 10 3 11 8 4 22 5 17 6 27 7 13 12 25 13 26 14 11 15 28 4 12 24 13 10 14 16 15 13 4 12 29 13 25 14 24 15 20 4 16 13 17 10 18 15 19 21 
5 4 0 16 1 26 2 19 3 26 4 12 12 13 23 14 25 15 23 4 8 22 9 27 10 19 11 22 8 4 10 5 19 6 28 7 22 12 17 13 24 14 18 15 15 4 16 26 17 14 18 24 19 11 
5 4 0 15 1 14 2 20 3 22 4 12 27 13 29 14 16 15 28 12 4 10 5 16 6 25 7 25 8 30 9 14 10 24 11 25 12 14 13 24 14 14 15 23 8 4 27 5 29 6 25 7 30 8 25 9 25 10 25 11 10 4 16 27 17 30 18 20 19 14 
5 4 0 23 1 28 2 23 3 29 4 12 14 13 22 14 16 15 14 8 4 20 5 25 6 24 7 19 12 14 13 20 14 13 15 28 8 4 17 5 23 6 21 7 13 8 11 9 30 10 23 11 29 4 16 26 17 29 18 23 19 10 
5 4 0 12 1 30 2 21 3 18 12 4 30 5 28 6 15 7 23 8 23 9 27 10 16 11 24 12 17 13 17 14 18 15 25 4 4 21 5 29 6 25 7 26 4 4 13 5 11 6 25 7 26 4 16 25 17 10 18 25 19 21 
5 4 0 17 1 14 2 12 3 16 12 4 26 5 11 6 16 7 30 8 27 9 26 10 13 11 12 12 12 13 29 14 18 15 12 4 8 18 9 26 10 11 11 21 12 4 25 5 15 6 28 7 12 8 22 9 10 10 16 11 14 12 12 13 28 14 17 15 19 4 16 10 17 11 18 18 19 13 

Dynamic Events
Machine Breakdowns (x y z): Machine {x} breakdown from time {y} to {z}
0 160 193
1 4 37
3 58 91
4 73 106
6 133 166
7 111 144
8 72 105
9 43 76
12 168 201
14 158 191
15 42 75
18 169 202
19 14 47

Added Jobs (first number is the time at which the job is added, then pairs of machines and process time)
16: 5 12 12 13 7 19 15 30 18 20 2 21 6 27 16 16 13 19 10 19 3 29 19 10 14 14 5 16 20 5 22 0 23 19 17 14 29 11 7 23 2 17 6 27 0 24 3 25 17 12 18 26 12 24 19 13 15 16 5 18 8 14 23 11 10 3 26 19 10 18 19 0 22 7 29 17 19 6 16 21 11 11 7 29 8 30 0 28 2 19 

Cancelled Jobs
48 9
