20 20
5 4 0 23 1 17 2 18 3 10 8 4 28 5 23 6 14 7 10 12 12 13 15 14 14 15 17 4 12 19 13 28 14 11 15 21 8 4 23 5 22 6 23 7 13 8 11 9 29 10 20 11 20 4 16 20 17 21 18 26 19 25 
5 4 0 17 1 26 2 23 3 19 12 4 13 5 25 6 23 7 19 8 16 9 25 10 25 11 16 12 16 13 14 14 12 15 10 4 12 22 13 28 14 30 15 21 8 4 23 5 23 6 22 7 22 8 14 9 21 10 16 11 24 4 16 23 17 19 18 15 19 30 
5 4 0 17 1 20 2 17 3 14 8 4 26 5 14 6 20 7 23 12 16 13 30 14 29 15 23 12 4 26 5 15 6 25 7 16 8 21 9 26 10 28 11 24 12 23 13 23 14 13 15 26 8 8 22 9 11 10 15 11 11 12 12 13 20 14 10 15 23 4 16 30 17 29 18 13 19 27 
5 4 0 11 1 22 2 16 3 11 12 4 10 5 18 6 17 7 10 8 19 9 30 10 12 11 15 12 12 13 11 14 16 15 26 8 4 21 5 23 6 14 7 14 8 30 9 12 10 17 11 30 8 4 15 5 28 6 11 7 19 8 27 9 26 10 25 11 20 4 16 12 17 13 18 30 19 24 
5 4 0 19 1 13 2 19 3 17 12 4 22 5 13 6 21 7 22 8 16 9 20 10 28 11 14 12 30 13 24 14 18 15 12 12 4 22 5 18 6 19 7 22 8 14 9 11 10 15 11 16 12 16 13 11 14 27 15 11 4 8 10 9 27 10 11 11 24 4 16 26 17 30 18 19 19 11 
5 4 0 21 1 27 2 27 3 25 4 4 21 5 26 6 21 7 23 12 4 19 5 28 6 17 7 28 8 28 9 22 10 25 11 22 12 26 13 19 14 22 15 28 8 4 19 5 11 6 30 7 30 12 24 13 30 14 22 15 15 4 16 12 17 21 18 26 19 24 
5 4 0 23 1 22 2 13 3 29 12 4 20 5 11 6 23 7 29 8 13 9 16 10 26 11 23 12 22 13 25 14 30 15 16 4 12 27 13 16 14 24 15 23 4 12 29 13 14 14 13 15 22 4 16 29 17 25 18 13 19 22 
5 4 0 15 1 12 2 27 3 23 8 4 20 5 11 6 13 7 10 8 14 9 27 10 10 11 24 8 4 15 5 23 6 11 7 10 12 27 13 23 14 18 15 24 8 4 14 5 16 6 16 7 28 8 25 9 13 10 13 11 12 4 16 14 17 21 18 15 19 24 
5 4 0 28 1 26 2 18 3 10 8 8 19 9 22 10 20 11 16 12 26 13 23 14 14 15 23 8 4 27 5 18 6 20 7 14 12 13 13 16 14 19 15 26 4 8 20 9 14 10 21 11 17 4 16 27 17 23 18 10 19 22 
5 4 0 18 1 26 2 21 3 10 4 12 14 13 25 14 12 15 25 8 8 25 9 30 10 20 11 26 12 17 13 21 14 21 15 22 12 4 24 5 25 6 29 7 18 8 10 9 20 10 23 11 19 12 24 13 28 14 20 15 14 4 16 12 17 23 18 14 19 15 
5 4 0 26 1 20 2 24 3 15 8 4 23 5 18 6 20 7 26 12 19 13 26 14 29 15 28 8 4 14 5 17 6 21 7 24 8 30 9 27 10 18 11 24 4 4 16 5 17 6 22 7 21 4 16 25 17 21 18 30 19 28 
5 4 0 24 1 14 2 22 3 10 4 12 25 13 23 14 20 15 22 12 4 11 5 24 6 25 7 13 8 29 9 13 10 14 11 21 12 25 13 18 14 26 15 11 8 4 30 5 23 6 26 7 10 12 29 13 10 14 23 15 17 4 16 26 17 16 18 25 19 13 
5 4 0 15 1 15 2 18 3 30 12 4 27 5 20 6 12 7 13 8 17 9 29 10 14 11 11 12 13 13 10 14 11 15 25 4 12 24 13 18 14 21 15 16 8 8 23 9 27 10 27 11 29 12 30 13 11 14 20 15 29 4 16 15 17 28 18 29 19 21 
5 4 0 22 1 12 2 27 3 14 8 8 17 9 20 10 25 11 20 12 26 13 18 14 29 15 11 12 4 10 5 17 6 21 7 27 8 13 9 21 10 24 11 21 12 26 13 12 14 16 15 16 4 12 23 13 10 14 23 15 10 4 16 19 17 14 18 21 19 15 
5 4 0 19 1 17 2 10 3 11 12 4 19 5 13 6 25 7 24 8 15 9 24 10 24 11 23 12 16 13 24 14 24 15 17 4 8 16 9 13 10 22 11 27 4 12 19 13 14 14 22 15 17 4 16 10 17 10 18 28 19 13 
5 4 0 19 1 22 2 16 3 24 8 8 13 9 23 10 10 11 13 12 28 13 22 14 18 15 23 12 4 21 5 27 6 17 7 29 8 13 9 26 10 22 11 14 12 24 13 12 14 18 15 29 8 4 18 5 12 6 26 7 20 8 25 9 28 10 13 11 16 4 16 10 17 22 18 25 19 21 
5 4 0 30 1 16 2 12 3 21 8 8 16 9 30 10 12 11 15 12 11 13 26 14 19 15 29 8 8 29 9 25 10 23 11 15 12 14 13 13 14 12 15 13 12 4 24 5 10 6 18 7 21 8 10 9 17 10 16 11 30 12 20 13 24 14 30 15 24 4 16 18 17 20 18 10 19 24 
5 4 0 21 1 17 2 19 3 21 12 4 29 5 16 6 20 7 25 8 26 9 24 10 15 11 16 12 22 13 28 14 30 15 16 8 8 14 9 14 10 27 11 29 12 20 13 11 14 16 15 19 12 4 27 5 21 6 30 7 24 8 29 9 21 10 17 11 22 12 22 13 15 14 29 15 22 4 16 23 17 23 18 12 19 17 
5 4 0 17 1 22 2 12 3 25 4 4 18 5 23 6 22 7 14 12 4 28 5 25 6 26 7 11 8 23 9 22 10 10 11 29 12 29 13 15 14 12 15 30 8 4 13 5 24 6 21 7 23 12 21 13 21 14 20 15 30 4 16 28 17 19 18 12 19 28 
5 4 0 18 1 11 2 18 3 25 12 4 11 5 20 6 28 7 30 8 22 9 10 10 18 11 20 12 18 13 15 14 23 15 10 4 12 12 13 26 14 15 15 12 12 4 14 5 18 6 17 7 12 8 14 9 10 10 26 11 10 12 11 13 26 14 15 15 27 4 16 26 17 19 18 19 19 27 

Dynamic Events
Machine Breakdowns (x y z): Machine {x} breakdown from time {y} to {z}
0 202 244
1 199 241
2 205 247
3 180 222
4 116 158
5 131 173
6 156 198
7 29 71
8 162 204
10 20 62
11 185 227
12 207 249
13 77 119
14 211 253
15 78 120
16 149 191
17 55 97
18 184 226
19 102 144

Added Jobs (first number is the time at which the job is added, then pairs of machines and process time)
19: 5 10 14 19 19 15 0 17 6 13 10 22 8 28 17 21 4 24 5 16 3 26 4 14 21 15 17 10 14 16 28 5 1 26 13 13 18 26 6 15 11 10 6 4 12 14 12 11 27 17 27 7 23 10 12 6 1 16 11 22 17 27 2 13 13 13 3 26 
10: 5 10 17 26 4 15 2 11 1 11 9 17 19 26 18 16 0 21 13 29 3 14 5 17 29 12 27 11 13 3 20 14 10 12 18 28 9 30 3 22 2 25 15 30 6 18 0 11 13 13 8 20 17 30 1 16 19 13 6 11 27 18 17 9 10 2 10 12 30 14 12 8 3 15 5 10 2 13 15 24 14 18 18 16 19 30 7 19 
61: 5 6 15 11 8 27 1 22 18 30 3 28 7 10 5 12 20 6 25 13 30 8 29 9 24 4 15 15 2 11 3 26 4 29 9 13 29 14 26 4 21 5 17 16 24 6 23 11 18 17 11 3 30 10 10 14 12 16 7 25 13 24 6 15 19 16 9 14 8 23 1 14 4 16 

Cancelled Jobs
1 10
82 11
108 15
