100 20
5 4 0 13 1 11 2 26 3 12 8 4 26 5 26 6 24 7 26 8 28 9 18 10 18 11 10 4 8 17 9 26 10 18 11 22 4 4 15 5 21 6 28 7 27 4 16 24 17 27 18 16 19 28 
5 4 0 10 1 20 2 22 3 15 12 4 16 5 24 6 20 7 27 8 14 9 13 10 13 11 20 12 21 13 14 14 27 15 26 8 8 23 9 30 10 17 11 27 12 18 13 18 14 29 15 18 12 4 14 5 11 6 22 7 16 8 19 9 29 10 12 11 15 12 14 13 19 14 26 15 30 4 16 12 17 10 18 10 19 22 
5 4 0 12 1 14 2 27 3 14 12 4 17 5 19 6 11 7 16 8 15 9 15 10 20 11 28 12 16 13 12 14 28 15 26 8 4 14 5 22 6 15 7 11 8 30 9 30 10 15 11 10 4 12 24 13 19 14 19 15 19 4 16 26 17 18 18 14 19 12 
5 4 0 27 1 30 2 27 3 29 8 8 20 9 29 10 10 11 16 12 23 13 12 14 25 15 20 4 12 26 13 12 14 13 15 10 12 4 26 5 22 6 20 7 11 8 24 9 16 10 28 11 13 12 17 13 16 14 16 15 12 4 16 25 17 10 18 16 19 29 
5 4 0 21 1 10 2 19 3 29 12 4 29 5 28 6 20 7 14 8 23 9 12 10 14 11 17 12 26 13 10 14 28 15 22 8 4 22 5 11 6 23 7 24 8 11 9 26 10 22 11 26 4 8 27 9 18 10 27 11 17 4 16 28 17 28 18 10 19 17 
5 4 0 28 1 27 2 10 3 20 8 4 14 5 10 6 10 7 30 12 26 13 29 14 24 15 15 8 8 14 9 21 10 11 11 14 12 18 13 10 14 29 15 16 8 4 25 5 15 6 15 7 28 12 23 13 12 14 14 15 25 4 16 25 17 20 18 12 19 27 
5 4 0 28 1 30 2 19 3 17 8 8 14 9 14 10 10 11 16 12 22 13 19 14 19 15 26 12 4 29 5 11 6 15 7 22 8 13 9 25 10 16 11 19 12 27 13 27 14 27 15 27 12 4 19 5 19 6 30 7 24 8 30 9 21 10 13 11 14 12 28 13 24 14 14 15 28 4 16 24 17 17 18 27 19 21 
5 4 0 23 1 22 2 17 3 27 12 4 26 5 23 6 23 7 26 8 14 9 26 10 15 11 13 12 30 13 16 14 19 15 22 8 4 12 5 25 6 29 7 13 12 15 13 26 14 29 15 20 8 8 18 9 22 10 10 11 24 12 27 13 14 14 30 15 22 4 16 11 17 14 18 14 19 25 
5 4 0 29 1 20 2 26 3 14 12 4 24 5 24 6 22 7 16 8 11 9 25 10 30 11 11 12 29 13 14 14 13 15 10 12 4 24 5 26 6 17 7 13 8 15 9 16 10 16 11 12 12 29 13 18 14 16 15 20 8 4 12 5 20 6 29 7 25 12 21 13 30 14 30 15 19 4 16 14 17 15 18 18 19 13 
5 4 0 18 1 28 2 17 3 27 8 8 28 9 24 10 20 11 30 12 14 13 13 14 30 15 21 12 4 28 5 10 6 14 7 10 8 19 9 26 10 30 11 18 12 28 13 17 14 17 15 24 4 8 24 9 24 10 14 11 11 4 16 27 17 21 18 13 19 27 
5 4 0 20 1 24 2 26 3 10 8 4 21 5 19 6 24 7 24 12 24 13 27 14 21 15 23 8 8 30 9 18 10 17 11 17 12 22 13 30 14 25 15 13 4 8 17 9 25 10 17 11 15 4 16 12 17 10 18 12 19 21 
5 4 0 21 1 15 2 22 3 13 12 4 11 5 11 6 14 7 25 8 25 9 19 10 22 11 22 12 13 13 25 14 21 15 10 8 8 24 9 20 10 28 11 24 12 15 13 25 14 30 15 29 4 4 11 5 15 6 18 7 21 4 16 21 17 17 18 12 19 25 
5 4 0 14 1 22 2 25 3 26 8 4 23 5 14 6 16 7 19 8 23 9 15 10 12 11 16 8 8 21 9 30 10 23 11 18 12 18 13 18 14 26 15 13 12 4 26 5 29 6 24 7 26 8 13 9 19 10 17 11 19 12 15 13 15 14 14 15 23 4 16 20 17 11 18 22 19 14 
5 4 0 12 1 19 2 23 3 27 12 4 27 5 15 6 18 7 29 8 18 9 24 10 12 11 19 12 18 13 16 14 21 15 14 4 12 21 13 10 14 28 15 21 4 12 30 13 11 14 13 15 14 4 16 13 17 27 18 10 19 26 
5 4 0 30 1 24 2 21 3 13 12 4 13 5 28 6 24 7 25 8 17 9 27 10 11 11 29 12 24 13 20 14 25 15 16 12 4 22 5 25 6 26 7 27 8 17 9 25 10 29 11 26 12 25 13 17 14 10 15 29 8 4 30 5 26 6 29 7 30 8 16 9 15 10 25 11 21 4 16 26 17 10 18 22 19 21 
5 4 0 11 1 12 2 26 3 16 12 4 27 5 28 6 30 7 17 8 15 9 21 10 17 11 20 12 29 13 29 14 14 15 30 8 8 28 9 20 10 27 11 23 12 17 13 22 14 23 15 17 12 4 26 5 23 6 19 7 24 8 12 9 15 10 19 11 27 12 10 13 14 14 16 15 27 4 16 28 17 28 18 12 19 18 
5 4 0 27 1 18 2 29 3 24 12 4 24 5 29 6 25 7 13 8 19 9 26 10 24 11 20 12 12 13 19 14 17 15 30 12 4 20 5 12 6 23 7 26 8 20 9 25 10 20 11 26 12 11 13 16 14 30 15 24 8 4 17 5 11 6 28 7 16 8 20 9 29 10 14 11 14 4 16 27 17 10 18 25 19 17 
5 4 0 22 1 17 2 16 3 16 8 8 13 9 27 10 29 11 21 12 26 13 25 14 25 15 22 12 4 18 5 14 6 15 7 30 8 12 9 29 10 26 11 27 12 14 13 21 14 25 15 27 8 4 10 5 26 6 27 7 29 12 15 13 29 14 30 15 27 4 16 22 17 19 18 14 19 16 
5 4 0 27 1 20 2 12 3 17 12 4 22 5 19 6 27 7 15 8 11 9 30 10 19 11 11 12 21 13 19 14 16 15 18 12 4 17 5 14 6 20 7 28 8 20 9 22 10 10 11 19 12 12 13 21 14 26 15 19 4 12 24 13 30 14 21 15 10 4 16 27 17 10 18 16 19 19 
5 4 0 17 1 20 2 20 3 17 8 4 30 5 27 6 20 7 15 12 13 13 27 14 21 15 25 8 4 26 5 15 6 10 7 17 8 28 9 24 10 28 11 19 12 4 21 5 22 6 12 7 27 8 14 9 28 10 28 11 25 12 11 13 21 14 10 15 22 4 16 12 17 21 18 19 19 25 
5 4 0 10 1 11 2 24 3 10 12 4 15 5 25 6 22 7 11 8 26 9 26 10 12 11 13 12 21 13 26 14 30 15 21 8 4 16 5 10 6 11 7 10 12 27 13 21 14 20 15 11 4 4 23 5 16 6 16 7 20 4 16 17 17 19 18 20 19 27 
5 4 0 16 1 30 2 14 3 15 12 4 23 5 23 6 27 7 18 8 30 9 28 10 23 11 24 12 30 13 23 14 13 15 23 12 4 28 5 19 6 16 7 19 8 29 9 28 10 10 11 14 12 26 13 27 14 14 15 30 8 8 10 9 30 10 12 11 17 12 10 13 12 14 14 15 14 4 16 19 17 18 18 28 19 24 
5 4 0 10 1 24 2 27 3 14 8 4 30 5 26 6 29 7 11 12 20 13 18 14 10 15 14 4 8 23 9 29 10 16 11 12 4 8 24 9 11 10 27 11 10 4 16 30 17 28 18 20 19 15 
5 4 0 26 1 15 2 15 3 27 8 8 25 9 17 10 18 11 10 12 26 13 24 14 22 15 20 8 4 12 5 20 6 17 7 23 8 24 9 24 10 27 11 30 8 8 23 9 16 10 23 11 18 12 29 13 30 14 26 15 22 4 16 20 17 14 18 30 19 30 
5 4 0 23 1 19 2 11 3 20 12 4 11 5 12 6 17 7 23 8 11 9 18 10 11 11 12 12 16 13 17 14 12 15 11 8 8 27 9 26 10 24 11 20 12 13 13 17 14 29 15 29 12 4 19 5 23 6 29 7 13 8 15 9 22 10 27 11 25 12 26 13 20 14 30 15 29 4 16 24 17 26 18 22 19 16 
5 4 0 23 1 13 2 22 3 16 4 4 12 5 23 6 19 7 10 8 8 18 9 22 10 27 11 26 12 15 13 24 14 23 15 21 12 4 21 5 15 6 16 7 21 8 12 9 14 10 21 11 29 12 10 13 24 14 27 15 16 4 16 13 17 17 18 10 19 30 
5 4 0 19 1 18 2 28 3 24 8 4 11 5 19 6 18 7 13 8 15 9 16 10 26 11 19 4 12 22 13 17 14 27 15 23 8 8 18 9 30 10 22 11 26 12 20 13 21 14 11 15 21 4 16 29 17 14 18 17 19 18 
5 4 0 20 1 14 2 10 3 21 12 4 10 5 20 6 20 7 12 8 17 9 17 10 28 11 30 12 11 13 25 14 12 15 28 12 4 13 5 18 6 13 7 24 8 15 9 14 10 21 11 11 12 23 13 19 14 11 15 10 4 8 13 9 17 10 15 11 25 4 16 25 17 24 18 28 19 20 
5 4 0 27 1 17 2 16 3 29 12 4 19 5 14 6 18 7 15 8 22 9 15 10 23 11 27 12 13 13 11 14 10 15 30 8 4 20 5 16 6 21 7 14 8 25 9 11 10 14 11 19 4 4 12 5 27 6 13 7 19 4 16 12 17 14 18 23 19 29 
5 4 0 20 1 17 2 16 3 16 8 4 29 5 18 6 22 7 20 12 30 13 13 14 30 15 23 12 4 11 5 11 6 13 7 28 8 15 9 29 10 10 11 22 12 13 13 11 14 17 15 10 8 8 21 9 18 10 16 11 19 12 26 13 16 14 17 15 21 4 16 30 17 29 18 21 19 28 
5 4 0 14 1 18 2 16 3 13 12 4 10 5 24 6 29 7 28 8 13 9 21 10 25 11 22 12 16 13 20 14 16 15 10 12 4 23 5 12 6 13 7 19 8 11 9 24 10 17 11 22 12 15 13 14 14 30 15 15 8 4 29 5 25 6 14 7 12 12 27 13 12 14 12 15 22 4 16 23 17 13 18 28 19 28 
5 4 0 23 1 26 2 15 3 30 4 12 19 13 15 14 17 15 30 8 4 25 5 11 6 30 7 23 8 24 9 22 10 19 11 17 8 4 27 5 27 6 27 7 23 8 19 9 18 10 26 11 27 4 16 17 17 11 18 24 19 11 
5 4 0 17 1 26 2 20 3 17 4 8 12 9 22 10 29 11 25 8 8 13 9 28 10 15 11 24 12 27 13 20 14 19 15 24 4 8 15 9 18 10 19 11 22 4 16 13 17 21 18 22 19 24 
5 4 0 17 1 24 2 22 3 11 4 4 16 5 12 6 15 7 19 12 4 30 5 16 6 12 7 26 8 14 9 26 10 25 11 16 12 26 13 24 14 20 15 25 12 4 22 5 16 6 28 7 27 8 23 9 12 10 30 11 23 12 11 13 19 14 21 15 28 4 16 13 17 27 18 29 19 15 
5 4 0 21 1 29 2 14 3 10 8 4 22 5 21 6 15 7 19 8 21 9 29 10 16 11 23 8 8 29 9 22 10 29 11 26 12 20 13 18 14 23 15 30 12 4 21 5 18 6 13 7 15 8 23 9 18 10 19 11 27 12 24 13 11 14 13 15 26 4 16 15 17 18 18 14 19 22 
5 4 0 13 1 12 2 11 3 21 4 12 22 13 27 14 30 15 23 8 4 18 5 30 6 23 7 11 8 21 9 27 10 18 11 13 8 4 13 5 27 6 30 7 23 8 16 9 15 10 26 11 25 4 16 21 17 10 18 17 19 15 
5 4 0 25 1 27 2 19 3 28 4 12 25 13 28 14 10 15 28 12 4 26 5 15 6 11 7 27 8 13 9 18 10 10 11 29 12 12 13 24 14 18 15 30 4 8 29 9 10 10 30 11 23 4 16 26 17 14 18 26 19 15 
5 4 0 25 1 27 2 28 3 19 8 8 19 9 28 10 21 11 22 12 30 13 17 14 10 15 22 12 4 27 5 18 6 27 7 23 8 25 9 12 10 10 11 26 12 21 13 29 14 23 15 14 4 12 30 13 21 14 19 15 28 4 16 12 17 20 18 13 19 21 
5 4 0 24 1 25 2 19 3 17 8 4 21 5 26 6 26 7 22 12 26 13 28 14 30 15 12 12 4 11 5 16 6 28 7 29 8 30 9 10 10 22 11 17 12 10 13 12 14 28 15 10 4 8 26 9 10 10 10 11 23 4 16 11 17 16 18 16 19 18 
5 4 0 23 1 30 2 25 3 16 12 4 16 5 19 6 12 7 19 8 15 9 28 10 28 11 30 12 17 13 22 14 16 15 22 8 8 24 9 14 10 17 11 11 12 24 13 29 14 24 15 20 4 8 28 9 13 10 22 11 13 4 16 30 17 24 18 26 19 13 
5 4 0 17 1 15 2 24 3 17 12 4 10 5 17 6 30 7 19 8 21 9 29 10 25 11 14 12 10 13 19 14 15 15 19 4 4 19 5 20 6 28 7 25 12 4 20 5 11 6 16 7 30 8 16 9 26 10 23 11 15 12 18 13 23 14 17 15 13 4 16 13 17 10 18 25 19 21 
5 4 0 25 1 24 2 22 3 25 4 8 27 9 23 10 19 11 13 4 4 25 5 18 6 20 7 18 8 4 11 5 15 6 30 7 25 12 22 13 20 14 17 15 14 4 16 17 17 29 18 27 19 24 
5 4 0 18 1 12 2 12 3 13 4 12 29 13 21 14 18 15 18 12 4 20 5 13 6 28 7 11 8 14 9 23 10 27 11 23 12 18 13 10 14 10 15 13 4 8 16 9 13 10 29 11 30 4 16 26 17 25 18 18 19 10 
5 4 0 25 1 21 2 18 3 11 4 4 16 5 15 6 19 7 15 8 4 18 5 26 6 16 7 19 8 13 9 14 10 28 11 29 12 4 24 5 16 6 26 7 24 8 16 9 13 10 23 11 17 12 22 13 30 14 19 15 26 4 16 11 17 17 18 23 19 18 
5 4 0 25 1 10 2 14 3 27 4 4 17 5 14 6 26 7 21 4 8 25 9 27 10 13 11 24 4 12 29 13 24 14 20 15 21 4 16 16 17 17 18 30 19 13 
5 4 0 26 1 19 2 29 3 15 4 12 19 13 18 14 11 15 27 4 8 13 9 16 10 18 11 15 8 4 28 5 29 6 17 7 28 12 18 13 25 14 18 15 15 4 16 27 17 27 18 13 19 12 
5 4 0 12 1 12 2 25 3 17 12 4 11 5 25 6 17 7 19 8 14 9 11 10 26 11 16 12 18 13 13 14 16 15 19 4 8 28 9 22 10 15 11 10 4 8 29 9 26 10 28 11 10 4 16 11 17 19 18 17 19 12 
5 4 0 19 1 28 2 29 3 21 4 12 23 13 18 14 16 15 17 8 4 23 5 18 6 16 7 26 12 26 13 26 14 25 15 11 8 8 22 9 11 10 19 11 22 12 16 13 28 14 15 15 23 4 16 20 17 13 18 10 19 14 
5 4 0 16 1 12 2 22 3 20 12 4 23 5 18 6 10 7 30 8 30 9 14 10 28 11 11 12 26 13 13 14 24 15 18 8 4 17 5 29 6 28 7 30 8 13 9 29 10 22 11 25 4 8 26 9 26 10 10 11 10 4 16 22 17 18 18 16 19 23 
5 4 0 24 1 30 2 10 3 11 12 4 21 5 22 6 14 7 13 8 10 9 14 10 25 11 10 12 28 13 16 14 13 15 15 12 4 28 5 16 6 28 7 22 8 16 9 30 10 12 11 16 12 17 13 24 14 24 15 20 4 4 15 5 25 6 24 7 14 4 16 17 17 27 18 30 19 15 
5 4 0 11 1 30 2 22 3 19 4 12 16 13 22 14 23 15 23 8 4 23 5 30 6 13 7 24 8 29 9 28 10 19 11 13 12 4 20 5 21 6 27 7 25 8 30 9 27 10 15 11 17 12 17 13 14 14 15 15 14 4 16 14 17 18 18 24 19 12 
5 4 0 25 1 30 2 13 3 24 8 8 17 9 10 10 18 11 29 12 16 13 23 14 21 15 23 8 8 16 9 15 10 13 11 20 12 24 13 20 14 27 15 29 4 8 17 9 30 10 27 11 29 4 16 26 17 26 18 29 19 30 
5 4 0 12 1 29 2 22 3 26 12 4 21 5 23 6 26 7 25 8 16 9 15 10 17 11 21 12 13 13 20 14 13 15 22 8 4 25 5 14 6 18 7 13 12 20 13 30 14 26 15 23 4 4 11 5 16 6 23 7 17 4 16 26 17 12 18 11 19 12 
5 4 0 13 1 19 2 10 3 14 4 4 19 5 27 6 15 7 21 4 4 24 5 30 6 30 7 10 4 12 30 13 29 14 27 15 11 4 16 29 17 11 18 16 19 27 
5 4 0 11 1 14 2 11 3 17 12 4 30 5 26 6 25 7 19 8 22 9 21 10 30 11 22 12 20 13 29 14 30 15 24 12 4 23 5 26 6 25 7 21 8 29 9 16 10 23 11 12 12 12 13 18 14 23 15 19 4 12 11 13 20 14 14 15 17 4 16 16 17 29 18 13 19 27 
5 4 0 26 1 30 2 21 3 21 12 4 13 5 29 6 25 7 17 8 14 9 12 10 14 11 25 12 17 13 29 14 25 15 12 4 8 17 9 22 10 22 11 17 12 4 18 5 16 6 10 7 17 8 17 9 27 10 26 11 26 12 24 13 18 14 13 15 13 4 16 16 17 10 18 23 19 29 
5 4 0 14 1 18 2 18 3 30 12 4 28 5 13 6 17 7 26 8 26 9 18 10 18 11 21 12 21 13 17 14 16 15 16 4 4 26 5 30 6 26 7 28 12 4 15 5 21 6 27 7 22 8 13 9 18 10 24 11 17 12 11 13 15 14 23 15 28 4 16 10 17 23 18 27 19 13 
5 4 0 14 1 29 2 12 3 27 8 4 28 5 20 6 21 7 24 12 26 13 22 14 25 15 24 12 4 15 5 29 6 14 7 29 8 18 9 10 10 26 11 10 12 13 13 23 14 28 15 30 12 4 21 5 28 6 25 7 28 8 24 9 16 10 21 11 23 12 18 13 23 14 22 15 12 4 16 12 17 12 18 18 19 10 
5 4 0 27 1 10 2 20 3 14 12 4 23 5 30 6 29 7 26 8 19 9 26 10 16 11 29 12 26 13 16 14 25 15 14 4 12 22 13 10 14 27 15 18 4 8 26 9 11 10 28 11 10 4 16 18 17 11 18 21 19 18 
5 4 0 29 1 20 2 19 3 10 12 4 23 5 28 6 25 7 11 8 12 9 12 10 17 11 22 12 13 13 17 14 10 15 11 12 4 10 5 10 6 21 7 16 8 10 9 25 10 21 11 21 12 16 13 14 14 25 15 27 12 4 29 5 28 6 18 7 13 8 21 9 12 10 19 11 24 12 11 13 20 14 21 15 10 4 16 20 17 29 18 17 19 12 
5 4 0 29 1 27 2 29 3 18 8 4 17 5 12 6 10 7 10 12 29 13 29 14 30 15 30 12 4 22 5 30 6 29 7 11 8 28 9 13 10 28 11 18 12 12 13 22 14 28 15 17 8 4 28 5 29 6 14 7 13 8 23 9 22 10 15 11 27 4 16 16 17 10 18 17 19 12 
5 4 0 12 1 28 2 25 3 29 8 4 25 5 26 6 11 7 28 8 24 9 10 10 28 11 22 8 8 17 9 13 10 19 11 13 12 10 13 30 14 13 15 14 4 12 20 13 13 14 28 15 10 4 16 30 17 29 18 18 19 12 
5 4 0 20 1 17 2 15 3 28 12 4 22 5 29 6 21 7 27 8 18 9 29 10 18 11 25 12 18 13 11 14 13 15 17 12 4 15 5 18 6 23 7 13 8 25 9 24 10 13 11 27 12 18 13 28 14 24 15 21 4 8 15 9 13 10 13 11 30 4 16 10 17 24 18 24 19 25 
5 4 0 13 1 22 2 22 3 18 4 4 13 5 26 6 21 7 20 8 8 17 9 26 10 15 11 28 12 19 13 21 14 24 15 18 8 8 23 9 19 10 25 11 24 12 12 13 24 14 27 15 24 4 16 16 17 23 18 13 19 21 
5 4 0 18 1 21 2 25 3 29 8 4 11 5 10 6 17 7 19 12 26 13 14 14 12 15 23 4 12 13 13 12 14 15 15 27 8 8 26 9 22 10 18 11 30 12 27 13 27 14 14 15 14 4 16 11 17 10 18 19 19 12 
5 4 0 15 1 29 2 16 3 14 8 4 22 5 16 6 24 7 12 12 11 13 13 14 28 15 12 8 8 19 9 25 10 28 11 28 12 21 13 16 14 25 15 26 8 8 29 9 29 10 26 11 10 12 17 13 23 14 29 15 25 4 16 14 17 18 18 18 19 19 
5 4 0 21 1 23 2 28 3 13 12 4 18 5 23 6 16 7 25 8 11 9 16 10 30 11 20 12 22 13 17 14 29 15 15 4 4 17 5 10 6 11 7 11 4 12 28 13 29 14 12 15 12 4 16 30 17 15 18 23 19 26 
5 4 0 30 1 19 2 25 3 17 8 4 13 5 29 6 28 7 25 12 14 13 13 14 25 15 12 4 4 20 5 17 6 14 7 24 4 12 21 13 14 14 24 15 10 4 16 29 17 20 18 17 19 23 
5 4 0 24 1 16 2 18 3 17 4 8 10 9 27 10 11 11 13 8 4 30 5 19 6 18 7 24 8 10 9 18 10 21 11 25 12 4 19 5 24 6 30 7 10 8 16 9 13 10 14 11 25 12 11 13 17 14 16 15 24 4 16 13 17 15 18 27 19 14 
5 4 0 25 1 10 2 11 3 29 4 8 16 9 24 10 17 11 17 8 4 25 5 11 6 28 7 13 8 17 9 16 10 23 11 28 4 8 27 9 12 10 13 11 25 4 16 17 17 22 18 26 19 14 
5 4 0 19 1 13 2 24 3 10 8 8 20 9 24 10 15 11 18 12 15 13 26 14 16 15 27 8 4 12 5 10 6 19 7 30 8 21 9 22 10 12 11 24 12 4 25 5 14 6 22 7 17 8 19 9 24 10 28 11 30 12 10 13 13 14 23 15 29 4 16 16 17 11 18 18 19 22 
5 4 0 12 1 22 2 23 3 12 8 4 26 5 30 6 23 7 30 12 24 13 23 14 28 15 14 4 4 17 5 15 6 15 7 27 8 8 27 9 28 10 21 11 22 12 30 13 30 14 25 15 26 4 16 23 17 29 18 25 19 11 
5 4 0 23 1 23 2 16 3 24 8 4 30 5 11 6 14 7 29 12 29 13 14 14 23 15 29 12 4 25 5 25 6 16 7 19 8 11 9 18 10 13 11 10 12 23 13 10 14 12 15 24 8 8 17 9 14 10 21 11 20 12 13 13 20 14 18 15 20 4 16 29 17 24 18 15 19 27 
5 4 0 27 1 27 2 29 3 20 12 4 20 5 29 6 12 7 29 8 11 9 24 10 12 11 24 12 17 13 18 14 28 15 17 4 4 27 5 18 6 26 7 22 8 4 30 5 13 6 22 7 23 8 21 9 26 10 24 11 15 4 16 20 17 29 18 30 19 12 
5 4 0 18 1 24 2 19 3 10 12 4 20 5 22 6 12 7 13 8 19 9 14 10 13 11 22 12 19 13 12 14 17 15 30 4 4 21 5 30 6 26 7 22 4 8 10 9 11 10 24 11 22 4 16 24 17 10 18 17 19 11 
5 4 0 30 1 22 2 16 3 11 12 4 27 5 18 6 20 7 30 8 22 9 24 10 29 11 28 12 26 13 21 14 26 15 19 8 8 13 9 27 10 22 11 13 12 22 13 13 14 20 15 18 4 12 13 13 21 14 23 15 10 4 16 13 17 10 18 17 19 20 
5 4 0 22 1 16 2 18 3 28 8 8 23 9 19 10 21 11 13 12 13 13 21 14 16 15 23 8 8 27 9 24 10 22 11 25 12 12 13 20 14 23 15 17 4 12 14 13 20 14 19 15 30 4 16 22 17 10 18 28 19 12 
5 4 0 26 1 10 2 12 3 28 8 4 21 5 27 6 12 7 27 8 15 9 29 10 23 11 23 4 4 23 5 16 6 10 7 18 12 4 28 5 23 6 14 7 18 8 23 9 24 10 15 11 11 12 13 13 22 14 19 15 18 4 16 11 17 29 18 28 19 22 
5 4 0 17 1 30 2 21 3 13 4 12 22 13 24 14 11 15 15 4 8 22 9 11 10 29 11 11 4 8 21 9 18 10 17 11 30 4 16 26 17 30 18 24 19 18 
5 4 0 28 1 22 2 18 3 13 12 4 16 5 13 6 14 7 23 8 25 9 24 10 28 11 18 12 17 13 28 14 28 15 20 4 8 27 9 14 10 23 11 21 8 8 19 9 12 10 16 11 29 12 19 13 22 14 15 15 27 4 16 10 17 18 18 22 19 30 
5 4 0 26 1 16 2 19 3 20 4 4 25 5 28 6 20 7 28 12 4 30 5 13 6 24 7 21 8 23 9 12 10 29 11 14 12 23 13 23 14 17 15 26 4 12 10 13 19 14 12 15 22 4 16 29 17 10 18 10 19 18 
5 4 0 29 1 20 2 20 3 20 12 4 15 5 29 6 17 7 21 8 19 9 23 10 22 11 26 12 27 13 12 14 19 15 22 12 4 21 5 22 6 23 7 21 8 18 9 28 10 18 11 14 12 16 13 18 14 14 15 28 8 8 14 9 17 10 17 11 23 12 14 13 28 14 10 15 27 4 16 25 17 26 18 19 19 11 
5 4 0 14 1 30 2 11 3 29 8 4 24 5 25 6 17 7 25 12 12 13 29 14 30 15 28 8 4 26 5 24 6 15 7 30 8 15 9 18 10 28 11 29 12 4 22 5 24 6 23 7 12 8 15 9 12 10 26 11 10 12 19 13 12 14 11 15 19 4 16 12 17 15 18 15 19 21 
5 4 0 28 1 12 2 30 3 15 12 4 29 5 19 6 15 7 19 8 13 9 17 10 16 11 24 12 14 13 12 14 21 15 20 4 8 18 9 28 10 10 11 14 4 12 13 13 28 14 11 15 21 4 16 14 17 10 18 12 19 15 
5 4 0 16 1 12 2 16 3 16 4 8 26 9 12 10 20 11 22 4 4 22 5 21 6 14 7 18 12 4 18 5 14 6 23 7 26 8 29 9 24 10 23 11 12 12 20 13 22 14 21 15 16 4 16 11 17 12 18 25 19 22 
5 4 0 30 1 13 2 20 3 15 12 4 10 5 29 6 25 7 28 8 29 9 15 10 13 11 26 12 19 13 17 14 24 15 24 4 12 22 13 29 14 26 15 20 4 4 30 5 21 6 20 7 29 4 16 11 17 29 18 21 19 22 
5 4 0 21 1 13 2 21 3 17 4 8 30 9 30 10 13 11 21 8 4 23 5 10 6 22 7 28 8 16 9 22 10 22 11 27 8 4 23 5 26 6 16 7 24 12 21 13 11 14 24 15 11 4 16 30 17 21 18 19 19 30 
5 4 0 25 1 22 2 15 3 27 12 4 30 5 13 6 17 7 29 8 28 9 14 10 24 11 14 12 23 13 14 14 23 15 17 8 4 16 5 22 6 10 7 27 12 20 13 12 14 15 15 28 8 4 30 5 20 6 13 7 18 8 18 9 10 10 20 11 16 4 16 16 17 16 18 22 19 22 
5 4 0 15 1 29 2 23 3 10 8 8 19 9 19 10 12 11 30 12 10 13 14 14 17 15 25 4 4 25 5 11 6 14 7 27 4 4 16 5 28 6 20 7 22 4 16 27 17 16 18 20 19 16 
5 4 0 23 1 18 2 15 3 30 12 4 14 5 22 6 21 7 19 8 21 9 15 10 29 11 25 12 17 13 13 14 20 15 19 4 8 30 9 13 10 29 11 20 4 4 19 5 14 6 16 7 13 4 16 26 17 25 18 29 19 18 
5 4 0 11 1 27 2 19 3 30 8 4 23 5 16 6 19 7 24 8 14 9 22 10 16 11 19 4 4 30 5 30 6 13 7 24 8 4 16 5 12 6 25 7 15 12 14 13 23 14 27 15 17 4 16 28 17 20 18 24 19 21 
5 4 0 10 1 22 2 15 3 11 4 8 29 9 30 10 27 11 30 8 4 12 5 18 6 12 7 11 12 12 13 17 14 24 15 19 12 4 21 5 25 6 12 7 18 8 12 9 29 10 13 11 14 12 27 13 27 14 13 15 23 4 16 20 17 24 18 15 19 23 
5 4 0 14 1 15 2 25 3 22 8 4 12 5 12 6 14 7 10 12 24 13 28 14 25 15 10 4 8 11 9 28 10 14 11 20 12 4 11 5 21 6 27 7 26 8 16 9 27 10 17 11 13 12 18 13 10 14 25 15 19 4 16 29 17 18 18 30 19 29 
5 4 0 19 1 21 2 27 3 27 8 4 13 5 14 6 28 7 15 12 11 13 26 14 22 15 10 4 4 17 5 15 6 30 7 29 4 8 20 9 10 10 12 11 18 4 16 28 17 22 18 23 19 23 
5 4 0 29 1 30 2 18 3 29 12 4 13 5 15 6 16 7 12 8 12 9 12 10 16 11 19 12 12 13 21 14 28 15 17 12 4 13 5 18 6 21 7 12 8 26 9 14 10 27 11 26 12 18 13 16 14 26 15 15 12 4 11 5 15 6 27 7 11 8 12 9 21 10 12 11 16 12 17 13 19 14 17 15 16 4 16 28 17 22 18 20 19 12 
5 4 0 25 1 21 2 24 3 27 8 8 15 9 19 10 27 11 11 12 22 13 11 14 16 15 20 8 4 13 5 20 6 13 7 16 12 25 13 18 14 23 15 16 8 4 30 5 17 6 24 7 13 8 16 9 21 10 14 11 25 4 16 12 17 19 18 27 19 23 
5 4 0 23 1 12 2 26 3 21 4 12 22 13 29 14 11 15 24 4 4 25 5 10 6 14 7 23 8 4 12 5 19 6 15 7 19 12 12 13 13 14 27 15 10 4 16 23 17 13 18 12 19 29 
5 4 0 28 1 29 2 27 3 16 4 12 10 13 12 14 22 15 16 4 12 13 13 13 14 16 15 22 8 8 30 9 30 10 30 11 26 12 17 13 24 14 29 15 17 4 16 18 17 18 18 24 19 25 
5 4 0 23 1 18 2 17 3 25 4 12 16 13 23 14 19 15 30 4 12 28 13 23 14 18 15 29 4 12 22 13 27 14 15 15 30 4 16 19 17 11 18 10 19 25 
5 4 0 25 1 27 2 15 3 17 8 4 19 5 28 6 24 7 29 8 22 9 14 10 22 11 26 12 4 19 5 15 6 18 7 30 8 19 9 25 10 16 11 11 12 14 13 28 14 21 15 16 12 4 12 5 27 6 25 7 14 8 24 9 23 10 30 11 22 12 19 13 15 14 16 15 27 4 16 16 17 19 18 27 19 10 

Dynamic Events
Machine Breakdowns (x y z): Machine {x} breakdown from time {y} to {z}
0 549 662
1 164 272
1 489 602
2 503 609
3 153 245
3 553 656
4 412 525
5 515 628
6 405 518
7 141 254
8 419 532
9 352 465
10 113 226
11 97 210
12 159 271
12 501 614
13 556 669
14 99 195
14 432 545
15 54 157
15 394 507
16 469 582
17 542 617
18 530 643
19 282 367
19 565 678

Added Jobs (first number is the time at which the job is added, then pairs of machines and process time)
89: 5 5 12 23 16 30 1 21 4 30 6 30 10 3 14 2 20 19 21 14 28 13 11 10 19 7 10 4 23 17 23 15 20 7 7 20 9 12 12 16 18 23 19 16 6 22 2 28 6 16 10 15 12 2 15 14 14 18 15 3 12 12 18 22 12 24 15 29 8 15 5 20 17 11 4 11 11 22 14 15 1 24 0 23 7 30 
93: 5 12 18 10 7 22 17 15 19 30 10 21 6 19 0 30 4 21 1 25 16 19 14 21 15 17 12 19 11 12 11 16 23 18 25 3 15 17 20 5 19 2 10 11 19 1 15 15 21 9 15 7 11 26 16 12 3 17 8 19 0 12 15 30 2 11 10 2 22 1 10 10 21 17 23 16 10 7 26 4 12 11 25 12 15 13 29 9 18 21 3 20 14 18 17 24 1 17 8 10 11 27 7 29 10 30 
102: 5 10 19 28 5 17 3 19 7 12 18 19 16 10 4 15 14 12 12 12 11 29 6 18 19 16 13 13 16 5 14 3 16 12 20 12 14 28 18 19 10 26 15 22 8 26 4 11 13 19 19 29 3 16 1 30 7 25 2 23 7 3 13 16 21 7 23 5 21 17 19 15 20 19 11 7 11 25 10 23 0 28 17 20 16 17 3 21 13 28 
208: 5 7 0 20 6 29 7 12 18 28 19 13 8 19 12 15 10 9 25 3 24 14 18 18 22 11 13 6 21 2 10 15 24 12 13 13 20 12 17 24 4 28 12 26 3 15 9 29 1 15 8 13 16 15 18 21 11 26 15 11 13 30 9 12 24 18 30 17 20 4 29 8 20 1 30 6 23 14 27 10 17 9 0 15 14 22 2 14 8 28 10 17 13 18 4 14 15 27 6 15 
217: 5 12 19 15 10 23 16 11 5 11 13 29 7 28 0 24 14 30 4 18 17 23 9 22 6 11 4 16 19 11 10 8 23 2 12 7 10 18 16 30 1 15 3 15 4 10 12 13 0 30 12 17 21 14 30 6 24 11 30 15 18 12 11 19 23 9 22 10 27 0 15 7 16 2 15 6 6 22 10 18 8 20 11 24 13 13 2 18 
82: 5 8 10 14 9 28 16 24 2 27 1 11 18 23 6 14 17 19 9 4 23 14 23 5 25 12 27 2 19 19 30 18 11 6 11 3 25 7 13 19 7 29 18 29 10 27 5 20 2 25 8 26 8 13 29 5 15 16 20 15 28 3 20 19 17 12 11 10 11 11 9 25 3 22 2 25 17 22 13 18 14 12 7 20 16 11 4 25 15 29 11 26 
143: 5 10 19 20 9 11 14 26 11 20 8 16 0 16 2 19 15 10 4 22 13 29 7 4 22 11 27 6 24 16 30 8 20 13 12 18 29 10 4 23 11 16 19 21 16 22 18 27 1 29 14 30 3 19 0 12 10 10 11 17 20 5 20 7 16 3 29 10 17 14 27 8 26 11 30 15 18 12 17 16 15 11 3 30 8 28 0 24 18 26 11 14 16 21 13 26 1 23 12 17 7 24 10 18 
104: 5 7 11 13 4 11 13 28 12 15 8 27 18 23 0 21 9 5 11 8 25 18 27 17 21 19 20 13 30 7 25 2 18 16 21 7 4 22 3 10 18 11 12 29 7 18 1 23 15 10 4 6 20 13 18 10 23 14 12 9 13 30 8 29 6 13 1 22 16 21 19 17 12 23 17 16 5 11 
28: 5 5 18 27 17 25 8 25 5 21 1 26 12 5 18 13 14 15 20 14 14 10 14 2 19 1 11 18 19 11 24 17 23 3 13 7 30 7 16 20 2 29 18 27 10 23 8 30 4 12 14 22 12 8 23 4 25 2 27 16 14 0 23 14 25 17 18 3 15 5 30 13 16 18 13 1 22 11 9 19 19 15 1 26 0 21 4 10 13 12 11 13 10 25 16 11 3 21 18 18 
105: 5 4 15 26 0 13 5 30 18 24 11 1 16 14 30 13 21 8 28 7 15 5 20 6 10 9 22 0 19 18 15 10 26 9 14 29 18 25 8 26 1 24 10 10 2 17 19 16 5 26 17 12 12 14 23 9 12 17 30 6 17 4 17 2 27 7 30 11 14 1 20 19 27 13 21 18 11 8 18 16 11 11 17 30 5 27 6 12 12 10 10 22 4 18 
87: 5 12 7 26 11 24 18 22 5 11 10 21 4 18 8 23 0 28 3 10 17 19 9 19 2 15 5 6 20 2 30 9 10 16 24 17 29 11 2 23 19 29 12 21 8 11 10 25 18 30 7 24 0 26 3 27 5 15 15 25 12 16 20 15 23 9 27 19 13 0 26 2 29 17 20 11 27 10 25 18 28 8 23 13 27 8 7 28 15 18 6 13 9 15 12 18 13 22 19 24 5 13 
50: 5 4 5 22 10 12 9 28 18 14 9 8 20 17 13 6 14 1 24 5 26 11 24 2 29 14 10 19 14 11 3 27 7 25 2 25 4 18 19 20 8 26 9 28 15 23 6 24 1 22 14 13 6 18 22 19 24 9 21 16 13 8 29 4 20 11 5 13 16 23 1 13 13 10 3 14 10 12 4 21 0 28 8 23 15 21 19 21 
106: 5 6 4 22 5 17 19 28 0 26 1 22 2 30 5 18 25 6 23 1 17 14 27 3 26 6 7 14 17 13 5 17 14 12 3 29 4 19 12 0 10 16 28 12 25 19 23 4 18 8 10 13 16 18 17 10 19 3 16 15 14 2 15 4 12 30 3 24 10 17 2 27 
29: 5 9 8 12 7 12 5 10 15 14 17 15 14 15 12 18 11 30 2 21 5 8 28 2 28 16 26 5 30 7 27 5 0 18 5 28 18 22 12 13 8 28 10 19 23 14 11 10 16 6 25 4 29 13 11 1 22 3 19 7 28 11 27 4 9 25 16 19 19 11 1 13 
153: 5 4 6 26 16 26 12 12 0 13 5 16 26 6 14 10 12 0 27 14 16 5 4 16 5 30 16 23 15 21 2 15 6 6 11 13 14 14 15 2 19 0 21 1 16 10 11 24 14 21 8 23 9 29 7 15 16 15 1 15 5 26 6 26 2 12 

Cancelled Jobs
109 0
130 5
189 23
265 26
63 29
220 32
296 40
226 43
202 50
331 51
84 59
320 62
74 67
290 68
72 71
298 72
357 93
276 94
