100 20
5 4 0 23 1 23 2 25 3 30 4 12 10 13 17 14 22 15 30 12 4 11 5 28 6 12 7 20 8 12 9 23 10 28 11 10 12 15 13 12 14 25 15 23 12 4 15 5 23 6 29 7 14 8 18 9 21 10 16 11 29 12 22 13 29 14 10 15 25 4 16 18 17 10 18 17 19 23 
5 4 0 24 1 29 2 17 3 29 12 4 16 5 30 6 19 7 19 8 17 9 22 10 24 11 25 12 23 13 15 14 11 15 28 12 4 17 5 18 6 18 7 12 8 30 9 28 10 20 11 19 12 12 13 24 14 11 15 28 12 4 23 5 22 6 10 7 10 8 12 9 11 10 26 11 26 12 30 13 24 14 30 15 28 4 16 29 17 19 18 23 19 24 
5 4 0 14 1 30 2 19 3 19 4 4 14 5 20 6 13 7 27 8 4 20 5 26 6 10 7 17 8 20 9 15 10 19 11 23 4 8 28 9 14 10 30 11 11 4 16 20 17 11 18 13 19 25 
5 4 0 12 1 20 2 26 3 30 12 4 24 5 24 6 28 7 14 8 16 9 20 10 30 11 23 12 11 13 18 14 23 15 21 4 8 12 9 28 10 30 11 25 8 4 21 5 14 6 16 7 13 12 10 13 20 14 14 15 16 4 16 26 17 30 18 11 19 15 
5 4 0 24 1 25 2 25 3 26 8 4 27 5 29 6 13 7 24 12 11 13 23 14 20 15 28 4 4 30 5 22 6 11 7 23 8 4 16 5 23 6 16 7 19 8 17 9 21 10 16 11 11 4 16 28 17 24 18 24 19 21 
5 4 0 29 1 20 2 11 3 13 12 4 13 5 25 6 29 7 24 8 22 9 18 10 21 11 29 12 27 13 20 14 10 15 12 12 4 21 5 19 6 29 7 19 8 29 9 19 10 12 11 24 12 21 13 22 14 13 15 18 12 4 17 5 16 6 17 7 27 8 28 9 15 10 19 11 11 12 12 13 30 14 17 15 27 4 16 25 17 19 18 23 19 15 
5 4 0 17 1 24 2 21 3 23 4 12 16 13 21 14 26 15 17 4 4 18 5 14 6 13 7 24 8 4 23 5 22 6 14 7 27 8 11 9 28 10 27 11 11 4 16 27 17 22 18 20 19 18 
5 4 0 11 1 29 2 14 3 10 8 4 29 5 27 6 10 7 24 12 24 13 10 14 11 15 27 4 12 11 13 13 14 18 15 15 8 4 27 5 20 6 10 7 26 8 27 9 16 10 30 11 24 4 16 30 17 15 18 14 19 19 
5 4 0 27 1 24 2 19 3 12 4 8 30 9 12 10 25 11 23 4 8 17 9 23 10 30 11 27 4 8 16 9 18 10 29 11 17 4 16 22 17 22 18 15 19 18 
5 4 0 20 1 29 2 28 3 10 4 8 10 9 23 10 25 11 30 4 8 15 9 27 10 20 11 13 12 4 15 5 12 6 24 7 15 8 11 9 30 10 26 11 24 12 24 13 22 14 13 15 22 4 16 24 17 15 18 18 19 15 
5 4 0 26 1 23 2 21 3 24 12 4 29 5 11 6 13 7 11 8 10 9 26 10 16 11 15 12 10 13 14 14 30 15 19 4 12 26 13 16 14 10 15 19 12 4 16 5 29 6 21 7 13 8 25 9 26 10 21 11 15 12 16 13 18 14 17 15 19 4 16 29 17 22 18 13 19 28 
5 4 0 25 1 23 2 14 3 11 4 12 19 13 16 14 19 15 20 8 8 15 9 29 10 10 11 19 12 11 13 10 14 16 15 10 4 8 26 9 22 10 11 11 19 4 16 29 17 16 18 26 19 14 
5 4 0 28 1 28 2 26 3 23 4 12 24 13 12 14 13 15 26 12 4 19 5 13 6 23 7 25 8 12 9 14 10 18 11 21 12 28 13 24 14 13 15 19 8 4 19 5 17 6 23 7 24 8 30 9 11 10 18 11 19 4 16 19 17 25 18 28 19 12 
5 4 0 19 1 19 2 16 3 26 4 4 19 5 24 6 26 7 18 8 8 18 9 27 10 11 11 17 12 12 13 27 14 10 15 23 12 4 12 5 28 6 19 7 21 8 27 9 20 10 20 11 20 12 14 13 29 14 23 15 26 4 16 18 17 21 18 27 19 18 
5 4 0 11 1 10 2 28 3 10 12 4 18 5 13 6 17 7 30 8 21 9 28 10 10 11 29 12 13 13 24 14 11 15 28 8 8 12 9 16 10 24 11 21 12 27 13 28 14 27 15 24 4 4 21 5 23 6 17 7 23 4 16 16 17 11 18 14 19 29 
5 4 0 18 1 30 2 17 3 24 8 4 29 5 21 6 24 7 19 8 13 9 25 10 27 11 15 4 4 21 5 11 6 15 7 30 4 12 11 13 15 14 17 15 14 4 16 26 17 29 18 22 19 26 
5 4 0 23 1 29 2 17 3 14 8 8 27 9 13 10 14 11 13 12 18 13 14 14 16 15 20 4 12 19 13 21 14 26 15 15 4 4 16 5 16 6 14 7 14 4 16 19 17 30 18 25 19 21 
5 4 0 17 1 20 2 12 3 30 8 8 30 9 16 10 22 11 10 12 13 13 23 14 18 15 22 8 4 15 5 22 6 27 7 11 12 15 13 30 14 22 15 29 8 4 16 5 13 6 17 7 14 8 15 9 21 10 29 11 22 4 16 13 17 24 18 24 19 17 
5 4 0 27 1 24 2 22 3 30 8 8 20 9 22 10 10 11 11 12 12 13 17 14 19 15 10 8 4 29 5 25 6 21 7 25 8 16 9 17 10 14 11 10 8 4 27 5 10 6 20 7 10 8 10 9 24 10 21 11 18 4 16 27 17 11 18 24 19 24 
5 4 0 10 1 30 2 14 3 24 12 4 19 5 16 6 24 7 29 8 27 9 23 10 23 11 21 12 21 13 19 14 18 15 28 12 4 26 5 19 6 10 7 27 8 23 9 18 10 24 11 24 12 10 13 11 14 26 15 16 8 4 10 5 25 6 10 7 16 8 20 9 20 10 25 11 19 4 16 22 17 26 18 17 19 23 
5 4 0 21 1 15 2 29 3 30 8 4 12 5 28 6 29 7 12 8 10 9 22 10 28 11 17 8 4 29 5 27 6 30 7 11 12 25 13 28 14 11 15 27 8 4 20 5 25 6 15 7 24 12 18 13 22 14 21 15 16 4 16 26 17 30 18 13 19 20 
5 4 0 19 1 12 2 28 3 23 12 4 11 5 25 6 27 7 15 8 19 9 20 10 17 11 26 12 24 13 25 14 21 15 20 8 8 15 9 25 10 26 11 27 12 29 13 11 14 18 15 28 4 12 27 13 20 14 28 15 27 4 16 25 17 16 18 14 19 28 
5 4 0 19 1 19 2 27 3 16 8 4 19 5 21 6 25 7 24 12 14 13 13 14 17 15 19 8 4 19 5 17 6 29 7 16 12 15 13 22 14 29 15 10 12 4 22 5 15 6 11 7 12 8 30 9 22 10 22 11 27 12 28 13 16 14 18 15 28 4 16 23 17 26 18 29 19 11 
5 4 0 11 1 13 2 15 3 19 4 8 14 9 25 10 12 11 27 12 4 28 5 22 6 13 7 28 8 23 9 11 10 30 11 15 12 12 13 30 14 23 15 20 4 4 18 5 12 6 23 7 13 4 16 10 17 12 18 27 19 10 
5 4 0 28 1 24 2 26 3 16 12 4 25 5 21 6 12 7 19 8 15 9 25 10 27 11 11 12 15 13 23 14 21 15 26 12 4 18 5 11 6 10 7 24 8 19 9 15 10 14 11 22 12 16 13 13 14 11 15 11 12 4 15 5 23 6 10 7 12 8 17 9 17 10 25 11 10 12 25 13 13 14 20 15 21 4 16 18 17 20 18 24 19 12 
5 4 0 13 1 11 2 18 3 28 4 4 20 5 28 6 20 7 21 4 12 29 13 28 14 22 15 17 8 4 30 5 30 6 16 7 26 12 30 13 24 14 18 15 13 4 16 23 17 14 18 15 19 12 
5 4 0 17 1 13 2 15 3 14 12 4 14 5 13 6 10 7 18 8 26 9 16 10 28 11 29 12 14 13 22 14 11 15 13 4 12 20 13 24 14 27 15 12 4 8 27 9 18 10 24 11 16 4 16 10 17 29 18 14 19 21 
5 4 0 13 1 23 2 13 3 19 12 4 11 5 28 6 21 7 24 8 10 9 27 10 13 11 12 12 16 13 17 14 25 15 18 12 4 28 5 12 6 22 7 29 8 25 9 20 10 10 11 17 12 18 13 17 14 20 15 25 8 4 16 5 25 6 26 7 28 8 22 9 17 10 23 11 22 4 16 25 17 26 18 28 19 14 
5 4 0 19 1 20 2 22 3 21 12 4 10 5 17 6 25 7 14 8 30 9 13 10 10 11 23 12 29 13 30 14 23 15 29 12 4 13 5 14 6 22 7 25 8 17 9 21 10 19 11 10 12 17 13 22 14 22 15 10 4 12 15 13 22 14 13 15 27 4 16 22 17 24 18 10 19 30 
5 4 0 18 1 26 2 30 3 11 4 8 13 9 26 10 26 11 26 12 4 25 5 30 6 27 7 28 8 11 9 11 10 28 11 11 12 14 13 17 14 12 15 17 8 8 19 9 25 10 16 11 21 12 15 13 10 14 23 15 15 4 16 15 17 19 18 28 19 18 
5 4 0 15 1 20 2 12 3 14 4 8 25 9 18 10 23 11 16 4 12 12 13 14 14 17 15 23 4 12 18 13 29 14 14 15 10 4 16 10 17 12 18 22 19 16 
5 4 0 30 1 17 2 14 3 28 4 8 17 9 30 10 22 11 13 4 12 25 13 27 14 13 15 29 4 8 12 9 25 10 13 11 28 4 16 25 17 19 18 14 19 18 
5 4 0 23 1 23 2 29 3 18 12 4 23 5 22 6 19 7 19 8 14 9 25 10 16 11 25 12 11 13 17 14 27 15 14 12 4 15 5 23 6 18 7 19 8 28 9 10 10 18 11 29 12 22 13 20 14 28 15 27 12 4 13 5 18 6 16 7 23 8 22 9 16 10 27 11 27 12 27 13 29 14 24 15 16 4 16 10 17 30 18 25 19 13 
5 4 0 15 1 29 2 10 3 15 8 4 17 5 30 6 18 7 24 12 13 13 10 14 17 15 21 12 4 20 5 10 6 11 7 28 8 14 9 12 10 13 11 24 12 16 13 29 14 29 15 28 4 12 27 13 10 14 21 15 23 4 16 27 17 29 18 26 19 29 
5 4 0 25 1 23 2 11 3 20 12 4 16 5 25 6 30 7 12 8 17 9 25 10 16 11 27 12 22 13 17 14 27 15 23 8 8 18 9 29 10 21 11 17 12 14 13 19 14 12 15 11 12 4 15 5 10 6 29 7 27 8 28 9 30 10 28 11 22 12 22 13 10 14 19 15 15 4 16 24 17 10 18 29 19 23 
5 4 0 23 1 19 2 12 3 27 12 4 26 5 15 6 26 7 24 8 23 9 28 10 28 11 29 12 23 13 18 14 14 15 26 4 12 30 13 21 14 22 15 11 12 4 14 5 13 6 26 7 15 8 22 9 27 10 23 11 25 12 10 13 16 14 15 15 28 4 16 20 17 14 18 10 19 23 
5 4 0 21 1 11 2 10 3 14 12 4 13 5 20 6 24 7 18 8 27 9 17 10 10 11 16 12 19 13 25 14 20 15 14 8 8 19 9 17 10 28 11 23 12 29 13 27 14 26 15 11 4 8 22 9 22 10 15 11 29 4 16 29 17 25 18 26 19 29 
5 4 0 24 1 28 2 12 3 28 12 4 29 5 28 6 11 7 16 8 10 9 18 10 11 11 11 12 30 13 11 14 10 15 29 12 4 26 5 23 6 25 7 18 8 16 9 20 10 25 11 20 12 10 13 14 14 24 15 13 12 4 27 5 11 6 30 7 27 8 15 9 29 10 27 11 19 12 16 13 17 14 23 15 24 4 16 12 17 25 18 17 19 14 
5 4 0 30 1 18 2 23 3 23 4 12 20 13 18 14 25 15 11 4 4 21 5 29 6 28 7 10 4 8 20 9 11 10 19 11 24 4 16 13 17 12 18 16 19 17 
5 4 0 16 1 14 2 14 3 21 12 4 19 5 20 6 29 7 29 8 14 9 11 10 16 11 10 12 27 13 27 14 15 15 24 8 8 18 9 10 10 22 11 14 12 17 13 30 14 27 15 29 8 4 16 5 12 6 15 7 22 12 21 13 18 14 12 15 18 4 16 18 17 14 18 10 19 15 
5 4 0 21 1 20 2 27 3 29 12 4 22 5 11 6 26 7 28 8 15 9 24 10 13 11 18 12 27 13 22 14 13 15 29 12 4 25 5 16 6 10 7 20 8 20 9 18 10 28 11 27 12 20 13 26 14 25 15 11 4 4 23 5 16 6 25 7 23 4 16 20 17 30 18 23 19 12 
5 4 0 12 1 25 2 29 3 19 4 4 22 5 25 6 10 7 25 4 8 17 9 17 10 29 11 25 4 4 29 5 28 6 12 7 10 4 16 24 17 18 18 23 19 11 
5 4 0 10 1 24 2 25 3 15 8 8 16 9 13 10 26 11 16 12 20 13 11 14 18 15 10 8 4 19 5 26 6 17 7 12 12 16 13 27 14 21 15 10 12 4 12 5 17 6 20 7 14 8 30 9 21 10 28 11 26 12 26 13 21 14 30 15 19 4 16 23 17 15 18 20 19 26 
5 4 0 25 1 30 2 17 3 28 8 4 29 5 28 6 22 7 15 12 21 13 20 14 29 15 17 12 4 28 5 26 6 20 7 11 8 27 9 27 10 15 11 20 12 20 13 30 14 10 15 22 8 8 10 9 22 10 20 11 27 12 29 13 19 14 25 15 26 4 16 23 17 28 18 25 19 12 
5 4 0 26 1 18 2 30 3 21 4 4 19 5 19 6 28 7 21 12 4 23 5 21 6 19 7 20 8 11 9 15 10 22 11 24 12 14 13 17 14 12 15 27 12 4 11 5 20 6 15 7 29 8 10 9 10 10 11 11 12 12 23 13 28 14 22 15 24 4 16 25 17 14 18 14 19 18 
5 4 0 11 1 18 2 25 3 10 8 8 13 9 29 10 16 11 11 12 17 13 15 14 12 15 29 8 4 20 5 30 6 29 7 22 12 16 13 17 14 18 15 26 4 4 19 5 10 6 25 7 25 4 16 10 17 23 18 29 19 23 
5 4 0 10 1 27 2 23 3 15 4 4 19 5 25 6 25 7 18 8 8 20 9 15 10 30 11 22 12 18 13 18 14 11 15 14 8 4 21 5 14 6 19 7 28 8 20 9 13 10 11 11 21 4 16 25 17 12 18 25 19 24 
5 4 0 17 1 21 2 27 3 30 12 4 12 5 11 6 14 7 25 8 15 9 17 10 22 11 17 12 17 13 13 14 17 15 10 8 4 17 5 30 6 21 7 28 12 26 13 26 14 13 15 19 4 4 21 5 24 6 18 7 13 4 16 16 17 28 18 30 19 23 
5 4 0 18 1 14 2 19 3 11 12 4 22 5 10 6 26 7 19 8 28 9 15 10 11 11 25 12 10 13 13 14 18 15 27 8 4 15 5 25 6 29 7 20 12 26 13 24 14 14 15 25 8 4 26 5 14 6 18 7 29 8 28 9 27 10 13 11 20 4 16 14 17 23 18 24 19 15 
5 4 0 25 1 30 2 12 3 12 4 8 21 9 30 10 27 11 13 12 4 18 5 19 6 29 7 23 8 16 9 25 10 19 11 16 12 11 13 18 14 13 15 22 4 4 30 5 16 6 24 7 27 4 16 23 17 10 18 13 19 11 
5 4 0 23 1 21 2 27 3 11 4 8 24 9 23 10 24 11 25 4 12 24 13 15 14 12 15 17 12 4 28 5 10 6 19 7 13 8 15 9 28 10 22 11 18 12 27 13 19 14 26 15 24 4 16 11 17 11 18 11 19 26 
5 4 0 25 1 18 2 27 3 20 12 4 27 5 21 6 28 7 22 8 25 9 19 10 30 11 28 12 14 13 15 14 16 15 28 4 8 20 9 17 10 27 11 15 8 4 29 5 26 6 18 7 19 12 21 13 27 14 24 15 22 4 16 16 17 10 18 23 19 24 
5 4 0 21 1 23 2 11 3 14 8 4 13 5 21 6 20 7 26 12 18 13 19 14 29 15 20 12 4 30 5 18 6 23 7 10 8 17 9 16 10 30 11 10 12 24 13 21 14 22 15 15 12 4 14 5 28 6 21 7 16 8 29 9 23 10 29 11 19 12 10 13 13 14 23 15 10 4 16 19 17 26 18 28 19 23 
5 4 0 10 1 18 2 22 3 30 8 4 23 5 17 6 21 7 22 12 16 13 21 14 15 15 15 8 4 22 5 22 6 24 7 29 8 21 9 25 10 18 11 17 8 8 23 9 12 10 12 11 20 12 11 13 29 14 27 15 16 4 16 17 17 21 18 14 19 24 
5 4 0 16 1 11 2 20 3 12 12 4 28 5 12 6 20 7 11 8 27 9 15 10 23 11 25 12 18 13 13 14 25 15 26 12 4 12 5 25 6 16 7 21 8 17 9 12 10 11 11 23 12 11 13 26 14 15 15 29 4 12 14 13 14 14 26 15 14 4 16 10 17 14 18 19 19 11 
5 4 0 26 1 28 2 22 3 25 8 8 29 9 21 10 22 11 14 12 26 13 22 14 27 15 20 4 8 27 9 22 10 22 11 23 4 8 27 9 23 10 25 11 14 4 16 16 17 23 18 25 19 27 
5 4 0 26 1 24 2 23 3 22 4 8 19 9 28 10 16 11 23 12 4 21 5 18 6 25 7 26 8 21 9 28 10 16 11 21 12 16 13 23 14 17 15 10 12 4 25 5 29 6 28 7 18 8 28 9 13 10 26 11 12 12 27 13 23 14 18 15 12 4 16 13 17 28 18 19 19 17 
5 4 0 15 1 18 2 13 3 26 12 4 11 5 24 6 26 7 16 8 17 9 26 10 30 11 14 12 13 13 21 14 19 15 21 12 4 19 5 17 6 15 7 28 8 27 9 23 10 27 11 27 12 24 13 28 14 23 15 20 8 4 10 5 27 6 10 7 25 8 11 9 17 10 21 11 13 4 16 13 17 20 18 19 19 17 
5 4 0 25 1 16 2 11 3 28 4 8 12 9 10 10 28 11 20 12 4 22 5 13 6 14 7 22 8 24 9 30 10 27 11 24 12 26 13 22 14 15 15 25 4 8 30 9 25 10 28 11 17 4 16 28 17 26 18 16 19 29 
5 4 0 26 1 27 2 25 3 12 8 8 16 9 18 10 23 11 13 12 26 13 22 14 25 15 16 8 4 29 5 25 6 26 7 19 8 21 9 11 10 17 11 14 8 4 14 5 29 6 27 7 14 12 12 13 21 14 26 15 10 4 16 14 17 28 18 22 19 29 
5 4 0 30 1 12 2 14 3 19 8 8 10 9 11 10 13 11 18 12 16 13 20 14 30 15 18 12 4 17 5 22 6 29 7 14 8 15 9 29 10 24 11 21 12 18 13 27 14 22 15 19 4 12 24 13 11 14 23 15 30 4 16 15 17 14 18 27 19 19 
5 4 0 17 1 20 2 14 3 18 4 12 18 13 25 14 26 15 28 8 4 11 5 22 6 16 7 12 8 16 9 16 10 15 11 20 8 8 20 9 20 10 30 11 29 12 27 13 12 14 21 15 11 4 16 27 17 21 18 23 19 15 
5 4 0 26 1 23 2 10 3 28 12 4 24 5 10 6 28 7 27 8 20 9 11 10 28 11 29 12 14 13 11 14 17 15 28 12 4 29 5 15 6 12 7 20 8 19 9 21 10 25 11 20 12 11 13 29 14 17 15 21 4 12 13 13 27 14 20 15 27 4 16 13 17 26 18 21 19 30 
5 4 0 15 1 10 2 20 3 12 4 12 21 13 10 14 13 15 25 4 4 15 5 21 6 13 7 12 4 12 19 13 15 14 17 15 14 4 16 15 17 27 18 18 19 26 
5 4 0 13 1 14 2 13 3 11 4 8 12 9 21 10 13 11 29 4 4 21 5 30 6 27 7 20 12 4 12 5 18 6 24 7 15 8 25 9 18 10 25 11 12 12 25 13 23 14 11 15 20 4 16 20 17 30 18 10 19 29 
5 4 0 19 1 22 2 24 3 14 8 4 22 5 30 6 28 7 19 12 20 13 27 14 20 15 18 4 12 23 13 25 14 10 15 12 12 4 25 5 15 6 11 7 11 8 27 9 28 10 12 11 28 12 10 13 20 14 27 15 14 4 16 18 17 15 18 19 19 22 
5 4 0 24 1 22 2 30 3 27 12 4 17 5 12 6 22 7 16 8 24 9 27 10 24 11 22 12 12 13 13 14 16 15 22 4 4 29 5 16 6 30 7 22 4 4 17 5 10 6 18 7 23 4 16 15 17 20 18 19 19 21 
5 4 0 14 1 24 2 29 3 11 8 8 28 9 28 10 11 11 17 12 22 13 19 14 30 15 26 12 4 23 5 10 6 25 7 22 8 27 9 19 10 10 11 10 12 26 13 11 14 15 15 19 12 4 29 5 13 6 17 7 30 8 18 9 14 10 13 11 17 12 22 13 24 14 11 15 10 4 16 16 17 13 18 11 19 17 
5 4 0 25 1 26 2 16 3 26 12 4 27 5 27 6 30 7 20 8 22 9 25 10 10 11 19 12 11 13 15 14 28 15 29 8 4 20 5 18 6 29 7 27 12 27 13 25 14 24 15 16 8 4 11 5 18 6 25 7 13 12 17 13 14 14 20 15 14 4 16 27 17 10 18 30 19 26 
5 4 0 26 1 18 2 19 3 18 12 4 19 5 30 6 22 7 11 8 24 9 23 10 27 11 16 12 26 13 24 14 21 15 10 12 4 19 5 11 6 11 7 19 8 17 9 16 10 11 11 28 12 13 13 28 14 20 15 14 4 4 19 5 19 6 17 7 18 4 16 12 17 25 18 11 19 29 
5 4 0 30 1 30 2 11 3 21 8 8 29 9 17 10 11 11 29 12 18 13 28 14 10 15 16 12 4 18 5 11 6 13 7 16 8 11 9 19 10 25 11 11 12 16 13 25 14 16 15 23 4 4 16 5 16 6 12 7 19 4 16 10 17 29 18 14 19 14 
5 4 0 26 1 16 2 18 3 23 8 8 17 9 13 10 27 11 15 12 20 13 13 14 21 15 29 12 4 25 5 19 6 25 7 11 8 22 9 24 10 14 11 27 12 17 13 24 14 15 15 25 8 8 23 9 22 10 10 11 18 12 30 13 29 14 29 15 19 4 16 17 17 23 18 10 19 24 
5 4 0 27 1 10 2 23 3 17 8 4 13 5 11 6 15 7 18 8 10 9 17 10 29 11 26 12 4 23 5 20 6 10 7 26 8 10 9 24 10 28 11 28 12 27 13 12 14 16 15 10 12 4 13 5 21 6 12 7 27 8 21 9 26 10 11 11 24 12 17 13 20 14 30 15 16 4 16 28 17 14 18 25 19 10 
5 4 0 10 1 21 2 29 3 11 12 4 17 5 30 6 18 7 19 8 16 9 21 10 12 11 29 12 18 13 14 14 29 15 23 12 4 24 5 19 6 13 7 27 8 10 9 27 10 17 11 16 12 28 13 10 14 20 15 14 8 4 15 5 16 6 15 7 30 12 14 13 19 14 15 15 28 4 16 21 17 15 18 27 19 18 
5 4 0 23 1 12 2 18 3 19 12 4 21 5 24 6 10 7 24 8 26 9 25 10 14 11 26 12 13 13 10 14 13 15 20 4 4 26 5 21 6 16 7 17 12 4 25 5 11 6 12 7 25 8 25 9 27 10 29 11 20 12 22 13 15 14 10 15 13 4 16 12 17 10 18 13 19 20 
5 4 0 29 1 20 2 19 3 13 8 4 18 5 10 6 25 7 22 12 28 13 27 14 27 15 12 4 4 17 5 29 6 10 7 21 12 4 25 5 13 6 26 7 20 8 11 9 30 10 11 11 19 12 16 13 26 14 25 15 24 4 16 15 17 20 18 26 19 28 
5 4 0 15 1 22 2 23 3 15 4 12 26 13 17 14 18 15 22 4 12 21 13 15 14 23 15 14 12 4 11 5 27 6 11 7 15 8 28 9 27 10 22 11 24 12 16 13 22 14 27 15 12 4 16 23 17 26 18 22 19 16 
5 4 0 16 1 19 2 11 3 14 8 4 24 5 29 6 19 7 23 12 19 13 11 14 18 15 14 12 4 16 5 22 6 15 7 22 8 29 9 27 10 27 11 23 12 28 13 17 14 23 15 14 8 4 11 5 30 6 16 7 26 12 23 13 10 14 16 15 23 4 16 11 17 27 18 12 19 18 
5 4 0 16 1 23 2 10 3 28 8 4 19 5 14 6 19 7 13 8 22 9 24 10 10 11 19 4 4 10 5 18 6 27 7 25 8 4 23 5 11 6 20 7 22 12 30 13 29 14 13 15 18 4 16 16 17 12 18 11 19 15 
5 4 0 19 1 19 2 25 3 21 4 8 14 9 16 10 14 11 11 4 12 25 13 19 14 11 15 22 12 4 28 5 30 6 12 7 13 8 22 9 21 10 17 11 22 12 28 13 23 14 24 15 17 4 16 26 17 16 18 14 19 19 
5 4 0 14 1 24 2 21 3 17 8 8 30 9 27 10 19 11 21 12 23 13 19 14 23 15 25 4 12 14 13 17 14 25 15 10 4 12 28 13 14 14 24 15 17 4 16 17 17 13 18 20 19 19 
5 4 0 17 1 30 2 15 3 17 4 12 26 13 29 14 27 15 12 4 12 21 13 25 14 16 15 25 12 4 23 5 27 6 18 7 12 8 27 9 14 10 26 11 22 12 28 13 21 14 26 15 10 4 16 16 17 13 18 16 19 22 
5 4 0 10 1 11 2 29 3 16 12 4 16 5 24 6 27 7 16 8 28 9 14 10 13 11 13 12 19 13 17 14 29 15 24 12 4 19 5 29 6 10 7 30 8 18 9 26 10 28 11 20 12 28 13 12 14 26 15 11 8 8 30 9 22 10 15 11 12 12 21 13 15 14 23 15 14 4 16 25 17 28 18 26 19 24 
5 4 0 14 1 14 2 13 3 13 12 4 13 5 28 6 18 7 11 8 12 9 29 10 10 11 21 12 22 13 13 14 20 15 23 4 4 21 5 12 6 23 7 18 8 8 12 9 27 10 17 11 19 12 28 13 21 14 14 15 26 4 16 29 17 29 18 15 19 20 
5 4 0 21 1 18 2 17 3 11 8 4 29 5 18 6 14 7 26 12 13 13 25 14 15 15 26 12 4 22 5 25 6 14 7 27 8 11 9 24 10 13 11 22 12 26 13 27 14 13 15 16 8 8 18 9 30 10 27 11 14 12 27 13 20 14 13 15 20 4 16 24 17 24 18 28 19 24 
5 4 0 25 1 30 2 10 3 25 8 8 28 9 11 10 25 11 12 12 17 13 18 14 17 15 19 8 4 13 5 11 6 21 7 28 8 14 9 26 10 18 11 23 4 8 13 9 15 10 22 11 21 4 16 18 17 22 18 23 19 29 
5 4 0 27 1 11 2 16 3 29 12 4 12 5 15 6 29 7 18 8 12 9 18 10 17 11 29 12 15 13 23 14 27 15 16 12 4 12 5 19 6 26 7 30 8 17 9 17 10 30 11 22 12 22 13 15 14 24 15 21 12 4 28 5 12 6 25 7 19 8 12 9 19 10 21 11 18 12 12 13 21 14 30 15 11 4 16 15 17 19 18 27 19 10 
5 4 0 25 1 25 2 25 3 15 8 8 17 9 12 10 11 11 29 12 29 13 11 14 22 15 27 8 8 10 9 24 10 28 11 13 12 27 13 16 14 20 15 21 4 8 14 9 18 10 15 11 15 4 16 15 17 28 18 17 19 11 
5 4 0 15 1 23 2 18 3 16 12 4 22 5 16 6 30 7 15 8 19 9 11 10 15 11 21 12 25 13 25 14 13 15 22 8 8 17 9 23 10 24 11 24 12 18 13 30 14 29 15 25 4 12 20 13 14 14 29 15 17 4 16 18 17 16 18 18 19 21 
5 4 0 27 1 11 2 19 3 27 12 4 21 5 29 6 13 7 24 8 13 9 18 10 20 11 15 12 12 13 22 14 13 15 29 4 8 20 9 26 10 16 11 18 4 12 27 13 18 14 27 15 17 4 16 22 17 28 18 14 19 30 
5 4 0 11 1 23 2 17 3 20 4 4 27 5 27 6 17 7 15 8 4 24 5 29 6 28 7 27 8 26 9 23 10 16 11 17 12 4 24 5 24 6 18 7 15 8 15 9 11 10 18 11 19 12 24 13 27 14 26 15 11 4 16 11 17 22 18 28 19 18 
5 4 0 30 1 24 2 30 3 16 4 4 13 5 13 6 28 7 20 8 4 28 5 20 6 28 7 28 8 18 9 16 10 26 11 21 8 4 15 5 25 6 18 7 24 12 28 13 11 14 16 15 20 4 16 27 17 21 18 12 19 21 
5 4 0 15 1 29 2 30 3 12 4 8 27 9 20 10 26 11 27 12 4 28 5 30 6 20 7 22 8 19 9 19 10 22 11 24 12 11 13 19 14 19 15 10 4 8 22 9 14 10 10 11 28 4 16 26 17 15 18 18 19 19 
5 4 0 16 1 29 2 15 3 27 4 4 23 5 14 6 14 7 10 4 8 13 9 20 10 12 11 24 4 4 13 5 12 6 19 7 30 4 16 15 17 18 18 20 19 25 
5 4 0 21 1 27 2 27 3 19 4 8 30 9 10 10 21 11 17 8 8 16 9 23 10 22 11 17 12 27 13 24 14 12 15 28 12 4 28 5 15 6 19 7 27 8 10 9 14 10 25 11 15 12 23 13 20 14 16 15 10 4 16 15 17 18 18 23 19 30 
5 4 0 12 1 26 2 15 3 28 12 4 23 5 19 6 29 7 28 8 29 9 29 10 11 11 22 12 17 13 24 14 12 15 24 4 8 10 9 28 10 10 11 18 12 4 12 5 28 6 18 7 16 8 18 9 24 10 30 11 20 12 20 13 26 14 29 15 15 4 16 15 17 20 18 18 19 18 
5 4 0 13 1 25 2 18 3 16 4 12 18 13 12 14 15 15 21 4 4 14 5 17 6 28 7 19 4 8 26 9 30 10 17 11 22 4 16 25 17 21 18 12 19 18 
5 4 0 21 1 24 2 22 3 23 8 4 20 5 17 6 14 7 22 12 14 13 14 14 12 15 29 8 4 17 5 25 6 28 7 24 8 28 9 29 10 27 11 14 4 12 20 13 11 14 20 15 20 4 16 27 17 17 18 28 19 19 
5 4 0 14 1 21 2 16 3 12 8 4 21 5 13 6 18 7 28 12 25 13 16 14 16 15 24 4 8 19 9 17 10 13 11 29 8 8 15 9 13 10 11 11 10 12 29 13 16 14 28 15 22 4 16 17 17 12 18 28 19 12 
5 4 0 15 1 15 2 23 3 24 4 12 25 13 21 14 15 15 30 8 4 20 5 22 6 28 7 17 12 23 13 15 14 23 15 23 4 4 12 5 30 6 14 7 20 4 16 26 17 27 18 23 19 16 

Dynamic Events
Machine Breakdowns (x y z): Machine {x} breakdown from time {y} to {z}
0 440 550
1 5 109
1 364 474
2 263 373
3 521 611
4 554 664
5 71 181
6 311 421
7 344 428
8 508 604
9 318 428
10 216 326
11 21 105
11 307 417
12 259 369
13 96 197
13 552 641
14 456 566
15 254 364
16 76 186
17 276 386
18 14 124
19 532 642

Added Jobs (first number is the time at which the job is added, then pairs of machines and process time)
68: 5 8 2 21 8 29 11 19 0 13 18 10 17 12 1 27 12 21 9 12 28 8 30 13 14 18 22 19 25 9 15 4 25 10 10 3 14 7 11 30 1 13 2 24 18 22 19 20 15 14 0 12 5 0 13 2 13 18 13 17 19 14 11 8 14 18 12 19 10 22 0 19 6 25 3 10 18 14 17 19 
170: 5 12 4 25 1 16 16 28 18 14 6 29 7 23 2 24 13 15 15 23 8 26 17 22 19 23 8 19 21 1 10 0 19 6 10 10 26 2 30 8 19 4 19 5 18 18 17 29 15 10 0 21 5 10 9 9 10 5 14 18 10 4 12 11 20 19 15 10 15 6 20 12 14 6 4 28 0 19 11 30 15 20 9 27 3 13 
145: 5 7 13 16 16 13 10 28 7 21 14 22 1 20 17 15 9 12 12 2 10 1 13 4 27 3 20 11 27 6 13 16 26 18 15 7 1 14 0 26 19 23 10 12 7 23 15 19 2 16 9 14 29 18 29 12 15 2 23 19 16 0 29 5 15 16 20 6 17 12 4 16 1 10 10 14 7 11 8 23 12 25 14 10 16 23 2 26 17 13 19 24 3 26 
127: 5 11 19 16 2 20 11 12 0 11 7 20 5 24 9 10 1 30 6 23 3 13 10 13 9 17 17 5 15 9 10 19 13 11 12 10 30 4 11 18 25 15 15 11 7 11 11 19 16 30 6 13 10 21 13 22 2 29 18 18 0 12 4 11 5 16 8 0 11 1 15 7 20 18 30 9 11 5 26 3 16 6 27 7 19 23 3 25 11 25 6 11 10 10 12 17 7 10 
65: 5 8 6 25 3 27 19 15 1 27 2 17 5 14 9 28 11 25 11 17 26 3 25 2 27 10 18 5 13 1 16 8 12 0 19 7 10 14 26 18 13 6 6 12 11 14 18 22 5 14 16 27 10 20 5 0 16 15 15 7 15 6 19 11 22 10 17 12 0 23 4 12 5 21 15 17 6 28 19 25 1 18 2 21 10 22 
206: 5 5 10 25 17 24 18 16 12 14 13 15 5 17 28 3 17 5 22 15 22 0 15 9 10 19 6 19 15 23 2 10 16 10 17 16 4 15 11 19 14 14 5 16 30 14 13 3 28 10 29 1 28 8 7 29 14 13 15 27 18 23 17 12 6 20 9 13 2 25 
170: 5 8 3 24 4 25 14 29 17 20 5 16 8 16 12 24 1 14 9 7 11 3 29 5 15 8 29 13 16 9 23 18 19 17 13 11 11 6 0 28 18 25 7 12 1 14 8 24 2 29 12 1 23 8 10 5 16 12 12 18 26 4 29 7 19 15 29 19 19 16 23 3 18 2 14 10 4 12 0 27 1 18 13 11 9 15 8 30 2 19 17 16 16 19 7 19 
156: 5 8 0 25 1 25 19 29 8 18 10 22 17 12 5 19 16 20 12 11 30 18 29 13 27 3 13 0 21 8 19 12 21 1 22 9 14 16 15 10 17 15 30 6 7 17 13 13 11 28 9 21 6 12 12 21 8 11 10 0 17 9 27 6 27 8 24 14 13 5 15 15 20 5 2 19 11 15 7 18 5 26 13 29 
171: 5 7 17 19 6 29 10 18 19 18 14 18 1 28 13 27 8 11 11 12 15 13 12 15 27 16 22 6 11 2 28 5 29 7 14 26 0 28 5 20 2 19 16 23 4 21 12 15 9 0 23 7 30 2 15 11 14 1 29 14 27 10 17 8 23 16 30 5 17 23 4 25 8 29 6 15 7 26 
110: 5 12 5 15 7 28 18 18 4 23 3 24 14 15 15 25 6 27 17 30 0 14 9 12 10 29 7 8 18 9 29 7 15 15 26 10 14 11 20 16 22 12 7 21 6 30 13 17 10 22 5 17 11 20 8 17 19 14 18 11 15 25 12 11 3 24 12 4 18 11 16 15 27 1 12 13 23 17 14 3 28 7 13 14 13 8 22 16 19 2 25 5 6 22 14 23 2 28 10 25 11 11 
172: 5 12 17 25 10 24 14 24 16 11 9 21 6 23 18 20 11 30 2 11 15 23 5 15 8 30 9 7 23 12 18 4 12 19 22 15 25 9 18 2 20 13 25 1 17 5 17 21 15 12 8 16 5 20 9 22 6 19 14 17 19 16 28 6 15 9 13 14 16 9 4 20 18 14 15 16 12 21 9 13 11 12 8 21 19 24 3 13 
168: 5 8 5 25 18 10 12 14 19 11 10 30 2 14 11 21 4 26 6 0 25 17 11 14 24 5 16 13 16 10 23 5 15 30 8 15 18 18 16 18 6 26 7 0 29 8 17 15 27 1 30 17 15 14 23 5 27 8 19 12 0 15 15 23 10 18 5 29 2 21 17 16 7 23 
190: 5 6 0 11 14 12 10 24 2 20 5 21 4 18 10 0 11 7 20 9 20 8 16 13 18 15 28 14 17 19 19 1 15 11 25 10 3 19 11 22 1 11 15 23 10 29 6 14 0 19 9 30 16 17 18 27 11 15 23 0 19 10 15 18 26 1 21 19 19 11 23 4 17 17 19 3 18 6 30 12 4 20 19 22 12 10 9 26 6 25 17 22 18 27 8 22 5 25 13 12 3 29 14 26 
138: 5 7 7 21 5 30 4 13 19 15 11 24 13 23 16 30 8 9 27 6 23 7 25 12 12 11 11 15 18 17 29 18 27 4 4 28 17 11 15 12 12 21 4 3 17 4 20 0 20 8 13 5 4 20 6 24 16 17 17 25 13 25 
48: 5 5 17 16 18 15 11 29 0 20 8 13 10 16 11 12 19 19 22 9 25 3 25 17 25 10 13 4 30 11 28 13 24 5 19 17 15 17 17 10 1 28 10 23 4 7 24 13 24 9 11 15 26 6 11 21 7 24 8 18 2 14 14 10 0 15 
133: 5 5 4 21 14 25 3 17 11 19 13 22 9 12 18 9 11 1 24 3 26 14 16 8 13 10 22 15 14 13 21 9 15 16 18 29 17 16 3 20 13 19 5 13 16 11 9 24 11 28 7 0 15 17 26 10 27 1 19 14 28 9 25 15 22 7 5 12 19 28 6 11 2 28 10 29 3 25 16 13 
83: 5 12 7 11 10 23 13 30 4 27 9 20 17 14 3 24 5 15 2 21 1 27 18 24 6 20 6 16 13 8 13 15 23 12 26 19 27 1 29 10 1 28 3 15 19 24 5 12 17 30 13 11 8 20 14 17 16 10 0 12 6 2 10 16 23 18 26 15 24 19 11 5 19 12 0 27 8 16 2 16 5 28 16 12 6 21 11 22 3 20 14 10 4 26 10 11 12 25 

Cancelled Jobs
126 7
256 14
117 17
78 18
81 25
342 36
18 47
142 61
168 66
60 72
197 85
208 87
249 89
