10 12
10 1 0 29 1 1 78 2 2 9 11 9 2 3 36 10 36 1 4 49 1 5 11 1 6 62 1 7 56 1 8 44 1 9 21 
10 1 0 43 2 2 90 11 90 1 4 75 1 9 11 2 3 69 10 69 1 1 28 1 6 46 1 5 46 1 7 72 1 8 30 
10 1 1 91 1 0 85 2 3 39 10 39 2 2 74 11 74 1 8 90 1 5 10 1 7 12 1 6 89 1 9 45 1 4 33 
10 1 1 81 2 2 95 11 95 1 0 71 1 4 99 1 6 9 1 8 52 1 7 85 2 3 98 10 98 1 9 22 1 5 43 
10 2 2 14 11 14 1 0 6 1 1 22 1 5 61 2 3 26 10 26 1 4 69 1 8 21 1 7 49 1 9 72 1 6 53 
10 2 2 84 11 84 1 1 2 1 5 52 2 3 95 10 95 1 8 48 1 9 72 1 0 47 1 6 65 1 4 6 1 7 25 
10 1 1 46 1 0 37 2 3 61 10 61 2 2 13 11 13 1 6 32 1 5 21 1 9 32 1 8 89 1 7 30 1 4 55 
10 2 2 31 11 31 1 0 86 1 1 46 1 5 74 1 4 32 1 6 88 1 8 19 1 9 48 1 7 36 2 3 79 10 79 
10 1 0 76 1 1 69 2 3 76 10 76 1 5 51 2 2 85 11 85 1 9 11 1 6 40 1 7 89 1 4 26 1 8 74 
10 1 1 85 1 0 13 2 2 61 11 61 1 6 7 1 8 64 1 9 76 1 5 47 2 3 52 10 52 1 4 90 1 7 45 

Dynamic Events
Machine Breakdowns (x y z): Machine {x} breakdown from time {y} to {z}
0 496 693
1 540 759
2 736 958
3 1260 1512
4 275 488
5 247 413
6 981 1177
7 505 704
8 804 1016
10 1134 1386
11 233 455

Added Jobs (first number is the time at which the job is added, then pairs of machines and process time)
366: 10 2 0 84 7 60 2 5 14 3 76 1 0 27 2 7 32 1 31 2 8 31 9 59 2 6 64 7 27 1 10 80 2 4 24 0 38 1 2 19 1 10 52 
316: 10 1 0 84 2 8 35 9 56 1 0 45 2 5 33 1 74 1 2 84 2 6 33 4 55 1 10 64 2 10 83 3 39 1 0 21 2 5 25 10 69 

Cancelled Jobs
485 9
