10 12
10 1 0 29 1 1 78 2 2 9 11 9 2 3 36 10 36 1 4 49 1 5 11 1 6 62 1 7 56 1 8 44 1 9 21 
10 1 0 43 2 2 90 11 90 1 4 75 1 9 11 2 3 69 10 69 1 1 28 1 6 46 1 5 46 1 7 72 1 8 30 
10 1 1 91 1 0 85 2 3 39 10 39 2 2 74 11 74 1 8 90 1 5 10 1 7 12 1 6 89 1 9 45 1 4 33 
10 1 1 81 2 2 95 11 95 1 0 71 1 4 99 1 6 9 1 8 52 1 7 85 2 3 98 10 98 1 9 22 1 5 43 
10 2 2 14 11 14 1 0 6 1 1 22 1 5 61 2 3 26 10 26 1 4 69 1 8 21 1 7 49 1 9 72 1 6 53 
10 2 2 84 11 84 1 1 2 1 5 52 2 3 95 10 95 1 8 48 1 9 72 1 0 47 1 6 65 1 4 6 1 7 25 
10 1 1 46 1 0 37 2 3 61 10 61 2 2 13 11 13 1 6 32 1 5 21 1 9 32 1 8 89 1 7 30 1 4 55 
10 2 2 31 11 31 1 0 86 1 1 46 1 5 74 1 4 32 1 6 88 1 8 19 1 9 48 1 7 36 2 3 79 10 79 
10 1 0 76 1 1 69 2 3 76 10 76 1 5 51 2 2 85 11 85 1 9 11 1 6 40 1 7 89 1 4 26 1 8 74 
10 1 1 85 1 0 13 2 2 61 11 61 1 6 7 1 8 64 1 9 76 1 5 47 2 3 52 10 52 1 4 90 1 7 45 

Dynamic Events
Machine Breakdowns (x y z): Machine {x} breakdown from time {y} to {z}
1 343 562
2 745 967
3 1255 1507
4 31 244
5 170 336
7 247 446
9 233 397
10 1261 1513

Added Jobs (first number is the time at which the job is added, then pairs of machines and process time)
293: 10 1 5 15 2 8 36 11 85 1 11 23 1 0 41 2 9 64 3 64 1 9 50 2 1 10 11 13 2 5 50 10 76 1 8 79 1 7 44 
367: 10 2 3 53 10 44 2 7 80 2 83 2 1 42 4 81 1 0 11 2 1 21 3 62 2 0 26 5 12 2 7 78 10 38 1 5 74 2 10 47 2 11 1 7 36 
138: 10 1 4 78 2 10 98 8 25 1 0 20 1 2 58 2 4 28 1 5 1 8 86 2 1 36 7 35 1 6 78 1 10 77 1 8 38 

Cancelled Jobs
300 8
