10 12
10 1 0 29 1 1 78 1 2 9 3 3 36 10 36 11 36 1 4 49 1 5 11 1 6 62 1 7 56 1 8 44 1 9 21 
10 1 0 43 1 2 90 1 4 75 1 9 11 3 3 69 10 69 11 69 1 1 28 1 6 46 1 5 46 1 7 72 1 8 30 
10 1 1 91 1 0 85 3 3 39 10 39 11 39 1 2 74 1 8 90 1 5 10 1 7 12 1 6 89 1 9 45 1 4 33 
10 1 1 81 1 2 95 1 0 71 1 4 99 1 6 9 1 8 52 1 7 85 3 3 98 10 98 11 98 1 9 22 1 5 43 
10 1 2 14 1 0 6 1 1 22 1 5 61 3 3 26 10 26 11 26 1 4 69 1 8 21 1 7 49 1 9 72 1 6 53 
10 1 2 84 1 1 2 1 5 52 3 3 95 10 95 11 95 1 8 48 1 9 72 1 0 47 1 6 65 1 4 6 1 7 25 
10 1 1 46 1 0 37 3 3 61 10 61 11 61 1 2 13 1 6 32 1 5 21 1 9 32 1 8 89 1 7 30 1 4 55 
10 1 2 31 1 0 86 1 1 46 1 5 74 1 4 32 1 6 88 1 8 19 1 9 48 1 7 36 3 3 79 10 79 11 79 
10 1 0 76 1 1 69 3 3 76 10 76 11 76 1 5 51 1 2 85 1 9 11 1 6 40 1 7 89 1 4 26 1 8 74 
10 1 1 85 1 0 13 1 2 61 1 6 7 1 8 64 1 9 76 1 5 47 3 3 52 10 52 11 52 1 4 90 1 7 45 

Dynamic Events
Machine Breakdowns (x y z): Machine {x} breakdown from time {y} to {z}
0 986 1183
1 1094 1313
3 1261 1513
5 832 998
6 174 370
7 998 1197
8 756 968
9 748 912
10 389 641
11 304 556

Added Jobs (first number is the time at which the job is added, then pairs of machines and process time)
78: 10 1 6 30 2 2 64 4 92 1 2 67 3 9 35 5 58 4 87 3 3 92 8 89 1 49 2 10 43 1 50 1 9 23 3 5 10 0 34 8 36 1 8 29 2 8 86 10 50 

Cancelled Jobs
114 5
