10 12
10 1 0 29 1 1 78 2 2 9 11 9 2 3 36 10 36 1 4 49 1 5 11 1 6 62 1 7 56 1 8 44 1 9 21 
10 1 0 43 2 2 90 11 90 1 4 75 1 9 11 2 3 69 10 69 1 1 28 1 6 46 1 5 46 1 7 72 1 8 30 
10 1 1 91 1 0 85 2 3 39 10 39 2 2 74 11 74 1 8 90 1 5 10 1 7 12 1 6 89 1 9 45 1 4 33 
10 1 1 81 2 2 95 11 95 1 0 71 1 4 99 1 6 9 1 8 52 1 7 85 2 3 98 10 98 1 9 22 1 5 43 
10 2 2 14 11 14 1 0 6 1 1 22 1 5 61 2 3 26 10 26 1 4 69 1 8 21 1 7 49 1 9 72 1 6 53 
10 2 2 84 11 84 1 1 2 1 5 52 2 3 95 10 95 1 8 48 1 9 72 1 0 47 1 6 65 1 4 6 1 7 25 
10 1 1 46 1 0 37 2 3 61 10 61 2 2 13 11 13 1 6 32 1 5 21 1 9 32 1 8 89 1 7 30 1 4 55 
10 2 2 31 11 31 1 0 86 1 1 46 1 5 74 1 4 32 1 6 88 1 8 19 1 9 48 1 7 36 2 3 79 10 79 
10 1 0 76 1 1 69 2 3 76 10 76 1 5 51 2 2 85 11 85 1 9 11 1 6 40 1 7 89 1 4 26 1 8 74 
10 1 1 85 1 0 13 2 2 61 11 61 1 6 7 1 8 64 1 9 76 1 5 47 2 3 52 10 52 1 4 90 1 7 45 

Dynamic Events
Machine Breakdowns (x y z): Machine {x} breakdown from time {y} to {z}
1 1096 1315
3 1066 1318
6 879 1075
7 995 1194
8 1061 1273
11 320 542

Added Jobs (first number is the time at which the job is added, then pairs of machines and process time)
458: 10 2 7 40 0 50 1 10 89 1 4 54 1 2 86 2 0 62 9 57 1 4 65 2 5 73 3 45 1 4 60 2 0 27 11 60 2 4 47 3 69 
338: 10 1 6 52 2 10 62 8 45 1 1 72 2 10 77 1 23 1 4 41 2 6 21 8 74 2 5 51 3 93 2 6 55 3 68 2 6 62 2 83 2 9 41 2 22 
75: 10 2 7 33 0 82 2 2 31 3 96 1 3 33 2 6 59 0 30 1 5 58 2 2 13 1 12 2 5 56 6 37 2 2 47 6 8 2 1 53 9 56 2 7 77 3 51 

Cancelled Jobs
255 2
161 6
