10 12
10 1 0 29 1 1 78 1 2 9 3 3 36 10 36 11 36 1 4 49 1 5 11 1 6 62 1 7 56 1 8 44 1 9 21 
10 1 0 43 1 2 90 1 4 75 1 9 11 3 3 69 10 69 11 69 1 1 28 1 6 46 1 5 46 1 7 72 1 8 30 
10 1 1 91 1 0 85 3 3 39 10 39 11 39 1 2 74 1 8 90 1 5 10 1 7 12 1 6 89 1 9 45 1 4 33 
10 1 1 81 1 2 95 1 0 71 1 4 99 1 6 9 1 8 52 1 7 85 3 3 98 10 98 11 98 1 9 22 1 5 43 
10 1 2 14 1 0 6 1 1 22 1 5 61 3 3 26 10 26 11 26 1 4 69 1 8 21 1 7 49 1 9 72 1 6 53 
10 1 2 84 1 1 2 1 5 52 3 3 95 10 95 11 95 1 8 48 1 9 72 1 0 47 1 6 65 1 4 6 1 7 25 
10 1 1 46 1 0 37 3 3 61 10 61 11 61 1 2 13 1 6 32 1 5 21 1 9 32 1 8 89 1 7 30 1 4 55 
10 1 2 31 1 0 86 1 1 46 1 5 74 1 4 32 1 6 88 1 8 19 1 9 48 1 7 36 3 3 79 10 79 11 79 
10 1 0 76 1 1 69 3 3 76 10 76 11 76 1 5 51 1 2 85 1 9 11 1 6 40 1 7 89 1 4 26 1 8 74 
10 1 1 85 1 0 13 1 2 61 1 6 7 1 8 64 1 9 76 1 5 47 3 3 52 10 52 11 52 1 4 90 1 7 45 

Dynamic Events
Machine Breakdowns (x y z): Machine {x} breakdown from time {y} to {z}
0 985 1182
1 154 373
2 912 1134
4 268 481
7 515 714
8 682 894
10 620 872

Added Jobs (first number is the time at which the job is added, then pairs of machines and process time)
203: 10 1 3 43 2 4 50 8 19 3 2 20 4 12 6 64 1 3 91 2 1 22 11 92 1 7 76 2 9 69 4 81 1 4 7 1 9 12 1 5 28 
434: 10 2 3 41 1 59 3 8 28 7 68 11 75 1 11 38 1 4 26 3 4 95 11 71 3 58 1 11 47 2 6 26 0 40 3 10 61 5 29 0 26 1 4 6 3 11 26 2 34 10 77 
133: 10 3 7 67 5 31 8 47 1 10 81 1 5 68 3 8 64 3 63 6 53 2 7 34 9 53 2 11 77 10 82 2 1 76 6 54 2 4 29 11 56 1 3 75 2 7 46 9 18 

Cancelled Jobs
73 4
