10 12
10 2 0 29 10 29 1 1 78 1 2 9 1 3 36 1 4 49 1 5 11 1 6 62 2 7 56 11 56 1 8 44 1 9 21 
10 2 0 43 10 43 1 2 90 1 4 75 1 9 11 1 3 69 1 1 28 1 6 46 1 5 46 2 7 72 11 72 1 8 30 
10 1 1 91 2 0 85 10 85 1 3 39 1 2 74 1 8 90 1 5 10 2 7 12 11 12 1 6 89 1 9 45 1 4 33 
10 1 1 81 1 2 95 2 0 71 10 71 1 4 99 1 6 9 1 8 52 2 7 85 11 85 1 3 98 1 9 22 1 5 43 
10 1 2 14 2 0 6 10 6 1 1 22 1 5 61 1 3 26 1 4 69 1 8 21 2 7 49 11 49 1 9 72 1 6 53 
10 1 2 84 1 1 2 1 5 52 1 3 95 1 8 48 1 9 72 2 0 47 10 47 1 6 65 1 4 6 2 7 25 11 25 
10 1 1 46 2 0 37 10 37 1 3 61 1 2 13 1 6 32 1 5 21 1 9 32 1 8 89 2 7 30 11 30 1 4 55 
10 1 2 31 2 0 86 10 86 1 1 46 1 5 74 1 4 32 1 6 88 1 8 19 1 9 48 2 7 36 11 36 1 3 79 
10 2 0 76 10 76 1 1 69 1 3 76 1 5 51 1 2 85 1 9 11 1 6 40 2 7 89 11 89 1 4 26 1 8 74 
10 1 1 85 2 0 13 10 13 1 2 61 1 6 7 1 8 64 1 9 76 1 5 47 1 3 52 1 4 90 2 7 45 11 45 

Dynamic Events
Machine Breakdowns (x y z): Machine {x} breakdown from time {y} to {z}
0 986 1183
2 808 1030
3 658 910
5 831 997
6 421 617
8 1061 1273
9 628 792
10 412 609

Added Jobs (first number is the time at which the job is added, then pairs of machines and process time)
282: 10 2 6 11 1 20 1 0 34 2 0 61 9 29 2 0 12 6 89 1 9 31 1 2 71 1 8 77 1 3 41 2 7 74 3 87 2 7 59 3 81 
334: 10 2 8 20 9 63 1 0 9 2 8 39 6 51 1 1 10 1 5 63 1 7 80 2 9 21 2 59 2 10 61 5 51 2 1 43 3 78 1 2 36 
127: 10 1 1 83 1 0 76 1 6 46 1 0 24 2 2 72 7 74 2 2 88 0 55 2 10 36 9 27 2 10 9 5 53 1 11 32 1 10 48 

Cancelled Jobs
428 5
