15 13
10 1 7 8 4 9 75 10 75 11 75 12 75 1 0 72 1 6 74 1 4 30 1 8 43 1 2 38 1 5 98 1 1 26 1 3 19 
10 1 6 19 1 8 73 1 3 43 1 0 23 1 1 85 1 4 39 1 5 13 4 9 26 10 26 11 26 12 26 1 2 67 1 7 9 
10 1 1 50 1 3 93 1 5 80 1 4 7 1 0 55 1 2 61 1 6 57 1 8 72 4 9 42 10 42 11 42 12 42 1 7 46 
10 1 1 68 1 7 43 1 4 99 1 6 60 1 5 68 1 0 91 1 8 11 1 3 96 4 9 11 10 11 11 11 12 11 1 2 72 
10 1 7 84 1 2 34 1 8 40 1 5 7 1 1 70 1 6 74 1 3 12 1 0 43 4 9 69 10 69 11 69 12 69 1 4 30 
10 1 8 60 1 0 49 1 4 59 1 5 72 4 9 63 10 63 11 63 12 63 1 1 69 1 7 99 1 6 45 1 3 27 1 2 9 
10 1 6 71 1 2 91 1 8 65 1 1 90 4 9 98 10 98 11 98 12 98 1 4 8 1 7 50 1 0 75 1 5 37 1 3 17 
10 1 8 62 1 7 90 1 5 98 1 3 31 1 2 91 1 4 38 4 9 72 10 72 11 72 12 72 1 1 9 1 0 72 1 6 49 
10 1 4 35 1 0 39 4 9 74 10 74 11 74 12 74 1 5 25 1 7 47 1 3 52 1 2 63 1 8 21 1 6 35 1 1 80 
10 4 9 58 10 58 11 58 12 58 1 0 5 1 3 50 1 8 52 1 1 88 1 6 20 1 2 68 1 5 24 1 4 53 1 7 57 
10 1 7 99 1 3 91 1 4 33 1 5 19 1 2 18 1 6 38 1 0 24 4 9 35 10 35 11 35 12 35 1 1 49 1 8 9 
10 1 0 68 1 3 60 1 2 77 1 7 10 1 8 60 1 5 15 4 9 72 10 72 11 72 12 72 1 1 18 1 6 90 1 4 18 
10 4 9 79 10 79 11 79 12 79 1 1 60 1 3 56 1 6 91 1 2 40 1 8 86 1 7 72 1 0 80 1 5 89 1 4 51 
10 1 4 10 1 2 92 1 5 23 1 6 46 1 8 40 1 7 72 1 3 6 1 1 23 1 0 95 4 9 34 10 34 11 34 12 34 
10 1 2 24 1 5 29 4 9 49 10 49 11 49 12 49 1 8 55 1 0 47 1 6 77 1 3 77 1 7 8 1 1 28 1 4 48 

Dynamic Events
Machine Breakdowns (x y z): Machine {x} breakdown from time {y} to {z}
0 100 225
0 365 463
0 599 724
1 49 170
2 105 205
4 30 113
6 105 214
6 380 506
7 150 269
9 62 190
9 377 505
9 611 739
10 67 192

Added Jobs (first number is the time at which the job is added, then pairs of machines and process time)
273: 10 4 9 16 11 88 0 66 4 17 3 0 77 8 81 6 57 3 11 75 2 48 10 12 1 0 13 4 11 29 6 74 9 29 1 90 4 12 27 3 14 1 38 7 21 2 7 65 9 42 2 12 82 7 88 2 2 87 7 57 4 7 31 3 9 1 87 6 42 
173: 10 3 2 10 1 36 7 40 1 0 52 1 1 40 3 0 37 9 22 8 74 4 0 72 10 30 1 22 5 77 4 11 44 9 22 5 12 7 33 3 0 45 6 64 9 62 3 1 18 11 58 3 96 3 7 93 2 29 4 84 3 0 66 6 41 8 26 

Cancelled Jobs
149 13
