15 12
10 1 7 8 2 9 75 10 75 1 0 72 2 6 74 11 74 1 4 30 1 8 43 1 2 38 1 5 98 1 1 26 1 3 19 
10 2 6 19 11 19 1 8 73 1 3 43 1 0 23 1 1 85 1 4 39 1 5 13 2 9 26 10 26 1 2 67 1 7 9 
10 1 1 50 1 3 93 1 5 80 1 4 7 1 0 55 1 2 61 2 6 57 11 57 1 8 72 2 9 42 10 42 1 7 46 
10 1 1 68 1 7 43 1 4 99 2 6 60 11 60 1 5 68 1 0 91 1 8 11 1 3 96 2 9 11 10 11 1 2 72 
10 1 7 84 1 2 34 1 8 40 1 5 7 1 1 70 2 6 74 11 74 1 3 12 1 0 43 2 9 69 10 69 1 4 30 
10 1 8 60 1 0 49 1 4 59 1 5 72 2 9 63 10 63 1 1 69 1 7 99 2 6 45 11 45 1 3 27 1 2 9 
10 2 6 71 11 71 1 2 91 1 8 65 1 1 90 2 9 98 10 98 1 4 8 1 7 50 1 0 75 1 5 37 1 3 17 
10 1 8 62 1 7 90 1 5 98 1 3 31 1 2 91 1 4 38 2 9 72 10 72 1 1 9 1 0 72 2 6 49 11 49 
10 1 4 35 1 0 39 2 9 74 10 74 1 5 25 1 7 47 1 3 52 1 2 63 1 8 21 2 6 35 11 35 1 1 80 
10 2 9 58 10 58 1 0 5 1 3 50 1 8 52 1 1 88 2 6 20 11 20 1 2 68 1 5 24 1 4 53 1 7 57 
10 1 7 99 1 3 91 1 4 33 1 5 19 1 2 18 2 6 38 11 38 1 0 24 2 9 35 10 35 1 1 49 1 8 9 
10 1 0 68 1 3 60 1 2 77 1 7 10 1 8 60 1 5 15 2 9 72 10 72 1 1 18 2 6 90 11 90 1 4 18 
10 2 9 79 10 79 1 1 60 1 3 56 2 6 91 11 91 1 2 40 1 8 86 1 7 72 1 0 80 1 5 89 1 4 51 
10 1 4 10 1 2 92 1 5 23 2 6 46 11 46 1 8 40 1 7 72 1 3 6 1 1 23 1 0 95 2 9 34 10 34 
10 1 2 24 1 5 29 2 9 49 10 49 1 8 55 1 0 47 2 6 77 11 77 1 3 77 1 7 8 1 1 28 1 4 48 

# Dynamic Events
# Machine Breakdowns (x y z): Machine {x} breakdown from time {y} to {z}
1 174 214
4 23 50
9 161 203

# Added Jobs (first number is the time at which the job is added, then pairs of machines and process time)
99: 10 1 10 45 1 6 85 1 7 28 2 4 74 9 33 2 6 37 3 26 1 3 90 1 5 96 2 9 23 11 87 2 8 23 1 30 1 6 21 
52: 10 2 1 88 8 67 1 3 85 2 8 58 11 29 1 10 95 1 8 30 2 10 58 2 71 1 9 32 2 3 74 5 29 2 8 75 3 35 2 5 59 1 51 

# Cancelled Jobs
465 6
