15 12
10 1 7 8 3 9 75 10 75 11 75 1 0 72 1 6 74 1 4 30 1 8 43 1 2 38 1 5 98 1 1 26 1 3 19 
10 1 6 19 1 8 73 1 3 43 1 0 23 1 1 85 1 4 39 1 5 13 3 9 26 10 26 11 26 1 2 67 1 7 9 
10 1 1 50 1 3 93 1 5 80 1 4 7 1 0 55 1 2 61 1 6 57 1 8 72 3 9 42 10 42 11 42 1 7 46 
10 1 1 68 1 7 43 1 4 99 1 6 60 1 5 68 1 0 91 1 8 11 1 3 96 3 9 11 10 11 11 11 1 2 72 
10 1 7 84 1 2 34 1 8 40 1 5 7 1 1 70 1 6 74 1 3 12 1 0 43 3 9 69 10 69 11 69 1 4 30 
10 1 8 60 1 0 49 1 4 59 1 5 72 3 9 63 10 63 11 63 1 1 69 1 7 99 1 6 45 1 3 27 1 2 9 
10 1 6 71 1 2 91 1 8 65 1 1 90 3 9 98 10 98 11 98 1 4 8 1 7 50 1 0 75 1 5 37 1 3 17 
10 1 8 62 1 7 90 1 5 98 1 3 31 1 2 91 1 4 38 3 9 72 10 72 11 72 1 1 9 1 0 72 1 6 49 
10 1 4 35 1 0 39 3 9 74 10 74 11 74 1 5 25 1 7 47 1 3 52 1 2 63 1 8 21 1 6 35 1 1 80 
10 3 9 58 10 58 11 58 1 0 5 1 3 50 1 8 52 1 1 88 1 6 20 1 2 68 1 5 24 1 4 53 1 7 57 
10 1 7 99 1 3 91 1 4 33 1 5 19 1 2 18 1 6 38 1 0 24 3 9 35 10 35 11 35 1 1 49 1 8 9 
10 1 0 68 1 3 60 1 2 77 1 7 10 1 8 60 1 5 15 3 9 72 10 72 11 72 1 1 18 1 6 90 1 4 18 
10 3 9 79 10 79 11 79 1 1 60 1 3 56 1 6 91 1 2 40 1 8 86 1 7 72 1 0 80 1 5 89 1 4 51 
10 1 4 10 1 2 92 1 5 23 1 6 46 1 8 40 1 7 72 1 3 6 1 1 23 1 0 95 3 9 34 10 34 11 34 
10 1 2 24 1 5 29 3 9 49 10 49 11 49 1 8 55 1 0 47 1 6 77 1 3 77 1 7 8 1 1 28 1 4 48 

Dynamic Events
Machine Breakdowns (x y z): Machine {x} breakdown from time {y} to {z}
0 343 678
2 113 451
3 782 1004
4 888 1111
5 1295 1522
6 1234 1508
7 845 1123
10 729 1071
11 1537 1879

Added Jobs (first number is the time at which the job is added, then pairs of machines and process time)
96: 10 1 4 69 2 10 37 7 81 2 0 82 11 28 1 7 45 1 5 97 2 2 57 4 77 1 4 20 3 4 58 9 19 7 47 2 10 22 9 23 2 3 88 6 66 
97: 10 3 9 86 6 42 0 15 1 3 77 2 10 81 0 48 3 2 71 6 20 8 50 1 11 21 1 2 40 1 8 13 3 8 82 7 93 4 43 1 5 35 2 5 82 10 33 
154: 10 2 10 20 11 61 3 3 68 7 40 0 38 1 9 96 3 2 47 8 10 10 82 1 2 44 1 3 60 2 6 78 1 87 2 1 44 2 66 1 10 31 1 1 43 
640: 10 3 11 47 10 86 5 41 1 0 6 1 11 92 1 5 67 3 8 56 1 42 4 55 2 1 12 2 81 1 11 22 2 3 21 2 45 3 7 88 4 19 2 52 1 1 28 
525: 10 2 10 72 2 56 3 6 27 4 88 9 40 1 9 76 1 2 17 1 1 58 2 7 74 5 75 2 9 94 5 26 1 6 38 2 3 92 2 17 3 7 77 10 18 8 71 

Cancelled Jobs
266 4
912 12
