10 12
10 2 0 29 10 29 1 1 78 1 2 9 1 3 36 1 4 49 1 5 11 1 6 62 2 7 56 11 56 1 8 44 1 9 21 
10 2 0 43 10 43 1 2 90 1 4 75 1 9 11 1 3 69 1 1 28 1 6 46 1 5 46 2 7 72 11 72 1 8 30 
10 1 1 91 2 0 85 10 85 1 3 39 1 2 74 1 8 90 1 5 10 2 7 12 11 12 1 6 89 1 9 45 1 4 33 
10 1 1 81 1 2 95 2 0 71 10 71 1 4 99 1 6 9 1 8 52 2 7 85 11 85 1 3 98 1 9 22 1 5 43 
10 1 2 14 2 0 6 10 6 1 1 22 1 5 61 1 3 26 1 4 69 1 8 21 2 7 49 11 49 1 9 72 1 6 53 
10 1 2 84 1 1 2 1 5 52 1 3 95 1 8 48 1 9 72 2 0 47 10 47 1 6 65 1 4 6 2 7 25 11 25 
10 1 1 46 2 0 37 10 37 1 3 61 1 2 13 1 6 32 1 5 21 1 9 32 1 8 89 2 7 30 11 30 1 4 55 
10 1 2 31 2 0 86 10 86 1 1 46 1 5 74 1 4 32 1 6 88 1 8 19 1 9 48 2 7 36 11 36 1 3 79 
10 2 0 76 10 76 1 1 69 1 3 76 1 5 51 1 2 85 1 9 11 1 6 40 2 7 89 11 89 1 4 26 1 8 74 
10 1 1 85 2 0 13 10 13 1 2 61 1 6 7 1 8 64 1 9 76 1 5 47 1 3 52 1 4 90 2 7 45 11 45 

Dynamic Events
Machine Breakdowns (x y z): Machine {x} breakdown from time {y} to {z}
0 951 1206
1 1007 1262
2 1271 1526
3 511 766
5 538 793
6 1088 1294
10 709 964

Added Jobs (first number is the time at which the job is added, then pairs of machines and process time)
502: 10 1 10 9 1 4 49 2 1 55 4 41 1 5 34 2 0 70 1 38 2 4 79 5 13 1 7 87 1 9 63 2 1 17 4 62 1 10 15 
226: 10 2 11 74 7 32 2 8 74 4 44 2 6 61 3 70 2 2 26 11 44 2 6 17 0 12 2 2 70 3 39 1 11 31 2 9 59 3 85 2 0 18 6 47 2 6 47 11 65 

Cancelled Jobs
194 7
