10 11
10 1 0 29 1 1 78 1 2 9 2 3 36 10 36 1 4 49 1 5 11 1 6 62 1 7 56 1 8 44 1 9 21 
10 1 0 43 1 2 90 1 4 75 1 9 11 2 3 69 10 69 1 1 28 1 6 46 1 5 46 1 7 72 1 8 30 
10 1 1 91 1 0 85 2 3 39 10 39 1 2 74 1 8 90 1 5 10 1 7 12 1 6 89 1 9 45 1 4 33 
10 1 1 81 1 2 95 1 0 71 1 4 99 1 6 9 1 8 52 1 7 85 2 3 98 10 98 1 9 22 1 5 43 
10 1 2 14 1 0 6 1 1 22 1 5 61 2 3 26 10 26 1 4 69 1 8 21 1 7 49 1 9 72 1 6 53 
10 1 2 84 1 1 2 1 5 52 2 3 95 10 95 1 8 48 1 9 72 1 0 47 1 6 65 1 4 6 1 7 25 
10 1 1 46 1 0 37 2 3 61 10 61 1 2 13 1 6 32 1 5 21 1 9 32 1 8 89 1 7 30 1 4 55 
10 1 2 31 1 0 86 1 1 46 1 5 74 1 4 32 1 6 88 1 8 19 1 9 48 1 7 36 2 3 79 10 79 
10 1 0 76 1 1 69 2 3 76 10 76 1 5 51 1 2 85 1 9 11 1 6 40 1 7 89 1 4 26 1 8 74 
10 1 1 85 1 0 13 1 2 61 1 6 7 1 8 64 1 9 76 1 5 47 2 3 52 10 52 1 4 90 1 7 45 

Dynamic Events
Machine Breakdowns (x y z): Machine {x} breakdown from time {y} to {z}
0 325 541
0 672 928
1 965 1221
2 627 860
2 1193 1449
4 1254 1510
5 1280 1536
6 394 650
7 781 1037
8 461 717
9 125 331
10 1250 1506

Added Jobs (first number is the time at which the job is added, then pairs of machines and process time)
81: 10 1 1 72 2 7 83 10 59 1 6 18 1 3 57 1 3 65 1 4 7 1 10 34 1 4 21 1 9 45 1 8 63 
376: 10 2 5 41 1 49 2 5 50 1 55 2 3 77 5 26 2 9 73 7 87 1 1 70 1 2 93 1 4 89 1 5 54 2 0 19 4 29 2 10 77 9 71 

Cancelled Jobs
696 6
