15 11
10 1 7 8 2 9 75 10 75 1 0 72 1 6 74 1 4 30 1 8 43 1 2 38 1 5 98 1 1 26 1 3 19 
10 1 6 19 1 8 73 1 3 43 1 0 23 1 1 85 1 4 39 1 5 13 2 9 26 10 26 1 2 67 1 7 9 
10 1 1 50 1 3 93 1 5 80 1 4 7 1 0 55 1 2 61 1 6 57 1 8 72 2 9 42 10 42 1 7 46 
10 1 1 68 1 7 43 1 4 99 1 6 60 1 5 68 1 0 91 1 8 11 1 3 96 2 9 11 10 11 1 2 72 
10 1 7 84 1 2 34 1 8 40 1 5 7 1 1 70 1 6 74 1 3 12 1 0 43 2 9 69 10 69 1 4 30 
10 1 8 60 1 0 49 1 4 59 1 5 72 2 9 63 10 63 1 1 69 1 7 99 1 6 45 1 3 27 1 2 9 
10 1 6 71 1 2 91 1 8 65 1 1 90 2 9 98 10 98 1 4 8 1 7 50 1 0 75 1 5 37 1 3 17 
10 1 8 62 1 7 90 1 5 98 1 3 31 1 2 91 1 4 38 2 9 72 10 72 1 1 9 1 0 72 1 6 49 
10 1 4 35 1 0 39 2 9 74 10 74 1 5 25 1 7 47 1 3 52 1 2 63 1 8 21 1 6 35 1 1 80 
10 2 9 58 10 58 1 0 5 1 3 50 1 8 52 1 1 88 1 6 20 1 2 68 1 5 24 1 4 53 1 7 57 
10 1 7 99 1 3 91 1 4 33 1 5 19 1 2 18 1 6 38 1 0 24 2 9 35 10 35 1 1 49 1 8 9 
10 1 0 68 1 3 60 1 2 77 1 7 10 1 8 60 1 5 15 2 9 72 10 72 1 1 18 1 6 90 1 4 18 
10 2 9 79 10 79 1 1 60 1 3 56 1 6 91 1 2 40 1 8 86 1 7 72 1 0 80 1 5 89 1 4 51 
10 1 4 10 1 2 92 1 5 23 1 6 46 1 8 40 1 7 72 1 3 6 1 1 23 1 0 95 2 9 34 10 34 
10 1 2 24 1 5 29 2 9 49 10 49 1 8 55 1 0 47 1 6 77 1 3 77 1 7 8 1 1 28 1 4 48 

Dynamic Events
Machine Breakdowns (x y z): Machine {x} breakdown from time {y} to {z}
1 379 678
2 1031 1330
3 982 1265
5 63 362
6 1445 1719
9 877 1176
10 508 807

Added Jobs (first number is the time at which the job is added, then pairs of machines and process time)
474: 10 2 7 19 0 76 1 0 22 2 10 59 3 85 2 6 84 5 59 1 6 88 2 0 10 6 37 2 8 64 3 14 1 5 58 1 5 62 1 4 99 
191: 10 2 4 22 8 35 1 5 80 2 9 72 7 96 2 8 66 5 50 1 9 18 1 3 59 1 6 54 2 0 54 5 51 2 9 18 10 47 2 6 26 3 71 
496: 10 2 1 38 3 96 2 5 16 0 69 1 9 18 1 0 33 2 5 63 10 52 2 10 75 5 10 2 2 14 3 57 1 5 60 1 10 17 2 0 78 4 83 

Cancelled Jobs
883 12
759 13
