15 12
10 1 7 8 3 9 75 10 75 11 75 1 0 72 1 6 74 1 4 30 1 8 43 1 2 38 1 5 98 1 1 26 1 3 19 
10 1 6 19 1 8 73 1 3 43 1 0 23 1 1 85 1 4 39 1 5 13 3 9 26 10 26 11 26 1 2 67 1 7 9 
10 1 1 50 1 3 93 1 5 80 1 4 7 1 0 55 1 2 61 1 6 57 1 8 72 3 9 42 10 42 11 42 1 7 46 
10 1 1 68 1 7 43 1 4 99 1 6 60 1 5 68 1 0 91 1 8 11 1 3 96 3 9 11 10 11 11 11 1 2 72 
10 1 7 84 1 2 34 1 8 40 1 5 7 1 1 70 1 6 74 1 3 12 1 0 43 3 9 69 10 69 11 69 1 4 30 
10 1 8 60 1 0 49 1 4 59 1 5 72 3 9 63 10 63 11 63 1 1 69 1 7 99 1 6 45 1 3 27 1 2 9 
10 1 6 71 1 2 91 1 8 65 1 1 90 3 9 98 10 98 11 98 1 4 8 1 7 50 1 0 75 1 5 37 1 3 17 
10 1 8 62 1 7 90 1 5 98 1 3 31 1 2 91 1 4 38 3 9 72 10 72 11 72 1 1 9 1 0 72 1 6 49 
10 1 4 35 1 0 39 3 9 74 10 74 11 74 1 5 25 1 7 47 1 3 52 1 2 63 1 8 21 1 6 35 1 1 80 
10 3 9 58 10 58 11 58 1 0 5 1 3 50 1 8 52 1 1 88 1 6 20 1 2 68 1 5 24 1 4 53 1 7 57 
10 1 7 99 1 3 91 1 4 33 1 5 19 1 2 18 1 6 38 1 0 24 3 9 35 10 35 11 35 1 1 49 1 8 9 
10 1 0 68 1 3 60 1 2 77 1 7 10 1 8 60 1 5 15 3 9 72 10 72 11 72 1 1 18 1 6 90 1 4 18 
10 3 9 79 10 79 11 79 1 1 60 1 3 56 1 6 91 1 2 40 1 8 86 1 7 72 1 0 80 1 5 89 1 4 51 
10 1 4 10 1 2 92 1 5 23 1 6 46 1 8 40 1 7 72 1 3 6 1 1 23 1 0 95 3 9 34 10 34 11 34 
10 1 2 24 1 5 29 3 9 49 10 49 11 49 1 8 55 1 0 47 1 6 77 1 3 77 1 7 8 1 1 28 1 4 48 

Dynamic Events
Machine Breakdowns (x y z): Machine {x} breakdown from time {y} to {z}
0 1204 1503
1 1411 1710
2 492 791
3 124 423
4 1361 1574
5 1246 1448
6 1145 1444
8 1005 1304
10 820 1119
11 959 1258

Added Jobs (first number is the time at which the job is added, then pairs of machines and process time)
407: 10 3 2 89 11 24 1 22 2 10 38 1 66 3 11 72 7 82 10 49 2 1 21 2 16 1 7 15 1 6 80 2 6 39 7 67 2 8 11 3 42 2 8 9 7 74 2 1 41 0 63 
219: 10 2 6 31 3 44 2 0 9 9 44 2 6 34 2 52 3 2 26 11 52 9 69 3 7 72 6 88 8 67 1 8 35 3 1 64 0 39 11 65 2 9 30 5 20 3 5 21 11 50 7 51 1 1 47 

Cancelled Jobs
831 10
