15 17
15 1 9 65 1 10 28 1 4 74 1 12 33 1 2 51 2 14 75 16 75 1 5 73 1 8 32 1 6 13 1 3 81 1 1 35 1 7 59 1 13 38 2 11 55 15 55 1 0 27 
15 1 0 64 1 1 53 2 11 83 15 83 1 2 33 1 4 6 1 9 52 2 14 72 16 72 1 8 7 1 13 90 1 12 21 1 6 23 1 3 10 1 10 39 1 5 49 1 7 72 
15 2 14 73 16 73 1 3 82 1 1 23 1 12 62 1 6 88 1 5 21 1 8 65 2 11 70 15 70 1 7 53 1 10 81 1 2 93 1 13 77 1 0 61 1 9 28 1 4 78 
15 1 1 12 1 6 51 1 7 33 1 4 15 2 14 72 16 72 1 10 98 1 9 94 1 5 12 2 11 42 15 42 1 2 24 1 13 15 1 8 28 1 3 6 1 12 99 1 0 41 
15 1 12 97 1 5 7 1 9 96 1 4 15 2 14 73 16 73 1 13 43 1 0 32 1 8 22 2 11 42 15 42 1 1 94 1 2 23 1 7 86 1 6 78 1 10 24 1 3 31 
15 1 1 72 1 5 88 1 2 93 1 13 13 1 4 44 2 14 66 16 66 1 6 63 1 7 14 1 9 67 1 10 17 2 11 85 15 85 1 0 35 1 3 68 1 12 5 1 8 49 
15 1 9 15 1 7 82 1 6 21 2 14 53 16 53 1 3 72 1 13 49 1 2 99 1 4 26 1 12 56 1 8 45 1 1 68 1 10 51 1 0 8 1 5 27 2 11 96 15 96 
15 1 3 54 1 7 24 1 4 14 1 8 38 1 5 36 1 2 52 2 14 55 16 55 1 12 37 2 11 48 15 48 1 0 93 1 13 60 1 10 70 1 1 23 1 6 23 1 9 83 
15 1 3 12 1 8 69 1 6 26 1 9 23 2 14 28 16 28 1 1 82 1 5 33 1 4 45 1 13 64 1 7 15 2 11 9 15 9 1 12 73 1 10 59 1 2 37 1 0 62 
15 1 0 87 1 5 12 1 7 80 1 4 50 1 10 48 1 12 90 1 1 72 1 13 24 1 6 14 1 8 71 2 11 44 15 44 1 9 46 1 2 15 2 14 61 16 61 1 3 92 
15 1 2 54 1 0 22 1 6 61 1 4 46 1 3 73 1 5 16 1 12 6 1 9 94 2 14 93 16 93 1 13 67 1 8 54 1 7 75 2 11 32 15 32 1 10 40 1 1 97 
15 1 10 92 2 14 36 16 36 1 4 22 1 9 9 1 3 47 1 1 77 1 12 79 1 13 36 1 6 30 1 8 98 2 11 79 15 79 1 7 7 1 5 55 1 2 6 1 0 30 
15 1 0 49 1 13 83 1 3 73 1 6 82 1 1 82 2 14 92 16 92 2 11 73 15 73 1 4 31 1 10 35 1 9 54 1 5 7 1 8 37 1 7 72 1 2 52 1 12 76 
15 1 10 98 1 12 34 1 13 52 1 4 26 1 1 28 1 3 39 1 8 80 1 5 29 1 9 70 1 0 43 1 6 48 1 7 58 1 2 45 2 14 94 16 94 2 11 96 15 96 
15 1 1 70 1 10 17 1 6 90 1 12 67 1 4 14 1 8 23 1 3 21 1 7 18 1 13 43 2 11 84 15 84 1 5 26 1 9 36 1 2 93 2 14 84 16 84 1 0 42 

Dynamic Events
Machine Breakdowns (x y z): Machine {x} breakdown from time {y} to {z}
0 330 687
1 385 635
1 1239 1596
2 1286 1538
3 1701 2058
4 1242 1381
5 144 435
5 1209 1498
6 711 974
6 1432 1789
7 95 452
10 349 604
11 1326 1671
12 591 948
13 1384 1609
14 76 433
15 1242 1599
16 393 750

Added Jobs (first number is the time at which the job is added, then pairs of machines and process time)
340: 15 1 9 67 1 6 14 1 11 66 1 11 96 1 9 17 1 9 65 2 2 69 1 45 2 16 77 9 47 1 9 76 1 9 52 1 3 45 1 0 70 2 2 86 9 22 2 15 20 2 99 1 6 41 
364: 15 2 12 80 11 22 1 2 9 2 0 77 14 59 1 6 39 2 16 42 3 68 1 16 89 1 16 73 1 16 70 2 4 34 10 28 2 14 49 9 89 1 11 80 1 3 85 1 4 18 1 8 37 1 12 39 
291: 15 1 12 76 1 0 30 1 8 87 1 8 15 2 4 43 7 61 2 4 11 12 15 1 7 34 1 4 10 1 13 41 2 2 58 14 70 2 13 67 7 29 1 7 25 1 7 34 2 16 44 0 81 2 6 63 2 92 

Cancelled Jobs
704 2
