15 18
15 1 9 65 1 10 28 1 4 74 1 12 33 1 2 51 4 14 75 15 75 16 75 17 75 1 5 73 1 8 32 1 6 13 1 3 81 1 1 35 1 7 59 1 13 38 1 11 55 1 0 27 
15 1 0 64 1 1 53 1 11 83 1 2 33 1 4 6 1 9 52 4 14 72 15 72 16 72 17 72 1 8 7 1 13 90 1 12 21 1 6 23 1 3 10 1 10 39 1 5 49 1 7 72 
15 4 14 73 15 73 16 73 17 73 1 3 82 1 1 23 1 12 62 1 6 88 1 5 21 1 8 65 1 11 70 1 7 53 1 10 81 1 2 93 1 13 77 1 0 61 1 9 28 1 4 78 
15 1 1 12 1 6 51 1 7 33 1 4 15 4 14 72 15 72 16 72 17 72 1 10 98 1 9 94 1 5 12 1 11 42 1 2 24 1 13 15 1 8 28 1 3 6 1 12 99 1 0 41 
15 1 12 97 1 5 7 1 9 96 1 4 15 4 14 73 15 73 16 73 17 73 1 13 43 1 0 32 1 8 22 1 11 42 1 1 94 1 2 23 1 7 86 1 6 78 1 10 24 1 3 31 
15 1 1 72 1 5 88 1 2 93 1 13 13 1 4 44 4 14 66 15 66 16 66 17 66 1 6 63 1 7 14 1 9 67 1 10 17 1 11 85 1 0 35 1 3 68 1 12 5 1 8 49 
15 1 9 15 1 7 82 1 6 21 4 14 53 15 53 16 53 17 53 1 3 72 1 13 49 1 2 99 1 4 26 1 12 56 1 8 45 1 1 68 1 10 51 1 0 8 1 5 27 1 11 96 
15 1 3 54 1 7 24 1 4 14 1 8 38 1 5 36 1 2 52 4 14 55 15 55 16 55 17 55 1 12 37 1 11 48 1 0 93 1 13 60 1 10 70 1 1 23 1 6 23 1 9 83 
15 1 3 12 1 8 69 1 6 26 1 9 23 4 14 28 15 28 16 28 17 28 1 1 82 1 5 33 1 4 45 1 13 64 1 7 15 1 11 9 1 12 73 1 10 59 1 2 37 1 0 62 
15 1 0 87 1 5 12 1 7 80 1 4 50 1 10 48 1 12 90 1 1 72 1 13 24 1 6 14 1 8 71 1 11 44 1 9 46 1 2 15 4 14 61 15 61 16 61 17 61 1 3 92 
15 1 2 54 1 0 22 1 6 61 1 4 46 1 3 73 1 5 16 1 12 6 1 9 94 4 14 93 15 93 16 93 17 93 1 13 67 1 8 54 1 7 75 1 11 32 1 10 40 1 1 97 
15 1 10 92 4 14 36 15 36 16 36 17 36 1 4 22 1 9 9 1 3 47 1 1 77 1 12 79 1 13 36 1 6 30 1 8 98 1 11 79 1 7 7 1 5 55 1 2 6 1 0 30 
15 1 0 49 1 13 83 1 3 73 1 6 82 1 1 82 4 14 92 15 92 16 92 17 92 1 11 73 1 4 31 1 10 35 1 9 54 1 5 7 1 8 37 1 7 72 1 2 52 1 12 76 
15 1 10 98 1 12 34 1 13 52 1 4 26 1 1 28 1 3 39 1 8 80 1 5 29 1 9 70 1 0 43 1 6 48 1 7 58 1 2 45 4 14 94 15 94 16 94 17 94 1 11 96 
15 1 1 70 1 10 17 1 6 90 1 12 67 1 4 14 1 8 23 1 3 21 1 7 18 1 13 43 1 11 84 1 5 26 1 9 36 1 2 93 4 14 84 15 84 16 84 17 84 1 0 42 

Dynamic Events
Machine Breakdowns (x y z): Machine {x} breakdown from time {y} to {z}
0 651 1052
1 1765 2166
2 588 989
3 1657 1982
5 1261 1469
6 933 1133
7 1440 1841
8 758 1037
9 1112 1408
10 1389 1752
12 1330 1629
13 740 1019
15 965 1366
16 614 1015
17 494 895

Added Jobs (first number is the time at which the job is added, then pairs of machines and process time)
736: 15 2 6 88 0 70 4 17 77 8 26 2 70 13 68 4 10 40 0 32 7 38 12 17 1 0 55 2 2 86 0 78 3 12 33 3 55 13 84 1 7 34 2 3 91 16 37 1 3 34 2 8 44 3 33 3 8 38 10 46 11 94 1 13 87 4 0 78 12 12 4 52 6 28 2 3 7 9 12 1 10 85 
709: 15 1 12 18 2 7 72 12 98 3 9 10 0 21 7 78 4 4 45 14 77 3 89 11 13 1 8 93 2 7 43 5 45 3 6 89 16 58 11 27 4 13 77 11 36 1 96 15 94 3 11 76 4 28 14 92 3 15 74 2 34 4 43 1 15 85 3 3 42 0 16 1 41 2 5 80 1 80 3 11 61 16 92 15 41 3 6 62 10 43 1 85 
249: 15 3 3 63 0 49 9 36 3 6 59 5 8 9 67 2 6 27 1 78 4 3 59 0 32 17 37 5 9 3 1 63 6 37 9 71 2 9 83 4 77 4 14 33 5 13 17 55 7 60 4 5 38 2 90 0 62 4 44 1 15 58 2 8 73 6 58 3 4 62 11 63 15 34 2 3 41 1 56 3 2 37 6 71 16 58 1 0 22 4 17 39 12 5 16 72 13 50 
566: 15 3 7 58 5 88 10 24 2 12 45 5 65 2 6 27 0 48 4 3 75 0 20 11 50 16 68 4 4 28 10 25 16 59 5 31 4 13 89 17 39 10 59 2 65 3 2 32 14 84 5 74 2 17 79 3 12 1 11 36 3 7 47 15 87 1 92 1 3 58 2 16 87 13 88 4 11 64 14 49 10 57 16 57 4 4 33 15 86 2 20 11 64 2 13 81 10 49 
738: 15 4 16 36 4 21 7 19 8 25 1 13 22 3 4 8 2 18 1 27 2 4 11 1 13 1 3 79 3 15 70 2 30 13 68 1 3 26 2 6 68 10 60 4 17 88 12 86 15 30 0 53 4 3 53 2 90 4 71 12 87 4 0 68 8 73 1 68 9 46 4 3 11 9 41 13 45 15 94 3 13 18 5 62 7 24 2 17 93 11 20 2 12 97 2 54 

Cancelled Jobs
589 1
1181 4
801 11
