10 6
6 2 0 5 2 4 3 4 3 2 5 1 1 2 2 4 5 2 3 5 5 1 6 0 1 1 2 1 3 5 6 2 6 3 3 
5 1 1 6 1 2 1 1 0 2 2 1 6 3 6 3 5 5 1 6 0 1 
5 1 1 6 2 2 4 5 2 3 5 5 1 6 0 1 3 2 4 1 6 5 6 2 0 1 4 5 
5 3 5 5 1 6 0 1 1 1 6 1 2 1 3 4 3 2 5 1 1 2 2 4 5 2 
6 3 4 3 2 5 1 1 3 5 5 1 6 0 1 1 1 6 2 0 5 2 4 2 1 6 3 6 3 2 4 1 6 5 6 
6 2 2 4 5 2 1 0 2 3 2 4 1 6 5 6 1 1 6 3 5 5 1 6 0 1 2 0 3 3 2 
5 1 5 1 2 0 3 3 2 3 2 4 1 6 5 6 3 1 6 4 1 0 6 1 2 1 
5 2 2 4 5 2 3 2 4 1 6 5 6 3 5 5 1 6 0 1 1 1 6 2 1 6 3 6 
6 1 5 1 2 0 1 4 5 3 5 6 2 6 3 3 1 0 2 3 2 4 1 6 5 6 2 1 6 3 6 
6 2 2 4 5 2 3 2 4 1 6 5 6 3 4 3 2 5 1 1 1 5 1 2 1 6 3 6 2 0 3 3 2 

Dynamic Events
Machine Breakdowns (x y z): Machine {x} breakdown from time {y} to {z}
0 30 40
1 11 23
3 51 63
4 34 46
5 45 57

Added Jobs (first number is the time at which the job is added, then pairs of machines and process time)
21: 6 2 0 5 5 2 2 3 2 4 5 3 2 6 1 6 0 6 3 4 2 0 3 1 6 1 4 5 3 2 1 4 1 3 6 

Cancelled Jobs
16 2
9 8
