15 8
8 1 0 6 2 0 6 6 9 2 5 7 2 1 2 3 2 6 5 3 0 8 2 9 7 9 3 1 3 3 8 2 2 2 4 5 5 7 2 5 1 3 7 
7 1 5 1 2 5 1 3 7 1 0 6 2 5 7 2 1 3 1 3 3 8 2 2 1 5 2 1 6 2 
6 1 5 1 3 1 3 3 8 2 2 3 2 2 6 1 3 4 2 3 2 6 5 2 0 7 2 7 2 3 4 2 1 
5 1 6 2 1 0 6 2 0 6 6 9 2 5 7 2 1 2 3 5 4 7 
7 1 6 2 2 0 6 6 9 2 3 4 2 1 3 0 8 2 9 7 9 2 0 7 2 7 3 1 3 3 8 2 2 2 3 5 4 7 
9 1 5 2 2 3 4 2 1 3 2 2 6 1 3 4 2 5 1 3 7 2 3 5 4 7 3 0 8 2 9 7 9 2 0 7 2 7 1 5 1 2 0 6 6 9 
5 2 4 5 5 7 2 0 7 2 7 2 5 1 3 7 1 5 2 2 5 7 2 1 
6 2 3 5 4 7 2 4 5 5 7 3 1 3 3 8 2 2 1 5 2 1 5 1 2 0 6 6 9 
9 1 0 6 2 0 6 6 9 2 3 4 2 1 3 0 8 2 9 7 9 2 3 2 6 5 2 5 1 3 7 1 6 2 2 0 7 2 7 3 1 3 3 8 2 2 
5 2 4 5 5 7 1 0 6 1 6 2 2 3 5 4 7 2 0 6 6 9 
4 3 0 8 2 9 7 9 1 0 6 3 1 3 3 8 2 2 2 3 2 6 5 
6 2 3 2 6 5 1 5 1 1 0 6 2 0 7 2 7 3 0 8 2 9 7 9 1 6 2 
4 1 5 2 2 5 7 2 1 2 5 1 3 7 2 4 5 5 7 
3 2 4 5 5 7 1 5 1 2 3 2 6 5 
6 2 3 5 4 7 1 6 2 3 0 8 2 9 7 9 3 1 3 3 8 2 2 3 2 2 6 1 3 4 1 0 6 

Dynamic Events
Machine Breakdowns (x y z): Machine {x} breakdown from time {y} to {z}
0 17 38
1 102 123
2 97 118
5 54 74
5 101 122
6 19 40
7 30 51

Added Jobs (first number is the time at which the job is added, then pairs of machines and process time)
22: 6 2 0 7 5 6 3 2 1 7 9 4 5 3 7 9 4 6 5 4 3 4 6 3 5 7 9 1 4 6 3 6 5 5 2 0 6 
38: 5 3 6 8 7 9 0 7 3 3 4 5 4 6 7 3 1 3 3 2 4 7 3 0 6 3 8 1 3 2 5 3 4 5 

Cancelled Jobs
19 0
18 4
