20 10
10 2 6 18 3 5 2 4 7 6 7 1 2 19 1 6 14 2 3 5 9 12 1 0 10 1 9 18 2 6 10 7 19 2 2 11 7 9 2 2 5 7 12 
12 1 1 5 2 6 18 3 5 2 2 5 7 12 1 0 10 1 9 19 2 2 15 3 19 1 6 14 1 4 9 2 4 14 8 5 1 0 19 2 6 10 7 19 1 0 16 
14 2 4 14 8 5 1 0 19 1 0 10 1 2 19 2 6 18 3 5 2 3 5 9 12 2 2 5 7 12 1 9 10 1 4 9 1 0 7 2 6 10 7 19 1 0 10 1 9 19 1 9 18 
10 1 9 10 2 4 7 6 7 1 6 14 1 0 10 1 9 18 2 2 15 6 13 2 9 14 4 7 2 2 11 7 9 1 8 11 1 4 9 
12 1 4 9 2 4 14 8 5 2 6 18 3 5 2 2 11 7 9 1 0 10 1 8 11 1 0 7 1 6 14 2 3 5 9 12 2 2 15 3 19 1 7 18 1 9 19 
10 2 2 15 6 13 1 2 19 1 4 9 1 9 19 2 2 5 7 12 2 6 18 3 5 2 7 14 9 9 2 3 5 9 12 1 9 18 1 0 7 
12 1 0 10 1 9 18 1 0 7 1 4 9 2 7 14 9 9 2 6 10 7 19 2 2 15 3 19 2 9 14 4 7 1 7 18 1 9 19 1 0 19 1 0 10 
11 1 0 10 1 6 14 1 0 10 2 2 15 3 19 2 4 14 8 5 2 6 18 3 5 1 2 19 1 0 19 2 3 5 9 12 1 4 9 1 9 19 
14 2 6 10 7 19 2 7 14 9 9 1 0 19 1 9 19 2 9 14 4 7 1 1 5 2 3 5 9 12 2 4 7 6 7 1 0 16 1 0 7 1 8 11 1 2 19 1 0 10 1 9 18 
11 1 9 19 2 9 14 4 7 1 7 18 2 2 11 7 9 1 0 7 1 0 10 2 4 14 8 5 2 2 15 3 19 1 9 18 1 2 19 1 0 19 
11 2 4 14 8 5 1 0 10 1 7 18 2 2 15 3 19 2 6 10 7 19 2 2 5 7 12 2 2 11 7 9 2 7 14 9 9 1 9 10 1 8 11 1 2 19 
10 1 9 19 2 2 11 7 9 2 4 7 6 7 1 0 16 1 6 14 2 6 18 3 5 2 3 5 9 12 1 0 10 1 7 18 2 4 14 8 5 
11 2 9 14 4 7 1 9 19 2 6 10 7 19 2 2 15 3 19 1 0 19 1 7 18 2 7 14 9 9 2 2 11 7 9 1 9 18 2 4 14 8 5 1 1 5 
11 1 0 10 2 4 7 6 7 1 0 10 1 8 11 1 6 14 2 2 15 6 13 2 7 14 9 9 1 0 16 2 2 5 7 12 2 4 14 8 5 1 1 5 
11 2 4 14 8 5 2 4 7 6 7 1 6 14 1 9 10 2 6 10 7 19 2 2 15 3 19 2 6 18 3 5 1 0 7 2 2 11 7 9 1 0 19 1 7 18 
11 1 1 5 2 6 10 7 19 1 9 10 1 8 11 1 7 18 2 9 14 4 7 2 4 14 8 5 1 0 10 1 0 19 2 2 15 6 13 2 7 14 9 9 
13 1 9 10 2 4 14 8 5 1 4 9 1 9 19 1 0 10 2 2 5 7 12 1 1 5 2 9 14 4 7 1 0 10 2 7 14 9 9 2 2 15 6 13 1 0 16 1 6 14 
11 2 2 15 6 13 1 1 5 1 9 19 1 2 19 1 7 18 1 0 7 1 4 9 1 6 14 2 6 18 3 5 1 0 10 2 4 14 8 5 
10 2 6 10 7 19 1 1 5 2 2 11 7 9 1 8 11 2 3 5 9 12 1 9 18 2 6 18 3 5 2 7 14 9 9 2 2 5 7 12 1 9 19 
10 1 9 18 1 9 10 1 6 14 1 8 11 2 2 15 6 13 1 1 5 2 7 14 9 9 2 2 5 7 12 1 4 9 1 0 16 

Dynamic Events
Machine Breakdowns (x y z): Machine {x} breakdown from time {y} to {z}
0 339 402
0 518 609
1 524 560
1 732 773
2 587 668
5 519 519
5 676 676
5 711 711
8 342 381
8 532 600
9 248 335
9 432 520

Added Jobs (first number is the time at which the job is added, then pairs of machines and process time)
47: 11 1 8 5 2 4 11 2 18 2 9 18 3 8 2 8 6 0 19 1 0 9 2 5 17 4 14 1 0 10 1 6 13 2 5 17 7 13 1 3 11 1 9 12 
164: 14 2 6 8 8 9 2 2 11 4 9 2 9 19 5 6 1 7 12 2 3 17 4 8 1 9 12 1 4 14 2 7 10 6 13 1 8 11 2 4 8 3 8 1 7 15 1 1 5 1 1 5 2 0 7 7 14 

Cancelled Jobs
321 0
266 15
318 19
