20 15
12 2 5 5 1 5 2 6 11 5 11 1 1 5 4 7 10 2 18 3 10 8 7 2 6 9 0 7 4 0 8 6 14 8 12 3 7 3 3 13 7 8 1 6 5 2 8 0 19 8 13 9 19 1 16 5 1 16 9 9 2 12 3 11 4 15 2 8 10 9 5 3 6 5 1 8 3 7 4 0 6 5 13 4 11 9 7 
13 2 6 11 5 11 4 1 16 9 9 4 9 7 16 2 5 5 1 5 2 1 11 0 9 2 2 12 6 15 4 3 11 9 14 4 10 6 15 4 2 8 0 12 4 5 12 11 5 2 8 0 19 8 13 9 19 1 16 3 3 13 7 8 1 6 4 7 10 2 18 3 10 8 7 4 0 16 4 11 9 17 2 6 2 8 10 9 5 2 4 11 1 11 
11 4 2 8 0 12 4 5 12 11 2 1 11 0 9 2 6 9 0 7 2 5 5 1 5 4 0 6 5 13 4 11 9 7 2 8 10 9 5 5 2 8 0 19 8 13 9 19 1 16 4 7 10 2 18 3 10 8 7 4 1 16 9 9 4 9 7 16 2 2 12 6 15 2 1 5 8 19 
11 4 3 11 9 14 4 10 6 15 5 2 8 0 19 8 13 9 19 1 16 1 4 15 1 1 5 2 8 10 9 5 2 6 11 5 11 4 0 16 4 11 9 17 2 6 2 9 13 5 11 2 1 5 8 19 3 3 13 7 8 1 6 4 7 10 2 18 3 10 8 7 
14 2 6 11 5 11 2 8 10 9 5 4 4 11 6 8 9 11 1 16 2 9 13 5 11 4 0 16 4 11 9 17 2 6 2 6 9 0 7 4 2 8 0 12 4 5 12 11 1 1 5 4 1 16 9 9 4 9 7 16 3 0 15 1 19 8 9 4 0 6 5 13 4 11 9 7 2 1 11 0 9 4 3 11 9 14 4 10 6 15 5 2 8 0 19 8 13 9 19 1 16 
11 3 0 15 1 19 8 9 2 6 9 0 7 4 7 10 2 18 3 10 8 7 2 1 5 8 19 4 4 11 6 8 9 11 1 16 4 0 6 5 13 4 11 9 7 2 6 11 5 11 1 1 5 3 6 5 1 8 3 7 4 2 8 0 12 4 5 12 11 1 4 15 
14 1 1 5 2 6 11 5 11 2 1 11 0 9 2 8 10 9 5 4 7 10 2 18 3 10 8 7 3 0 15 1 19 8 9 3 6 5 1 8 3 7 4 1 16 9 9 4 9 7 16 4 0 6 5 13 4 11 9 7 1 4 15 4 6 13 9 19 5 18 3 8 4 2 8 0 12 4 5 12 11 4 0 16 4 11 9 17 2 6 2 6 9 0 7 
13 4 7 10 2 18 3 10 8 7 2 9 13 5 11 4 4 11 6 8 9 11 1 16 3 3 13 7 8 1 6 5 1 16 9 9 2 12 3 11 4 15 3 0 15 1 19 8 9 4 2 8 0 12 4 5 12 11 3 6 5 1 8 3 7 4 6 13 9 19 5 18 3 8 4 0 6 5 13 4 11 9 7 2 5 5 1 5 4 0 16 4 11 9 17 2 6 4 1 16 9 9 4 9 7 16 
11 2 6 11 5 11 3 6 5 1 8 3 7 4 7 10 2 18 3 10 8 7 2 8 10 9 5 4 1 16 9 9 4 9 7 16 3 3 13 7 8 1 6 4 6 13 9 19 5 18 3 8 5 1 16 9 9 2 12 3 11 4 15 4 0 8 6 14 8 12 3 7 2 5 5 1 5 2 1 11 0 9 
12 2 8 10 9 5 1 4 15 2 1 5 8 19 3 0 15 1 19 8 9 5 1 16 9 9 2 12 3 11 4 15 4 0 6 5 13 4 11 9 7 4 1 16 9 9 4 9 7 16 4 0 16 4 11 9 17 2 6 2 5 5 1 5 2 2 12 6 15 4 3 11 9 14 4 10 6 15 4 7 10 2 18 3 10 8 7 
10 5 1 16 9 9 2 12 3 11 4 15 4 4 11 6 8 9 11 1 16 4 6 13 9 19 5 18 3 8 2 8 10 9 5 1 4 15 2 1 11 0 9 3 3 13 7 8 1 6 2 1 5 8 19 4 7 10 2 18 3 10 8 7 4 0 16 4 11 9 17 2 6 
11 2 9 13 5 11 1 4 15 2 8 10 9 5 4 0 8 6 14 8 12 3 7 4 2 8 0 12 4 5 12 11 3 3 13 7 8 1 6 3 6 5 1 8 3 7 1 1 5 4 0 6 5 13 4 11 9 7 4 1 16 9 9 4 9 7 16 2 6 9 0 7 
11 3 6 5 1 8 3 7 2 1 5 8 19 4 0 8 6 14 8 12 3 7 4 4 11 6 8 9 11 1 16 3 0 15 1 19 8 9 4 0 16 4 11 9 17 2 6 2 5 5 1 5 2 6 11 5 11 5 2 8 0 19 8 13 9 19 1 16 4 7 10 2 18 3 10 8 7 3 3 13 7 8 1 6 
10 2 4 11 1 11 4 7 10 2 18 3 10 8 7 2 6 9 0 7 2 5 5 1 5 4 2 8 0 12 4 5 12 11 1 4 15 2 8 10 9 5 4 0 16 4 11 9 17 2 6 3 3 13 7 8 1 6 2 2 12 6 15 
12 4 7 10 2 18 3 10 8 7 1 4 15 3 0 15 1 19 8 9 4 6 13 9 19 5 18 3 8 4 1 16 9 9 4 9 7 16 4 0 8 6 14 8 12 3 7 3 6 5 1 8 3 7 2 9 13 5 11 2 8 10 9 5 2 2 12 6 15 2 5 5 1 5 4 2 8 0 12 4 5 12 11 
14 2 6 11 5 11 1 4 15 2 1 5 8 19 4 0 8 6 14 8 12 3 7 1 1 5 4 2 8 0 12 4 5 12 11 3 3 13 7 8 1 6 3 0 15 1 19 8 9 4 3 11 9 14 4 10 6 15 2 5 5 1 5 2 8 10 9 5 2 4 11 1 11 5 2 8 0 19 8 13 9 19 1 16 2 9 13 5 11 
13 4 6 13 9 19 5 18 3 8 5 1 16 9 9 2 12 3 11 4 15 3 3 13 7 8 1 6 2 6 11 5 11 2 9 13 5 11 4 1 16 9 9 4 9 7 16 4 7 10 2 18 3 10 8 7 4 2 8 0 12 4 5 12 11 2 5 5 1 5 2 6 9 0 7 4 0 16 4 11 9 17 2 6 2 1 5 8 19 5 2 8 0 19 8 13 9 19 1 16 
11 4 6 13 9 19 5 18 3 8 4 0 6 5 13 4 11 9 7 4 1 16 9 9 4 9 7 16 2 9 13 5 11 2 1 5 8 19 2 4 11 1 11 5 1 16 9 9 2 12 3 11 4 15 2 5 5 1 5 3 0 15 1 19 8 9 1 1 5 4 3 11 9 14 4 10 6 15 
13 2 1 5 8 19 2 5 5 1 5 3 3 13 7 8 1 6 2 6 9 0 7 2 2 12 6 15 1 4 15 4 0 16 4 11 9 17 2 6 3 0 15 1 19 8 9 2 9 13 5 11 2 1 11 0 9 3 6 5 1 8 3 7 4 2 8 0 12 4 5 12 11 4 4 11 6 8 9 11 1 16 
13 4 0 16 4 11 9 17 2 6 3 0 15 1 19 8 9 4 2 8 0 12 4 5 12 11 2 1 5 8 19 4 1 16 9 9 4 9 7 16 1 4 15 4 4 11 6 8 9 11 1 16 4 7 10 2 18 3 10 8 7 2 6 11 5 11 4 0 8 6 14 8 12 3 7 4 6 13 9 19 5 18 3 8 2 2 12 6 15 2 6 9 0 7 

Dynamic Events
Machine Breakdowns (x y z): Machine {x} breakdown from time {y} to {z}
0 396 453
1 393 463
2 159 206
2 344 405
3 36 83
3 357 432
4 463 505
5 186 231
5 260 310
6 2 65
6 171 251
7 168 235
7 330 395
9 99 188
10 374 374
11 300 300
11 381 381
13 26 26
14 372 372

Added Jobs (first number is the time at which the job is added, then pairs of machines and process time)
138: 14 3 5 11 8 13 14 5 5 6 10 11 9 4 8 5 13 10 19 5 1 11 3 9 7 14 8 16 13 10 1 6 10 3 14 14 6 15 0 10 5 9 16 3 10 5 15 6 6 0 11 1 2 10 4 14 14 6 12 10 5 13 13 2 11 6 1 13 5 12 11 7 15 9 12 10 14 5 7 4 2 14 11 15 13 5 0 10 4 7 10 6 12 11 10 10 16 5 12 11 10 5 3 9 9 16 4 11 3 0 14 8 12 11 19 
40: 13 5 2 16 13 10 6 14 12 11 10 16 3 10 12 8 14 3 7 1 11 8 4 13 8 11 14 12 11 5 6 4 13 16 9 8 2 8 12 11 1 10 18 3 7 16 1 7 10 18 3 8 14 9 11 4 12 3 9 11 10 11 3 10 5 1 16 13 17 0 11 14 9 10 13 5 7 11 1 15 9 7 10 12 14 19 2 4 6 14 11 5 3 10 4 14 13 7 0 8 10 12 

Cancelled Jobs
285 13
4 14
