30 10
6 1 9 28 2 8 14 5 10 2 4 22 9 15 2 6 24 4 18 2 2 10 0 10 1 7 18 
6 2 2 12 8 12 2 8 14 5 10 1 4 17 1 6 10 1 0 15 2 9 12 4 11 
6 2 0 22 4 29 1 4 28 2 2 18 6 16 1 7 18 2 6 17 3 19 2 8 14 5 10 
8 1 1 13 2 2 12 8 12 2 7 26 5 26 1 7 22 1 7 13 1 6 10 1 5 23 2 2 10 0 10 
8 2 6 17 3 19 1 4 28 2 9 28 3 20 2 4 16 5 11 1 7 22 1 4 17 2 4 22 9 15 2 7 26 5 26 
7 2 6 17 3 19 1 6 11 2 2 18 6 16 1 0 15 1 4 28 1 7 19 2 5 29 7 16 
5 2 6 24 4 18 2 9 12 4 11 1 6 29 2 8 14 5 10 1 7 22 
6 2 2 10 0 10 2 6 11 4 25 2 9 28 3 20 1 1 13 1 7 18 1 6 10 
6 2 9 28 3 20 2 6 11 4 25 2 2 12 8 12 1 7 19 1 6 11 1 5 23 
5 2 9 28 3 20 2 6 11 4 25 2 8 14 5 10 2 8 12 1 23 2 2 10 0 10 
5 1 4 28 1 7 19 2 8 14 5 10 1 6 29 2 9 28 3 20 
7 1 5 23 2 2 18 6 16 2 0 22 4 29 1 7 18 1 4 17 1 7 22 1 6 10 
5 1 9 28 2 2 18 6 16 1 6 11 1 5 23 1 7 19 
5 1 6 10 2 4 16 5 11 2 7 26 5 26 2 6 24 4 18 1 6 29 
6 2 8 14 5 10 2 4 22 9 15 2 6 11 4 25 2 9 28 3 20 2 9 14 6 26 1 6 10 
8 2 9 12 4 11 2 6 11 4 25 1 6 10 1 4 28 1 7 19 1 1 13 1 4 17 2 2 12 8 12 
7 1 6 10 2 2 10 0 10 2 9 14 6 26 1 9 28 1 6 11 1 0 15 1 6 29 
5 1 7 22 1 1 13 1 0 15 2 2 10 0 10 2 0 22 4 29 
9 1 7 13 1 4 28 1 6 10 2 2 12 8 12 2 9 28 3 20 2 5 29 7 16 1 1 13 1 7 19 1 7 18 
8 1 6 10 1 1 13 2 9 14 6 26 1 5 23 1 6 29 2 9 12 4 11 2 0 22 4 29 1 6 11 
7 2 6 11 4 25 1 5 23 2 9 28 3 20 1 6 29 1 4 17 2 6 24 4 18 2 5 29 7 16 
6 2 4 16 5 11 1 7 19 1 6 10 2 0 22 4 29 1 4 28 2 6 24 4 18 
8 2 2 18 6 16 1 0 15 1 7 13 1 6 10 1 6 11 2 6 17 3 19 1 7 19 2 0 22 4 29 
7 1 6 29 2 9 28 3 20 2 4 22 9 15 1 5 23 2 9 12 4 11 2 5 29 7 16 1 6 10 
9 2 9 28 3 20 2 8 14 5 10 1 9 28 1 1 13 1 7 19 2 6 17 3 19 2 4 16 5 11 1 6 11 1 5 23 
6 2 8 12 1 23 1 6 10 1 9 28 2 9 12 4 11 2 9 14 6 26 2 8 14 5 10 
5 2 8 12 1 23 1 0 15 2 4 22 9 15 1 6 11 1 5 23 
6 1 7 22 1 0 15 2 6 17 3 19 2 2 18 6 16 1 7 13 2 9 14 6 26 
5 1 7 22 2 6 11 4 25 1 7 19 2 2 18 6 16 1 5 23 
6 1 7 22 2 6 11 4 25 1 6 10 2 8 14 5 10 2 2 10 0 10 2 8 12 1 23 

Dynamic Events
Machine Breakdowns (x y z): Machine {x} breakdown from time {y} to {z}
0 39 185
1 648 721
2 350 475
2 649 736
3 371 471
4 31 177
5 107 253
6 490 564
6 689 823
7 524 670
8 270 369
8 486 566
9 345 490
9 555 698

Added Jobs (first number is the time at which the job is added, then pairs of machines and process time)
119: 8 1 2 15 1 7 16 1 5 10 1 9 15 1 4 18 1 3 19 1 9 21 1 8 13 
129: 8 2 4 16 8 13 1 3 19 1 3 20 2 7 23 5 18 1 8 13 2 5 18 9 19 1 9 24 1 0 16 
177: 5 1 6 29 1 3 20 2 6 14 5 18 2 0 18 4 16 2 0 12 7 17 
70: 7 2 5 26 2 11 2 6 17 5 22 2 8 13 6 22 2 5 26 0 19 2 3 19 1 15 1 0 14 2 1 13 7 22 

Cancelled Jobs
444 10
462 13
361 21
108 22
