30 10
7 3 0 15 6 11 7 26 5 1 15 0 29 7 21 5 22 9 27 2 0 19 2 11 4 3 21 0 16 4 22 1 23 1 7 13 4 9 24 5 20 2 12 3 11 4 3 18 7 25 8 24 0 12 
7 4 4 29 1 28 0 23 9 16 1 7 13 5 1 15 0 29 7 21 5 22 9 27 2 1 21 9 18 1 0 23 2 1 24 2 18 4 9 11 7 21 4 10 1 14 
8 5 1 20 2 18 7 15 3 19 4 17 5 1 15 0 29 7 21 5 22 9 27 3 0 15 6 11 7 26 4 9 27 1 25 6 16 8 11 4 1 10 6 21 9 17 4 18 1 2 18 2 8 29 0 29 1 0 23 
9 5 1 15 0 29 7 21 5 22 9 27 4 3 21 0 16 4 22 1 23 5 4 21 6 29 8 25 3 27 2 14 3 0 15 6 11 7 26 3 3 24 6 18 7 22 2 1 21 9 18 5 3 13 1 16 7 24 5 17 6 22 4 9 27 1 25 6 16 8 11 4 3 14 6 25 5 24 8 21 
6 5 3 13 1 16 7 24 5 17 6 22 3 0 15 6 11 7 26 4 9 27 1 25 6 16 8 11 4 9 11 7 21 4 10 1 14 2 8 29 0 29 2 1 21 9 18 
7 5 4 21 6 29 8 25 3 27 2 14 5 1 20 2 18 7 15 3 19 4 17 4 3 18 7 25 8 24 0 12 5 6 15 8 16 3 11 7 23 5 24 4 9 27 1 25 6 16 8 11 4 9 24 5 20 2 12 3 11 3 3 19 9 10 1 10 
9 2 0 19 2 11 1 0 23 1 7 13 2 1 21 9 18 5 1 15 0 29 7 21 5 22 9 27 3 3 24 6 18 7 22 1 0 17 5 6 15 8 16 3 11 7 23 5 24 4 3 21 0 16 4 22 1 23 
9 4 3 21 0 16 4 22 1 23 5 1 15 0 29 7 21 5 22 9 27 2 1 21 9 18 2 8 29 0 29 1 0 17 3 3 24 6 18 7 22 1 7 13 4 3 19 0 29 1 24 9 11 5 1 20 2 18 7 15 3 19 4 17 
9 2 1 24 2 18 4 9 27 1 25 6 16 8 11 4 9 11 7 21 4 10 1 14 1 2 18 4 3 19 0 29 1 24 9 11 1 0 23 1 7 13 2 7 22 5 24 5 3 13 1 16 7 24 5 17 6 22 
9 5 6 15 8 16 3 11 7 23 5 24 4 3 19 0 29 1 24 9 11 2 1 24 2 18 5 1 15 0 29 7 21 5 22 9 27 5 4 21 6 29 8 25 3 27 2 14 2 0 19 2 11 1 2 18 2 8 29 0 29 5 3 13 1 16 7 24 5 17 6 22 
9 4 3 19 0 29 1 24 9 11 4 3 14 6 25 5 24 8 21 5 3 18 1 19 4 23 2 20 7 19 5 4 21 6 29 8 25 3 27 2 14 1 7 13 5 1 15 0 29 7 21 5 22 9 27 2 0 19 2 11 5 4 22 2 18 6 19 8 26 3 12 2 1 21 9 18 
5 4 9 27 1 25 6 16 8 11 5 4 21 6 29 8 25 3 27 2 14 1 2 18 4 3 21 0 16 4 22 1 23 5 1 20 2 18 7 15 3 19 4 17 
8 4 3 21 0 16 4 22 1 23 5 3 18 1 19 4 23 2 20 7 19 4 6 16 3 19 2 17 0 25 5 1 15 0 29 7 21 5 22 9 27 2 1 21 9 18 2 8 29 0 29 3 3 24 6 18 7 22 5 3 13 1 16 7 24 5 17 6 22 
8 5 4 21 6 29 8 25 3 27 2 14 4 6 16 3 19 2 17 0 25 2 8 29 0 29 4 3 18 7 25 8 24 0 12 4 4 29 1 28 0 23 9 16 2 7 22 5 24 4 3 14 6 25 5 24 8 21 4 3 19 0 29 1 24 9 11 
9 1 0 23 4 6 16 3 19 2 17 0 25 4 9 11 7 21 4 10 1 14 4 9 24 5 20 2 12 3 11 1 2 18 2 1 21 9 18 1 0 17 2 7 22 5 24 4 3 21 0 16 4 22 1 23 
7 4 8 15 7 10 2 18 0 22 5 1 15 0 29 7 21 5 22 9 27 1 2 18 5 4 21 6 29 8 25 3 27 2 14 2 1 21 9 18 1 0 23 5 1 20 2 18 7 15 3 19 4 17 
9 2 1 24 2 18 4 3 18 7 25 8 24 0 12 4 4 29 1 28 0 23 9 16 5 4 22 2 18 6 19 8 26 3 12 3 0 15 6 11 7 26 4 9 27 1 25 6 16 8 11 1 0 23 2 1 21 9 18 5 3 18 1 19 4 23 2 20 7 19 
8 2 7 22 5 24 4 4 29 1 28 0 23 9 16 2 1 24 2 18 5 1 20 2 18 7 15 3 19 4 17 5 6 15 8 16 3 11 7 23 5 24 3 3 24 6 18 7 22 4 3 14 6 25 5 24 8 21 3 0 15 6 11 7 26 
9 4 9 24 5 20 2 12 3 11 5 4 21 6 29 8 25 3 27 2 14 4 4 29 1 28 0 23 9 16 2 8 29 0 29 4 6 16 3 19 2 17 0 25 4 3 19 0 29 1 24 9 11 2 1 24 2 18 4 3 14 6 25 5 24 8 21 5 3 18 1 19 4 23 2 20 7 19 
6 4 3 21 0 16 4 22 1 23 5 6 15 8 16 3 11 7 23 5 24 3 3 24 6 18 7 22 4 8 15 7 10 2 18 0 22 1 0 17 5 3 18 1 19 4 23 2 20 7 19 
5 5 4 22 2 18 6 19 8 26 3 12 4 3 14 6 25 5 24 8 21 4 3 21 0 16 4 22 1 23 1 2 18 1 7 13 
9 4 9 11 7 21 4 10 1 14 5 1 20 2 18 7 15 3 19 4 17 1 7 13 5 4 22 2 18 6 19 8 26 3 12 1 0 23 5 6 15 8 16 3 11 7 23 5 24 2 8 29 0 29 2 7 22 5 24 1 2 18 
5 3 0 15 6 11 7 26 3 3 24 6 18 7 22 4 9 11 7 21 4 10 1 14 3 3 19 9 10 1 10 4 3 21 0 16 4 22 1 23 
9 4 4 29 1 28 0 23 9 16 5 3 13 1 16 7 24 5 17 6 22 5 4 21 6 29 8 25 3 27 2 14 3 0 15 6 11 7 26 2 8 29 0 29 5 3 18 1 19 4 23 2 20 7 19 2 1 21 9 18 4 3 21 0 16 4 22 1 23 4 1 10 6 21 9 17 4 18 
7 5 4 21 6 29 8 25 3 27 2 14 2 7 22 5 24 2 1 24 2 18 3 3 19 9 10 1 10 5 4 22 2 18 6 19 8 26 3 12 1 0 23 1 0 17 
6 2 1 21 9 18 4 1 10 6 21 9 17 4 18 3 0 15 6 11 7 26 4 3 14 6 25 5 24 8 21 5 4 21 6 29 8 25 3 27 2 14 5 1 15 0 29 7 21 5 22 9 27 
9 5 6 15 8 16 3 11 7 23 5 24 2 0 19 2 11 4 3 14 6 25 5 24 8 21 4 3 21 0 16 4 22 1 23 5 1 15 0 29 7 21 5 22 9 27 5 4 21 6 29 8 25 3 27 2 14 1 7 13 4 3 18 7 25 8 24 0 12 4 9 24 5 20 2 12 3 11 
7 2 0 19 2 11 4 3 14 6 25 5 24 8 21 4 8 15 7 10 2 18 0 22 4 3 18 7 25 8 24 0 12 3 3 19 9 10 1 10 4 9 24 5 20 2 12 3 11 1 0 17 
8 4 6 16 3 19 2 17 0 25 4 4 29 1 28 0 23 9 16 4 3 18 7 25 8 24 0 12 4 9 11 7 21 4 10 1 14 1 0 17 5 1 15 0 29 7 21 5 22 9 27 3 3 19 9 10 1 10 4 3 21 0 16 4 22 1 23 
8 4 3 21 0 16 4 22 1 23 2 8 29 0 29 3 0 15 6 11 7 26 5 3 13 1 16 7 24 5 17 6 22 4 6 16 3 19 2 17 0 25 4 3 18 7 25 8 24 0 12 3 3 24 6 18 7 22 5 6 15 8 16 3 11 7 23 5 24 

Dynamic Events
Machine Breakdowns (x y z): Machine {x} breakdown from time {y} to {z}
0 362 494
1 260 392
2 171 253
2 302 406
3 165 297
4 659 791
6 368 482
7 586 718
8 467 599
9 475 591

Added Jobs (first number is the time at which the job is added, then pairs of machines and process time)
70: 7 2 5 24 6 21 1 0 25 2 6 18 9 24 5 9 13 1 23 8 25 5 18 6 11 4 9 18 2 20 5 21 3 27 2 3 25 5 21 5 8 16 7 21 3 16 1 21 4 23 
131: 8 2 1 13 4 16 4 0 29 2 18 8 24 7 16 1 1 25 4 0 27 1 20 2 18 4 29 5 7 19 5 24 8 21 4 18 2 16 3 7 25 6 14 2 19 4 3 20 9 24 8 27 0 20 3 0 21 6 11 3 21 
127: 8 2 2 14 4 26 4 3 25 7 17 4 10 6 11 4 1 16 7 12 2 11 5 18 1 2 17 2 1 13 8 17 4 7 10 9 12 2 13 3 21 1 4 17 1 6 18 
49: 9 1 1 27 4 6 15 5 22 1 21 4 14 5 4 25 3 19 6 25 8 13 2 19 4 2 16 5 22 6 14 9 25 4 6 12 5 20 2 18 1 12 4 5 18 0 20 4 23 9 14 4 7 12 6 18 4 14 8 25 5 9 12 1 28 8 12 6 20 7 11 5 1 11 4 18 0 29 2 17 3 17 
68: 5 3 1 15 7 18 8 25 2 0 16 5 23 2 4 12 9 26 5 3 18 7 22 0 23 9 11 1 25 5 6 11 8 17 9 14 3 20 5 19 

Cancelled Jobs
386 2
332 15
277 16
350 17
373 22
