30 15
8 1 8 20 2 4 28 9 19 1 11 17 1 11 17 2 12 27 13 25 2 8 28 4 25 1 8 20 2 12 15 1 21 
11 2 4 29 9 28 1 13 14 2 12 27 13 25 2 8 28 4 25 1 13 18 2 4 22 14 27 2 13 20 9 18 1 13 16 1 8 20 1 6 17 2 13 27 7 23 
8 2 12 17 2 19 2 13 20 9 18 1 11 17 2 4 28 0 11 1 0 25 2 3 16 12 10 2 10 25 5 23 1 13 16 
10 2 4 29 9 28 1 6 17 2 4 12 8 17 1 3 16 2 11 19 13 13 1 1 20 2 13 20 9 18 1 13 16 2 4 28 0 11 2 3 16 12 10 
9 2 4 22 14 27 2 4 28 0 11 1 8 20 2 13 27 7 23 2 8 28 4 25 1 11 17 1 10 11 2 4 28 9 19 1 6 17 
8 1 13 20 1 10 11 2 4 29 9 28 1 10 27 2 10 25 5 23 1 11 17 2 13 27 7 23 2 12 27 13 25 
8 2 13 27 7 23 1 1 20 2 11 19 13 13 2 4 28 0 11 2 3 16 12 10 2 4 12 8 17 2 11 13 3 10 2 10 25 5 23 
11 1 13 16 1 13 18 2 4 12 8 17 2 12 27 13 25 1 11 17 2 4 22 14 27 2 10 25 5 23 1 0 25 2 4 28 0 11 1 11 17 2 4 29 9 28 
11 1 10 11 1 11 17 1 13 14 2 8 14 5 19 1 13 20 1 6 17 1 0 25 1 8 20 2 4 28 0 11 1 1 20 2 3 16 12 10 
10 2 10 25 5 23 2 13 20 9 18 1 13 14 1 11 17 1 13 18 2 12 27 13 25 1 13 20 1 3 16 2 11 13 3 10 1 0 25 
10 2 4 29 9 28 1 8 20 2 12 17 2 19 2 13 27 7 23 2 3 16 12 10 1 13 14 2 8 14 5 19 1 11 17 1 13 20 1 13 16 
8 2 4 29 9 28 2 10 25 5 23 1 11 17 1 8 20 2 12 27 13 25 2 12 15 1 21 2 4 28 9 19 2 11 13 3 10 
11 2 13 20 9 18 2 11 19 13 13 2 12 17 2 19 2 3 16 12 10 1 13 16 1 13 18 2 12 15 1 21 2 10 25 5 23 1 13 14 1 8 20 1 11 17 
9 1 10 27 2 3 16 12 10 2 4 28 0 11 1 13 18 1 1 20 2 12 15 1 21 1 13 14 1 3 16 2 13 20 9 18 
10 2 4 12 8 17 1 11 17 1 10 11 1 13 18 2 4 29 9 28 1 1 20 2 3 16 12 10 2 4 22 14 27 1 8 20 2 4 28 0 11 
9 1 8 20 1 13 18 2 4 28 9 19 1 8 20 2 12 15 1 21 2 8 28 4 25 2 4 28 0 11 2 4 22 14 27 2 10 25 5 23 
8 2 4 22 14 27 2 13 27 7 23 1 13 18 1 1 20 2 12 15 1 21 1 10 27 1 6 17 2 3 16 12 10 
9 1 10 11 2 12 17 2 19 1 8 20 1 13 14 2 8 28 4 25 2 11 19 13 13 2 4 28 9 19 2 4 12 8 17 1 11 17 
10 1 8 20 2 11 13 3 10 2 4 29 9 28 1 11 17 2 4 22 14 27 2 12 15 1 21 1 10 27 2 8 14 5 19 2 10 25 5 23 2 11 19 13 13 
8 2 8 28 4 25 2 12 27 13 25 2 13 27 7 23 2 4 28 0 11 1 11 17 2 10 25 5 23 1 8 20 1 13 20 
8 1 13 14 2 13 20 9 18 2 4 22 14 27 2 8 14 5 19 2 3 16 12 10 2 11 19 13 13 1 8 20 2 12 27 13 25 
8 2 4 29 9 28 2 12 17 2 19 1 11 17 2 8 28 4 25 1 13 14 1 13 18 2 10 25 5 23 2 13 20 9 18 
8 2 3 16 12 10 1 11 17 1 6 17 2 8 14 5 19 2 4 12 8 17 1 1 20 1 13 20 2 4 29 9 28 
11 2 13 27 7 23 1 3 16 1 8 20 1 1 20 2 10 25 5 23 2 4 28 0 11 2 3 16 12 10 1 0 25 2 4 28 9 19 1 13 14 2 12 27 13 25 
9 2 10 25 5 23 2 8 14 5 19 2 4 28 0 11 1 13 18 2 13 27 7 23 2 12 27 13 25 2 3 16 12 10 2 11 19 13 13 1 10 27 
8 1 13 14 2 13 27 7 23 2 8 14 5 19 2 4 22 14 27 2 11 19 13 13 1 10 27 1 13 18 2 4 28 0 11 
10 1 13 20 1 11 17 2 3 16 12 10 1 6 17 1 8 20 2 4 22 14 27 2 4 28 9 19 1 10 11 2 11 19 13 13 2 8 14 5 19 
8 2 13 20 9 18 1 3 16 1 13 20 2 8 14 5 19 1 6 17 1 13 16 1 8 20 2 4 29 9 28 
10 2 11 13 3 10 2 8 28 4 25 1 11 17 2 4 28 0 11 2 13 27 7 23 1 8 20 1 13 20 2 13 20 9 18 2 12 27 13 25 1 3 16 
11 1 3 16 1 6 17 2 12 15 1 21 2 3 16 12 10 2 4 28 0 11 2 4 28 9 19 1 13 14 2 12 27 13 25 1 13 20 1 13 16 1 11 17 

Dynamic Events
Machine Breakdowns (x y z): Machine {x} breakdown from time {y} to {z}
0 117 207
0 273 397
1 782 938
2 515 613
2 935 1118
3 127 238
3 683 779
5 652 830
5 923 1028
6 596 712
7 790 948
8 58 250
8 865 985
9 821 921
10 857 971
11 585 730
12 1010 1140
13 206 320
13 996 1133
14 988 1101

Added Jobs (first number is the time at which the job is added, then pairs of machines and process time)
69: 8 1 13 14 2 1 21 13 23 1 5 23 2 11 15 5 20 2 6 17 8 26 1 11 18 1 7 23 2 7 23 14 27 
222: 10 2 11 15 1 20 1 0 24 2 10 14 3 11 2 4 25 5 21 2 5 23 13 14 1 1 20 2 3 16 9 21 2 1 20 14 27 1 8 14 1 10 11 

Cancelled Jobs
462 1
432 7
527 8
407 13
496 20
607 29
