30 15
9 2 2 24 3 18 1 0 17 1 1 10 4 7 14 1 11 11 20 5 13 2 6 28 0 13 4 14 11 11 21 6 10 1 14 5 5 18 4 13 7 18 10 18 3 20 1 11 26 2 12 11 2 20 
9 1 0 17 1 12 18 5 9 15 12 16 4 11 13 25 7 24 4 5 18 11 25 12 24 0 12 4 1 10 10 21 14 17 6 18 1 4 23 2 2 24 3 18 2 2 16 1 18 2 10 22 8 24 
10 2 1 25 14 27 5 9 15 12 16 4 11 13 25 7 24 5 5 18 4 13 7 18 10 18 3 20 1 0 17 4 7 14 1 11 11 20 5 13 5 3 16 8 13 0 23 12 26 1 29 2 2 24 3 18 1 7 15 1 12 18 2 6 12 5 18 
9 4 4 18 6 15 9 19 12 26 2 2 16 1 18 2 6 12 5 18 2 2 24 3 18 4 1 10 10 21 14 17 6 18 2 1 25 14 27 1 12 18 5 9 15 12 16 4 11 13 25 7 24 5 3 16 8 13 0 23 12 26 1 29 
9 5 5 18 4 13 7 18 10 18 3 20 4 9 16 5 19 10 14 0 25 2 2 16 1 18 4 14 11 11 21 6 10 1 14 1 11 26 3 4 12 13 16 10 20 1 1 10 5 9 15 12 16 4 11 13 25 7 24 2 6 28 0 13 
8 1 0 17 1 7 15 5 6 21 9 29 13 25 5 27 3 14 4 9 16 5 19 10 14 0 25 4 7 14 1 11 11 20 5 13 5 3 16 8 13 0 23 12 26 1 29 1 12 18 2 1 25 14 27 
11 1 7 15 2 6 28 0 13 2 1 25 14 27 1 11 22 1 4 23 5 3 16 8 13 0 23 12 26 1 29 4 5 18 11 25 12 24 0 12 2 2 16 1 18 4 1 10 10 21 14 17 6 18 5 2 15 0 29 11 21 8 22 14 27 5 9 15 12 16 4 11 13 25 7 24 
9 3 4 12 13 16 10 20 2 6 12 5 18 4 7 14 1 11 11 20 5 13 4 9 16 5 19 10 14 0 25 1 11 22 4 5 18 11 25 12 24 0 12 1 0 17 5 3 16 8 13 0 23 12 26 1 29 1 1 10 
10 1 11 22 2 1 25 14 27 5 3 16 8 13 0 23 12 26 1 29 2 6 12 5 18 4 4 18 6 15 9 19 12 26 5 11 22 3 12 13 26 8 17 7 10 2 6 28 0 13 1 0 17 1 1 10 4 0 14 6 22 14 24 8 20 
8 4 4 18 6 15 9 19 12 26 2 2 16 1 18 5 3 16 8 13 0 23 12 26 1 29 5 2 15 0 29 11 21 8 22 14 27 4 7 14 1 11 11 20 5 13 1 4 23 4 5 18 11 25 12 24 0 12 5 11 22 3 12 13 26 8 17 7 10 
10 1 0 17 1 12 18 2 1 25 14 27 1 7 15 4 7 14 1 11 11 20 5 13 2 6 12 5 18 4 1 10 10 21 14 17 6 18 5 3 16 8 13 0 23 12 26 1 29 4 5 21 0 16 6 22 2 23 5 5 18 4 13 7 18 10 18 3 20 
8 3 4 12 13 16 10 20 4 4 18 6 15 9 19 12 26 2 1 25 14 27 2 12 11 2 20 1 11 22 5 9 15 12 16 4 11 13 25 7 24 4 5 21 0 16 6 22 2 23 4 1 10 10 21 14 17 6 18 
10 5 2 15 0 29 11 21 8 22 14 27 1 12 18 5 6 21 9 29 13 25 5 27 3 14 3 4 12 13 16 10 20 4 7 14 1 11 11 20 5 13 1 4 23 2 6 15 10 15 1 0 17 5 3 16 8 13 0 23 12 26 1 29 5 9 15 12 16 4 11 13 25 7 24 
9 4 7 14 1 11 11 20 5 13 4 5 18 11 25 12 24 0 12 5 5 18 4 13 7 18 10 18 3 20 2 12 11 2 20 4 0 14 6 22 14 24 8 20 2 2 24 3 18 2 2 16 1 18 5 9 15 12 16 4 11 13 25 7 24 1 12 18 
11 4 9 16 5 19 10 14 0 25 3 4 12 13 16 10 20 2 12 11 2 20 4 5 18 11 25 12 24 0 12 1 4 23 1 7 15 4 4 18 6 15 9 19 12 26 2 2 24 3 18 2 10 22 8 24 4 14 11 11 21 6 10 1 14 5 3 16 8 13 0 23 12 26 1 29 
8 2 12 11 2 20 2 1 25 14 27 4 5 21 0 16 6 22 2 23 1 11 22 4 5 18 11 25 12 24 0 12 4 4 18 6 15 9 19 12 26 5 11 22 3 12 13 26 8 17 7 10 2 2 16 1 18 
11 4 9 16 5 19 10 14 0 25 4 7 14 1 11 11 20 5 13 1 7 15 2 6 15 10 15 5 6 21 9 29 13 25 5 27 3 14 5 11 22 3 12 13 26 8 17 7 10 1 12 18 4 0 14 6 22 14 24 8 20 4 4 18 6 15 9 19 12 26 5 2 15 0 29 11 21 8 22 14 27 2 6 28 0 13 
11 4 1 10 10 21 14 17 6 18 1 4 23 2 6 28 0 13 4 0 14 6 22 14 24 8 20 5 9 15 12 16 4 11 13 25 7 24 4 9 16 5 19 10 14 0 25 2 1 25 14 27 3 4 12 13 16 10 20 5 2 15 0 29 11 21 8 22 14 27 1 7 15 2 2 24 3 18 
8 4 1 10 10 21 14 17 6 18 1 11 26 4 7 14 1 11 11 20 5 13 5 5 18 4 13 7 18 10 18 3 20 2 12 11 2 20 2 6 12 5 18 5 3 16 8 13 0 23 12 26 1 29 2 2 24 3 18 
8 5 11 22 3 12 13 26 8 17 7 10 1 12 18 4 7 14 1 11 11 20 5 13 2 10 22 8 24 5 2 15 0 29 11 21 8 22 14 27 5 3 16 8 13 0 23 12 26 1 29 3 4 12 13 16 10 20 4 5 18 11 25 12 24 0 12 
9 4 0 14 6 22 14 24 8 20 3 4 12 13 16 10 20 5 3 16 8 13 0 23 12 26 1 29 5 9 15 12 16 4 11 13 25 7 24 5 6 21 9 29 13 25 5 27 3 14 1 12 18 2 10 22 8 24 2 2 24 3 18 4 4 18 6 15 9 19 12 26 
11 1 0 17 5 11 22 3 12 13 26 8 17 7 10 4 9 16 5 19 10 14 0 25 1 1 10 4 4 18 6 15 9 19 12 26 4 7 14 1 11 11 20 5 13 5 3 16 8 13 0 23 12 26 1 29 2 6 28 0 13 5 5 18 4 13 7 18 10 18 3 20 4 14 11 11 21 6 10 1 14 2 2 24 3 18 
9 4 4 18 6 15 9 19 12 26 2 6 15 10 15 5 5 18 4 13 7 18 10 18 3 20 1 1 10 1 11 26 4 14 11 11 21 6 10 1 14 5 6 21 9 29 13 25 5 27 3 14 4 9 16 5 19 10 14 0 25 4 5 21 0 16 6 22 2 23 
8 5 5 18 4 13 7 18 10 18 3 20 4 1 10 10 21 14 17 6 18 5 6 21 9 29 13 25 5 27 3 14 1 0 17 1 11 26 4 7 14 1 11 11 20 5 13 4 5 21 0 16 6 22 2 23 2 1 25 14 27 
10 2 6 12 5 18 4 5 21 0 16 6 22 2 23 5 5 18 4 13 7 18 10 18 3 20 1 7 15 4 9 16 5 19 10 14 0 25 1 11 26 4 0 14 6 22 14 24 8 20 4 5 18 11 25 12 24 0 12 4 1 10 10 21 14 17 6 18 5 6 21 9 29 13 25 5 27 3 14 
10 2 6 15 10 15 2 12 11 2 20 4 14 11 11 21 6 10 1 14 5 3 16 8 13 0 23 12 26 1 29 1 4 23 4 5 18 11 25 12 24 0 12 1 1 10 4 9 16 5 19 10 14 0 25 5 6 21 9 29 13 25 5 27 3 14 2 2 24 3 18 
11 4 14 11 11 21 6 10 1 14 2 6 12 5 18 5 5 18 4 13 7 18 10 18 3 20 5 11 22 3 12 13 26 8 17 7 10 1 7 15 3 4 12 13 16 10 20 5 6 21 9 29 13 25 5 27 3 14 2 2 16 1 18 5 9 15 12 16 4 11 13 25 7 24 4 4 18 6 15 9 19 12 26 1 11 22 
10 1 7 15 5 3 16 8 13 0 23 12 26 1 29 4 4 18 6 15 9 19 12 26 1 0 17 1 4 23 3 4 12 13 16 10 20 2 1 25 14 27 5 11 22 3 12 13 26 8 17 7 10 4 0 14 6 22 14 24 8 20 4 5 21 0 16 6 22 2 23 
11 2 6 12 5 18 4 5 21 0 16 6 22 2 23 1 12 18 2 6 28 0 13 1 4 23 1 7 15 4 9 16 5 19 10 14 0 25 2 10 22 8 24 1 1 10 1 11 22 2 1 25 14 27 
9 5 6 21 9 29 13 25 5 27 3 14 4 5 18 11 25 12 24 0 12 2 2 24 3 18 4 0 14 6 22 14 24 8 20 4 1 10 10 21 14 17 6 18 4 9 16 5 19 10 14 0 25 1 7 15 1 11 22 2 6 12 5 18 

Dynamic Events
Machine Breakdowns (x y z): Machine {x} breakdown from time {y} to {z}
0 387 504
1 33 150
2 582 699
3 168 244
3 413 530
4 207 296
4 557 641
5 533 650
6 75 192
7 562 679
8 332 421
8 583 700
9 555 661
10 493 610
11 139 256
12 366 483
13 250 367
14 522 639

Added Jobs (first number is the time at which the job is added, then pairs of machines and process time)
83: 9 4 14 24 13 21 1 25 6 13 2 7 10 11 22 1 6 15 3 10 22 6 17 14 17 3 1 11 11 23 8 13 4 2 23 1 28 8 24 13 26 5 3 15 11 20 5 18 12 22 6 23 2 3 15 0 14 1 5 16 
180: 10 2 1 29 10 19 5 13 17 5 18 2 20 9 15 1 12 5 3 13 7 11 14 20 11 24 6 11 3 0 25 12 12 4 21 1 0 23 4 9 29 8 18 2 24 10 19 3 3 20 9 16 7 10 3 13 19 11 21 3 16 3 13 20 7 15 11 26 3 3 17 2 24 14 13 
63: 10 5 5 17 2 23 11 21 14 15 8 23 3 2 15 10 17 13 22 1 14 13 4 10 21 12 19 13 23 4 22 4 14 24 5 21 9 22 7 21 4 10 20 4 13 0 26 12 17 5 14 27 1 18 9 28 11 22 12 13 4 12 24 9 18 7 24 4 12 1 2 19 3 0 25 4 12 10 19 
53: 9 2 4 17 0 16 1 14 15 2 3 20 0 26 1 7 16 5 8 20 11 24 2 21 12 15 9 18 5 10 18 14 15 5 17 13 21 3 13 3 5 26 6 10 13 19 2 4 19 11 26 2 12 22 14 21 

Cancelled Jobs
341 1
298 2
202 3
324 21
55 24
