9 8
4 3 0 247 1 123 2 100 3 3 140 1 130 6 123 3 3 150 4 160 6 200 2 6 210 7 145 
4 2 0 214 2 150 2 2 87 1 66 3 4 178 5 95 6 150 2 4 120 7 150 
4 2 0 87 1 62 3 6 145 2 180 3 105 3 3 190 4 100 5 153 2 5 170 7 165 
4 2 0 87 1 65 2 2 250 4 173 2 3 145 5 136 2 4 250 5 170 
4 3 1 123 2 145 0 128 3 6 86 3 65 4 47 3 4 110 5 85 1 100 2 7 165 5 180 
4 3 1 145 2 320 3 154 3 3 150 2 123 4 192 3 4 120 5 240 6 180 2 3 120 6 50 
4 2 2 145 1 157 2 2 124 4 168 3 4 145 5 165 6 178 2 7 230 4 140 
4 2 3 245 2 257 2 5 224 4 268 3 4 145 5 165 6 178 2 6 150 7 150 
4 2 1 150 2 150 2 2 180 3 220 2 4 40 6 50 2 5 150 7 170 

Dynamic Events
Machine Breakdowns (x y z): Machine {x} breakdown from time {y} to {z}
1 1777 2225
2 4101 4985
3 3229 3902
4 1775 2588
5 13 786
7 891 1361

Added Jobs (first number is the time at which the job is added, then pairs of machines and process time)
971: 4 3 5 118 4 40 7 211 3 0 166 7 173 3 179 3 5 187 6 56 0 204 3 7 208 2 277 1 131 
606: 4 3 3 230 6 163 2 236 2 4 48 0 143 2 5 182 1 143 2 5 162 2 210 
701: 4 2 5 124 2 183 3 0 93 5 110 4 197 3 7 173 6 150 0 181 3 2 192 1 124 0 192 

Cancelled Jobs
1135 2
