8 7
4 3 0 247 1 223 2 100 3 3 140 1 130 6 123 3 3 150 4 160 6 200 2 6 210 5 145 
4 2 0 214 2 150 2 2 87 1 66 3 4 178 5 95 6 150 2 4 120 6 150 
4 2 0 87 1 62 3 6 145 2 180 3 105 3 3 190 4 100 5 153 2 5 170 6 165 
4 2 0 87 1 65 2 2 250 4 173 2 3 145 5 136 2 4 250 5 170 
4 3 1 123 2 145 0 128 3 6 86 3 65 4 47 3 4 110 5 85 1 100 2 3 165 5 180 
4 3 1 145 2 320 3 154 3 3 150 2 123 4 192 3 4 120 5 240 6 180 2 3 120 6 50 
4 2 2 145 1 157 2 2 124 4 168 3 4 145 5 165 6 178 2 6 230 4 140 
4 2 3 245 2 257 2 5 224 4 268 3 4 145 5 165 6 178 2 6 150 5 150 

Dynamic Events
Machine Breakdowns (x y z): Machine {x} breakdown from time {y} to {z}
0 954 1259
1 1612 2040
3 1638 2289
4 3171 4097
5 1103 1934

Added Jobs (first number is the time at which the job is added, then pairs of machines and process time)
1101: 4 3 3 142 0 240 2 96 2 4 199 5 161 3 4 265 0 162 5 216 2 3 90 6 201 
602: 4 2 6 212 1 143 3 0 114 6 181 5 200 2 4 119 5 222 3 5 115 2 221 1 92 

Cancelled Jobs
655 7
