10 5
15 1 0 42 1 2 62 1 4 22 1 3 16 3 0 96 2 96 4 96 1 4 24 1 0 63 1 1 29 1 2 83 1 4 23 1 4 66 1 2 29 2 3 11 4 11 1 2 62 1 0 94 
20 2 0 41 2 41 1 1 90 1 0 63 1 0 45 1 1 91 1 2 73 1 4 31 1 3 97 1 4 11 1 2 20 1 3 90 2 1 21 3 21 1 1 78 1 4 37 1 4 68 2 0 48 1 48 1 3 55 1 0 38 2 1 49 4 49 1 1 69 
23 1 2 73 1 0 80 2 2 83 3 83 1 4 39 1 4 98 1 4 71 1 1 24 1 1 89 1 2 73 1 3 44 1 2 61 2 0 53 4 53 1 0 35 1 0 95 1 0 33 1 4 59 1 1 68 1 4 61 1 0 56 1 1 28 1 3 18 1 3 35 1 0 73 
18 2 2 78 3 78 1 2 70 1 1 65 1 0 44 1 0 56 1 2 60 1 2 69 1 1 94 1 0 28 1 2 63 1 3 17 1 2 61 1 1 34 1 0 96 1 3 31 1 1 82 1 4 40 2 0 63 1 63 
21 1 1 95 1 1 68 1 3 91 2 1 43 3 43 1 2 32 2 1 54 4 54 2 2 92 3 92 1 1 40 1 2 84 1 2 38 1 1 94 1 1 63 1 1 99 1 4 45 1 1 28 1 3 59 1 3 97 1 1 69 1 1 61 1 4 98 1 3 42 
15 1 3 100 2 1 68 4 68 2 1 83 4 83 2 2 69 4 69 1 4 17 1 4 26 1 1 29 1 2 20 1 2 100 1 0 87 1 0 67 1 2 16 1 3 86 1 0 36 1 4 73 
17 1 2 41 1 2 100 1 1 23 1 1 33 1 0 92 1 3 74 1 1 90 1 0 49 2 1 34 4 34 1 0 47 1 3 62 1 0 59 1 0 98 1 3 73 1 1 79 1 0 10 1 1 32 
25 1 2 55 1 1 53 1 3 19 1 3 55 1 1 88 1 4 46 2 1 73 4 73 2 1 30 4 30 1 1 48 1 1 50 1 4 37 1 1 75 1 0 36 1 0 71 1 1 66 1 3 39 2 0 17 1 17 1 3 30 1 3 42 1 0 94 1 4 59 1 1 36 1 4 68 1 2 21 1 3 25 
23 2 3 65 4 65 1 2 58 1 4 65 1 4 36 1 0 45 1 0 82 2 2 42 3 42 1 3 82 1 2 51 1 3 75 1 4 35 1 1 78 1 1 43 1 2 77 2 2 42 4 42 1 1 18 1 0 63 1 0 99 1 3 16 1 2 34 2 2 99 3 99 1 4 87 1 0 46 
19 1 3 81 1 1 41 1 0 58 1 4 57 1 2 30 1 4 60 1 1 52 1 0 92 1 2 32 1 1 80 1 2 42 1 1 33 1 0 40 1 3 80 1 0 72 1 3 64 1 4 77 1 2 23 1 3 50 

Dynamic Events

# Machine Breakdowns (machine_id start_time end_time)
Machine Breakdowns
0 608 645
3 1262 1299

# Added Jobs (arrival_time: num_ops num_alts_op1 m1 p1 ... num_alts_op2 m1 p1 ...)
Added Jobs
305: 24 3 2 45 1 74 3 45 3 0 97 4 37 2 82 3 4 56 2 52 0 91 3 3 58 0 18 4 68 1 1 98 1 0 38 2 0 34 1 80 3 3 97 2 59 4 86 2 0 26 2 83 3 0 49 2 72 1 44 3 2 55 3 81 1 45 1 4 44 3 2 57 0 35 3 24 1 0 13 1 4 14 3 1 80 0 82 3 31 3 1 22 3 42 4 59 3 4 74 3 79 1 47 3 0 25 2 58 3 29 1 0 53 3 3 49 0 36 2 18 1 4 67 2 4 72 1 49 3 0 68 4 59 1 60 
577: 20 2 3 12 4 54 2 3 80 4 76 3 1 49 2 22 4 70 2 2 74 4 33 1 4 37 2 1 93 0 74 2 2 91 3 39 3 4 24 3 32 0 77 1 3 50 3 4 62 2 74 1 92 3 0 20 1 33 4 14 1 4 23 2 1 91 2 31 3 2 85 4 45 0 60 1 3 87 3 3 33 0 73 1 67 3 3 31 2 51 1 37 3 1 85 4 91 0 58 2 0 99 3 99 2 2 62 3 50 
940: 19 3 2 24 3 52 0 71 3 3 12 0 80 2 77 3 2 53 0 48 3 51 3 4 37 1 81 3 21 2 3 55 0 59 2 4 30 2 78 3 1 33 3 62 4 80 2 2 27 4 34 1 4 44 2 3 62 2 19 2 4 70 3 80 1 2 39 3 0 49 1 84 3 57 3 1 98 4 56 2 41 2 1 31 4 55 3 2 23 0 94 3 16 2 1 42 0 51 3 4 52 1 19 0 29 3 1 95 4 64 2 64 
1033: 22 2 0 94 2 52 2 4 78 2 67 1 2 70 1 1 32 1 4 75 1 0 82 2 4 93 1 17 1 2 30 2 0 12 4 95 3 3 46 0 35 2 76 3 2 90 4 59 1 24 1 3 45 2 4 17 2 63 3 1 58 3 29 0 60 3 0 28 1 58 4 79 2 2 49 3 66 2 3 99 0 87 1 1 46 2 2 58 1 78 1 2 65 3 2 98 0 45 3 56 3 1 70 4 55 0 42 
1096: 15 3 4 31 2 16 1 49 2 2 50 0 86 1 4 91 1 4 14 1 2 99 2 4 15 0 31 3 3 56 1 56 0 51 2 2 98 1 70 1 4 50 2 4 33 1 73 2 3 61 1 65 3 0 42 4 56 1 47 2 2 16 0 84 3 2 63 3 23 1 81 1 4 49 

# Cancelled Jobs (cancel_time initial_job_sim_idx_to_cancel)
Cancelled Jobs
196 4

# ETPC Constraints (fore_job_sim_idx fore_op_idx hind_job_sim_idx hind_op_idx time_lapse)
ETPC Constraints
5 6 8 15 17
5 2 11 11 18
0 12 5 5 20
11 8 9 7 15
5 2 14 3 19
3 11 7 5 11
12 12 0 6 16
3 0 10 2 12
8 10 1 17 11
0 9 11 18 19
7 18 1 17 6
8 14 3 5 6
6 13 9 15 13
10 3 13 5 12
13 15 5 1 10
12 0 14 9 19
2 6 10 5 14
12 1 6 1 17
12 2 3 10 6
9 2 13 6 10
6 8 11 7 10
