10 5
15 1 0 42 1 2 62 1 4 22 1 3 16 3 0 96 2 96 4 96 1 4 24 1 0 63 1 1 29 1 2 83 1 4 23 1 4 66 1 2 29 2 3 11 4 11 1 2 62 1 0 94 
20 2 0 41 2 41 1 1 90 1 0 63 1 0 45 1 1 91 1 2 73 1 4 31 1 3 97 1 4 11 1 2 20 1 3 90 2 1 21 3 21 1 1 78 1 4 37 1 4 68 2 0 48 1 48 1 3 55 1 0 38 2 1 49 4 49 1 1 69 
23 1 2 73 1 0 80 2 2 83 3 83 1 4 39 1 4 98 1 4 71 1 1 24 1 1 89 1 2 73 1 3 44 1 2 61 2 0 53 4 53 1 0 35 1 0 95 1 0 33 1 4 59 1 1 68 1 4 61 1 0 56 1 1 28 1 3 18 1 3 35 1 0 73 
18 2 2 78 3 78 1 2 70 1 1 65 1 0 44 1 0 56 1 2 60 1 2 69 1 1 94 1 0 28 1 2 63 1 3 17 1 2 61 1 1 34 1 0 96 1 3 31 1 1 82 1 4 40 2 0 63 1 63 
21 1 1 95 1 1 68 1 3 91 2 1 43 3 43 1 2 32 2 1 54 4 54 2 2 92 3 92 1 1 40 1 2 84 1 2 38 1 1 94 1 1 63 1 1 99 1 4 45 1 1 28 1 3 59 1 3 97 1 1 69 1 1 61 1 4 98 1 3 42 
15 1 3 100 2 1 68 4 68 2 1 83 4 83 2 2 69 4 69 1 4 17 1 4 26 1 1 29 1 2 20 1 2 100 1 0 87 1 0 67 1 2 16 1 3 86 1 0 36 1 4 73 
17 1 2 41 1 2 100 1 1 23 1 1 33 1 0 92 1 3 74 1 1 90 1 0 49 2 1 34 4 34 1 0 47 1 3 62 1 0 59 1 0 98 1 3 73 1 1 79 1 0 10 1 1 32 
25 1 2 55 1 1 53 1 3 19 1 3 55 1 1 88 1 4 46 2 1 73 4 73 2 1 30 4 30 1 1 48 1 1 50 1 4 37 1 1 75 1 0 36 1 0 71 1 1 66 1 3 39 2 0 17 1 17 1 3 30 1 3 42 1 0 94 1 4 59 1 1 36 1 4 68 1 2 21 1 3 25 
23 2 3 65 4 65 1 2 58 1 4 65 1 4 36 1 0 45 1 0 82 2 2 42 3 42 1 3 82 1 2 51 1 3 75 1 4 35 1 1 78 1 1 43 1 2 77 2 2 42 4 42 1 1 18 1 0 63 1 0 99 1 3 16 1 2 34 2 2 99 3 99 1 4 87 1 0 46 
19 1 3 81 1 1 41 1 0 58 1 4 57 1 2 30 1 4 60 1 1 52 1 0 92 1 2 32 1 1 80 1 2 42 1 1 33 1 0 40 1 3 80 1 0 72 1 3 64 1 4 77 1 2 23 1 3 50 

Dynamic Events

# Machine Breakdowns (machine_id start_time end_time)
Machine Breakdowns
0 695 730
1 414 451

# Added Jobs (arrival_time: num_ops num_alts_op1 m1 p1 ... num_alts_op2 m1 p1 ...)
Added Jobs
490: 23 2 2 57 1 21 1 1 51 3 4 29 2 30 3 35 2 4 51 1 67 2 1 96 3 12 1 4 17 2 2 51 0 26 1 2 65 2 2 53 1 50 1 3 99 2 1 79 2 63 3 0 14 1 59 3 74 2 3 35 1 74 3 1 21 2 35 3 14 2 1 67 3 20 2 0 67 2 97 3 1 84 2 95 3 36 2 4 89 3 41 2 4 38 3 74 1 3 38 1 1 57 1 1 21 2 0 35 1 93 
704: 22 1 0 63 1 0 93 1 2 19 2 2 18 0 10 3 3 100 4 69 2 52 3 1 18 4 79 3 60 2 3 24 4 43 2 0 65 4 48 3 4 12 0 39 3 51 3 1 72 0 95 4 29 2 2 98 1 50 2 1 48 0 12 1 2 88 3 2 16 3 86 4 70 1 1 21 1 3 87 1 2 38 1 2 55 2 0 48 4 11 2 2 72 0 84 1 3 82 2 4 20 2 18 
809: 16 1 2 72 3 2 40 1 54 4 38 3 2 79 4 92 1 73 2 1 56 3 49 3 2 42 1 39 3 48 2 0 85 2 86 2 0 54 1 73 3 3 83 4 81 1 39 1 0 26 1 1 28 2 3 25 0 81 1 4 96 2 0 93 1 38 3 1 55 2 82 3 54 2 0 44 1 89 1 1 17 
950: 22 2 1 69 2 80 3 0 73 1 68 4 27 2 4 82 3 36 2 4 73 3 35 1 4 74 1 2 73 3 3 28 0 49 1 28 1 0 90 3 0 45 1 89 4 32 2 2 32 0 81 2 0 38 3 74 3 1 72 0 81 3 98 3 3 80 0 79 4 84 3 3 48 2 73 1 52 2 1 98 2 78 2 3 52 1 48 2 4 71 0 63 3 0 90 4 31 1 69 3 1 43 4 35 2 31 3 1 56 0 28 4 95 2 4 42 1 97 3 4 17 2 91 3 71 
1101: 18 2 0 58 1 48 2 4 37 0 67 2 2 29 4 47 2 2 17 3 88 3 2 87 1 80 3 19 2 3 58 0 82 1 3 67 1 0 49 2 3 22 4 86 1 4 88 3 1 79 4 20 2 21 2 4 78 2 52 2 4 41 0 55 2 4 31 2 22 1 3 12 2 0 75 1 93 3 4 52 2 58 3 67 1 4 19 

# ETPC Constraints (fore_job_sim_idx fore_op_idx hind_job_sim_idx hind_op_idx time_lapse)
ETPC Constraints
14 20 2 6 7
4 1 0 0 15
11 8 9 14 6
11 6 10 6 19
11 14 14 16 16
9 10 1 13 8
6 9 0 5 3
2 6 3 2 19
13 12 12 0 5
9 8 4 15 12
9 14 0 2 15
14 11 13 7 14
0 1 7 16 18
11 15 5 1 5
5 9 10 11 11
6 0 13 4 17
3 10 4 1 18
9 9 4 5 3
6 7 2 7 10
12 18 10 15 14
12 2 5 10 19
