10 5
15 2 0 42 2 42 1 2 62 1 4 22 2 1 16 3 16 3 0 96 2 96 4 96 1 4 24 1 4 63 3 0 29 2 29 4 29 1 1 83 1 2 23 1 4 66 1 1 29 1 4 11 2 1 62 2 62 1 4 94 
20 3 2 41 3 41 4 41 2 1 90 3 90 1 0 63 2 2 45 4 45 2 1 91 3 91 2 0 73 2 73 3 2 31 3 31 4 31 1 3 97 2 1 11 2 11 2 3 20 4 20 1 1 90 1 1 21 2 2 78 3 78 2 1 37 3 37 1 2 68 1 4 48 1 3 55 3 0 38 1 38 2 38 3 0 49 2 49 3 49 2 0 69 2 69 
23 3 1 73 3 73 4 73 3 1 80 3 80 4 80 1 4 83 1 1 39 2 2 98 4 98 3 0 71 1 71 3 71 1 0 24 1 3 89 2 0 73 2 73 2 2 44 3 44 1 0 61 1 3 53 2 3 35 4 35 1 0 95 1 3 33 3 2 59 3 59 4 59 2 2 68 3 68 1 3 61 2 0 56 4 56 1 3 28 2 2 18 3 18 1 2 35 1 3 73 
18 3 0 78 2 78 3 78 1 4 70 1 3 65 2 1 44 3 44 1 3 56 3 0 60 3 60 4 60 2 0 69 3 69 1 0 94 1 1 28 2 2 63 3 63 1 0 17 1 1 61 3 0 34 3 34 4 34 1 4 96 3 2 31 3 31 4 31 2 1 82 2 82 2 0 40 2 40 1 2 63 
21 3 0 95 1 95 2 95 3 0 68 1 68 3 68 3 0 91 3 91 4 91 2 2 43 3 43 2 2 32 4 32 3 0 54 1 54 2 54 2 0 92 2 92 1 1 40 2 0 84 2 84 1 0 38 1 1 94 1 0 63 2 2 99 3 99 4 0 45 1 45 3 45 4 45 1 0 28 1 4 59 2 3 97 4 97 1 4 69 1 4 61 1 4 98 1 2 42 
15 1 1 100 1 0 68 1 3 83 2 1 69 3 69 4 1 17 2 17 3 17 4 17 3 2 26 3 26 4 26 2 2 29 3 29 1 3 20 3 1 100 3 100 4 100 2 1 87 4 87 2 2 67 4 67 3 0 16 2 16 4 16 1 1 86 1 4 36 2 1 73 4 73 
17 1 4 41 1 3 100 1 3 23 2 3 33 4 33 1 0 92 1 2 74 1 4 90 2 0 49 4 49 1 3 34 1 3 47 1 4 62 1 0 59 2 3 98 4 98 1 3 73 3 0 79 3 79 4 79 1 0 10 1 2 32 
25 2 3 55 4 55 3 0 53 1 53 4 53 1 2 19 1 3 55 2 3 88 4 88 1 1 46 1 2 73 1 0 30 3 0 48 3 48 4 48 1 4 50 2 0 37 3 37 3 2 75 3 75 4 75 2 0 36 4 36 2 0 71 2 71 2 0 66 4 66 2 3 39 4 39 1 2 17 2 1 30 4 30 2 1 42 4 42 1 1 94 1 1 59 1 4 36 1 1 68 2 1 21 4 21 1 0 25 
23 2 1 65 2 65 2 0 58 2 58 2 2 65 4 65 2 0 36 1 36 2 0 45 2 45 4 1 82 2 82 3 82 4 82 1 1 42 3 0 82 1 82 3 82 1 4 51 1 4 75 1 2 35 1 1 78 2 1 43 2 43 2 3 77 4 77 2 0 42 2 42 3 1 18 2 18 4 18 2 1 63 4 63 1 1 99 1 2 16 3 1 34 3 34 4 34 2 0 99 1 99 1 1 87 1 3 46 
19 2 1 81 3 81 1 0 41 1 0 58 2 3 57 4 57 2 2 30 4 30 2 2 60 3 60 2 0 52 2 52 1 1 92 1 0 32 2 1 80 4 80 2 0 42 4 42 1 4 33 2 0 40 1 40 1 1 80 2 1 72 2 72 1 2 64 3 0 77 1 77 4 77 2 1 23 4 23 2 0 50 4 50 

Dynamic Events

# Machine Breakdowns (machine_id start_time end_time)
Machine Breakdowns
0 2383 2413

# Added Jobs (arrival_time: num_ops num_alts_op1 m1 p1 ... num_alts_op2 m1 p1 ...)
Added Jobs
186: 24 2 4 18 1 30 3 0 41 1 45 3 68 4 3 59 1 70 2 24 4 71 1 2 79 4 3 97 4 17 1 36 0 92 1 4 65 1 2 81 2 4 96 1 24 3 3 74 1 80 0 76 1 4 28 3 2 48 0 91 3 36 1 3 16 1 2 32 4 4 70 0 88 2 78 1 85 4 2 51 0 88 3 54 1 84 4 2 75 1 37 3 62 4 86 4 2 69 0 24 3 49 4 27 4 2 11 1 53 0 96 3 79 4 0 57 1 56 2 22 3 88 2 4 68 3 17 2 0 40 4 52 4 1 73 2 65 4 93 0 79 4 4 13 0 20 3 43 2 56 2 1 84 0 14 
338: 17 3 3 47 1 18 2 44 3 4 64 1 56 2 32 3 2 97 1 56 4 50 3 4 73 0 82 3 91 1 4 68 1 4 94 1 4 34 2 0 14 3 34 1 2 74 3 0 84 1 81 3 57 2 2 21 0 42 4 0 73 4 24 3 28 1 49 2 2 20 4 88 3 2 56 0 88 1 88 3 3 55 2 38 4 16 1 0 84 1 4 28 
417: 15 3 0 61 4 92 1 87 3 3 70 1 98 2 76 4 3 34 2 87 0 34 4 87 2 0 58 4 65 3 4 43 2 41 0 56 3 1 54 2 69 0 16 2 2 16 3 86 2 0 75 3 44 2 0 15 1 87 1 1 43 3 1 60 3 73 0 41 4 4 44 0 85 1 48 3 56 4 0 45 3 64 1 46 2 19 1 1 87 4 4 27 3 77 0 24 2 18 
905: 16 2 0 60 1 99 2 4 62 0 36 2 2 45 3 39 2 0 27 1 24 2 3 41 4 89 3 2 11 1 89 3 86 4 2 29 0 37 4 92 3 43 2 1 33 0 96 3 2 28 3 75 1 86 2 4 91 2 42 3 3 58 0 85 4 79 4 1 61 2 21 4 42 0 25 2 2 65 4 31 2 4 36 1 60 2 1 59 4 16 4 2 88 0 41 1 25 4 34 

# Cancelled Jobs (cancel_time initial_job_sim_idx_to_cancel)
Cancelled Jobs
939 0

# ETPC Constraints (fore_job_sim_idx fore_op_idx hind_job_sim_idx hind_op_idx time_lapse)
ETPC Constraints
8 10 0 9 6
7 13 10 4 6
6 11 4 7 6
6 0 12 6 12
1 5 5 9 16
11 3 1 14 16
7 22 8 10 6
10 3 7 24 3
13 8 0 9 18
3 4 1 5 12
3 5 2 13 9
2 4 11 3 3
7 8 11 3 14
2 11 8 3 6
10 10 2 15 10
4 13 10 6 15
4 16 2 18 18
5 2 2 0 9
