10 5
15 3 0 42 1 42 2 42 1 2 62 1 2 22 2 0 16 3 16 3 0 96 2 96 4 96 3 1 24 3 24 4 24 2 1 63 4 63 4 0 29 1 29 2 29 4 29 3 1 83 3 83 4 83 3 0 23 1 23 4 23 1 2 66 1 4 29 1 4 11 3 0 62 2 62 4 62 2 0 94 3 94 
20 3 1 41 2 41 3 41 5 0 90 1 90 2 90 3 90 4 90 3 1 63 3 63 4 63 1 0 45 5 0 91 1 91 2 91 3 91 4 91 3 0 73 1 73 3 73 1 0 31 4 0 97 1 97 2 97 4 97 3 0 11 1 11 4 11 1 0 20 3 1 90 2 90 4 90 1 2 21 3 0 78 2 78 3 78 2 1 37 2 37 4 0 68 1 68 2 68 4 68 2 1 48 4 48 2 3 55 4 55 1 0 38 4 0 49 1 49 2 49 4 49 4 1 69 2 69 3 69 4 69 
23 2 1 73 3 73 5 0 80 1 80 2 80 3 80 4 80 3 0 83 2 83 3 83 2 1 39 2 39 1 1 98 2 2 71 4 71 4 0 24 1 24 2 24 3 24 2 0 89 4 89 3 2 73 3 73 4 73 4 0 44 1 44 2 44 3 44 4 1 61 2 61 3 61 4 61 2 0 53 2 53 2 1 35 4 35 2 1 95 4 95 3 0 33 1 33 4 33 2 1 59 4 59 3 2 68 3 68 4 68 4 0 61 1 61 3 61 4 61 4 0 56 2 56 3 56 4 56 2 1 28 4 28 4 0 18 1 18 3 18 4 18 2 3 35 4 35 1 3 73 
18 1 4 78 4 1 70 2 70 3 70 4 70 1 4 65 3 0 44 2 44 4 44 2 2 56 4 56 3 1 60 3 60 4 60 3 1 69 2 69 4 69 5 0 94 1 94 2 94 3 94 4 94 2 1 28 3 28 3 1 63 2 63 4 63 2 3 17 4 17 2 0 61 1 61 2 1 34 3 34 2 2 96 3 96 4 0 31 1 31 2 31 3 31 4 0 82 1 82 3 82 4 82 5 0 40 1 40 2 40 3 40 4 40 2 2 63 4 63 
21 1 3 95 4 0 68 2 68 3 68 4 68 3 0 91 3 91 4 91 3 1 43 2 43 3 43 3 1 32 2 32 4 32 3 0 54 1 54 4 54 4 0 92 2 92 3 92 4 92 2 0 40 3 40 2 0 84 4 84 1 3 38 2 0 94 1 94 3 2 63 3 63 4 63 1 0 99 2 3 45 4 45 3 0 28 2 28 3 28 4 0 59 1 59 3 59 4 59 1 1 97 1 0 69 3 0 61 2 61 4 61 2 0 98 4 98 2 0 42 3 42 
15 4 0 100 1 100 3 100 4 100 2 0 68 1 68 1 3 83 5 0 69 1 69 2 69 3 69 4 69 2 3 17 4 17 2 1 26 4 26 3 1 29 3 29 4 29 4 0 20 1 20 2 20 4 20 4 0 100 1 100 2 100 3 100 2 0 87 1 87 1 4 67 5 0 16 1 16 2 16 3 16 4 16 2 0 86 3 86 3 1 36 3 36 4 36 5 0 73 1 73 2 73 3 73 4 73 
17 2 0 41 3 41 3 1 100 3 100 4 100 2 0 23 3 23 2 0 33 3 33 3 1 92 2 92 3 92 4 0 74 2 74 3 74 4 74 4 0 90 1 90 3 90 4 90 1 0 49 1 0 34 1 3 47 3 1 62 2 62 3 62 2 0 59 4 59 1 4 98 2 1 73 2 73 3 0 79 2 79 4 79 3 0 10 1 10 3 10 4 0 32 1 32 2 32 4 32 
25 2 0 55 2 55 2 0 53 1 53 2 2 19 4 19 1 0 55 4 1 88 2 88 3 88 4 88 2 2 46 4 46 1 0 73 1 0 30 3 0 48 2 48 3 48 1 0 50 3 1 37 2 37 4 37 3 0 75 2 75 4 75 2 2 36 3 36 4 0 71 2 71 3 71 4 71 3 1 66 2 66 3 66 4 1 39 2 39 3 39 4 39 3 1 17 3 17 4 17 2 1 30 4 30 3 2 42 3 42 4 42 3 1 94 2 94 3 94 1 1 59 2 0 36 3 36 2 0 68 3 68 2 0 21 4 21 1 4 25 
23 1 4 65 2 1 58 2 58 2 0 65 2 65 3 0 36 1 36 3 36 2 2 45 3 45 2 1 82 3 82 2 0 42 3 42 4 0 82 1 82 2 82 3 82 2 1 51 3 51 3 2 75 3 75 4 75 3 0 35 2 35 4 35 3 1 78 2 78 4 78 1 0 43 2 2 77 4 77 3 0 42 2 42 4 42 2 0 18 1 18 4 0 63 1 63 2 63 3 63 3 1 99 3 99 4 99 3 0 16 2 16 3 16 3 1 34 2 34 4 34 3 1 99 3 99 4 99 1 1 87 3 0 46 2 46 4 46 
19 4 1 81 2 81 3 81 4 81 3 0 41 1 41 3 41 2 0 58 4 58 2 0 57 3 57 2 0 30 3 30 2 0 60 2 60 2 1 52 2 52 1 4 92 3 0 32 1 32 4 32 5 0 80 1 80 2 80 3 80 4 80 3 0 42 2 42 4 42 1 1 33 3 0 40 2 40 3 40 2 0 80 4 80 3 0 72 2 72 3 72 3 0 64 2 64 4 64 4 1 77 2 77 3 77 4 77 3 0 23 1 23 4 23 2 0 50 4 50 

Dynamic Events

# Machine Breakdowns (machine_id start_time end_time)
Machine Breakdowns
2 5143 5177

# Added Jobs (arrival_time: num_ops num_alts_op1 m1 p1 ... num_alts_op2 m1 p1 ...)
Added Jobs
1105: 23 2 2 85 1 51 2 1 51 0 78 2 2 21 4 42 5 0 39 3 37 4 73 1 42 2 98 4 4 66 3 16 0 85 2 87 2 4 57 3 18 2 4 83 3 40 4 2 58 0 21 1 52 3 91 1 2 81 4 2 29 0 60 3 29 1 65 4 0 50 3 51 2 18 1 79 4 3 16 2 32 0 11 1 38 1 3 13 1 1 56 4 0 74 2 47 4 13 3 25 1 4 55 3 0 77 3 55 1 97 2 3 35 4 40 5 2 32 0 54 4 94 3 47 1 55 5 2 18 3 100 4 18 0 15 1 49 4 2 48 3 85 4 35 0 97 1 2 22 5 0 84 3 13 4 14 2 23 1 50 
1255: 15 1 2 90 5 1 100 3 51 2 76 0 44 4 45 1 2 100 2 4 86 0 59 1 2 97 1 3 22 1 2 64 5 1 52 0 35 4 45 3 69 2 21 3 2 62 0 63 3 70 1 1 11 2 0 10 2 18 4 2 74 4 73 1 51 3 84 2 3 65 2 91 4 2 65 3 45 1 57 4 26 5 3 16 4 73 1 71 2 38 0 24 
1409: 17 2 0 77 3 70 4 0 95 4 45 1 45 3 40 5 3 22 1 41 4 91 0 30 2 20 5 4 61 2 77 3 92 1 79 0 82 2 3 43 0 10 5 2 82 0 84 1 60 4 99 3 15 4 2 75 3 85 4 58 0 93 1 1 69 4 3 51 0 81 1 55 4 75 2 3 52 1 77 4 1 95 4 18 2 65 3 92 5 0 95 1 86 3 12 2 68 4 35 3 3 97 0 14 1 31 3 4 86 1 67 3 15 3 4 19 2 55 1 71 2 0 33 2 42 1 4 46 
1493: 17 2 0 98 2 37 2 1 18 2 24 4 2 22 0 80 3 75 1 65 5 4 90 2 36 1 23 0 83 3 72 1 2 25 4 3 67 2 72 1 14 4 33 2 4 36 3 65 4 1 40 2 78 3 82 0 47 5 2 56 3 94 1 16 4 19 0 31 4 0 43 2 71 4 71 1 50 5 0 19 2 45 4 97 3 96 1 30 3 4 44 3 78 2 48 3 3 39 1 77 2 89 4 2 31 4 61 1 51 3 43 3 1 27 0 11 3 14 2 3 41 1 16 4 3 64 2 86 4 98 0 65 
1807: 24 5 4 13 1 45 3 98 0 60 2 86 1 2 41 4 2 67 4 36 3 53 0 33 5 1 38 3 64 4 94 0 62 2 100 2 1 37 3 85 3 1 77 3 96 4 62 3 3 73 2 58 1 72 5 1 56 4 86 2 33 0 37 3 35 5 2 40 4 25 3 79 0 63 1 47 2 1 76 4 73 1 2 97 5 0 53 2 49 4 67 3 23 1 74 1 4 38 3 2 75 4 68 0 77 2 4 40 0 58 2 1 86 0 33 3 4 26 2 84 3 37 2 1 51 0 60 4 3 64 1 81 4 93 2 44 1 2 73 1 0 55 4 3 81 2 61 0 45 1 94 3 0 86 2 30 1 42 5 3 70 4 28 2 42 0 89 1 40 

# Cancelled Jobs (cancel_time initial_job_sim_idx_to_cancel)
Cancelled Jobs
557 1
3297 4

# ETPC Constraints (fore_job_sim_idx fore_op_idx hind_job_sim_idx hind_op_idx time_lapse)
ETPC Constraints
7 13 14 20 6
10 8 0 0 19
7 8 12 22 12
8 18 4 7 6
12 20 14 9 18
14 15 0 11 20
9 4 12 16 14
7 10 4 20 7
10 0 1 13 8
5 9 13 9 19
2 21 1 12 8
11 15 1 15 3
13 11 2 4 14
8 14 10 9 17
2 10 5 0 7
7 2 13 3 6
5 12 9 11 19
10 16 0 11 16
4 7 9 15 5
14 21 6 7 16
6 14 11 7 5
