10 5
15 1 0 43 1 2 63 1 4 26 1 3 25 3 0 87 2 87 4 88 1 4 30 1 0 61 1 1 36 1 2 80 1 4 25 1 4 66 1 2 36 2 3 20 4 15 1 2 65 1 0 93 
20 2 0 42 2 46 1 1 81 1 0 66 1 0 45 1 1 84 1 2 70 1 4 33 1 3 96 1 4 16 1 2 21 1 3 86 2 1 20 3 21 1 1 72 1 4 34 1 4 68 2 0 53 1 49 1 3 53 1 0 37 2 1 50 4 48 1 1 71 
23 1 2 71 1 0 76 2 2 85 3 78 1 4 38 1 4 94 1 4 69 1 1 27 1 1 85 1 2 74 1 3 45 1 2 62 2 0 53 4 53 1 0 37 1 0 90 1 0 36 1 4 53 1 1 69 1 4 61 1 0 56 1 1 31 1 3 27 1 3 33 1 0 71 
18 2 2 78 3 76 1 2 71 1 1 64 1 0 45 1 0 54 1 2 62 1 2 68 1 1 90 1 0 31 1 2 65 1 3 20 1 2 58 1 1 38 1 0 93 1 3 33 1 1 83 1 4 38 2 0 64 1 62 
21 1 1 95 1 1 66 1 3 87 2 1 43 3 42 1 2 31 2 1 54 4 56 2 2 83 3 89 1 1 40 1 2 81 1 2 40 1 1 93 1 1 62 1 1 98 1 4 46 1 1 31 1 3 59 1 3 96 1 1 67 1 1 62 1 4 98 1 3 42 
15 1 3 95 2 1 64 4 62 2 1 85 4 82 2 2 68 4 72 1 4 21 1 4 30 1 1 32 1 2 28 1 2 95 1 0 80 1 0 65 1 2 20 1 3 80 1 0 35 1 4 71 
17 1 2 43 1 2 95 1 1 22 1 1 35 1 0 87 1 3 72 1 1 89 1 0 45 2 1 39 4 40 1 0 48 1 3 58 1 0 54 1 0 89 1 3 69 1 1 79 1 0 15 1 1 34 
25 1 2 55 1 1 53 1 3 18 1 3 50 1 1 84 1 4 52 2 1 71 4 67 2 1 38 4 29 1 1 48 1 1 54 1 4 39 1 1 74 1 0 42 1 0 70 1 1 65 1 3 40 2 0 21 1 23 1 3 34 1 3 42 1 0 92 1 4 54 1 1 38 1 4 67 1 2 28 1 3 33 
23 2 3 60 4 64 1 2 57 1 4 64 1 4 40 1 0 46 1 0 75 2 2 43 3 42 1 3 75 1 2 49 1 3 76 1 4 35 1 1 76 1 1 44 1 2 79 2 2 41 4 44 1 1 24 1 0 60 1 0 94 1 3 20 1 2 37 2 2 92 3 89 1 4 88 1 0 49 
19 1 3 78 1 1 47 1 0 58 1 4 56 1 2 29 1 4 59 1 1 52 1 0 87 1 2 37 1 1 73 1 2 44 1 1 35 1 0 39 1 3 73 1 0 70 1 3 66 1 4 74 1 2 27 1 3 51 

Dynamic Events

# Added Jobs (arrival_time: num_ops num_alts_op1 m1 p1 ... num_alts_op2 m1 p1 ...)
Added Jobs
161: 15 2 2 42 3 44 2 3 88 4 23 3 0 73 4 34 1 50 1 2 68 1 1 22 3 3 24 0 77 2 72 1 1 94 2 1 28 4 57 2 1 28 2 64 3 0 31 1 48 3 89 3 3 41 2 41 4 58 2 4 93 1 45 3 3 85 2 57 4 20 3 1 89 3 67 4 53 1 1 33 
163: 21 2 3 29 4 77 2 0 74 1 95 1 3 31 1 0 22 3 3 83 1 80 4 83 1 4 20 1 0 38 2 1 95 0 27 1 2 53 2 2 52 3 23 1 3 79 2 2 73 4 83 1 0 88 3 1 59 4 59 2 63 1 4 41 2 0 61 1 56 1 3 63 3 2 62 4 71 1 73 2 4 89 3 28 3 4 55 1 28 2 53 3 2 90 4 79 1 39 
190: 19 2 0 94 2 34 1 0 41 2 4 60 3 20 3 3 66 1 46 4 27 3 3 65 0 71 1 64 3 4 37 3 27 1 82 2 0 60 4 45 1 2 87 2 0 21 3 93 2 3 57 1 55 1 1 48 1 0 62 3 2 70 1 51 3 76 1 4 23 2 3 40 0 15 2 0 56 4 60 1 1 26 1 4 46 1 0 91 
387: 15 1 2 57 1 3 80 1 4 41 1 4 35 3 1 48 0 22 3 67 3 1 24 2 58 0 37 1 3 22 1 0 92 3 1 78 2 42 4 53 3 1 27 4 80 3 60 2 1 61 3 93 3 1 60 4 91 2 65 2 0 37 4 57 1 3 20 3 1 70 4 15 0 57 
903: 24 1 3 69 2 2 75 1 63 2 3 57 2 21 1 0 87 1 4 46 3 0 88 3 79 1 26 2 3 65 4 97 1 4 48 2 4 98 2 92 2 1 66 4 55 1 0 91 2 3 51 2 45 3 4 78 3 21 1 68 3 0 34 1 23 3 34 2 0 30 2 25 1 1 24 3 0 67 3 81 1 42 2 4 56 2 45 2 1 64 2 43 3 4 21 1 72 0 71 1 1 78 2 1 71 3 22 3 2 30 0 20 1 28 1 1 20 
1142: 20 3 4 55 0 70 2 51 3 4 94 1 51 2 94 2 3 30 4 92 3 4 94 1 62 0 94 1 0 19 1 0 50 1 2 34 2 4 26 2 50 1 4 87 1 3 96 2 2 84 0 62 3 2 28 3 76 1 51 3 0 85 2 43 4 23 2 0 57 2 76 3 0 49 2 63 4 74 1 4 62 1 1 52 2 3 52 0 59 3 0 41 1 35 4 49 1 3 40 

# Cancelled Jobs (cancel_time initial_job_sim_idx_to_cancel)
Cancelled Jobs
1105 2

# ETPC Constraints (fore_job_sim_idx fore_op_idx hind_job_sim_idx hind_op_idx time_lapse)
ETPC Constraints
2 17 8 15 8
11 10 12 6 9
4 15 7 0 8
4 5 0 8 8
11 5 0 13 10
3 1 5 10 18
6 4 5 6 16
5 10 12 5 18
2 6 11 14 8
1 9 4 2 20
11 7 7 13 19
14 4 0 4 13
2 7 10 6 16
3 10 2 8 11
7 12 1 5 8
9 17 7 19 19
3 3 13 4 18
15 0 9 10 17
4 11 2 8 17
13 6 11 2 11
14 7 15 3 5
9 5 5 1 14
8 7 13 2 13
0 10 9 18 6
