10 5
15 1 0 43 1 2 63 1 4 26 1 3 25 3 0 87 2 87 4 88 1 4 30 1 0 61 1 1 36 1 2 80 1 4 25 1 4 66 1 2 36 2 3 20 4 15 1 2 65 1 0 93 
20 2 0 42 2 46 1 1 81 1 0 66 1 0 45 1 1 84 1 2 70 1 4 33 1 3 96 1 4 16 1 2 21 1 3 86 2 1 20 3 21 1 1 72 1 4 34 1 4 68 2 0 53 1 49 1 3 53 1 0 37 2 1 50 4 48 1 1 71 
23 1 2 71 1 0 76 2 2 85 3 78 1 4 38 1 4 94 1 4 69 1 1 27 1 1 85 1 2 74 1 3 45 1 2 62 2 0 53 4 53 1 0 37 1 0 90 1 0 36 1 4 53 1 1 69 1 4 61 1 0 56 1 1 31 1 3 27 1 3 33 1 0 71 
18 2 2 78 3 76 1 2 71 1 1 64 1 0 45 1 0 54 1 2 62 1 2 68 1 1 90 1 0 31 1 2 65 1 3 20 1 2 58 1 1 38 1 0 93 1 3 33 1 1 83 1 4 38 2 0 64 1 62 
21 1 1 95 1 1 66 1 3 87 2 1 43 3 42 1 2 31 2 1 54 4 56 2 2 83 3 89 1 1 40 1 2 81 1 2 40 1 1 93 1 1 62 1 1 98 1 4 46 1 1 31 1 3 59 1 3 96 1 1 67 1 1 62 1 4 98 1 3 42 
15 1 3 95 2 1 64 4 62 2 1 85 4 82 2 2 68 4 72 1 4 21 1 4 30 1 1 32 1 2 28 1 2 95 1 0 80 1 0 65 1 2 20 1 3 80 1 0 35 1 4 71 
17 1 2 43 1 2 95 1 1 22 1 1 35 1 0 87 1 3 72 1 1 89 1 0 45 2 1 39 4 40 1 0 48 1 3 58 1 0 54 1 0 89 1 3 69 1 1 79 1 0 15 1 1 34 
25 1 2 55 1 1 53 1 3 18 1 3 50 1 1 84 1 4 52 2 1 71 4 67 2 1 38 4 29 1 1 48 1 1 54 1 4 39 1 1 74 1 0 42 1 0 70 1 1 65 1 3 40 2 0 21 1 23 1 3 34 1 3 42 1 0 92 1 4 54 1 1 38 1 4 67 1 2 28 1 3 33 
23 2 3 60 4 64 1 2 57 1 4 64 1 4 40 1 0 46 1 0 75 2 2 43 3 42 1 3 75 1 2 49 1 3 76 1 4 35 1 1 76 1 1 44 1 2 79 2 2 41 4 44 1 1 24 1 0 60 1 0 94 1 3 20 1 2 37 2 2 92 3 89 1 4 88 1 0 49 
19 1 3 78 1 1 47 1 0 58 1 4 56 1 2 29 1 4 59 1 1 52 1 0 87 1 2 37 1 1 73 1 2 44 1 1 35 1 0 39 1 3 73 1 0 70 1 3 66 1 4 74 1 2 27 1 3 51 

Dynamic Events

# Machine Breakdowns (machine_id start_time end_time)
Machine Breakdowns
2 118 159

# Added Jobs (arrival_time: num_ops num_alts_op1 m1 p1 ... num_alts_op2 m1 p1 ...)
Added Jobs
651: 17 2 0 28 2 37 3 2 44 0 20 3 45 3 0 70 3 24 1 79 1 1 41 3 3 61 0 53 2 93 1 1 38 1 2 33 2 2 94 4 73 1 3 30 1 4 36 1 4 77 3 1 81 0 36 4 62 2 3 34 0 51 1 4 79 2 4 15 0 71 3 3 80 1 55 4 54 1 2 65 
945: 24 3 0 18 2 86 3 33 2 1 58 3 40 2 0 62 2 69 2 3 83 2 20 3 1 88 4 47 0 51 3 4 90 1 40 3 77 3 1 45 2 91 4 21 2 1 82 3 82 1 3 47 2 2 64 0 84 1 1 78 3 1 47 0 58 4 38 3 1 22 2 30 0 15 1 2 63 1 3 19 1 4 40 1 1 23 2 4 66 0 20 2 1 98 0 87 2 1 86 2 56 1 0 87 2 0 23 4 55 3 4 79 2 93 0 39 2 3 36 2 87 
992: 19 2 2 61 3 37 1 4 48 3 3 55 1 24 4 37 3 0 56 2 61 1 82 2 3 30 0 27 1 4 63 2 1 58 2 37 2 0 34 1 36 3 3 67 2 20 0 65 1 2 94 2 1 83 3 30 3 2 77 1 39 4 50 1 4 83 1 3 69 1 1 60 2 3 90 0 25 3 2 88 4 90 1 79 3 4 53 1 82 2 66 2 4 70 1 88 
1119: 21 1 1 51 3 4 67 2 42 3 27 3 1 74 0 80 2 55 1 0 94 3 4 18 0 27 3 92 1 4 70 3 2 25 4 58 3 82 1 1 57 1 3 79 2 1 89 0 23 3 4 52 1 28 0 71 2 4 25 1 41 2 0 85 3 46 3 0 43 1 45 4 53 1 3 42 3 4 98 1 65 3 56 2 1 85 0 17 3 2 77 4 22 0 29 1 4 25 2 0 58 4 56 1 3 36 
1124: 15 3 0 88 4 92 3 36 1 2 65 2 3 74 0 75 3 4 26 1 52 3 95 1 1 79 3 1 27 4 60 3 68 1 1 77 1 1 28 2 1 49 3 23 1 0 72 2 1 87 0 49 2 4 87 2 84 2 3 20 0 88 2 1 50 4 94 2 0 54 1 31 
1154: 21 2 2 47 0 16 2 3 36 1 78 3 3 35 1 44 0 50 2 1 74 2 52 1 3 49 2 2 90 0 90 2 1 28 0 20 2 1 67 3 48 2 3 85 0 48 2 0 24 2 41 1 2 63 3 2 88 4 83 0 23 2 4 86 1 82 3 1 70 3 31 4 65 1 3 65 3 1 70 4 94 3 77 3 2 71 1 75 0 67 3 3 75 0 61 1 89 2 3 59 4 15 3 2 44 3 86 0 89 1 3 80 

# Cancelled Jobs (cancel_time initial_job_sim_idx_to_cancel)
Cancelled Jobs
967 3
1247 7

# ETPC Constraints (fore_job_sim_idx fore_op_idx hind_job_sim_idx hind_op_idx time_lapse)
ETPC Constraints
11 1 6 9 3
13 11 12 1 11
15 12 5 2 13
14 11 1 10 14
2 4 8 6 12
11 11 13 3 12
4 13 3 1 11
11 5 15 5 6
8 1 7 5 11
11 10 4 17 17
8 13 15 15 4
4 12 15 0 12
9 5 7 1 4
4 20 11 3 15
8 1 2 21 8
9 15 11 19 11
4 5 10 9 18
4 4 15 10 18
5 14 4 7 4
5 5 1 14 5
3 5 14 7 17
11 12 5 3 14
8 21 14 18 7
14 11 11 0 9
