10 5
15 2 0 39 2 39 1 2 61 1 4 28 2 1 20 3 18 3 0 87 2 94 4 93 1 4 29 1 4 62 3 0 32 2 32 4 35 1 1 78 1 2 24 1 4 65 1 1 32 1 4 15 2 1 64 2 59 1 4 90 
20 3 2 42 3 39 4 42 2 1 84 3 81 1 0 62 2 2 46 4 48 2 1 87 3 89 2 0 71 2 70 3 2 33 3 28 4 36 1 3 92 2 1 20 2 18 2 3 24 4 21 1 1 86 1 1 24 2 2 79 3 75 2 1 41 3 39 1 2 72 1 4 45 1 3 51 3 0 37 1 43 2 39 3 0 54 2 50 3 49 2 0 69 2 72 
23 3 1 75 3 70 4 75 3 1 80 3 77 4 81 1 4 75 1 1 44 2 2 93 4 91 3 0 68 1 69 3 73 1 0 27 1 3 82 2 0 71 2 67 2 2 42 3 42 1 0 55 1 3 54 2 3 41 4 37 1 0 88 1 3 33 3 2 58 3 56 4 61 2 2 67 3 66 1 3 66 2 0 54 4 53 1 3 31 2 2 22 3 22 1 2 37 1 3 74 
18 3 0 76 2 78 3 76 1 4 69 1 3 64 2 1 45 3 45 1 3 51 3 0 61 3 59 4 59 2 0 68 3 73 1 0 86 1 1 31 2 2 64 3 62 1 0 24 1 1 61 3 0 36 3 34 4 39 1 4 91 3 2 33 3 33 4 36 2 1 77 2 76 2 0 44 2 44 1 2 62 
21 3 0 95 1 87 2 93 3 0 66 1 70 3 66 3 0 87 3 86 4 85 2 2 41 3 44 2 2 36 4 29 3 0 55 1 53 2 54 2 0 88 2 91 1 1 41 2 0 85 2 81 1 0 40 1 1 90 1 0 66 2 2 94 3 96 4 0 51 1 45 3 46 4 43 1 0 26 1 4 64 2 3 94 4 92 1 4 71 1 4 60 1 4 93 1 2 43 
15 1 1 99 1 0 67 1 3 76 2 1 68 3 68 4 1 18 2 18 3 21 4 21 3 2 30 3 26 4 30 2 2 32 3 32 1 3 27 3 1 91 3 98 4 99 2 1 84 4 81 2 2 61 4 61 3 0 18 2 23 4 20 1 1 83 1 4 38 2 1 71 4 66 
17 1 4 38 1 3 95 1 3 31 2 3 35 4 31 1 0 92 1 2 68 1 4 86 2 0 52 4 49 1 3 37 1 3 52 1 4 62 1 0 58 2 3 93 4 93 1 3 73 3 0 77 3 75 4 78 1 0 11 1 2 34 
25 2 3 55 4 58 3 0 57 1 49 4 53 1 2 23 1 3 55 2 3 86 4 84 1 1 43 1 2 71 1 0 32 3 0 44 3 46 4 51 1 4 49 2 0 39 3 39 3 2 77 3 70 4 73 2 0 40 4 36 2 0 69 2 69 2 0 65 4 63 2 3 35 4 45 1 2 23 2 1 33 4 37 2 1 43 4 43 1 1 86 1 1 57 1 4 38 1 1 66 2 1 28 4 21 1 0 29 
23 2 1 64 2 61 2 0 53 2 57 2 2 67 4 64 2 0 38 1 38 2 0 41 2 46 4 1 79 2 79 3 83 4 79 1 1 40 3 0 79 1 79 3 78 1 4 55 1 4 73 1 2 41 1 1 74 2 1 43 2 47 2 3 73 4 77 2 0 44 2 44 3 1 19 2 17 4 25 2 1 60 4 63 1 1 94 1 2 18 3 1 37 3 36 4 37 2 0 92 1 94 1 1 87 1 3 49 
19 2 1 83 3 78 1 0 43 1 0 60 2 3 56 4 56 2 2 29 4 28 2 2 60 3 60 2 0 53 2 53 1 1 88 1 0 38 2 1 79 4 77 2 0 44 4 45 1 4 35 2 0 42 1 42 1 1 80 2 1 72 2 74 1 2 62 3 0 74 1 79 4 75 2 1 27 4 29 2 0 51 4 53 

Dynamic Events

# Machine Breakdowns (machine_id start_time end_time)
Machine Breakdowns
2 629 668

# Added Jobs (arrival_time: num_ops num_alts_op1 m1 p1 ... num_alts_op2 m1 p1 ...)
Added Jobs
553: 16 3 2 46 0 82 3 33 2 1 45 3 58 2 3 87 2 20 4 4 85 2 59 1 64 0 62 1 4 21 2 4 46 0 20 4 0 95 1 25 4 48 3 90 1 0 30 2 2 91 1 48 2 4 81 2 17 4 0 92 1 27 2 34 3 51 4 3 18 1 92 0 44 2 72 1 0 41 3 3 30 4 35 1 33 1 4 39 1 0 34 
703: 20 3 2 87 1 32 3 89 1 4 85 2 1 35 0 94 2 3 82 1 21 3 1 59 0 48 2 43 3 1 59 4 47 0 59 1 4 85 3 2 39 3 98 4 18 2 0 44 1 47 3 1 23 2 33 3 51 1 4 74 4 1 97 0 39 2 88 4 95 2 2 36 3 62 1 2 57 1 1 84 1 1 94 4 3 47 4 51 2 94 1 86 4 2 83 4 23 3 56 0 56 1 1 28 1 0 25 
727: 21 4 1 28 2 50 4 81 3 37 3 3 37 2 48 1 64 3 4 42 3 36 0 33 4 0 52 3 58 2 60 1 76 2 0 91 3 75 2 3 64 4 85 4 1 46 2 72 4 45 0 13 2 0 51 4 76 2 2 72 3 81 3 3 43 0 59 4 65 1 3 67 3 4 62 2 83 1 73 1 3 31 1 4 40 1 1 44 3 1 43 0 74 4 38 2 2 33 0 13 4 4 33 1 45 0 23 3 84 3 1 91 4 71 3 76 2 3 59 2 58 4 4 68 0 38 2 30 1 28 
929: 23 4 3 50 0 33 2 64 1 54 4 3 68 1 57 0 85 4 91 1 3 55 3 2 21 0 76 3 66 2 2 70 4 53 1 2 26 4 1 98 2 28 3 76 4 76 3 0 69 3 40 2 54 1 0 50 1 3 65 2 3 42 4 55 4 4 17 0 40 3 37 1 61 1 2 50 2 2 47 3 63 1 4 27 3 3 29 2 17 1 34 4 4 75 1 25 0 36 2 66 4 0 33 2 92 1 67 4 75 1 2 75 1 3 37 3 3 57 2 82 0 79 4 2 74 3 36 4 64 1 81 3 4 48 1 43 2 62 
1150: 15 3 1 73 4 69 3 68 2 2 48 0 18 2 1 50 3 66 2 3 90 2 66 1 2 77 1 4 87 1 0 57 2 0 37 2 78 2 1 24 3 52 2 2 47 1 86 3 4 32 3 23 0 80 2 0 79 2 83 3 4 42 1 67 2 52 1 0 64 4 4 32 2 70 1 81 3 93 

# ETPC Constraints (fore_job_sim_idx fore_op_idx hind_job_sim_idx hind_op_idx time_lapse)
ETPC Constraints
13 8 8 4 3
12 17 14 2 7
13 6 14 11 13
14 5 6 1 12
11 6 10 13 6
9 1 8 2 12
8 14 5 6 6
2 4 9 1 14
2 7 11 17 7
13 4 11 4 19
3 14 7 13 6
8 18 2 21 14
13 18 9 16 10
13 5 11 15 15
10 13 13 4 11
10 15 8 15 5
7 17 12 5 12
3 6 6 15 3
10 1 13 19 3
13 3 6 8 3
11 9 6 0 7
