10 5
15 2 0 39 2 39 1 2 61 1 4 28 2 1 20 3 18 3 0 87 2 94 4 93 1 4 29 1 4 62 3 0 32 2 32 4 35 1 1 78 1 2 24 1 4 65 1 1 32 1 4 15 2 1 64 2 59 1 4 90 
20 3 2 42 3 39 4 42 2 1 84 3 81 1 0 62 2 2 46 4 48 2 1 87 3 89 2 0 71 2 70 3 2 33 3 28 4 36 1 3 92 2 1 20 2 18 2 3 24 4 21 1 1 86 1 1 24 2 2 79 3 75 2 1 41 3 39 1 2 72 1 4 45 1 3 51 3 0 37 1 43 2 39 3 0 54 2 50 3 49 2 0 69 2 72 
23 3 1 75 3 70 4 75 3 1 80 3 77 4 81 1 4 75 1 1 44 2 2 93 4 91 3 0 68 1 69 3 73 1 0 27 1 3 82 2 0 71 2 67 2 2 42 3 42 1 0 55 1 3 54 2 3 41 4 37 1 0 88 1 3 33 3 2 58 3 56 4 61 2 2 67 3 66 1 3 66 2 0 54 4 53 1 3 31 2 2 22 3 22 1 2 37 1 3 74 
18 3 0 76 2 78 3 76 1 4 69 1 3 64 2 1 45 3 45 1 3 51 3 0 61 3 59 4 59 2 0 68 3 73 1 0 86 1 1 31 2 2 64 3 62 1 0 24 1 1 61 3 0 36 3 34 4 39 1 4 91 3 2 33 3 33 4 36 2 1 77 2 76 2 0 44 2 44 1 2 62 
21 3 0 95 1 87 2 93 3 0 66 1 70 3 66 3 0 87 3 86 4 85 2 2 41 3 44 2 2 36 4 29 3 0 55 1 53 2 54 2 0 88 2 91 1 1 41 2 0 85 2 81 1 0 40 1 1 90 1 0 66 2 2 94 3 96 4 0 51 1 45 3 46 4 43 1 0 26 1 4 64 2 3 94 4 92 1 4 71 1 4 60 1 4 93 1 2 43 
15 1 1 99 1 0 67 1 3 76 2 1 68 3 68 4 1 18 2 18 3 21 4 21 3 2 30 3 26 4 30 2 2 32 3 32 1 3 27 3 1 91 3 98 4 99 2 1 84 4 81 2 2 61 4 61 3 0 18 2 23 4 20 1 1 83 1 4 38 2 1 71 4 66 
17 1 4 38 1 3 95 1 3 31 2 3 35 4 31 1 0 92 1 2 68 1 4 86 2 0 52 4 49 1 3 37 1 3 52 1 4 62 1 0 58 2 3 93 4 93 1 3 73 3 0 77 3 75 4 78 1 0 11 1 2 34 
25 2 3 55 4 58 3 0 57 1 49 4 53 1 2 23 1 3 55 2 3 86 4 84 1 1 43 1 2 71 1 0 32 3 0 44 3 46 4 51 1 4 49 2 0 39 3 39 3 2 77 3 70 4 73 2 0 40 4 36 2 0 69 2 69 2 0 65 4 63 2 3 35 4 45 1 2 23 2 1 33 4 37 2 1 43 4 43 1 1 86 1 1 57 1 4 38 1 1 66 2 1 28 4 21 1 0 29 
23 2 1 64 2 61 2 0 53 2 57 2 2 67 4 64 2 0 38 1 38 2 0 41 2 46 4 1 79 2 79 3 83 4 79 1 1 40 3 0 79 1 79 3 78 1 4 55 1 4 73 1 2 41 1 1 74 2 1 43 2 47 2 3 73 4 77 2 0 44 2 44 3 1 19 2 17 4 25 2 1 60 4 63 1 1 94 1 2 18 3 1 37 3 36 4 37 2 0 92 1 94 1 1 87 1 3 49 
19 2 1 83 3 78 1 0 43 1 0 60 2 3 56 4 56 2 2 29 4 28 2 2 60 3 60 2 0 53 2 53 1 1 88 1 0 38 2 1 79 4 77 2 0 44 4 45 1 4 35 2 0 42 1 42 1 1 80 2 1 72 2 74 1 2 62 3 0 74 1 79 4 75 2 1 27 4 29 2 0 51 4 53 

Dynamic Events

# Added Jobs (arrival_time: num_ops num_alts_op1 m1 p1 ... num_alts_op2 m1 p1 ...)
Added Jobs
376: 20 1 4 35 3 0 50 3 91 1 48 2 0 90 3 36 4 2 55 0 54 3 86 4 63 4 3 80 4 27 0 74 2 72 1 4 36 1 4 58 4 3 59 0 39 1 82 4 65 2 4 66 1 94 2 3 24 2 36 4 2 25 3 90 1 98 0 33 4 1 23 0 17 4 31 3 80 2 0 70 2 64 3 1 75 2 30 0 25 2 0 70 1 53 3 1 90 2 54 0 24 1 3 83 1 3 71 3 3 97 1 26 2 29 4 3 19 1 24 0 45 4 67 
523: 15 2 3 46 1 30 3 2 19 4 85 3 42 1 3 40 1 2 41 2 0 83 2 50 1 3 75 2 3 83 2 60 2 3 27 2 86 3 3 83 0 53 2 93 2 2 51 0 33 2 0 40 1 29 3 4 17 2 30 3 63 3 1 53 3 65 4 49 3 2 48 0 67 3 37 4 3 66 0 94 2 26 4 35 
665: 22 2 1 94 4 18 4 2 23 0 94 1 45 4 43 2 3 20 0 19 4 1 81 3 50 2 79 4 77 4 2 17 1 24 3 32 0 41 4 0 69 3 22 4 70 2 26 2 3 73 2 45 2 1 63 2 92 2 3 95 0 78 2 0 38 1 35 4 1 44 3 22 0 51 2 48 3 2 60 4 67 0 17 3 0 43 2 42 3 83 3 1 59 2 20 0 53 2 3 26 0 17 4 2 88 0 45 4 73 3 28 1 2 37 4 3 68 2 20 4 96 0 60 3 2 75 1 79 0 35 1 3 25 2 3 80 0 89 3 2 18 0 59 4 27 
690: 19 1 0 31 3 3 75 0 37 1 72 4 2 82 4 71 0 94 1 86 3 0 42 3 42 2 32 3 0 47 4 38 3 45 3 3 52 0 30 4 54 1 0 46 2 4 38 0 15 2 0 75 1 51 1 2 83 3 4 33 1 56 3 59 4 4 69 1 73 0 68 3 41 3 3 98 1 73 0 52 4 0 11 2 68 4 34 3 48 3 2 17 4 36 3 25 2 0 89 1 92 3 4 81 1 77 2 19 4 3 61 2 86 0 35 1 59 1 3 69 
1292: 19 3 1 37 0 36 4 16 3 1 62 3 35 2 44 2 0 51 4 64 3 2 82 1 98 3 27 3 3 20 1 19 0 56 4 3 23 1 47 4 97 0 60 4 0 28 2 74 4 28 1 27 1 3 36 4 1 41 0 67 2 50 3 85 4 1 88 4 95 3 31 2 35 3 0 31 3 41 1 32 4 2 73 3 25 1 87 4 15 1 0 27 3 0 64 2 93 3 34 1 4 16 1 1 42 3 3 73 1 85 4 41 2 1 74 4 75 2 1 80 0 86 

# ETPC Constraints (fore_job_sim_idx fore_op_idx hind_job_sim_idx hind_op_idx time_lapse)
ETPC Constraints
14 12 8 6 17
3 16 6 10 5
5 1 9 18 4
0 12 11 16 15
7 8 13 11 19
3 2 1 19 6
5 10 4 8 11
5 6 12 12 3
2 8 14 8 20
4 13 14 12 16
14 15 4 16 8
6 14 7 9 9
4 4 14 3 19
7 20 8 0 3
4 18 1 1 13
8 18 9 3 5
13 12 1 13 17
14 18 1 0 12
0 8 7 4 12
6 6 3 11 20
2 12 4 15 11
