10 5
15 3 0 40 1 39 2 44 1 2 65 1 2 25 2 0 20 3 18 3 0 86 2 91 4 88 3 1 31 3 26 4 28 2 1 65 4 62 4 0 32 1 31 2 32 4 36 3 1 85 3 80 4 80 3 0 26 1 26 4 22 1 2 65 1 4 32 1 4 16 3 0 63 2 63 4 57 2 0 90 3 90 
20 3 1 39 2 41 3 42 5 0 87 1 86 2 86 3 84 4 86 3 1 63 3 58 4 63 1 0 46 5 0 84 1 87 2 90 3 89 4 91 3 0 75 1 71 3 70 1 0 33 4 0 89 1 96 2 94 4 97 3 0 16 1 11 4 17 1 0 25 3 1 87 2 86 4 86 1 2 20 3 0 78 2 75 3 71 2 1 34 2 43 4 0 68 1 62 2 71 4 70 2 1 53 4 50 2 3 59 4 55 1 0 39 4 0 50 1 48 2 45 4 50 4 1 66 2 71 3 66 4 69 
23 2 1 72 3 71 5 0 81 1 73 2 80 3 78 4 77 3 0 80 2 82 3 80 2 1 41 2 41 1 1 89 2 2 70 4 68 4 0 27 1 25 2 27 3 30 2 0 85 4 85 3 2 67 3 71 4 71 4 0 47 1 47 2 48 3 46 4 1 65 2 60 3 62 4 58 2 0 49 2 54 2 1 39 4 41 2 1 90 4 86 3 0 36 1 34 4 36 2 1 58 4 58 3 2 70 3 67 4 67 4 0 61 1 61 3 61 4 61 4 0 56 2 52 3 57 4 60 2 1 31 4 31 4 0 24 1 22 3 21 4 21 2 3 37 4 37 1 3 67 
18 1 4 76 4 1 74 2 68 3 67 4 67 1 4 64 3 0 45 2 49 4 48 2 2 54 4 56 3 1 63 3 61 4 59 3 1 68 2 68 4 65 5 0 90 1 90 2 93 3 94 4 90 2 1 31 3 34 3 1 64 2 65 4 62 2 3 23 4 21 2 0 63 1 61 2 1 36 3 36 2 2 91 3 91 4 0 32 1 31 2 36 3 33 4 0 82 1 76 3 79 4 83 5 0 42 1 44 2 42 3 42 4 43 2 2 62 4 62 
21 1 3 91 4 0 66 2 66 3 66 4 65 3 0 87 3 89 4 91 3 1 47 2 43 3 49 3 1 34 2 37 4 39 3 0 54 1 54 4 50 4 0 92 2 86 3 91 4 91 2 0 46 3 41 2 0 80 4 76 1 3 40 2 0 93 1 90 3 2 58 3 62 4 63 1 0 97 2 3 46 4 43 3 0 31 2 29 3 31 4 0 61 1 58 3 58 4 60 1 1 92 1 0 67 3 0 58 2 59 4 56 2 0 95 4 93 2 0 43 3 43 
15 4 0 93 1 95 3 98 4 96 2 0 67 1 71 1 3 84 5 0 68 1 64 2 71 3 66 4 68 2 3 22 4 19 2 1 29 4 27 3 1 32 3 34 4 34 4 0 24 1 24 2 28 4 20 4 0 95 1 97 2 95 3 97 2 0 85 1 82 1 4 65 5 0 17 1 23 2 20 3 20 4 17 2 0 82 3 79 3 1 40 3 43 4 39 5 0 71 1 66 2 71 3 71 4 71 
17 2 0 41 3 42 3 1 95 3 98 4 95 2 0 26 3 24 2 0 36 3 35 3 1 87 2 84 3 87 4 0 72 2 72 3 77 4 72 4 0 88 1 89 3 82 4 86 1 0 46 1 0 36 1 3 50 3 1 63 2 61 3 56 2 0 54 4 56 1 4 89 2 1 75 2 71 3 0 77 2 72 4 76 3 0 12 1 18 3 20 4 0 34 1 34 2 35 4 31 
25 2 0 51 2 59 2 0 51 1 53 2 2 23 4 20 1 0 55 4 1 84 2 80 3 88 4 84 2 2 47 4 47 1 0 76 1 0 30 3 0 48 2 50 3 48 1 0 51 3 1 42 2 42 4 36 3 0 73 2 76 4 69 2 2 38 3 40 4 0 69 2 69 3 69 4 73 3 1 62 2 68 3 64 4 1 40 2 40 3 40 4 40 3 1 18 3 21 4 21 2 1 33 4 37 3 2 41 3 46 4 40 3 1 88 2 86 3 92 1 1 61 2 0 39 3 38 2 0 65 3 68 2 0 29 4 26 1 4 29 
23 1 4 64 2 1 57 2 57 2 0 63 2 61 3 0 38 1 42 3 35 2 2 48 3 46 2 1 76 3 79 2 0 43 3 41 4 0 79 1 81 2 82 3 79 2 1 51 3 52 3 2 73 3 77 4 74 3 0 37 2 41 4 36 3 1 76 2 76 4 73 1 0 48 2 2 70 4 75 3 0 44 2 44 4 44 2 0 27 1 22 4 0 65 1 59 2 62 3 62 3 1 94 3 98 4 90 3 0 20 2 22 3 20 3 1 37 2 38 4 39 3 1 96 3 95 4 94 1 1 83 3 0 47 2 47 4 44 
19 4 1 80 2 75 3 82 4 76 3 0 45 1 43 3 43 2 0 58 4 57 2 0 56 3 56 2 0 33 3 37 2 0 62 2 58 2 1 51 2 52 1 4 88 3 0 33 1 39 4 32 5 0 73 1 77 2 77 3 77 4 77 3 0 44 2 39 4 47 1 1 31 3 0 43 2 39 3 43 2 0 77 4 77 3 0 72 2 74 3 70 3 0 62 2 63 4 64 4 1 74 2 72 3 76 4 74 3 0 27 1 27 4 23 2 0 51 4 51 

Dynamic Events

# Machine Breakdowns (machine_id start_time end_time)
Machine Breakdowns
0 3767 3809

# Added Jobs (arrival_time: num_ops num_alts_op1 m1 p1 ... num_alts_op2 m1 p1 ...)
Added Jobs
553: 24 1 0 97 4 1 54 2 48 4 82 0 34 1 4 91 5 1 32 2 70 4 69 3 79 0 84 3 2 91 0 19 1 33 3 1 71 3 98 2 62 3 0 77 4 91 3 76 4 3 62 1 22 4 65 2 35 5 3 74 0 65 2 70 1 42 4 97 2 2 22 4 95 5 1 23 2 24 0 75 3 56 4 72 3 1 35 2 93 4 38 4 2 22 4 42 1 51 0 85 3 4 23 1 37 3 31 4 0 67 1 26 4 33 3 80 5 0 38 1 60 4 29 3 30 2 67 1 3 78 2 4 86 2 25 5 3 32 4 48 1 37 2 72 0 64 4 0 52 3 43 4 48 1 85 5 2 48 0 51 1 70 4 37 3 38 4 4 62 0 17 3 55 2 74 5 2 56 1 54 4 24 3 75 0 83 5 4 79 0 37 2 39 1 95 3 69 
918: 17 4 3 73 2 51 4 40 0 35 5 3 33 2 52 1 41 4 51 0 79 1 1 48 1 2 88 5 1 27 0 30 2 83 3 93 4 44 5 0 59 2 21 1 84 4 66 3 93 5 4 43 3 24 1 32 0 44 2 29 3 2 65 1 42 3 50 5 2 36 0 94 1 67 3 81 4 86 1 0 74 1 0 68 3 4 17 0 53 1 87 2 3 37 4 83 3 1 16 3 55 0 19 1 1 46 5 3 77 0 46 4 57 1 38 2 41 2 4 69 1 12 
998: 15 3 2 33 0 37 3 41 4 1 51 4 44 2 53 3 62 3 4 55 2 59 0 44 5 3 40 4 46 1 19 0 26 2 46 3 0 37 1 57 4 26 3 0 19 4 44 2 79 4 1 43 3 82 0 81 2 29 2 1 19 3 29 1 3 43 1 0 56 2 0 69 4 46 2 4 21 1 42 2 1 70 4 96 4 2 29 0 51 1 22 4 88 4 1 41 4 83 2 94 0 90 
1167: 18 1 1 55 1 2 63 4 3 88 2 56 0 36 1 52 2 3 93 2 49 4 3 53 4 49 0 52 2 69 3 2 74 3 36 0 39 4 1 68 2 55 3 24 4 92 3 4 62 3 64 2 51 5 0 53 1 85 2 89 3 28 4 61 3 1 78 2 23 3 95 5 2 27 0 43 3 80 1 14 4 26 1 4 59 1 2 21 4 3 84 0 56 4 95 1 91 4 0 71 1 16 2 32 4 53 5 1 64 0 58 3 95 4 64 2 68 4 1 97 2 42 0 97 3 97 3 3 72 4 86 2 51 
1223: 17 1 0 75 5 0 43 2 91 3 60 1 80 4 24 3 4 25 0 61 2 94 2 0 47 4 20 5 0 35 2 38 4 20 1 49 3 49 1 2 68 5 1 69 3 36 2 64 0 33 4 93 5 3 49 0 55 1 36 2 40 4 27 4 1 14 3 82 2 30 4 31 4 1 87 0 55 4 86 3 26 5 3 21 4 18 0 52 1 61 2 82 5 3 62 4 56 0 75 1 93 2 76 3 3 61 4 39 1 64 5 0 21 1 92 3 53 4 78 2 61 5 1 61 3 91 0 85 4 32 2 40 1 3 49 4 0 55 4 47 2 91 3 45 
1637: 16 3 4 85 2 92 0 15 4 4 52 2 54 1 37 0 66 4 1 78 0 48 4 69 2 36 4 3 20 0 68 2 26 4 86 5 3 76 4 40 0 28 2 53 1 80 4 3 74 4 95 1 37 2 51 4 2 70 3 28 1 81 0 44 4 4 52 3 83 2 81 0 93 5 1 38 0 86 3 34 2 81 4 17 2 3 37 4 97 5 1 49 4 49 2 64 0 13 3 30 2 4 92 3 79 3 2 40 0 37 3 60 4 3 77 1 38 0 18 4 85 4 2 28 1 52 0 33 3 43 4 4 80 1 55 2 81 0 63 

# Cancelled Jobs (cancel_time initial_job_sim_idx_to_cancel)
Cancelled Jobs
960 3
2410 5

# ETPC Constraints (fore_job_sim_idx fore_op_idx hind_job_sim_idx hind_op_idx time_lapse)
ETPC Constraints
0 7 14 20 17
3 4 2 3 20
9 3 6 2 15
4 2 0 3 17
4 16 6 16 6
1 19 11 10 10
2 10 15 5 14
4 1 2 10 6
4 12 14 8 18
13 14 15 0 4
12 3 8 21 3
10 11 14 6 18
0 7 1 11 11
9 5 8 12 14
7 3 4 10 18
6 1 15 4 6
7 5 4 14 3
7 14 5 10 10
6 12 8 1 13
12 9 2 0 12
1 15 8 4 20
12 12 0 1 20
0 0 5 12 15
0 14 11 10 6
