15 8
15 1 3 24 1 7 63 1 0 29 1 3 83 1 6 23 2 0 66 2 66 1 7 29 3 3 11 4 11 5 11 1 7 62 1 5 94 1 0 41 1 4 90 3 1 63 4 63 5 63 1 3 45 1 0 91 
20 1 5 73 1 5 31 1 2 97 3 2 11 6 11 7 11 1 2 20 1 0 90 1 6 21 1 7 78 1 4 37 1 6 68 1 3 48 3 2 55 5 55 6 55 1 2 38 1 1 49 1 0 69 1 5 73 1 6 80 1 5 83 1 6 39 1 2 98 
23 1 0 71 2 0 24 3 24 3 3 89 4 89 5 89 1 4 73 1 4 44 2 2 61 4 61 1 5 53 4 0 35 3 35 4 35 7 35 1 5 95 1 7 33 1 4 59 1 1 68 1 2 61 1 3 56 1 4 28 1 1 18 2 1 35 5 35 1 6 73 3 1 78 3 78 6 78 2 1 70 3 70 1 0 65 1 6 44 1 2 56 
18 1 6 60 1 5 69 1 6 94 1 4 28 1 3 63 1 1 17 1 1 61 1 5 34 1 5 96 2 3 31 6 31 1 4 82 1 0 40 1 0 63 2 0 95 3 95 1 4 68 1 5 91 1 1 43 1 6 32 
21 1 4 54 2 4 92 7 92 3 1 40 4 40 6 40 1 4 84 1 4 38 1 7 94 1 4 63 1 5 99 2 0 45 1 45 1 6 28 1 7 59 1 4 97 1 4 69 1 5 61 3 3 98 4 98 7 98 1 6 42 1 5 100 1 3 68 2 1 83 2 83 1 6 69 1 4 17 
15 1 3 26 1 3 29 2 4 20 6 20 1 0 100 2 1 87 7 87 2 3 67 7 67 2 4 16 5 16 1 3 86 1 1 36 1 7 73 1 2 41 1 2 100 1 5 23 1 6 33 1 5 92 
17 1 4 74 1 2 90 1 1 49 1 5 34 1 5 47 1 3 62 1 3 59 1 4 98 1 2 73 1 0 79 1 5 10 1 4 32 2 6 55 7 55 1 3 53 1 4 19 1 3 55 2 4 88 5 88 
25 1 4 46 1 6 73 1 7 30 1 3 48 1 0 50 1 4 37 1 3 75 1 3 36 1 7 71 1 7 66 1 3 39 1 7 17 1 4 30 1 2 42 1 7 94 1 0 59 1 4 36 1 0 68 1 1 21 1 6 25 1 6 65 1 2 58 3 0 65 2 65 6 65 3 5 36 6 36 7 36 3 0 45 1 45 4 45 
23 1 3 82 1 0 42 1 4 82 1 1 51 1 7 75 1 5 35 1 7 78 1 6 43 2 4 77 6 77 1 7 42 1 3 18 2 0 63 7 63 1 6 99 1 0 16 2 5 34 7 34 1 2 99 1 6 87 1 5 46 1 3 81 1 5 41 2 0 58 5 58 1 6 57 1 0 30 
19 1 3 60 1 2 52 3 3 92 5 92 6 92 2 4 32 5 32 1 4 80 3 2 42 5 42 6 42 1 6 33 1 3 40 1 0 80 1 0 72 2 2 64 5 64 1 4 77 1 1 23 1 2 50 1 5 13 1 1 38 2 3 21 6 21 1 5 77 1 2 95 
19 1 7 60 1 5 94 1 3 53 1 3 82 2 1 60 7 60 1 5 60 2 1 93 5 93 1 3 49 1 3 82 1 7 68 1 6 42 1 0 96 1 5 90 1 4 36 1 6 70 1 2 12 1 3 56 1 5 14 1 2 60 
21 1 3 18 1 7 88 1 2 19 1 0 87 1 0 50 1 3 50 1 3 63 2 6 16 7 16 1 5 65 2 2 71 5 71 3 3 44 4 44 6 44 1 5 46 1 1 35 2 0 11 5 11 1 1 83 1 0 12 1 3 98 1 7 25 1 7 84 1 5 36 4 0 41 4 41 6 41 7 41 
16 1 0 44 1 1 51 1 0 58 1 1 56 1 0 27 1 5 97 2 1 93 3 93 3 0 41 2 41 4 41 1 3 59 1 2 83 1 3 99 1 0 90 1 2 90 1 0 58 1 6 15 1 2 95 
16 1 3 65 3 0 73 4 73 5 73 1 6 96 1 7 42 1 3 53 1 1 61 1 7 24 1 5 90 1 0 11 2 0 12 5 12 1 5 68 1 4 61 1 2 40 1 1 70 1 3 76 1 4 48 
25 1 3 19 1 6 49 1 4 76 1 1 24 1 5 35 1 2 10 1 1 46 1 6 18 1 4 72 2 1 32 5 32 2 0 92 2 92 1 7 14 1 1 53 1 1 49 2 5 83 7 83 1 1 81 1 2 76 1 6 88 1 4 34 1 0 54 1 5 22 1 2 47 1 1 31 1 2 43 1 6 29 

Dynamic Events

# Machine Breakdowns (machine_id start_time end_time)
Machine Breakdowns
0 1078 1110
1 348 389
7 1810 1846

# Added Jobs (arrival_time: num_ops num_alts_op1 m1 p1 ... num_alts_op2 m1 p1 ...)
Added Jobs
715: 22 4 7 87 0 24 6 81 1 90 2 4 40 0 82 3 3 56 5 48 0 55 2 0 56 4 29 1 1 19 1 2 63 1 3 40 1 0 40 2 6 47 0 13 4 4 90 0 98 5 17 3 78 3 3 22 1 58 5 39 1 6 84 1 6 67 1 6 81 3 3 37 5 34 0 91 4 5 46 3 63 1 27 7 53 3 5 78 1 53 0 67 4 4 69 1 92 7 55 2 79 1 2 21 4 2 13 7 26 1 91 0 61 2 1 26 7 45 4 3 63 7 48 1 31 5 19 
883: 25 2 3 36 1 77 4 1 91 0 17 3 92 6 99 1 0 87 2 6 85 1 17 2 2 77 4 66 4 5 38 6 43 3 41 7 20 4 6 12 0 14 4 64 1 62 1 3 37 1 7 52 1 3 38 4 6 45 4 65 7 21 0 87 4 2 20 1 17 3 82 7 11 2 2 56 3 96 1 4 64 2 5 51 4 50 1 2 39 2 2 51 6 12 2 3 51 4 20 4 3 66 0 98 2 30 4 21 1 3 87 1 1 68 2 1 37 2 75 2 0 80 6 69 4 0 82 2 42 3 84 1 76 1 4 14 
980: 23 1 1 36 3 7 97 2 59 1 74 1 2 73 1 6 72 3 6 27 5 58 7 25 1 7 90 1 1 86 3 6 27 3 15 2 54 2 7 37 3 68 2 3 55 1 25 3 3 64 4 36 2 69 1 6 37 2 7 42 3 71 4 0 99 2 79 7 98 1 19 1 0 32 4 7 39 2 26 3 62 6 22 1 4 75 3 2 58 0 18 5 63 4 2 10 4 77 7 76 5 63 3 4 98 1 51 7 39 3 2 61 0 80 1 36 4 2 28 6 17 3 89 7 13 2 7 37 0 62 
992: 21 1 6 77 2 0 50 7 51 3 6 65 0 74 7 13 3 3 65 0 77 1 83 2 5 60 4 29 3 0 42 4 55 1 88 1 7 16 4 6 64 1 92 5 51 0 45 3 4 29 6 95 3 46 1 3 86 3 2 34 3 92 7 17 4 2 13 1 30 0 19 6 50 3 3 91 5 96 7 18 3 2 25 4 96 5 33 1 6 39 2 4 65 5 19 2 1 87 5 74 3 5 57 0 46 3 45 1 2 63 2 7 19 5 10 2 4 85 5 36 
1017: 17 1 6 70 1 6 84 4 3 80 6 48 5 65 0 45 4 6 96 4 26 1 81 7 24 3 1 78 2 95 7 17 4 6 59 3 29 5 96 7 42 3 3 21 5 83 1 59 4 5 29 6 55 3 26 2 43 3 0 44 3 39 2 14 4 2 10 1 76 3 31 4 72 1 5 81 4 1 77 7 60 2 52 0 38 3 0 92 7 32 4 32 3 3 83 5 10 0 69 3 1 84 3 18 2 15 1 4 49 2 6 69 3 79 

# Cancelled Jobs (cancel_time initial_job_sim_idx_to_cancel)
Cancelled Jobs
206 2
250 1
1668 13

# ETPC Constraints (fore_job_sim_idx fore_op_idx hind_job_sim_idx hind_op_idx time_lapse)
ETPC Constraints
14 24 0 10 19
16 10 4 16 16
0 11 14 10 7
9 13 0 2 10
18 11 19 13 20
7 16 16 1 4
17 19 7 5 10
15 2 11 13 5
2 5 11 3 13
14 22 15 24 7
0 10 9 0 17
18 20 1 15 6
13 3 5 7 13
12 9 3 13 18
12 12 13 12 19
11 0 15 12 13
13 10 15 13 4
3 16 4 1 18
11 3 8 13 14
0 9 8 7 7
6 14 7 10 5
18 12 8 13 3
11 10 15 14 16
9 13 10 0 13
7 11 17 11 20
14 23 18 3 9
18 13 16 13 19
13 1 18 20 20
4 11 1 5 12
17 11 2 2 18
1 8 18 20 16
7 12 4 19 6
4 20 18 10 12
2 8 6 13 18
3 9 18 10 15
14 24 19 1 4
9 0 5 12 3
9 15 15 20 8
