15 8
15 2 1 24 3 24 4 0 63 1 63 2 63 6 63 2 1 29 2 29 3 0 83 1 83 3 83 1 7 23 3 0 66 3 66 5 66 1 1 29 2 0 11 7 11 5 0 62 1 62 4 62 6 62 7 62 3 1 94 3 94 7 94 5 1 41 2 41 4 41 6 41 7 41 1 4 90 2 5 63 7 63 4 0 45 1 45 3 45 5 45 2 5 91 7 91 
20 3 1 73 6 73 7 73 1 1 31 1 7 97 2 0 11 1 11 4 1 20 5 20 6 20 7 20 2 2 90 3 90 3 0 21 2 21 6 21 3 2 78 6 78 7 78 1 3 37 4 1 68 3 68 5 68 6 68 1 4 48 3 0 55 3 55 5 55 3 2 38 4 38 7 38 4 0 49 1 49 4 49 6 49 1 4 69 2 2 73 3 73 2 2 80 4 80 3 0 83 3 83 4 83 4 1 39 4 39 5 39 6 39 4 0 98 1 98 4 98 6 98 
23 1 7 71 5 0 24 1 24 4 24 5 24 7 24 3 1 89 4 89 5 89 4 0 73 1 73 5 73 7 73 5 0 44 1 44 2 44 5 44 7 44 2 3 61 7 61 1 1 53 2 1 35 3 35 2 4 95 7 95 5 0 33 2 33 3 33 5 33 6 33 1 4 59 3 1 68 5 68 6 68 1 3 61 2 0 56 5 56 1 3 28 2 0 18 1 18 3 1 35 4 35 6 35 5 1 73 2 73 3 73 4 73 7 73 4 0 78 1 78 4 78 5 78 1 6 70 4 0 65 1 65 3 65 6 65 4 1 44 3 44 4 44 6 44 2 0 56 2 56 
18 3 2 60 4 60 7 60 1 3 69 2 0 94 5 94 3 2 28 3 28 4 28 1 6 63 1 4 17 2 0 61 4 61 2 1 34 7 34 1 5 96 3 1 31 2 31 6 31 3 0 82 3 82 4 82 2 2 40 5 40 4 3 63 4 63 5 63 6 63 2 1 95 4 95 1 0 68 2 0 91 2 91 2 0 43 3 43 3 0 32 3 32 4 32 
21 3 1 54 2 54 5 54 4 1 92 2 92 3 92 4 92 4 0 40 1 40 3 40 6 40 3 2 84 6 84 7 84 2 2 38 6 38 3 1 94 3 94 6 94 1 0 63 1 1 99 2 5 45 7 45 2 2 28 3 28 4 1 59 2 59 5 59 7 59 3 4 97 6 97 7 97 3 0 69 4 69 6 69 5 2 61 3 61 4 61 5 61 7 61 3 3 98 4 98 6 98 1 4 42 2 1 100 4 100 3 0 68 5 68 6 68 3 4 83 5 83 6 83 4 0 69 4 69 5 69 7 69 3 1 17 4 17 6 17 
15 1 4 26 5 0 29 2 29 3 29 4 29 5 29 1 6 20 1 6 100 3 0 87 2 87 7 87 1 7 67 3 0 16 3 16 5 16 4 0 86 1 86 3 86 5 86 1 6 36 2 4 73 7 73 2 0 41 4 41 3 1 100 2 100 3 100 3 0 23 5 23 6 23 3 3 33 6 33 7 33 3 2 92 4 92 7 92 
17 4 0 74 4 74 5 74 7 74 2 6 90 7 90 1 1 49 1 6 34 1 1 47 2 2 62 5 62 4 0 59 2 59 3 59 7 59 2 3 98 4 98 2 2 73 7 73 2 0 79 3 79 2 6 10 7 10 1 2 32 1 7 55 3 1 53 3 53 7 53 4 0 19 4 19 5 19 6 19 3 0 55 5 55 6 55 1 7 88 
25 4 3 46 4 46 5 46 7 46 4 0 73 2 73 5 73 6 73 3 2 30 5 30 7 30 2 1 48 4 48 2 1 50 3 50 4 3 37 4 37 5 37 6 37 3 1 75 3 75 6 75 1 2 36 1 2 71 1 3 66 2 2 39 7 39 1 6 17 2 2 30 5 30 1 4 42 1 0 94 2 1 59 4 59 1 7 36 5 0 68 1 68 2 68 4 68 7 68 4 2 21 5 21 6 21 7 21 1 1 25 1 3 65 1 0 58 3 0 65 3 65 5 65 1 7 36 2 6 45 7 45 
23 2 0 82 6 82 3 0 42 6 42 7 42 1 7 82 1 2 51 3 2 75 4 75 6 75 2 0 35 7 35 6 0 78 1 78 2 78 3 78 4 78 6 78 2 5 43 6 43 1 2 77 2 3 42 7 42 1 6 18 4 0 63 1 63 2 63 5 63 2 2 99 7 99 1 4 16 1 7 34 4 0 99 1 99 3 99 7 99 3 2 87 3 87 4 87 1 5 46 2 5 81 7 81 1 6 41 3 2 58 5 58 7 58 5 0 57 2 57 3 57 4 57 7 57 2 5 30 7 30 
19 1 2 60 2 5 52 6 52 1 5 92 4 1 32 3 32 4 32 5 32 3 4 80 6 80 7 80 2 2 42 7 42 3 1 33 2 33 4 33 3 0 40 3 40 6 40 3 2 80 3 80 6 80 1 3 72 1 6 64 4 0 77 1 77 6 77 7 77 4 0 23 2 23 4 23 6 23 2 5 50 6 50 3 0 13 1 13 2 13 2 5 38 6 38 2 0 21 4 21 3 2 77 6 77 7 77 1 5 95 
19 2 1 60 4 60 2 3 94 5 94 2 2 53 5 53 2 0 82 3 82 1 6 60 2 2 60 3 60 3 4 93 6 93 7 93 2 1 49 6 49 1 2 82 2 5 68 7 68 3 0 42 3 42 7 42 1 0 96 2 0 90 7 90 1 5 36 1 3 70 1 6 12 4 0 56 1 56 2 56 6 56 3 3 14 4 14 6 14 3 0 60 1 60 5 60 
21 1 7 18 2 4 88 7 88 2 1 19 6 19 1 1 87 2 1 50 7 50 2 3 50 7 50 2 0 63 4 63 3 0 16 5 16 7 16 4 2 65 3 65 6 65 7 65 1 6 71 3 1 44 6 44 7 44 2 2 46 4 46 1 3 35 2 0 11 7 11 3 3 83 5 83 7 83 3 5 12 6 12 7 12 1 3 98 1 3 25 4 0 84 3 84 6 84 7 84 2 1 36 5 36 4 2 41 3 41 5 41 6 41 
16 4 4 44 5 44 6 44 7 44 4 0 51 3 51 5 51 6 51 2 0 58 2 58 3 1 56 5 56 6 56 4 1 27 4 27 5 27 7 27 3 0 97 1 97 6 97 4 0 93 1 93 2 93 6 93 2 5 41 6 41 1 1 59 1 5 83 1 6 99 4 1 90 2 90 4 90 5 90 3 4 90 6 90 7 90 3 0 58 6 58 7 58 1 7 15 3 0 95 1 95 7 95 
16 1 3 65 2 0 73 6 73 5 1 96 2 96 3 96 4 96 6 96 5 0 42 1 42 3 42 5 42 7 42 3 1 53 4 53 6 53 1 7 61 5 0 24 1 24 3 24 4 24 5 24 4 0 90 2 90 4 90 6 90 3 2 11 3 11 5 11 4 1 12 4 12 6 12 7 12 3 1 68 3 68 5 68 2 0 61 7 61 2 0 40 6 40 3 1 70 2 70 6 70 4 2 76 3 76 6 76 7 76 1 4 48 
25 1 6 19 2 2 49 3 49 4 0 76 2 76 3 76 4 76 4 0 24 1 24 4 24 6 24 1 4 35 2 0 10 2 10 5 0 46 1 46 4 46 5 46 6 46 3 2 18 3 18 5 18 4 3 72 4 72 5 72 6 72 1 6 32 4 2 92 4 92 5 92 6 92 2 1 14 4 14 2 4 53 7 53 1 0 49 2 1 83 6 83 1 0 81 1 1 76 3 0 88 1 88 5 88 4 0 34 2 34 4 34 5 34 1 0 54 1 5 22 2 0 47 3 47 2 0 31 2 31 3 0 43 3 43 4 43 3 0 29 3 29 5 29 

Dynamic Events

# Machine Breakdowns (machine_id start_time end_time)
Machine Breakdowns
1 1199 1227

# Added Jobs (arrival_time: num_ops num_alts_op1 m1 p1 ... num_alts_op2 m1 p1 ...)
Added Jobs
371: 23 2 5 81 4 79 1 3 53 2 7 87 6 72 4 0 37 3 21 2 42 7 18 3 3 39 0 31 6 80 4 3 21 5 88 6 70 2 21 4 5 33 1 63 4 80 2 19 5 7 47 5 84 2 57 6 75 1 54 6 6 87 1 34 7 68 3 94 5 53 4 15 6 1 28 6 75 2 34 5 37 4 91 3 100 2 4 37 6 44 1 5 94 1 0 94 5 3 40 1 71 2 10 5 94 6 11 4 5 62 0 45 2 17 4 26 3 0 54 4 16 7 41 5 4 94 3 53 0 16 1 65 7 11 1 1 89 6 6 90 3 42 7 94 5 63 0 74 1 60 2 7 92 5 26 2 5 83 3 94 2 4 21 5 81 3 7 37 2 46 0 96 
670: 16 5 4 49 7 81 0 55 2 67 6 63 5 1 15 5 14 3 55 2 22 4 31 6 2 27 3 75 0 86 6 22 1 12 5 23 2 3 39 6 83 4 3 67 0 74 1 14 5 81 2 5 31 6 99 4 3 75 1 23 0 31 6 100 3 5 20 2 13 1 52 3 4 32 5 32 6 86 5 7 61 6 44 5 84 3 39 2 96 4 5 44 6 40 4 80 2 77 2 6 91 7 18 1 7 97 6 2 51 3 57 4 32 5 87 1 86 7 86 3 7 64 0 72 6 78 1 5 28 
740: 18 5 5 12 1 92 7 47 3 44 2 39 2 1 63 3 60 5 0 85 3 34 6 82 1 91 4 79 1 4 78 2 2 61 7 19 1 1 54 2 3 20 5 35 6 3 81 5 26 7 86 0 44 2 82 4 26 5 3 77 4 56 7 50 6 93 1 96 1 6 99 3 6 52 4 92 1 34 1 1 83 5 6 99 5 56 3 47 7 61 1 76 6 6 45 0 36 7 31 2 17 3 58 5 55 2 6 52 3 98 5 4 22 0 17 5 47 7 59 6 85 2 4 37 0 89 2 7 91 3 29 
1389: 21 6 4 27 2 22 7 77 5 73 3 35 0 80 3 5 94 0 93 1 16 3 1 69 3 19 0 52 4 6 46 3 48 2 67 5 56 5 2 14 1 84 5 37 0 50 6 69 2 3 43 0 98 3 3 78 4 96 0 54 6 5 73 7 49 2 27 6 56 4 53 0 89 6 0 37 1 13 7 46 6 46 4 64 3 82 5 0 56 5 36 3 52 7 91 1 62 3 6 85 5 43 4 50 2 5 62 7 72 5 1 57 3 24 0 86 5 62 4 76 4 7 54 0 85 3 37 5 79 2 5 96 7 53 3 7 66 3 69 5 55 5 3 90 4 30 1 48 0 68 2 48 6 0 33 1 51 5 58 7 37 4 57 6 74 1 7 21 5 1 53 2 22 5 16 7 83 0 21 3 7 81 3 92 0 93 
1945: 17 5 5 14 7 80 1 11 4 84 6 100 2 3 73 7 12 6 5 87 2 42 0 17 4 91 7 77 3 76 3 4 93 1 56 2 60 2 2 15 4 20 6 5 48 0 61 3 57 1 39 6 42 7 93 6 1 80 5 46 3 36 2 20 6 31 4 58 6 3 91 0 80 2 25 7 29 6 36 1 39 4 6 99 4 12 3 51 7 13 2 6 51 5 43 4 7 35 5 77 2 24 4 61 2 3 84 7 15 3 5 77 4 26 3 48 6 3 57 2 87 6 30 5 69 1 97 4 69 3 2 61 7 43 3 52 4 6 36 3 99 2 69 0 96 1 2 54 

# Cancelled Jobs (cancel_time initial_job_sim_idx_to_cancel)
Cancelled Jobs
765 7

# ETPC Constraints (fore_job_sim_idx fore_op_idx hind_job_sim_idx hind_op_idx time_lapse)
ETPC Constraints
15 5 6 10 11
2 0 15 12 5
16 15 10 9 10
8 3 18 12 4
5 7 8 22 18
6 7 9 17 9
16 9 12 3 6
13 13 5 6 15
4 11 14 6 19
17 3 2 2 16
17 3 3 14 10
13 2 8 11 5
11 15 18 11 8
11 6 18 13 8
11 7 7 18 15
17 12 13 7 3
8 1 16 3 7
12 4 13 13 18
16 16 15 16 9
7 16 9 11 20
0 9 3 4 14
16 12 4 7 10
11 20 15 4 13
9 18 15 5 15
0 1 9 10 12
14 5 11 15 17
18 13 1 18 18
16 9 17 11 5
12 3 14 14 8
7 21 10 2 15
13 13 8 5 7
5 9 2 2 5
13 9 0 4 3
5 3 12 0 9
7 22 13 13 11
8 18 14 11 19
5 12 14 1 11
7 24 6 14 13
