15 8
15 1 3 27 1 7 60 1 0 36 1 3 80 1 6 26 2 0 68 2 65 1 7 30 3 3 16 4 16 5 16 1 7 56 1 5 90 1 0 42 1 4 90 3 1 67 4 68 5 67 1 3 46 1 0 89 
20 1 5 68 1 5 34 1 2 92 3 2 16 6 17 7 18 1 2 24 1 0 91 1 6 24 1 7 73 1 4 37 1 6 67 1 3 49 3 2 55 5 55 6 55 1 2 39 1 1 50 1 0 69 1 5 70 1 6 77 1 5 85 1 6 41 1 2 89 
23 1 0 74 2 0 24 3 27 3 3 85 4 85 5 85 1 4 71 1 4 47 2 2 60 4 56 1 5 56 4 0 38 3 37 4 36 7 37 1 5 95 1 7 36 1 4 58 1 1 69 1 2 61 1 3 56 1 4 35 1 1 25 2 1 41 5 35 1 6 75 3 1 76 3 78 6 76 2 1 69 3 69 1 0 67 1 6 41 1 2 56 
18 1 6 62 1 5 66 1 6 93 1 4 33 1 3 62 1 1 22 1 1 58 1 5 36 1 5 94 2 3 31 6 35 1 4 77 1 0 38 1 0 62 2 0 91 3 90 1 4 66 1 5 87 1 1 47 1 6 34 
21 1 4 54 2 4 88 7 91 3 1 41 4 43 6 41 1 4 81 1 4 41 1 7 95 1 4 62 1 5 90 2 0 51 1 47 1 6 36 1 7 59 1 4 96 1 4 67 1 5 59 3 3 93 4 93 7 88 1 6 48 1 5 95 1 3 64 2 1 80 2 80 1 6 68 1 4 21 
15 1 3 30 1 3 30 2 4 24 6 20 1 0 98 2 1 86 7 89 2 3 65 7 64 2 4 20 5 20 1 3 83 1 1 41 1 7 71 1 2 43 1 2 90 1 5 24 1 6 36 1 5 84 
17 1 4 72 1 2 86 1 1 54 1 5 36 1 5 51 1 3 60 1 3 55 1 4 93 1 2 66 1 0 76 1 5 15 1 4 35 2 6 54 7 55 1 3 50 1 4 19 1 3 55 2 4 86 5 80 
25 1 4 52 1 6 71 1 7 33 1 3 53 1 0 53 1 4 38 1 3 71 1 3 38 1 7 69 1 7 65 1 3 44 1 7 17 1 4 33 1 2 43 1 7 90 1 0 61 1 4 37 1 0 67 1 1 29 1 6 29 1 6 64 1 2 59 3 0 64 2 63 6 63 3 5 38 6 38 7 38 3 0 47 1 42 4 45 
23 1 3 76 1 0 43 1 4 79 1 1 56 1 7 75 1 5 37 1 7 78 1 6 46 2 4 75 6 76 1 7 44 1 3 22 2 0 64 7 58 1 6 91 1 0 21 2 5 33 7 40 1 2 90 1 6 83 1 5 49 1 3 80 1 5 43 2 0 61 5 58 1 6 60 1 0 29 
19 1 3 60 1 2 52 3 3 88 5 88 6 87 2 4 34 5 34 1 4 82 3 2 42 5 42 6 44 1 6 40 1 3 43 1 0 81 1 0 68 2 2 64 5 60 1 4 77 1 1 27 1 2 51 1 5 21 1 1 40 2 3 28 6 25 1 5 76 1 2 94 
19 1 7 65 1 5 89 1 3 53 1 3 78 2 1 60 7 65 1 5 58 2 1 90 5 87 1 3 47 1 3 79 1 7 69 1 6 44 1 0 94 1 5 86 1 4 38 1 6 69 1 2 18 1 3 56 1 5 19 1 2 56 
21 1 3 25 1 7 85 1 2 20 1 0 85 1 0 55 1 3 50 1 3 62 2 6 20 7 20 1 5 68 2 2 68 5 69 3 3 43 4 45 6 46 1 5 47 1 1 37 2 0 16 5 13 1 1 80 1 0 12 1 3 90 1 7 26 1 7 81 1 5 43 4 0 45 4 42 6 43 7 43 
16 1 0 41 1 1 51 1 0 57 1 1 59 1 0 30 1 5 90 2 1 89 3 92 3 0 39 2 46 4 41 1 3 59 1 2 78 1 3 92 1 0 84 1 2 90 1 0 55 1 6 17 1 2 91 
16 1 3 65 3 0 74 4 71 5 71 1 6 90 1 7 44 1 3 52 1 1 60 1 7 30 1 5 88 1 0 21 2 0 17 5 18 1 5 68 1 4 59 1 2 45 1 1 64 1 3 74 1 4 53 
25 1 3 28 1 6 50 1 4 71 1 1 24 1 5 36 1 2 15 1 1 45 1 6 22 1 4 75 2 1 34 5 40 2 0 89 2 88 1 7 19 1 1 54 1 1 46 2 5 79 7 77 1 1 76 1 2 70 1 6 88 1 4 35 1 0 54 1 5 25 1 2 48 1 1 34 1 2 45 1 6 32 

Dynamic Events

# Machine Breakdowns (machine_id start_time end_time)
Machine Breakdowns
0 2024 2065
1 953 988
2 1852 1881

# Added Jobs (arrival_time: num_ops num_alts_op1 m1 p1 ... num_alts_op2 m1 p1 ...)
Added Jobs
272: 22 3 6 77 5 33 4 26 1 5 64 2 4 76 1 88 3 5 44 6 39 1 48 1 0 55 2 7 30 2 36 3 4 60 3 79 0 29 1 7 31 4 7 65 6 29 2 85 3 17 3 6 81 2 66 3 43 3 7 35 0 94 5 92 4 6 17 1 89 7 69 4 49 4 3 26 7 64 1 43 6 39 1 6 31 1 6 34 4 7 56 4 63 3 47 5 46 4 5 38 1 78 0 37 3 27 4 2 27 6 85 5 94 1 83 3 5 79 4 18 6 40 4 4 20 1 32 7 78 0 21 3 6 91 0 65 5 38 2 0 33 2 76 
296: 25 1 1 66 4 4 31 7 83 1 47 0 82 1 2 42 4 2 73 3 86 1 78 0 36 4 1 76 5 43 6 58 3 82 3 4 16 5 53 0 12 1 0 47 4 3 34 1 30 5 41 6 89 1 0 81 1 6 45 2 0 18 1 43 3 6 34 0 80 2 47 2 3 23 7 74 2 2 43 0 63 3 4 64 1 40 5 91 4 1 42 6 92 7 95 4 27 1 6 18 2 4 93 6 43 2 5 53 6 23 3 5 90 2 63 3 23 1 6 65 3 1 35 2 35 5 45 1 6 56 1 5 23 3 1 34 6 46 2 65 
444: 20 3 3 79 0 82 4 74 3 7 20 4 59 5 17 4 7 66 4 90 0 67 6 51 4 1 90 7 42 6 73 3 85 4 0 49 5 26 4 87 2 78 3 7 91 6 64 1 59 1 7 33 2 5 17 4 40 1 7 24 4 7 91 1 56 3 75 6 46 2 5 59 3 54 2 6 72 7 40 1 3 65 2 5 83 1 84 3 5 26 3 74 1 34 1 1 60 4 1 81 4 60 7 88 0 43 4 1 22 6 35 7 90 2 44 3 3 48 6 82 1 28 1 3 40 
686: 23 4 3 17 2 90 1 37 0 53 1 3 40 1 6 21 3 7 30 3 54 4 94 4 7 26 3 16 6 76 5 25 4 3 16 6 92 2 85 7 87 1 4 92 1 1 26 4 7 85 3 71 6 36 4 43 2 2 40 5 56 2 1 48 7 68 3 2 58 1 24 0 49 2 0 40 6 83 3 0 79 1 28 2 33 4 1 23 4 73 3 76 6 62 2 3 31 1 34 2 6 49 5 88 1 4 74 2 2 72 7 82 4 2 55 1 67 7 63 4 23 2 5 43 0 47 3 1 41 5 21 7 90 3 3 23 4 28 6 66 
786: 20 2 5 47 1 27 4 5 52 6 84 7 81 0 63 1 2 55 4 2 47 1 86 7 41 5 89 2 3 49 5 33 3 5 56 2 16 6 88 3 1 39 6 76 0 45 2 1 56 6 58 2 6 56 0 30 2 3 20 4 28 4 5 68 4 81 7 74 1 41 2 3 64 6 80 3 0 66 3 46 4 42 1 6 60 2 2 26 3 49 2 6 55 5 62 1 0 56 3 0 71 7 59 5 30 1 0 89 3 5 87 3 61 2 50 
1021: 23 4 6 20 5 78 0 57 4 37 2 2 41 4 86 3 4 95 0 56 6 41 4 2 17 5 94 6 71 1 88 2 5 47 0 72 4 7 22 0 80 2 84 6 62 4 6 76 3 35 1 60 4 16 1 6 35 1 7 41 3 6 63 3 33 7 76 1 0 41 4 2 40 4 92 7 80 0 33 4 6 85 2 87 5 14 3 34 3 0 15 1 35 6 28 2 4 20 3 93 4 4 61 3 78 2 90 1 88 3 1 78 0 14 3 92 4 2 45 5 35 3 40 6 26 4 0 81 7 29 4 22 2 76 3 0 33 4 37 7 39 1 1 72 4 4 19 3 47 6 18 1 25 3 0 71 4 27 1 87 

# Cancelled Jobs (cancel_time initial_job_sim_idx_to_cancel)
Cancelled Jobs
648 13

# ETPC Constraints (fore_job_sim_idx fore_op_idx hind_job_sim_idx hind_op_idx time_lapse)
ETPC Constraints
10 15 18 5 7
15 11 7 19 10
7 8 14 10 17
17 6 20 19 16
17 18 14 6 13
14 22 9 8 9
9 0 10 18 16
0 11 10 10 16
11 12 16 15 6
8 4 14 17 16
20 6 9 11 13
16 1 2 1 19
19 5 9 1 20
8 2 19 13 19
13 13 15 13 16
6 0 17 3 4
18 5 11 17 17
8 5 16 16 12
19 16 17 10 4
1 12 15 13 5
10 2 13 7 16
13 12 4 14 15
11 6 14 8 15
6 1 5 3 19
8 19 14 13 16
13 13 15 14 15
8 4 19 21 9
10 13 1 11 20
14 23 1 9 15
19 22 14 2 6
20 7 0 1 12
17 0 9 12 20
12 2 9 12 16
6 12 15 11 18
7 14 13 6 9
18 7 4 0 9
20 6 19 17 15
15 12 4 6 8
0 3 4 9 10
15 7 11 2 20
20 11 19 20 7
18 22 17 0 19
