15 8
15 1 3 27 1 7 60 1 0 36 1 3 80 1 6 26 2 0 68 2 65 1 7 30 3 3 16 4 16 5 16 1 7 56 1 5 90 1 0 42 1 4 90 3 1 67 4 68 5 67 1 3 46 1 0 89 
20 1 5 68 1 5 34 1 2 92 3 2 16 6 17 7 18 1 2 24 1 0 91 1 6 24 1 7 73 1 4 37 1 6 67 1 3 49 3 2 55 5 55 6 55 1 2 39 1 1 50 1 0 69 1 5 70 1 6 77 1 5 85 1 6 41 1 2 89 
23 1 0 74 2 0 24 3 27 3 3 85 4 85 5 85 1 4 71 1 4 47 2 2 60 4 56 1 5 56 4 0 38 3 37 4 36 7 37 1 5 95 1 7 36 1 4 58 1 1 69 1 2 61 1 3 56 1 4 35 1 1 25 2 1 41 5 35 1 6 75 3 1 76 3 78 6 76 2 1 69 3 69 1 0 67 1 6 41 1 2 56 
18 1 6 62 1 5 66 1 6 93 1 4 33 1 3 62 1 1 22 1 1 58 1 5 36 1 5 94 2 3 31 6 35 1 4 77 1 0 38 1 0 62 2 0 91 3 90 1 4 66 1 5 87 1 1 47 1 6 34 
21 1 4 54 2 4 88 7 91 3 1 41 4 43 6 41 1 4 81 1 4 41 1 7 95 1 4 62 1 5 90 2 0 51 1 47 1 6 36 1 7 59 1 4 96 1 4 67 1 5 59 3 3 93 4 93 7 88 1 6 48 1 5 95 1 3 64 2 1 80 2 80 1 6 68 1 4 21 
15 1 3 30 1 3 30 2 4 24 6 20 1 0 98 2 1 86 7 89 2 3 65 7 64 2 4 20 5 20 1 3 83 1 1 41 1 7 71 1 2 43 1 2 90 1 5 24 1 6 36 1 5 84 
17 1 4 72 1 2 86 1 1 54 1 5 36 1 5 51 1 3 60 1 3 55 1 4 93 1 2 66 1 0 76 1 5 15 1 4 35 2 6 54 7 55 1 3 50 1 4 19 1 3 55 2 4 86 5 80 
25 1 4 52 1 6 71 1 7 33 1 3 53 1 0 53 1 4 38 1 3 71 1 3 38 1 7 69 1 7 65 1 3 44 1 7 17 1 4 33 1 2 43 1 7 90 1 0 61 1 4 37 1 0 67 1 1 29 1 6 29 1 6 64 1 2 59 3 0 64 2 63 6 63 3 5 38 6 38 7 38 3 0 47 1 42 4 45 
23 1 3 76 1 0 43 1 4 79 1 1 56 1 7 75 1 5 37 1 7 78 1 6 46 2 4 75 6 76 1 7 44 1 3 22 2 0 64 7 58 1 6 91 1 0 21 2 5 33 7 40 1 2 90 1 6 83 1 5 49 1 3 80 1 5 43 2 0 61 5 58 1 6 60 1 0 29 
19 1 3 60 1 2 52 3 3 88 5 88 6 87 2 4 34 5 34 1 4 82 3 2 42 5 42 6 44 1 6 40 1 3 43 1 0 81 1 0 68 2 2 64 5 60 1 4 77 1 1 27 1 2 51 1 5 21 1 1 40 2 3 28 6 25 1 5 76 1 2 94 
19 1 7 65 1 5 89 1 3 53 1 3 78 2 1 60 7 65 1 5 58 2 1 90 5 87 1 3 47 1 3 79 1 7 69 1 6 44 1 0 94 1 5 86 1 4 38 1 6 69 1 2 18 1 3 56 1 5 19 1 2 56 
21 1 3 25 1 7 85 1 2 20 1 0 85 1 0 55 1 3 50 1 3 62 2 6 20 7 20 1 5 68 2 2 68 5 69 3 3 43 4 45 6 46 1 5 47 1 1 37 2 0 16 5 13 1 1 80 1 0 12 1 3 90 1 7 26 1 7 81 1 5 43 4 0 45 4 42 6 43 7 43 
16 1 0 41 1 1 51 1 0 57 1 1 59 1 0 30 1 5 90 2 1 89 3 92 3 0 39 2 46 4 41 1 3 59 1 2 78 1 3 92 1 0 84 1 2 90 1 0 55 1 6 17 1 2 91 
16 1 3 65 3 0 74 4 71 5 71 1 6 90 1 7 44 1 3 52 1 1 60 1 7 30 1 5 88 1 0 21 2 0 17 5 18 1 5 68 1 4 59 1 2 45 1 1 64 1 3 74 1 4 53 
25 1 3 28 1 6 50 1 4 71 1 1 24 1 5 36 1 2 15 1 1 45 1 6 22 1 4 75 2 1 34 5 40 2 0 89 2 88 1 7 19 1 1 54 1 1 46 2 5 79 7 77 1 1 76 1 2 70 1 6 88 1 4 35 1 0 54 1 5 25 1 2 48 1 1 34 1 2 45 1 6 32 

Dynamic Events

# Machine Breakdowns (machine_id start_time end_time)
Machine Breakdowns
3 1443 1479
6 717 755

# Added Jobs (arrival_time: num_ops num_alts_op1 m1 p1 ... num_alts_op2 m1 p1 ...)
Added Jobs
134: 25 3 6 85 4 93 7 51 3 5 34 6 84 2 49 4 7 31 6 39 1 57 4 92 3 1 31 3 73 5 67 3 0 73 3 68 6 90 4 1 31 3 38 5 69 4 78 3 2 15 1 56 6 62 3 5 28 7 78 2 42 2 1 56 0 77 1 5 41 4 1 28 3 69 7 45 4 44 2 6 42 0 42 3 1 78 2 29 6 49 4 3 50 6 30 4 69 0 23 1 6 19 1 3 74 4 0 49 7 76 2 29 1 47 4 7 60 5 44 2 29 3 16 3 5 13 6 21 3 18 1 2 17 2 7 44 5 60 4 3 48 0 36 1 75 6 29 1 2 86 2 7 44 1 57 1 0 50 
254: 18 3 4 19 5 35 3 42 1 3 75 1 7 40 4 6 61 2 41 4 37 1 58 1 1 45 2 5 38 2 53 1 0 88 1 1 30 1 6 67 3 0 83 3 21 2 83 4 0 43 7 52 5 17 2 17 1 7 81 3 4 42 0 24 2 17 1 4 60 1 3 46 4 1 53 3 27 4 42 6 81 2 3 27 2 79 2 1 90 6 39 
317: 21 1 2 90 1 7 18 1 7 28 2 7 61 2 47 2 6 69 7 74 3 5 90 7 85 3 79 3 7 33 3 70 1 88 3 5 57 1 27 6 38 2 5 95 7 35 1 6 25 3 3 81 4 27 2 26 4 0 89 5 41 4 77 1 74 1 7 26 3 3 81 1 46 6 83 3 6 84 7 58 4 68 2 5 61 1 58 2 6 50 0 36 2 7 78 3 89 4 4 55 2 33 5 84 6 54 1 2 62 2 4 49 5 81 
459: 23 3 7 78 0 18 6 29 4 7 43 3 58 6 91 4 85 2 1 42 4 94 2 6 64 0 54 4 3 17 5 28 2 27 0 64 2 3 19 7 21 3 6 65 3 80 7 83 4 5 40 1 73 7 19 2 59 2 4 80 0 34 2 5 51 6 83 3 7 70 3 93 2 80 2 5 86 1 85 2 3 49 4 60 1 7 95 3 5 37 2 71 6 36 2 2 59 1 65 2 2 66 3 36 1 1 81 2 6 84 3 62 2 3 85 0 84 3 2 34 5 60 6 21 1 1 54 4 6 19 7 95 4 72 5 65 
539: 18 3 2 29 1 51 6 63 1 4 19 3 6 32 1 85 4 46 2 3 18 7 90 3 6 53 7 32 4 57 3 0 34 3 26 6 39 4 3 34 2 80 7 46 0 20 1 5 75 2 5 79 6 36 2 0 74 5 64 4 5 57 0 98 7 37 3 28 4 6 57 4 26 7 54 3 43 3 2 70 1 24 3 39 1 0 98 2 3 75 0 91 4 7 79 2 16 4 32 3 87 1 0 73 2 5 70 4 72 
703: 24 3 2 23 1 89 5 42 4 6 59 5 40 2 22 3 34 3 0 87 2 90 5 31 4 7 75 5 67 3 54 1 24 4 2 68 1 58 4 88 6 28 3 6 43 7 65 0 33 1 6 62 1 3 76 3 1 88 0 30 7 93 3 5 61 4 96 0 17 2 3 60 6 27 2 4 64 6 32 1 5 55 1 7 44 1 7 83 2 3 43 2 57 4 7 45 5 27 6 72 2 47 2 7 74 6 24 3 4 29 2 89 5 92 2 0 69 2 68 2 2 22 4 19 3 6 67 4 78 7 49 2 6 51 5 42 4 0 47 5 78 1 77 2 40 
949: 17 4 7 88 3 71 6 92 2 52 2 6 20 3 24 3 6 21 5 69 3 39 3 4 45 7 75 1 66 4 1 47 3 49 7 28 0 78 1 5 63 3 3 30 5 45 7 35 3 4 45 7 93 0 24 4 4 24 7 40 3 30 2 68 2 5 26 4 37 1 0 36 2 0 71 6 52 2 6 52 5 59 1 2 45 3 5 80 3 24 2 15 4 1 36 6 36 7 32 5 83 2 3 85 2 31 

# Cancelled Jobs (cancel_time initial_job_sim_idx_to_cancel)
Cancelled Jobs
704 2

# ETPC Constraints (fore_job_sim_idx fore_op_idx hind_job_sim_idx hind_op_idx time_lapse)
ETPC Constraints
14 0 21 15 8
13 15 9 2 11
12 15 14 3 20
5 10 14 21 20
18 6 16 9 15
10 14 8 21 16
0 8 13 2 12
1 1 21 2 16
8 8 0 0 7
11 14 6 1 13
0 9 18 7 11
11 16 7 21 20
1 5 8 10 6
21 18 6 7 14
15 6 8 0 6
4 5 15 12 13
3 3 2 16 8
12 2 14 16 11
15 16 20 6 15
7 14 5 3 9
21 19 0 13 13
19 23 11 19 4
6 7 10 18 12
10 1 19 16 13
18 9 7 5 9
13 10 15 3 19
20 13 11 1 18
4 15 19 10 8
0 12 5 7 7
11 11 21 8 11
19 9 6 9 16
4 5 9 10 17
20 5 2 2 14
5 11 7 22 5
8 4 12 9 13
8 3 12 6 16
21 5 1 0 4
16 8 7 6 8
20 14 6 8 12
0 6 12 1 15
15 15 11 8 5
17 16 14 18 14
3 13 11 12 13
15 15 3 8 7
