15 8
15 2 1 30 3 32 4 0 62 1 62 2 65 6 67 2 1 34 2 30 3 0 79 1 80 3 77 1 7 25 3 0 64 3 66 5 64 1 1 37 2 0 16 7 12 5 0 56 1 60 4 61 6 65 7 60 3 1 90 3 90 7 92 5 1 38 2 44 4 42 6 42 7 43 1 4 89 2 5 65 7 60 4 0 43 1 44 3 50 5 45 2 5 91 7 88 
20 3 1 71 6 71 7 75 1 1 29 1 7 89 2 0 16 1 16 4 1 24 5 22 6 25 7 27 2 2 91 3 82 3 0 24 2 24 6 25 3 2 75 6 76 7 77 1 3 36 4 1 67 3 65 5 71 6 67 1 4 49 3 0 58 3 55 5 53 3 2 40 4 40 7 40 4 0 45 1 50 4 50 6 54 1 4 72 2 2 76 3 75 2 2 77 4 79 3 0 77 3 81 4 80 4 1 41 4 42 5 43 6 41 4 0 99 1 94 4 92 6 92 
23 1 7 69 5 0 27 1 27 4 27 5 27 7 26 3 1 85 4 86 5 84 4 0 71 1 76 5 71 7 66 5 0 50 1 42 2 45 5 45 7 45 2 3 60 7 60 1 1 55 2 1 37 3 33 2 4 93 7 91 5 0 36 2 35 3 36 5 41 6 36 1 4 58 3 1 69 5 67 6 67 1 3 65 2 0 59 5 60 1 3 29 2 0 26 1 22 3 1 39 4 37 6 37 5 1 71 2 74 3 67 4 71 7 74 4 0 74 1 79 4 78 5 76 1 6 69 4 0 61 1 64 3 67 6 62 4 1 47 3 43 4 41 6 45 2 0 56 2 55 
18 3 2 59 4 59 7 62 1 3 68 2 0 90 5 90 3 2 34 3 31 4 33 1 6 62 1 4 22 2 0 62 4 66 2 1 36 7 32 1 5 96 3 1 34 2 38 6 33 3 0 83 3 79 4 78 2 2 42 5 42 4 3 57 4 67 5 62 6 59 2 1 91 4 91 1 0 66 2 0 87 2 87 2 0 42 3 44 3 0 30 3 37 4 36 
21 3 1 59 2 54 5 53 4 1 88 2 88 3 88 4 91 4 0 41 1 41 3 36 6 39 3 2 82 6 78 7 81 2 2 40 6 45 3 1 90 3 93 6 89 1 0 59 1 1 94 2 5 41 7 46 2 2 31 3 32 4 1 58 2 59 5 56 7 55 3 4 92 6 94 7 88 3 0 72 4 67 6 67 5 2 65 3 62 4 59 5 58 7 60 3 3 93 4 93 6 97 1 4 39 2 1 95 4 95 3 0 67 5 70 6 66 3 4 80 5 84 6 80 4 0 68 4 70 5 68 7 67 3 1 20 4 21 6 21 
15 1 4 30 5 0 33 2 28 3 31 4 29 5 32 1 6 24 1 6 100 3 0 86 2 84 7 86 1 7 67 3 0 20 3 21 5 20 4 0 83 1 85 3 79 5 80 1 6 39 2 4 67 7 74 2 0 39 4 43 3 1 97 2 97 3 95 3 0 29 5 26 6 30 3 3 31 6 35 7 35 3 2 87 4 87 7 86 
17 4 0 72 4 72 5 77 7 70 2 6 84 7 86 1 1 54 1 6 37 1 1 52 2 2 59 5 62 4 0 55 2 61 3 58 7 58 2 3 96 4 93 2 2 74 7 71 2 0 77 3 80 2 6 20 7 14 1 2 34 1 7 54 3 1 53 3 58 7 52 4 0 24 4 21 5 20 6 23 3 0 57 5 55 6 58 1 7 84 
25 4 3 47 4 48 5 48 7 47 4 0 71 2 67 5 74 6 71 3 2 30 5 35 7 38 2 1 48 4 48 2 1 51 3 51 4 3 43 4 38 5 39 6 36 3 1 72 3 73 6 73 1 2 38 1 2 69 1 3 62 2 2 40 7 36 1 6 18 2 2 30 5 33 1 4 48 1 0 92 2 1 57 4 58 1 7 38 5 0 63 1 67 2 66 4 70 7 67 4 2 23 5 26 6 29 7 21 1 1 32 1 3 62 1 0 58 3 0 62 3 62 5 62 1 7 42 2 6 43 7 44 
23 2 0 79 6 80 3 0 46 6 43 7 43 1 7 78 1 2 51 3 2 72 4 73 6 76 2 0 39 7 42 6 0 76 1 77 2 78 3 75 4 79 6 72 2 5 45 6 48 1 2 80 2 3 44 7 42 1 6 18 4 0 61 1 62 2 60 5 62 2 2 99 7 93 1 4 25 1 7 38 4 0 94 1 94 3 95 7 90 3 2 82 3 80 4 81 1 5 44 2 5 81 7 77 1 6 43 3 2 58 5 58 7 58 5 0 56 2 56 3 58 4 61 7 57 2 5 29 7 33 
19 1 2 63 2 5 52 6 52 1 5 92 4 1 34 3 33 4 35 5 34 3 4 77 6 80 7 73 2 2 44 7 44 3 1 32 2 30 4 30 3 0 42 3 37 6 37 3 2 73 3 82 6 74 1 3 75 1 6 60 4 0 74 1 73 6 77 7 76 4 0 28 2 26 4 27 6 31 2 5 47 6 54 3 0 13 1 18 2 19 2 5 41 6 37 2 0 26 4 21 3 2 72 6 79 7 78 1 5 85 
19 2 1 63 4 60 2 3 90 5 93 2 2 54 5 53 2 0 80 3 79 1 6 60 2 2 63 3 56 3 4 89 6 89 7 87 2 1 52 6 47 1 2 79 2 5 66 7 63 3 0 44 3 44 7 47 1 0 91 2 0 82 7 86 1 5 36 1 3 72 1 6 14 4 0 59 1 59 2 52 6 59 3 3 19 4 22 6 15 3 0 60 1 60 5 60 
21 1 7 22 2 4 85 7 84 2 1 23 6 23 1 1 83 2 1 50 7 48 2 3 49 7 55 2 0 65 4 57 3 0 21 5 20 7 21 4 2 64 3 64 6 64 7 65 1 6 71 3 1 46 6 47 7 46 2 2 44 4 47 1 3 42 2 0 17 7 20 3 3 75 5 80 7 80 3 5 16 6 16 7 16 1 3 97 1 3 29 4 0 81 3 83 6 80 7 81 2 1 39 5 38 4 2 38 3 46 5 47 6 47 
16 4 4 40 5 50 6 45 7 49 4 0 55 3 51 5 47 6 49 2 0 58 2 58 3 1 54 5 52 6 54 4 1 29 4 33 5 30 7 35 3 0 94 1 88 6 92 4 0 86 1 88 2 91 6 85 2 5 44 6 43 1 1 58 1 5 84 1 6 94 4 1 82 2 88 4 83 5 87 3 4 86 6 86 7 86 3 0 53 6 54 7 57 1 7 14 3 0 87 1 89 7 91 
16 1 3 64 2 0 71 6 72 5 1 91 2 91 3 93 4 91 6 91 5 0 47 1 44 3 46 5 43 7 41 3 1 48 4 52 6 49 1 7 62 5 0 27 1 27 3 23 4 31 5 23 4 0 90 2 90 4 86 6 91 3 2 16 3 18 5 16 4 1 17 4 20 6 17 7 13 3 1 68 3 66 5 69 2 0 60 7 60 2 0 38 6 41 3 1 68 2 64 6 68 4 2 73 3 77 6 73 7 75 1 4 51 
25 1 6 23 2 2 54 3 47 4 0 73 2 73 3 70 4 69 4 0 28 1 25 4 28 6 28 1 4 37 2 0 16 2 15 5 0 48 1 51 4 45 5 45 6 47 3 2 27 3 22 5 23 4 3 66 4 74 5 70 6 70 1 6 33 4 2 88 4 88 5 88 6 88 2 1 17 4 19 2 4 53 7 53 1 0 54 2 1 78 6 78 1 0 78 1 1 74 3 0 85 1 86 5 85 4 0 41 2 39 4 36 5 38 1 0 58 1 5 25 2 0 48 3 48 2 0 39 2 34 3 0 46 3 50 4 42 3 0 32 3 32 5 34 

Dynamic Events

# Machine Breakdowns (machine_id start_time end_time)
Machine Breakdowns
2 2311 2353

# Added Jobs (arrival_time: num_ops num_alts_op1 m1 p1 ... num_alts_op2 m1 p1 ...)
Added Jobs
729: 19 4 0 87 7 44 6 71 2 17 6 1 49 3 59 4 20 5 32 7 76 2 41 2 5 38 1 52 5 5 18 7 12 3 93 4 68 1 33 1 7 13 5 0 48 5 85 4 67 6 35 2 18 2 5 39 4 26 3 0 81 3 30 2 59 5 6 20 3 24 7 79 1 30 0 99 1 7 34 6 4 31 1 56 6 55 2 17 0 92 5 41 6 7 57 1 80 5 18 0 70 2 48 4 77 3 3 92 1 38 2 66 3 4 45 5 60 0 86 3 4 78 0 13 6 70 3 7 25 6 28 2 21 6 0 14 5 52 1 62 4 54 7 41 6 98 5 4 42 6 16 7 25 1 56 0 19 6 7 18 4 19 6 25 1 78 0 44 2 44 
1400: 23 3 7 42 6 62 0 68 5 2 87 6 39 7 93 5 31 3 21 3 3 91 4 92 5 93 2 4 75 6 64 4 0 48 6 55 3 77 1 84 2 6 14 5 93 4 2 64 6 21 1 27 4 19 2 4 68 5 89 1 5 48 6 6 75 2 22 7 52 3 71 4 85 5 21 1 3 42 5 0 85 1 76 4 74 7 83 2 50 2 5 25 7 83 3 6 48 3 90 5 79 2 3 23 0 72 1 3 58 5 6 75 1 64 3 30 4 63 5 64 5 3 77 2 96 1 38 7 23 4 21 6 0 33 5 49 6 73 4 52 1 53 3 60 1 3 88 2 3 25 7 64 5 1 19 5 23 3 93 6 84 7 17 1 4 69 
1606: 16 2 5 42 6 83 4 3 44 7 12 2 99 5 59 2 5 61 1 96 2 1 57 6 77 4 4 50 0 53 6 98 2 76 4 2 15 1 33 5 33 3 34 1 4 76 5 4 20 5 94 1 72 6 47 2 30 1 6 27 2 0 13 7 66 4 6 17 4 29 1 56 2 94 6 2 39 6 14 4 23 0 67 1 30 3 73 1 1 35 5 3 67 0 64 5 73 1 28 4 34 6 4 19 3 52 7 33 1 29 2 47 0 53 3 5 17 1 97 6 92 
1650: 19 3 4 65 2 74 7 62 5 0 55 1 96 7 39 4 32 2 70 4 7 53 6 30 0 71 1 49 5 7 67 0 41 2 60 3 67 4 77 1 4 64 3 4 60 7 47 2 60 3 6 45 7 93 1 36 2 5 47 0 59 3 6 24 5 93 0 53 5 1 35 5 38 7 49 0 36 3 94 3 4 77 6 66 0 41 3 7 84 3 46 4 56 3 0 60 3 31 2 29 1 3 66 2 2 40 7 83 6 7 74 2 53 1 33 3 53 4 83 0 77 4 7 53 6 43 5 38 1 90 6 4 70 2 90 6 97 1 33 5 30 0 41 4 6 82 0 72 4 52 2 86 
1985: 18 4 3 55 7 92 0 90 4 43 1 4 54 4 3 23 2 68 5 55 1 38 3 7 33 0 27 2 78 1 7 92 4 6 92 1 78 7 67 2 49 1 7 75 4 0 50 1 54 7 60 4 94 6 7 34 0 87 2 36 1 91 6 80 3 95 4 6 85 5 50 3 28 7 85 4 4 68 1 85 6 23 2 47 6 6 55 0 87 3 42 4 21 7 77 1 97 5 1 86 3 63 4 32 0 46 2 78 3 0 16 5 58 6 23 6 4 48 7 64 0 24 2 90 3 45 6 30 1 7 55 2 2 98 0 96 3 6 60 7 63 3 59 
2083: 25 3 7 39 3 97 5 65 2 7 62 6 49 1 6 46 4 7 66 4 61 6 51 3 58 6 4 71 1 56 5 50 7 21 2 72 0 88 5 4 52 2 20 3 20 6 71 7 54 2 5 37 6 27 2 2 63 3 31 3 1 23 6 45 7 42 1 2 38 6 3 78 6 85 7 76 2 41 1 54 0 30 4 2 24 7 29 4 61 1 75 4 1 89 4 56 7 59 2 60 2 0 15 4 71 3 6 86 5 39 2 49 3 6 29 0 87 2 49 5 7 39 1 79 3 47 6 23 2 51 5 3 46 5 54 4 74 2 33 6 99 1 7 86 5 0 94 7 67 2 38 6 79 5 45 6 7 44 4 71 0 39 1 67 2 52 6 84 2 3 96 1 85 2 4 85 6 83 5 0 32 2 22 7 58 5 57 3 33 2 7 28 2 30 

# Cancelled Jobs (cancel_time initial_job_sim_idx_to_cancel)
Cancelled Jobs
923 1

# ETPC Constraints (fore_job_sim_idx fore_op_idx hind_job_sim_idx hind_op_idx time_lapse)
ETPC Constraints
9 7 8 10 16
18 1 0 11 3
19 11 13 12 13
6 5 12 10 14
9 0 0 12 8
0 11 8 9 16
2 13 1 0 13
17 4 5 5 19
2 22 1 6 12
0 5 5 1 20
5 4 6 3 7
4 15 9 16 16
4 7 19 8 4
14 15 20 7 12
13 9 12 4 10
2 6 11 18 8
1 1 4 16 11
4 15 5 12 12
0 2 19 5 8
19 17 18 4 19
3 5 4 10 8
20 4 1 8 11
16 11 15 5 15
9 6 12 13 11
17 9 5 4 15
18 5 20 14 6
10 1 12 15 17
2 10 12 11 7
0 2 19 1 15
19 4 3 1 7
11 1 19 6 12
3 7 17 13 4
12 14 13 3 6
13 13 17 13 18
9 0 5 11 16
1 9 18 0 14
1 9 2 15 10
9 18 6 5 5
1 1 11 15 6
16 7 6 6 12
7 12 0 13 7
20 5 18 20 6
