15 8
15 2 1 30 3 32 4 0 62 1 62 2 65 6 67 2 1 34 2 30 3 0 79 1 80 3 77 1 7 25 3 0 64 3 66 5 64 1 1 37 2 0 16 7 12 5 0 56 1 60 4 61 6 65 7 60 3 1 90 3 90 7 92 5 1 38 2 44 4 42 6 42 7 43 1 4 89 2 5 65 7 60 4 0 43 1 44 3 50 5 45 2 5 91 7 88 
20 3 1 71 6 71 7 75 1 1 29 1 7 89 2 0 16 1 16 4 1 24 5 22 6 25 7 27 2 2 91 3 82 3 0 24 2 24 6 25 3 2 75 6 76 7 77 1 3 36 4 1 67 3 65 5 71 6 67 1 4 49 3 0 58 3 55 5 53 3 2 40 4 40 7 40 4 0 45 1 50 4 50 6 54 1 4 72 2 2 76 3 75 2 2 77 4 79 3 0 77 3 81 4 80 4 1 41 4 42 5 43 6 41 4 0 99 1 94 4 92 6 92 
23 1 7 69 5 0 27 1 27 4 27 5 27 7 26 3 1 85 4 86 5 84 4 0 71 1 76 5 71 7 66 5 0 50 1 42 2 45 5 45 7 45 2 3 60 7 60 1 1 55 2 1 37 3 33 2 4 93 7 91 5 0 36 2 35 3 36 5 41 6 36 1 4 58 3 1 69 5 67 6 67 1 3 65 2 0 59 5 60 1 3 29 2 0 26 1 22 3 1 39 4 37 6 37 5 1 71 2 74 3 67 4 71 7 74 4 0 74 1 79 4 78 5 76 1 6 69 4 0 61 1 64 3 67 6 62 4 1 47 3 43 4 41 6 45 2 0 56 2 55 
18 3 2 59 4 59 7 62 1 3 68 2 0 90 5 90 3 2 34 3 31 4 33 1 6 62 1 4 22 2 0 62 4 66 2 1 36 7 32 1 5 96 3 1 34 2 38 6 33 3 0 83 3 79 4 78 2 2 42 5 42 4 3 57 4 67 5 62 6 59 2 1 91 4 91 1 0 66 2 0 87 2 87 2 0 42 3 44 3 0 30 3 37 4 36 
21 3 1 59 2 54 5 53 4 1 88 2 88 3 88 4 91 4 0 41 1 41 3 36 6 39 3 2 82 6 78 7 81 2 2 40 6 45 3 1 90 3 93 6 89 1 0 59 1 1 94 2 5 41 7 46 2 2 31 3 32 4 1 58 2 59 5 56 7 55 3 4 92 6 94 7 88 3 0 72 4 67 6 67 5 2 65 3 62 4 59 5 58 7 60 3 3 93 4 93 6 97 1 4 39 2 1 95 4 95 3 0 67 5 70 6 66 3 4 80 5 84 6 80 4 0 68 4 70 5 68 7 67 3 1 20 4 21 6 21 
15 1 4 30 5 0 33 2 28 3 31 4 29 5 32 1 6 24 1 6 100 3 0 86 2 84 7 86 1 7 67 3 0 20 3 21 5 20 4 0 83 1 85 3 79 5 80 1 6 39 2 4 67 7 74 2 0 39 4 43 3 1 97 2 97 3 95 3 0 29 5 26 6 30 3 3 31 6 35 7 35 3 2 87 4 87 7 86 
17 4 0 72 4 72 5 77 7 70 2 6 84 7 86 1 1 54 1 6 37 1 1 52 2 2 59 5 62 4 0 55 2 61 3 58 7 58 2 3 96 4 93 2 2 74 7 71 2 0 77 3 80 2 6 20 7 14 1 2 34 1 7 54 3 1 53 3 58 7 52 4 0 24 4 21 5 20 6 23 3 0 57 5 55 6 58 1 7 84 
25 4 3 47 4 48 5 48 7 47 4 0 71 2 67 5 74 6 71 3 2 30 5 35 7 38 2 1 48 4 48 2 1 51 3 51 4 3 43 4 38 5 39 6 36 3 1 72 3 73 6 73 1 2 38 1 2 69 1 3 62 2 2 40 7 36 1 6 18 2 2 30 5 33 1 4 48 1 0 92 2 1 57 4 58 1 7 38 5 0 63 1 67 2 66 4 70 7 67 4 2 23 5 26 6 29 7 21 1 1 32 1 3 62 1 0 58 3 0 62 3 62 5 62 1 7 42 2 6 43 7 44 
23 2 0 79 6 80 3 0 46 6 43 7 43 1 7 78 1 2 51 3 2 72 4 73 6 76 2 0 39 7 42 6 0 76 1 77 2 78 3 75 4 79 6 72 2 5 45 6 48 1 2 80 2 3 44 7 42 1 6 18 4 0 61 1 62 2 60 5 62 2 2 99 7 93 1 4 25 1 7 38 4 0 94 1 94 3 95 7 90 3 2 82 3 80 4 81 1 5 44 2 5 81 7 77 1 6 43 3 2 58 5 58 7 58 5 0 56 2 56 3 58 4 61 7 57 2 5 29 7 33 
19 1 2 63 2 5 52 6 52 1 5 92 4 1 34 3 33 4 35 5 34 3 4 77 6 80 7 73 2 2 44 7 44 3 1 32 2 30 4 30 3 0 42 3 37 6 37 3 2 73 3 82 6 74 1 3 75 1 6 60 4 0 74 1 73 6 77 7 76 4 0 28 2 26 4 27 6 31 2 5 47 6 54 3 0 13 1 18 2 19 2 5 41 6 37 2 0 26 4 21 3 2 72 6 79 7 78 1 5 85 
19 2 1 63 4 60 2 3 90 5 93 2 2 54 5 53 2 0 80 3 79 1 6 60 2 2 63 3 56 3 4 89 6 89 7 87 2 1 52 6 47 1 2 79 2 5 66 7 63 3 0 44 3 44 7 47 1 0 91 2 0 82 7 86 1 5 36 1 3 72 1 6 14 4 0 59 1 59 2 52 6 59 3 3 19 4 22 6 15 3 0 60 1 60 5 60 
21 1 7 22 2 4 85 7 84 2 1 23 6 23 1 1 83 2 1 50 7 48 2 3 49 7 55 2 0 65 4 57 3 0 21 5 20 7 21 4 2 64 3 64 6 64 7 65 1 6 71 3 1 46 6 47 7 46 2 2 44 4 47 1 3 42 2 0 17 7 20 3 3 75 5 80 7 80 3 5 16 6 16 7 16 1 3 97 1 3 29 4 0 81 3 83 6 80 7 81 2 1 39 5 38 4 2 38 3 46 5 47 6 47 
16 4 4 40 5 50 6 45 7 49 4 0 55 3 51 5 47 6 49 2 0 58 2 58 3 1 54 5 52 6 54 4 1 29 4 33 5 30 7 35 3 0 94 1 88 6 92 4 0 86 1 88 2 91 6 85 2 5 44 6 43 1 1 58 1 5 84 1 6 94 4 1 82 2 88 4 83 5 87 3 4 86 6 86 7 86 3 0 53 6 54 7 57 1 7 14 3 0 87 1 89 7 91 
16 1 3 64 2 0 71 6 72 5 1 91 2 91 3 93 4 91 6 91 5 0 47 1 44 3 46 5 43 7 41 3 1 48 4 52 6 49 1 7 62 5 0 27 1 27 3 23 4 31 5 23 4 0 90 2 90 4 86 6 91 3 2 16 3 18 5 16 4 1 17 4 20 6 17 7 13 3 1 68 3 66 5 69 2 0 60 7 60 2 0 38 6 41 3 1 68 2 64 6 68 4 2 73 3 77 6 73 7 75 1 4 51 
25 1 6 23 2 2 54 3 47 4 0 73 2 73 3 70 4 69 4 0 28 1 25 4 28 6 28 1 4 37 2 0 16 2 15 5 0 48 1 51 4 45 5 45 6 47 3 2 27 3 22 5 23 4 3 66 4 74 5 70 6 70 1 6 33 4 2 88 4 88 5 88 6 88 2 1 17 4 19 2 4 53 7 53 1 0 54 2 1 78 6 78 1 0 78 1 1 74 3 0 85 1 86 5 85 4 0 41 2 39 4 36 5 38 1 0 58 1 5 25 2 0 48 3 48 2 0 39 2 34 3 0 46 3 50 4 42 3 0 32 3 32 5 34 

Dynamic Events

# Machine Breakdowns (machine_id start_time end_time)
Machine Breakdowns
1 965 1004
4 2824 2865
5 4765 4796

# Added Jobs (arrival_time: num_ops num_alts_op1 m1 p1 ... num_alts_op2 m1 p1 ...)
Added Jobs
721: 16 1 4 25 3 4 24 7 30 3 47 1 0 88 6 3 92 1 79 6 17 0 35 5 70 2 41 1 0 21 2 3 50 5 78 3 6 50 0 21 4 41 3 5 46 1 71 2 24 2 2 46 1 47 2 5 29 7 27 5 6 75 1 73 4 31 2 92 7 89 1 0 14 3 6 38 2 15 7 33 6 0 96 7 33 6 67 3 53 5 18 1 56 2 5 28 4 28 4 4 33 5 32 2 23 3 83 
808: 22 4 0 86 5 51 1 81 6 97 6 1 27 6 61 7 50 0 65 4 24 2 40 2 6 14 5 80 6 2 84 3 96 6 88 7 16 4 74 1 18 4 2 59 6 42 0 81 4 89 2 6 23 4 55 2 5 53 3 57 6 7 21 6 49 4 57 5 63 0 86 2 55 5 2 36 7 22 3 28 4 66 1 63 1 1 91 4 3 22 5 70 0 47 7 92 4 7 42 2 89 5 78 3 95 3 4 64 0 84 7 64 6 2 38 3 83 0 94 1 23 7 30 6 41 2 1 41 5 70 2 0 30 1 77 3 2 68 6 62 4 72 4 3 47 0 43 6 95 1 62 1 4 52 4 4 34 6 89 2 55 5 80 3 3 25 1 21 6 14 3 3 22 1 79 0 21 
1285: 18 2 0 18 6 84 6 6 40 5 41 3 70 1 39 7 50 0 31 6 7 88 1 52 0 19 5 38 6 45 2 52 5 6 20 2 68 4 19 5 41 7 82 6 5 48 1 74 3 67 0 86 2 37 7 36 3 4 26 1 68 6 35 6 1 30 6 42 2 30 7 24 3 30 5 88 2 3 62 5 63 4 6 16 2 47 4 36 1 61 6 5 82 1 77 4 31 6 72 7 26 3 88 4 0 71 7 45 2 49 4 87 6 3 52 7 72 2 24 1 57 4 65 0 55 5 6 74 0 27 4 78 5 52 7 75 4 6 14 3 50 7 19 2 57 5 4 65 2 87 7 86 1 67 3 35 5 5 72 3 84 7 83 0 14 1 92 5 2 67 1 28 3 95 6 44 4 49 3 3 59 4 57 7 86 
1821: 19 3 3 66 5 20 2 39 4 4 48 3 95 0 63 2 67 3 2 99 6 44 5 35 5 3 36 1 76 4 72 0 79 7 24 4 1 77 3 78 0 13 5 74 2 6 33 0 73 5 4 45 5 36 1 74 7 43 6 79 2 1 33 0 18 5 6 39 7 33 3 97 4 62 0 69 4 0 94 1 90 2 55 6 76 5 5 23 7 91 2 49 0 67 3 40 3 4 37 2 68 5 17 5 1 37 7 75 6 93 0 29 5 60 2 3 24 7 72 4 7 20 4 41 0 77 5 27 1 4 72 3 4 94 7 35 6 72 2 3 25 5 53 1 2 89 

# Cancelled Jobs (cancel_time initial_job_sim_idx_to_cancel)
Cancelled Jobs
609 1
877 4

# ETPC Constraints (fore_job_sim_idx fore_op_idx hind_job_sim_idx hind_op_idx time_lapse)
ETPC Constraints
12 5 4 20 7
7 17 12 9 19
16 10 2 20 8
15 15 17 2 14
14 4 9 1 7
11 15 2 1 5
9 16 14 13 12
9 7 4 10 8
15 17 16 12 12
9 4 14 2 3
17 1 5 1 9
12 0 10 7 16
8 14 7 12 20
16 2 1 1 10
12 5 1 11 14
14 15 17 0 19
15 16 1 17 8
3 16 16 3 16
6 1 1 16 4
12 13 7 16 20
3 4 15 5 6
16 10 14 12 5
17 10 7 3 19
3 7 4 11 17
0 12 16 2 10
6 10 1 16 4
18 15 5 0 13
0 1 16 1 3
8 4 0 4 18
14 14 2 19 20
1 19 6 16 6
3 11 16 16 14
8 5 15 15 13
16 5 9 5 6
