20 10
15 7 0 66 3 66 5 66 6 66 7 66 8 66 9 66 4 1 29 5 29 8 29 9 29 8 0 11 1 11 2 11 3 11 4 11 7 11 8 11 9 11 4 0 62 1 62 3 62 7 62 5 0 94 2 94 5 94 6 94 7 94 5 0 41 2 41 5 41 8 41 9 41 8 0 90 1 90 2 90 4 90 5 90 6 90 8 90 9 90 6 0 63 2 63 5 63 6 63 7 63 9 63 4 0 45 4 45 5 45 9 45 4 5 91 7 91 8 91 9 91 4 0 73 5 73 6 73 8 73 5 0 31 3 31 5 31 7 31 9 31 8 0 97 2 97 3 97 5 97 6 97 7 97 8 97 9 97 5 0 11 2 11 4 11 7 11 8 11 5 0 20 4 20 5 20 6 20 7 20 
20 4 2 90 4 90 8 90 9 90 7 1 21 2 21 3 21 4 21 6 21 7 21 9 21 7 0 78 1 78 2 78 3 78 4 78 5 78 8 78 5 0 37 4 37 6 37 8 37 9 37 7 0 68 1 68 4 68 5 68 7 68 8 68 9 68 5 2 48 3 48 5 48 6 48 7 48 7 0 55 1 55 3 55 4 55 5 55 6 55 9 55 3 1 38 5 38 9 38 4 1 49 2 49 8 49 9 49 3 0 69 1 69 9 69 7 0 73 1 73 3 73 4 73 6 73 7 73 9 73 3 0 80 2 80 6 80 4 1 83 3 83 5 83 6 83 6 0 39 1 39 4 39 6 39 7 39 9 39 4 0 98 1 98 2 98 9 98 6 1 71 2 71 3 71 4 71 5 71 9 71 5 0 24 2 24 5 24 7 24 9 24 9 0 89 1 89 2 89 3 89 5 89 6 89 7 89 8 89 9 89 2 1 73 2 73 8 0 44 1 44 2 44 3 44 4 44 5 44 6 44 9 44 
23 7 2 61 4 61 5 61 6 61 7 61 8 61 9 61 5 0 53 1 53 4 53 7 53 9 53 5 0 35 1 35 4 35 6 35 9 35 6 2 95 3 95 4 95 6 95 8 95 9 95 6 0 33 1 33 2 33 4 33 5 33 6 33 1 1 59 4 3 68 4 68 5 68 7 68 4 1 61 6 61 8 61 9 61 5 2 56 4 56 6 56 7 56 8 56 7 0 28 2 28 3 28 4 28 6 28 7 28 9 28 3 2 18 3 18 9 18 4 1 35 2 35 8 35 9 35 5 0 73 1 73 4 73 6 73 7 73 3 2 78 7 78 9 78 4 0 70 2 70 8 70 9 70 5 1 65 2 65 4 65 6 65 9 65 7 0 44 2 44 4 44 5 44 6 44 8 44 9 44 6 0 56 3 56 4 56 5 56 6 56 8 56 5 0 60 1 60 3 60 6 60 9 60 6 0 69 1 69 3 69 4 69 5 69 8 69 3 2 94 5 94 7 94 3 0 28 2 28 6 28 2 1 63 9 63 
18 5 0 17 3 17 5 17 8 17 9 17 4 1 61 5 61 6 61 9 61 5 1 34 3 34 6 34 8 34 9 34 4 0 96 1 96 4 96 6 96 7 0 31 1 31 2 31 3 31 5 31 7 31 9 31 3 0 82 2 82 8 82 6 1 40 3 40 4 40 6 40 8 40 9 40 5 0 63 4 63 5 63 6 63 7 63 6 0 95 2 95 3 95 4 95 6 95 7 95 6 0 68 1 68 3 68 5 68 7 68 8 68 4 0 91 4 91 6 91 8 91 8 0 43 1 43 2 43 3 43 4 43 5 43 7 43 9 43 4 3 32 4 32 7 32 9 32 3 2 54 4 54 6 54 4 0 92 1 92 8 92 9 92 8 0 40 3 40 4 40 5 40 6 40 7 40 8 40 9 40 4 1 84 3 84 5 84 9 84 5 1 38 2 38 4 38 8 38 9 38 
21 5 1 94 2 94 4 94 6 94 8 94 8 0 63 1 63 2 63 3 63 4 63 5 63 8 63 9 63 4 3 99 4 99 6 99 9 99 6 2 45 3 45 5 45 6 45 7 45 8 45 6 0 28 1 28 2 28 6 28 7 28 9 28 6 2 59 4 59 6 59 7 59 8 59 9 59 5 4 97 6 97 7 97 8 97 9 97 7 0 69 2 69 5 69 6 69 7 69 8 69 9 69 6 1 61 3 61 4 61 7 61 8 61 9 61 7 0 98 2 98 3 98 5 98 7 98 8 98 9 98 5 1 42 2 42 3 42 6 42 8 42 6 0 100 1 100 3 100 4 100 6 100 7 100 5 1 68 6 68 7 68 8 68 9 68 2 2 83 7 83 6 0 69 1 69 2 69 5 69 7 69 9 69 4 3 17 4 17 8 17 9 17 4 0 26 2 26 7 26 8 26 1 7 29 7 1 20 2 20 3 20 5 20 6 20 7 20 8 20 6 1 100 2 100 3 100 6 100 7 100 9 100 3 1 87 3 87 6 87 
15 5 1 67 2 67 3 67 7 67 8 67 7 1 16 2 16 3 16 4 16 7 16 8 16 9 16 3 2 86 3 86 5 86 5 1 36 2 36 4 36 6 36 9 36 3 1 73 5 73 8 73 6 1 41 2 41 3 41 4 41 7 41 9 41 5 2 100 4 100 6 100 8 100 9 100 3 1 23 2 23 8 23 4 3 33 4 33 5 33 8 33 4 0 92 2 92 5 92 8 92 7 0 74 3 74 5 74 6 74 7 74 8 74 9 74 5 0 90 1 90 4 90 6 90 7 90 7 0 49 1 49 2 49 3 49 4 49 5 49 9 49 3 4 34 5 34 7 34 5 1 47 2 47 4 47 7 47 8 47 
17 3 1 62 3 62 8 62 2 5 59 8 59 8 1 98 2 98 3 98 5 98 6 98 7 98 8 98 9 98 6 1 73 5 73 6 73 7 73 8 73 9 73 2 6 79 9 79 4 5 10 6 10 7 10 9 10 6 1 32 3 32 4 32 7 32 8 32 9 32 8 0 55 1 55 2 55 3 55 4 55 5 55 7 55 9 55 3 4 53 5 53 9 53 2 6 19 8 19 2 2 55 3 55 6 0 88 2 88 3 88 4 88 6 88 7 88 3 0 46 2 46 7 46 6 0 73 2 73 6 73 7 73 8 73 9 73 7 1 30 2 30 3 30 4 30 5 30 7 30 8 30 7 1 48 2 48 3 48 4 48 5 48 6 48 9 48 7 1 50 2 50 4 50 5 50 6 50 7 50 8 50 
25 3 3 37 4 37 5 37 6 0 75 2 75 6 75 7 75 8 75 9 75 7 1 36 2 36 3 36 4 36 5 36 6 36 9 36 4 1 71 3 71 5 71 7 71 5 0 66 5 66 6 66 7 66 9 66 5 1 39 2 39 3 39 5 39 6 39 6 1 17 3 17 4 17 6 17 7 17 8 17 5 1 30 5 30 6 30 7 30 8 30 8 1 42 2 42 4 42 5 42 6 42 7 42 8 42 9 42 5 1 94 5 94 6 94 8 94 9 94 7 1 59 2 59 3 59 5 59 6 59 8 59 9 59 3 0 36 6 36 9 36 5 2 68 4 68 6 68 8 68 9 68 6 1 21 3 21 4 21 5 21 6 21 8 21 5 0 25 1 25 2 25 6 25 9 25 4 0 65 2 65 3 65 4 65 4 2 58 5 58 6 58 8 58 5 2 65 3 65 4 65 6 65 8 65 5 0 36 2 36 3 36 4 36 9 36 2 3 45 6 45 4 1 82 3 82 4 82 5 82 5 0 42 2 42 3 42 6 42 9 42 4 1 82 4 82 6 82 7 82 4 0 51 4 51 5 51 6 51 8 0 75 1 75 2 75 4 75 6 75 7 75 8 75 9 75 
23 3 4 35 5 35 8 35 5 0 78 1 78 2 78 5 78 9 78 6 0 43 1 43 2 43 3 43 5 43 9 43 3 4 77 8 77 9 77 5 0 42 2 42 3 42 6 42 9 42 4 0 18 2 18 8 18 9 18 4 0 63 3 63 8 63 9 63 5 1 99 2 99 3 99 7 99 8 99 6 2 16 3 16 4 16 5 16 7 16 8 16 4 2 34 4 34 6 34 9 34 2 0 99 8 99 5 1 87 2 87 3 87 4 87 8 87 5 1 46 3 46 5 46 6 46 9 46 5 1 81 3 81 5 81 8 81 9 81 4 3 41 4 41 7 41 8 41 6 2 58 3 58 5 58 6 58 7 58 9 58 6 0 57 2 57 3 57 6 57 7 57 8 57 6 3 30 4 30 5 30 6 30 7 30 8 30 6 1 60 2 60 3 60 6 60 7 60 8 60 6 1 52 2 52 5 52 6 52 7 52 8 52 4 0 92 4 92 7 92 8 92 4 1 32 3 32 5 32 7 32 8 0 80 1 80 2 80 3 80 4 80 5 80 7 80 8 80 
19 6 0 42 1 42 3 42 4 42 5 42 8 42 6 0 33 2 33 3 33 6 33 7 33 9 33 5 0 40 3 40 5 40 8 40 9 40 5 1 80 2 80 5 80 8 80 9 80 6 0 72 1 72 2 72 5 72 7 72 8 72 4 0 64 2 64 4 64 9 64 5 0 77 3 77 4 77 7 77 8 77 7 0 23 1 23 3 23 4 23 5 23 8 23 9 23 6 0 50 1 50 2 50 3 50 4 50 8 50 4 4 13 5 13 6 13 9 13 2 5 38 6 38 4 1 21 2 21 6 21 8 21 5 0 77 3 77 4 77 6 77 7 77 5 4 95 6 95 7 95 8 95 9 95 4 3 60 4 60 5 60 6 60 7 0 94 2 94 3 94 4 94 5 94 6 94 8 94 5 1 53 2 53 3 53 4 53 5 53 6 0 82 1 82 5 82 6 82 8 82 9 82 10 0 60 1 60 2 60 3 60 4 60 5 60 6 60 7 60 8 60 9 60 
19 6 0 60 1 60 3 60 5 60 8 60 9 60 3 0 93 6 93 9 93 7 0 49 1 49 3 49 4 49 5 49 6 49 8 49 6 0 82 2 82 4 82 5 82 8 82 9 82 5 1 68 2 68 5 68 6 68 8 68 8 0 42 1 42 3 42 5 42 6 42 7 42 8 42 9 42 3 0 96 7 96 8 96 7 0 90 2 90 4 90 5 90 7 90 8 90 9 90 6 1 36 2 36 4 36 6 36 7 36 8 36 5 0 70 1 70 5 70 6 70 7 70 3 4 12 5 12 6 12 7 0 56 1 56 2 56 4 56 6 56 8 56 9 56 5 0 14 4 14 5 14 8 14 9 14 5 0 60 2 60 4 60 6 60 8 60 4 0 18 2 18 8 18 9 18 6 1 88 2 88 3 88 4 88 8 88 9 88 5 1 19 6 19 7 19 8 19 9 19 3 0 87 1 87 8 87 8 0 50 2 50 4 50 5 50 6 50 7 50 8 50 9 50 
21 3 2 50 6 50 9 50 4 0 63 1 63 3 63 5 63 6 0 16 2 16 3 16 4 16 7 16 9 16 3 0 65 1 65 2 65 6 0 71 1 71 5 71 7 71 8 71 9 71 6 0 44 2 44 3 44 5 44 7 44 9 44 5 0 46 3 46 4 46 7 46 8 46 6 0 35 2 35 4 35 6 35 7 35 9 35 5 1 11 2 11 4 11 7 11 9 11 3 5 83 8 83 9 83 7 1 12 2 12 3 12 5 12 6 12 8 12 9 12 2 7 98 8 98 6 4 25 5 25 6 25 7 25 8 25 9 25 7 1 84 3 84 4 84 5 84 6 84 8 84 9 84 4 0 36 5 36 7 36 9 36 5 0 41 5 41 6 41 8 41 9 41 4 2 44 3 44 6 44 8 44 5 0 51 2 51 6 51 7 51 9 51 4 1 58 2 58 5 58 6 58 5 0 56 1 56 4 56 7 56 9 56 4 1 27 5 27 7 27 8 27 
16 3 0 97 5 97 7 97 5 0 93 2 93 6 93 8 93 9 93 6 1 41 2 41 3 41 4 41 7 41 9 41 4 3 59 5 59 6 59 9 59 4 3 83 5 83 7 83 8 83 2 7 99 8 99 6 0 90 1 90 4 90 5 90 7 90 8 90 7 0 90 2 90 3 90 4 90 7 90 8 90 9 90 6 0 58 1 58 2 58 3 58 6 58 8 58 7 0 15 3 15 4 15 5 15 6 15 8 15 9 15 5 0 95 1 95 2 95 5 95 7 95 4 1 65 4 65 7 65 8 65 5 0 73 2 73 4 73 6 73 7 73 6 2 96 3 96 4 96 5 96 6 96 8 96 6 1 42 2 42 4 42 6 42 7 42 8 42 3 0 53 7 53 8 53 
16 7 1 61 2 61 4 61 5 61 6 61 8 61 9 61 4 3 24 5 24 6 24 9 24 6 0 90 4 90 6 90 7 90 8 90 9 90 5 2 11 5 11 6 11 8 11 9 11 7 0 12 1 12 4 12 6 12 7 12 8 12 9 12 3 0 68 1 68 8 68 5 0 61 6 61 7 61 8 61 9 61 2 2 40 7 40 3 2 70 5 70 6 70 6 0 76 1 76 2 76 3 76 4 76 7 76 4 1 48 3 48 6 48 8 48 8 0 19 1 19 2 19 4 19 5 19 6 19 7 19 9 19 3 4 49 8 49 9 49 3 0 76 3 76 4 76 7 1 24 2 24 3 24 5 24 6 24 8 24 9 24 3 1 35 4 35 7 35 
25 4 1 10 2 10 3 10 7 10 6 1 46 4 46 5 46 6 46 7 46 9 46 5 1 18 3 18 4 18 6 18 7 18 4 1 72 3 72 8 72 9 72 6 0 32 1 32 2 32 4 32 5 32 7 32 4 1 92 4 92 6 92 7 92 4 1 14 2 14 7 14 8 14 6 2 53 5 53 6 53 7 53 8 53 9 53 4 2 49 6 49 7 49 9 49 4 0 83 1 83 4 83 5 83 6 0 81 1 81 2 81 4 81 6 81 8 81 5 0 76 4 76 6 76 7 76 9 76 4 2 88 3 88 7 88 9 88 5 0 34 2 34 4 34 5 34 6 34 5 0 54 3 54 5 54 6 54 8 54 5 3 22 4 22 5 22 6 22 8 22 4 1 47 2 47 3 47 4 47 5 0 31 3 31 4 31 6 31 7 31 4 1 43 4 43 7 43 8 43 4 1 29 2 29 4 29 9 29 7 0 59 1 59 2 59 3 59 4 59 6 59 9 59 7 0 26 2 26 3 26 4 26 5 26 7 26 8 26 6 0 57 2 57 5 57 6 57 7 57 8 57 4 0 11 2 11 4 11 7 11 2 3 90 6 90 
17 4 0 55 2 55 6 55 9 55 7 0 71 2 71 3 71 5 71 6 71 7 71 8 71 4 2 64 5 64 7 64 9 64 4 1 36 3 36 5 36 6 36 8 0 26 1 26 2 26 3 26 4 26 5 26 7 26 9 26 5 1 34 2 34 5 34 7 34 8 34 4 0 68 3 68 7 68 8 68 8 0 55 1 55 2 55 3 55 4 55 5 55 6 55 9 55 5 1 41 2 41 4 41 6 41 9 41 6 0 36 2 36 3 36 4 36 7 36 8 36 3 0 64 4 64 7 64 5 0 91 2 91 3 91 4 91 7 91 4 0 16 7 16 8 16 9 16 5 1 29 2 29 4 29 5 29 6 29 6 1 87 2 87 6 87 7 87 8 87 9 87 7 0 76 2 76 3 76 5 76 6 76 7 76 9 76 5 0 69 1 69 5 69 6 69 8 69 
21 3 0 72 1 72 4 72 5 0 66 4 66 5 66 7 66 8 66 3 2 33 4 33 9 33 5 0 21 2 21 4 21 5 21 9 21 5 1 81 4 81 5 81 7 81 9 81 4 1 22 3 22 5 22 7 22 4 1 60 5 60 8 60 9 60 6 0 85 4 85 6 85 7 85 8 85 9 85 4 0 37 3 37 7 37 9 37 6 0 70 2 70 4 70 5 70 8 70 9 70 2 1 58 7 58 4 2 49 3 49 8 49 9 49 5 0 59 2 59 3 59 6 59 9 59 6 3 54 4 54 5 54 6 54 8 54 9 54 6 1 39 2 39 3 39 4 39 5 39 9 39 4 4 78 5 78 8 78 9 78 3 0 95 3 95 9 95 2 4 21 7 21 4 2 36 5 36 7 36 9 36 7 0 66 1 66 2 66 3 66 7 66 8 66 9 66 4 0 84 1 84 2 84 7 84 
17 7 0 11 1 11 2 11 4 11 6 11 7 11 9 11 4 2 37 4 37 5 37 8 37 4 0 11 1 11 3 11 8 11 4 1 81 3 81 5 81 6 81 5 2 46 5 46 6 46 7 46 8 46 7 0 76 1 76 2 76 4 76 6 76 7 76 9 76 1 7 20 4 1 96 2 96 8 96 9 96 7 1 73 2 73 3 73 6 73 7 73 8 73 9 73 6 1 43 2 43 3 43 4 43 7 43 8 43 6 2 84 3 84 6 84 7 84 8 84 9 84 5 3 75 6 75 7 75 8 75 9 75 5 3 97 4 97 5 97 8 97 9 97 4 2 37 3 37 6 37 9 37 6 1 47 3 47 4 47 5 47 7 47 9 47 8 0 98 1 98 2 98 3 98 4 98 5 98 8 98 9 98 7 0 89 1 89 2 89 4 89 5 89 7 89 8 89 
23 6 1 69 4 69 5 69 6 69 7 69 9 69 4 1 87 2 87 3 87 6 87 3 0 77 1 77 5 77 6 1 18 2 18 5 18 6 18 8 18 9 18 5 0 18 1 18 2 18 6 18 7 18 7 0 15 1 15 2 15 5 15 7 15 8 15 9 15 6 1 44 2 44 3 44 5 44 7 44 8 44 3 6 70 8 70 9 70 5 0 20 3 20 5 20 8 20 9 20 5 1 70 3 70 4 70 5 70 8 70 5 1 19 2 19 4 19 5 19 8 19 4 1 24 2 24 3 24 4 24 6 0 44 2 44 3 44 7 44 8 44 9 44 5 0 21 1 21 2 21 7 21 8 21 6 1 69 2 69 3 69 5 69 6 69 7 69 5 1 19 2 19 3 19 4 19 8 19 4 0 84 2 84 4 84 9 84 3 2 47 6 47 7 47 2 6 86 9 86 6 1 31 3 31 4 31 6 31 7 31 9 31 6 0 42 4 42 5 42 6 42 7 42 8 42 8 0 11 1 11 2 11 4 11 5 11 7 11 8 11 9 11 8 0 23 1 23 3 23 5 23 6 23 7 23 8 23 9 23 
16 7 1 48 2 48 4 48 5 48 7 48 8 48 9 48 5 0 15 2 15 3 15 6 15 7 15 5 0 97 4 97 5 97 7 97 9 97 5 2 23 5 23 7 23 8 23 9 23 5 1 29 2 29 3 29 4 29 6 29 6 0 96 1 96 2 96 6 96 7 96 9 96 6 0 66 1 66 3 66 6 66 7 66 8 66 8 0 41 2 41 4 41 5 41 6 41 7 41 8 41 9 41 5 0 43 2 43 3 43 5 43 8 43 6 0 58 1 58 5 58 6 58 7 58 8 58 6 1 93 2 93 3 93 5 93 8 93 9 93 4 1 78 5 78 7 78 8 78 3 3 74 4 74 6 74 7 0 57 1 57 2 57 3 57 6 57 7 57 8 57 5 0 68 4 68 6 68 7 68 8 68 4 0 85 3 85 8 85 9 85 

Dynamic Events

# Machine Breakdowns (machine_id start_time end_time)
Machine Breakdowns
4 299 338
8 5294 5328

# Added Jobs (arrival_time: num_ops num_alts_op1 m1 p1 ... num_alts_op2 m1 p1 ...)
Added Jobs
774: 15 7 5 38 4 28 0 83 9 13 3 44 2 14 1 100 8 1 84 4 39 0 33 2 50 7 13 5 16 6 39 9 99 7 6 93 1 37 5 69 7 70 3 46 0 26 8 37 2 6 30 4 11 5 8 99 5 12 2 90 1 48 7 24 2 9 94 0 42 6 0 76 5 13 4 91 2 22 6 73 9 85 3 0 70 7 31 3 100 8 8 91 2 35 7 34 4 82 3 91 5 88 1 38 6 40 3 7 35 8 65 2 28 2 0 46 1 85 8 0 30 1 48 4 69 6 95 5 56 7 95 2 33 9 97 4 2 31 6 76 3 68 0 95 8 5 85 4 90 8 52 7 26 6 92 3 26 2 12 9 14 5 9 37 8 52 4 72 7 77 0 42 
2234: 23 7 5 74 2 19 9 30 0 70 8 36 6 50 4 29 4 1 38 5 50 6 29 9 95 7 3 86 2 56 9 83 8 68 5 42 6 10 1 48 4 7 21 8 20 9 42 4 19 10 2 67 4 100 8 40 9 75 5 78 1 40 3 72 6 31 0 53 7 77 3 5 79 6 38 0 46 7 6 39 4 54 8 61 1 76 7 75 2 79 3 57 3 7 91 3 82 6 35 8 4 29 1 69 3 65 9 13 8 63 0 52 2 47 5 83 5 4 34 1 37 3 12 9 96 8 99 6 0 70 7 32 3 53 8 66 1 87 6 77 1 4 68 9 2 14 0 49 1 93 7 35 4 24 8 76 5 16 3 50 6 78 10 2 67 5 53 8 82 4 14 6 93 0 39 9 37 3 74 1 84 7 67 7 7 36 4 92 2 28 0 42 9 93 6 19 3 10 3 3 69 9 52 8 98 5 4 68 6 24 7 81 0 99 3 44 4 7 22 2 67 3 92 4 90 9 7 21 9 22 8 33 1 57 2 61 0 55 6 64 5 93 4 95 8 5 31 6 90 2 42 0 30 9 21 1 34 4 30 3 10 7 3 29 1 34 0 100 9 47 2 100 8 71 7 20 4 6 78 0 76 9 40 2 75 8 7 14 2 91 0 75 1 95 8 51 3 49 6 44 9 34 
2337: 25 10 4 42 6 28 1 44 9 11 0 100 2 62 7 30 8 87 3 87 5 76 5 8 79 7 26 1 95 9 53 4 68 4 9 86 0 71 7 32 3 82 8 5 80 7 37 6 70 1 14 2 60 8 40 9 70 4 22 10 7 98 8 86 4 46 3 38 9 68 5 47 1 74 0 28 6 50 2 16 6 1 62 2 45 0 21 7 28 4 25 5 79 8 5 89 4 35 9 78 3 25 8 93 6 33 0 52 7 92 3 9 31 2 95 1 17 1 4 75 2 4 97 7 28 9 9 74 2 69 4 23 3 42 0 19 6 30 1 58 7 47 8 25 8 2 58 4 54 8 91 5 98 3 16 6 52 1 85 0 53 10 7 18 6 67 9 96 4 16 0 46 5 60 1 77 3 35 2 53 8 56 6 9 91 2 78 6 68 0 61 1 34 7 42 6 5 24 9 26 6 40 8 95 4 42 0 96 9 8 48 4 67 6 57 2 41 7 97 3 66 9 22 1 22 5 62 10 8 15 2 71 3 97 0 53 7 78 4 59 9 20 1 32 5 77 6 76 9 7 24 5 14 2 37 3 42 8 57 1 64 9 14 6 52 4 38 10 1 59 6 98 7 11 0 70 3 39 2 15 5 84 4 89 8 66 9 88 9 7 56 6 73 3 36 9 68 0 84 1 86 8 41 2 82 4 67 9 2 76 6 77 5 85 3 72 8 36 4 13 9 96 0 21 1 96 1 2 72 2 6 99 5 75 7 6 39 7 17 4 73 1 87 9 19 2 54 5 82 3 6 66 1 24 2 76 
2545: 23 7 1 55 7 71 6 27 5 56 8 29 0 95 4 80 1 4 59 6 5 42 0 91 3 12 4 81 7 87 8 11 4 4 42 6 55 7 34 9 79 3 4 40 1 36 0 12 10 4 89 2 18 7 60 9 32 0 29 5 44 1 86 6 56 8 82 3 19 9 0 48 1 21 4 43 5 36 7 73 8 15 2 86 6 96 9 93 7 4 27 7 18 9 52 8 75 2 55 5 17 6 54 1 0 37 9 3 94 9 64 7 97 5 66 1 33 6 36 4 18 2 31 8 12 6 2 71 6 52 4 44 0 48 7 27 9 71 3 8 71 6 70 3 31 6 1 88 3 55 9 100 2 64 7 11 6 90 7 6 84 0 89 1 20 4 88 8 97 7 64 9 63 8 2 29 5 86 0 31 1 29 7 26 9 47 3 64 4 65 3 2 28 3 96 8 89 3 0 12 6 61 3 21 9 2 29 3 81 7 49 9 35 6 35 8 48 0 97 1 79 5 97 2 9 64 7 52 1 1 35 4 6 14 0 11 9 80 3 86 4 7 14 0 57 2 27 5 21 5 8 50 1 17 6 44 5 35 7 40 
2694: 18 7 3 55 5 63 2 48 6 32 8 96 1 93 9 79 6 2 93 6 75 4 58 9 22 3 41 5 87 2 2 13 6 78 10 6 16 0 84 4 67 3 10 9 56 7 90 8 28 5 61 1 59 2 40 1 7 28 6 5 59 2 10 3 51 1 44 6 50 8 65 8 2 97 5 68 0 27 6 79 7 67 3 82 4 75 9 53 6 8 91 0 51 3 41 2 24 7 24 1 20 5 6 44 0 63 5 46 9 57 2 19 8 2 83 4 70 6 29 7 86 0 62 5 38 9 88 1 99 8 3 55 9 80 2 23 0 34 1 82 4 80 6 22 7 57 1 1 48 1 6 88 8 6 47 8 92 0 55 9 83 5 18 1 91 7 69 4 19 8 0 29 6 71 9 25 7 76 5 92 4 75 1 90 3 39 9 0 77 4 84 7 30 8 23 9 26 3 14 2 96 5 68 6 83 10 3 52 0 98 7 25 2 78 8 16 6 15 4 91 1 91 9 43 5 79 1 3 45 
2833: 24 3 5 83 0 80 9 41 4 6 85 4 63 0 65 7 49 6 0 53 3 84 6 87 1 79 5 15 9 56 4 9 80 8 30 3 46 2 31 2 0 73 7 76 7 8 41 5 12 7 84 9 91 2 99 4 73 6 10 5 8 58 5 24 6 66 2 86 0 58 2 7 98 6 74 7 1 37 9 85 2 43 8 87 7 27 0 51 3 67 6 3 17 0 69 4 67 7 55 6 65 1 33 5 6 98 7 41 0 16 4 27 3 48 3 4 59 1 44 3 47 7 5 70 6 68 9 39 1 85 8 65 7 100 3 28 8 2 86 9 61 6 93 7 92 4 100 0 24 5 92 1 37 10 6 62 4 64 7 21 9 98 5 18 2 54 8 51 3 96 1 80 0 25 7 7 63 0 46 6 45 2 38 4 32 8 83 1 99 9 6 49 2 79 1 30 3 68 5 91 7 10 0 73 9 86 8 22 1 5 83 3 7 92 0 86 4 43 8 3 18 5 73 4 85 2 43 6 55 7 22 9 11 0 13 3 1 51 9 78 7 62 4 4 94 2 27 1 92 0 65 4 8 17 1 90 5 18 6 75 5 5 44 4 70 6 100 0 62 7 93 

# Cancelled Jobs (cancel_time initial_job_sim_idx_to_cancel)
Cancelled Jobs
1307 18
2622 12

# ETPC Constraints (fore_job_sim_idx fore_op_idx hind_job_sim_idx hind_op_idx time_lapse)
ETPC Constraints
9 5 23 22 8
25 13 9 5 19
17 5 15 14 12
4 7 11 14 8
19 14 0 2 11
17 8 16 6 9
2 2 4 0 10
8 5 3 4 8
19 2 11 3 12
14 17 3 0 17
6 8 25 3 11
13 8 19 13 9
5 1 10 2 11
12 14 10 18 10
18 9 13 0 13
21 11 2 21 6
18 12 22 18 3
20 0 5 10 10
22 1 5 11 14
18 2 2 3 9
16 12 4 20 9
10 10 12 4 20
9 12 24 7 16
2 17 4 19 3
5 5 17 8 3
12 0 8 18 16
11 1 4 11 15
14 23 5 12 13
9 1 13 0 16
5 0 11 0 17
23 4 21 8 5
11 3 9 4 9
6 3 7 0 18
10 9 14 2 13
22 12 6 3 12
12 8 5 6 9
1 13 15 8 11
19 12 5 7 18
10 14 5 7 4
6 10 21 9 11
7 0 21 3 20
9 15 24 20 12
8 13 20 9 19
12 4 17 7 7
18 15 10 18 7
16 13 8 2 7
11 6 16 15 10
1 17 5 3 19
7 13 17 6 6
4 6 20 19 5
15 7 13 10 18
21 12 4 11 10
