20 10
15 3 3 67 6 69 7 67 1 9 32 1 4 16 1 7 66 1 5 90 3 3 44 7 46 8 38 1 8 89 1 8 63 1 1 44 1 6 87 1 2 73 2 1 33 8 31 3 1 90 2 92 6 96 1 1 16 1 0 19 
20 1 3 90 2 2 27 9 27 1 8 77 1 9 40 1 7 70 3 0 47 8 45 9 47 1 0 56 1 5 44 2 2 50 4 50 3 3 69 6 67 9 68 3 0 75 3 73 9 74 1 9 75 2 4 79 9 79 1 5 45 1 9 94 1 6 65 2 1 31 9 25 1 3 85 3 2 75 5 71 7 71 3 0 44 3 45 5 45 
23 1 0 55 1 3 53 1 3 35 1 4 93 1 9 33 1 7 62 1 4 66 1 9 61 1 6 56 1 5 29 2 1 27 4 22 1 0 37 2 2 71 3 66 2 1 76 4 72 1 3 69 2 2 61 6 67 1 9 49 1 1 57 3 3 57 6 60 8 59 2 1 63 3 67 1 4 90 1 9 27 1 4 58 
18 2 7 22 8 24 1 2 61 1 1 35 1 5 92 1 3 30 1 9 79 2 0 44 3 42 2 0 62 7 63 1 0 93 1 0 69 1 2 89 1 6 49 1 1 38 3 3 54 5 54 7 54 1 6 87 2 2 46 6 38 3 0 82 5 81 6 81 2 2 40 8 40 
21 1 2 86 1 5 65 1 1 94 1 4 50 1 3 31 1 8 59 1 3 92 1 1 67 1 3 60 1 8 93 1 4 45 1 7 95 2 1 71 7 63 1 6 79 1 1 68 2 7 21 8 21 1 2 35 1 9 36 2 8 24 9 24 1 5 90 1 5 85 
15 1 9 70 1 5 20 1 7 81 1 4 42 1 9 70 1 4 43 1 1 95 1 9 22 1 9 35 1 4 87 1 5 72 1 8 86 1 9 52 1 5 32 1 4 47 
17 1 2 62 3 3 55 5 58 9 60 4 6 89 7 96 8 95 9 92 2 0 70 3 71 2 0 72 5 76 1 7 15 1 9 36 1 6 55 1 3 48 1 1 22 2 6 59 8 58 1 7 80 1 7 45 1 4 71 1 1 33 3 1 48 7 52 9 51 1 2 51 
25 1 4 34 1 2 75 1 9 41 2 1 70 6 67 1 5 63 2 5 40 9 44 1 9 21 3 5 31 7 36 8 33 2 4 43 5 45 1 9 94 2 2 55 3 62 1 7 38 1 1 70 1 0 25 2 0 29 3 29 1 1 64 1 5 57 1 6 63 1 0 42 2 0 47 3 44 1 0 82 1 9 43 1 6 79 1 0 51 1 5 74 
23 1 1 37 2 2 78 6 76 1 2 46 1 0 75 1 0 47 1 8 22 1 7 65 1 5 99 1 1 20 1 5 41 1 5 97 1 2 84 1 5 44 1 1 82 1 9 41 1 8 61 1 4 56 1 0 33 2 1 60 2 64 2 4 49 7 55 3 3 86 4 88 6 88 2 3 35 7 30 2 4 79 9 78 
19 1 1 41 1 8 35 1 2 40 1 3 77 1 6 69 4 2 62 6 64 8 65 9 63 1 0 74 1 6 24 1 6 51 1 1 21 2 5 45 9 37 3 1 25 6 25 8 23 2 0 73 7 75 1 2 86 2 3 59 8 60 1 3 90 1 2 54 1 1 79 1 3 60 
19 1 8 63 2 2 88 3 87 1 3 46 2 1 83 5 79 1 1 69 1 5 47 1 9 91 3 2 86 3 88 8 83 1 3 38 1 3 68 1 7 20 1 5 51 1 5 22 1 3 60 1 8 22 1 0 82 1 1 23 1 6 83 1 2 50 
21 1 7 52 2 5 62 9 59 2 2 21 4 16 1 3 64 1 8 67 1 0 46 2 1 47 3 47 1 2 38 1 4 12 1 5 78 1 8 13 1 8 93 1 0 28 1 6 81 4 1 33 3 37 4 40 5 39 1 7 40 1 1 45 1 6 51 1 8 59 1 3 55 1 9 30 
16 1 8 97 2 1 89 6 84 2 0 41 3 42 1 7 56 1 2 80 1 6 94 1 5 87 1 0 86 2 1 57 4 58 1 4 22 1 0 88 1 7 65 1 7 67 1 5 91 1 4 40 3 3 53 7 49 8 57 
16 1 2 60 3 2 26 7 27 8 27 1 4 81 1 4 14 1 7 17 1 0 63 1 5 60 1 1 42 1 8 69 1 1 73 1 7 50 1 9 23 1 3 48 1 2 72 1 3 28 2 2 41 5 36 
25 1 9 15 1 1 48 2 3 22 7 23 3 0 70 5 70 6 73 4 0 40 3 35 6 40 8 35 1 9 84 1 0 14 1 6 53 1 7 50 1 8 77 2 1 78 8 78 1 2 73 1 7 85 1 3 36 1 7 53 2 0 22 4 25 1 3 48 2 0 34 3 30 1 1 45 1 9 32 1 7 55 1 8 29 1 0 59 1 5 15 1 7 89 
17 1 5 55 1 0 69 3 0 64 2 63 4 63 1 3 39 1 7 29 1 3 38 1 9 67 1 7 58 1 2 43 1 4 38 2 3 67 7 63 1 5 83 1 7 26 2 5 34 6 32 1 2 82 1 9 72 2 1 68 6 68 
21 1 4 74 1 0 65 1 7 39 1 7 25 2 1 82 2 78 1 2 29 2 0 58 5 55 1 1 81 1 0 43 1 7 67 1 5 56 1 8 48 2 0 56 5 59 2 1 54 7 54 1 8 41 1 6 77 1 1 88 1 0 22 1 7 38 2 2 61 5 61 1 7 83 
17 2 3 16 7 15 3 4 43 7 39 9 39 1 5 16 1 2 78 2 0 47 6 47 2 5 78 7 77 1 8 23 1 2 92 3 2 73 3 75 7 75 1 3 44 1 5 84 2 4 76 5 73 1 7 90 2 0 39 5 39 1 1 47 1 2 94 1 7 90 
23 1 6 62 1 3 85 1 6 75 1 8 22 1 0 21 1 7 22 2 5 48 6 42 1 1 67 1 1 22 2 7 71 9 71 3 3 27 5 23 9 23 2 1 27 8 24 2 1 47 5 45 1 3 25 1 0 67 1 1 23 1 1 85 1 5 45 2 1 82 6 81 1 4 34 1 2 44 1 0 16 2 0 27 9 27 
16 2 2 51 3 48 1 0 19 1 5 92 1 1 27 2 2 34 6 32 1 0 92 1 7 68 1 0 47 2 3 48 5 44 1 5 54 1 8 89 1 6 76 1 7 72 2 2 55 6 57 1 0 67 1 8 82 

Dynamic Events

# Machine Breakdowns (machine_id start_time end_time)
Machine Breakdowns
0 1096 1130
5 461 495
7 1039 1071
8 594 626

# Added Jobs (arrival_time: num_ops num_alts_op1 m1 p1 ... num_alts_op2 m1 p1 ...)
Added Jobs
198: 18 1 5 76 4 8 94 5 34 0 46 1 28 1 8 46 4 5 36 2 45 0 39 8 91 3 6 56 4 67 3 91 2 0 39 2 41 1 7 95 3 7 87 5 25 6 45 1 9 64 4 1 22 8 22 5 30 6 83 2 3 86 0 79 1 8 64 1 9 64 3 0 42 3 66 9 68 1 4 15 4 8 72 1 92 2 59 5 62 3 8 34 5 43 9 20 4 5 82 4 53 8 92 9 16 
229: 23 3 5 98 2 73 9 91 3 4 75 8 28 9 86 2 9 20 0 80 4 5 76 2 72 9 90 6 29 4 4 33 8 26 3 51 1 24 3 1 23 3 68 5 54 1 4 76 3 6 50 2 74 8 97 2 1 62 3 88 3 8 33 1 68 0 46 2 4 30 6 83 2 2 24 7 41 1 4 47 4 5 72 9 57 8 54 2 65 3 3 16 9 39 0 61 2 7 51 9 26 2 0 49 5 91 1 9 49 2 1 60 8 60 4 5 63 3 58 2 60 8 95 4 6 78 7 18 8 66 9 30 4 2 70 5 68 0 26 6 93 4 7 22 9 39 4 24 3 40 
557: 18 1 2 75 3 8 91 5 54 0 34 3 3 77 8 95 9 77 4 4 53 5 38 3 28 7 77 1 4 79 2 0 39 7 83 4 2 72 5 55 0 49 7 33 2 3 91 0 65 2 5 75 9 46 1 5 67 4 9 37 7 66 5 61 1 89 1 8 13 4 7 66 9 61 0 68 1 71 2 8 69 5 61 3 6 77 0 38 1 87 3 1 27 4 34 2 71 3 4 92 3 32 1 39 1 2 29 
825: 21 3 3 59 5 89 9 89 1 8 14 3 8 17 7 34 1 42 2 7 63 0 28 3 4 93 3 69 7 50 3 3 34 9 49 7 93 4 8 83 2 24 5 87 6 31 3 2 71 0 88 7 16 2 7 83 2 55 4 2 50 7 51 8 20 9 65 2 2 33 5 51 2 7 52 6 41 1 8 63 2 5 47 9 90 4 0 61 6 68 4 68 5 97 4 8 18 3 26 1 32 5 97 4 6 85 7 39 8 18 5 20 4 4 44 1 64 8 90 3 57 2 4 72 1 66 2 2 32 8 31 4 3 50 2 35 0 31 5 53 
934: 22 2 0 89 5 90 4 3 88 9 91 2 69 7 39 3 4 77 1 51 0 53 3 7 74 5 41 1 77 3 8 63 3 87 5 18 4 6 25 1 33 2 23 5 83 1 5 58 1 3 56 1 4 51 3 2 93 6 26 4 84 3 4 61 9 75 6 81 2 5 49 3 19 2 4 62 1 92 1 7 23 3 3 22 0 45 2 86 3 1 41 9 57 4 63 3 0 35 2 37 6 37 3 1 78 2 30 0 45 1 3 24 1 3 17 2 7 47 1 39 4 7 50 1 20 4 43 6 84 
991: 19 2 5 20 6 24 3 3 41 5 63 1 66 4 2 22 5 78 4 81 8 94 4 7 94 9 59 5 65 0 81 3 5 41 7 35 2 92 2 2 70 8 79 2 2 64 3 89 2 1 70 6 46 3 0 50 6 56 2 83 2 1 57 6 63 4 7 72 5 81 1 28 6 93 4 8 80 9 91 0 70 4 42 1 3 32 1 4 29 1 0 56 2 2 56 6 24 1 5 33 4 3 88 6 58 2 49 8 61 3 8 33 5 84 1 28 
1128: 19 4 6 80 1 80 2 40 0 65 2 2 78 1 87 1 6 57 4 0 51 8 25 3 40 9 72 1 5 75 3 7 40 0 27 6 78 4 2 75 4 87 6 59 0 68 1 9 75 3 6 28 4 17 8 19 1 7 17 3 1 35 7 56 3 39 1 5 88 1 5 81 3 7 53 6 50 8 54 1 3 76 4 6 34 5 22 0 88 1 94 3 6 39 0 54 8 50 4 8 84 1 86 6 39 4 87 2 7 90 9 15 

# Cancelled Jobs (cancel_time initial_job_sim_idx_to_cancel)
Cancelled Jobs
426 5
545 15
857 18

# ETPC Constraints (fore_job_sim_idx fore_op_idx hind_job_sim_idx hind_op_idx time_lapse)
ETPC Constraints
20 8 14 24 6
22 2 25 0 13
17 6 13 4 5
16 10 0 12 11
2 0 14 24 17
5 2 3 10 15
13 9 20 7 15
7 19 25 18 11
17 9 19 3 3
17 10 3 16 4
24 1 12 4 10
20 2 12 11 15
0 8 22 16 9
15 4 6 13 10
19 13 15 8 8
20 20 5 14 20
8 3 6 2 3
16 17 19 3 13
4 6 16 8 6
7 22 14 1 8
3 2 4 18 11
4 14 7 13 7
9 11 11 3 20
3 15 9 14 9
23 2 21 9 6
17 0 18 22 17
20 16 19 7 17
24 14 22 13 6
21 20 25 8 17
10 4 12 9 11
21 1 0 1 3
24 0 0 9 3
18 5 6 6 18
4 17 20 7 19
12 4 18 15 10
15 6 16 11 18
7 17 20 5 20
13 9 16 0 9
0 10 12 14 3
11 16 15 2 4
4 14 22 1 14
4 11 0 2 8
3 7 12 5 5
12 15 26 1 14
17 14 8 3 4
22 4 14 14 16
9 10 22 14 18
1 4 17 0 12
4 5 15 9 15
21 4 12 12 19
12 14 6 8 17
13 11 11 16 8
13 6 9 18 15
13 8 2 14 5
