10 10
10 1 4 88 1 8 68 1 6 94 1 5 99 2 1 67 7 67 1 2 89 1 9 77 1 7 99 1 0 86 1 3 92 
10 1 5 72 1 3 50 2 6 69 5 69 1 4 75 1 2 94 1 8 66 2 0 92 5 92 1 1 82 1 7 94 1 9 63 
10 1 9 83 2 8 61 9 61 1 0 83 1 1 65 1 6 64 1 5 85 1 7 78 1 4 85 2 2 55 3 55 1 3 77 
10 1 7 94 2 2 68 9 68 1 1 61 1 4 99 1 3 54 1 6 75 1 5 66 1 0 76 1 9 63 1 8 67 
10 1 3 69 2 4 88 2 88 1 9 82 1 8 95 2 0 99 4 99 1 2 67 1 6 95 1 5 68 2 7 67 8 67 1 1 86 
10 2 1 99 7 99 1 4 81 1 5 64 1 6 66 1 8 80 1 2 80 1 7 69 1 9 62 1 3 79 1 0 88 
10 1 7 50 1 1 86 1 4 97 1 3 96 1 0 95 1 8 97 1 2 66 1 5 99 1 6 52 1 9 71 
10 1 4 98 2 6 73 2 73 1 3 82 1 2 51 1 1 71 1 5 94 1 7 85 1 0 62 1 8 95 1 9 79 
10 1 0 94 2 6 71 4 71 1 3 81 1 7 85 1 1 66 1 2 90 1 4 76 1 5 58 1 8 93 1 9 97 
10 1 3 50 1 0 59 2 1 82 4 82 1 8 67 1 7 56 1 9 96 1 6 58 1 4 81 1 5 59 1 2 96 

Dynamic Events

# Machine Breakdowns (machine_id start_time end_time)
Machine Breakdowns
0 529 571
5 731 776
7 724 762
8 312 354
9 744 801

# Added Jobs (arrival_time: num_ops num_alts_op1 m1 p1 ... num_alts_op2 m1 p1 ...)
Added Jobs
66: 10 2 9 83 2 64 1 3 67 2 4 95 2 83 2 9 67 3 54 1 3 59 2 5 82 3 85 2 3 95 2 81 1 4 77 2 1 93 9 96 2 6 72 5 91 
67: 10 2 4 93 1 76 2 9 87 8 62 1 0 83 1 4 79 2 6 89 7 96 2 8 84 4 99 1 2 83 1 4 92 1 2 77 2 7 99 8 89 
83: 10 1 3 80 2 5 81 8 88 1 8 83 2 5 84 4 90 2 8 94 6 73 2 8 71 3 61 2 9 90 7 70 2 8 90 5 82 2 1 75 5 95 2 2 56 9 63 
95: 10 1 4 75 1 9 83 2 0 90 2 70 1 8 85 1 1 71 2 1 81 6 93 1 1 64 1 4 85 2 0 61 6 80 1 8 70 
255: 10 2 0 87 2 67 1 9 71 1 4 90 1 2 74 2 9 93 1 61 1 2 80 1 2 73 1 7 75 2 3 53 9 82 1 2 63 

# Cancelled Jobs (cancel_time initial_job_sim_idx_to_cancel)
Cancelled Jobs
214 8
492 2

# ETPC Constraints (fore_job_sim_idx fore_op_idx hind_job_sim_idx hind_op_idx time_lapse)
ETPC Constraints
11 2 3 8 8
6 6 8 3 9
12 7 11 1 12
13 3 11 1 15
5 6 7 4 15
6 2 8 0 9
9 0 4 3 6
0 9 10 5 10
10 6 6 0 11
5 9 13 1 18
1 3 9 5 4
2 5 1 9 7
4 6 12 0 11
10 7 11 3 3
13 0 1 8 4
11 0 10 3 4
2 6 7 4 20
10 7 0 3 3
7 2 9 2 9
11 8 4 6 5
8 7 3 0 6
