10 10
10 1 4 88 1 8 68 1 6 94 1 5 99 2 1 67 7 67 1 2 89 1 9 77 1 7 99 1 0 86 1 3 92 
10 1 5 72 1 3 50 2 6 69 5 69 1 4 75 1 2 94 1 8 66 2 0 92 5 92 1 1 82 1 7 94 1 9 63 
10 1 9 83 2 8 61 9 61 1 0 83 1 1 65 1 6 64 1 5 85 1 7 78 1 4 85 2 2 55 3 55 1 3 77 
10 1 7 94 2 2 68 9 68 1 1 61 1 4 99 1 3 54 1 6 75 1 5 66 1 0 76 1 9 63 1 8 67 
10 1 3 69 2 4 88 2 88 1 9 82 1 8 95 2 0 99 4 99 1 2 67 1 6 95 1 5 68 2 7 67 8 67 1 1 86 
10 2 1 99 7 99 1 4 81 1 5 64 1 6 66 1 8 80 1 2 80 1 7 69 1 9 62 1 3 79 1 0 88 
10 1 7 50 1 1 86 1 4 97 1 3 96 1 0 95 1 8 97 1 2 66 1 5 99 1 6 52 1 9 71 
10 1 4 98 2 6 73 2 73 1 3 82 1 2 51 1 1 71 1 5 94 1 7 85 1 0 62 1 8 95 1 9 79 
10 1 0 94 2 6 71 4 71 1 3 81 1 7 85 1 1 66 1 2 90 1 4 76 1 5 58 1 8 93 1 9 97 
10 1 3 50 1 0 59 2 1 82 4 82 1 8 67 1 7 56 1 9 96 1 6 58 1 4 81 1 5 59 1 2 96 

Dynamic Events

# Machine Breakdowns (machine_id start_time end_time)
Machine Breakdowns
6 128 176

# Added Jobs (arrival_time: num_ops num_alts_op1 m1 p1 ... num_alts_op2 m1 p1 ...)
Added Jobs
141: 10 2 5 61 8 89 1 5 83 2 2 54 7 70 2 2 83 3 56 2 6 52 5 80 2 7 58 0 65 2 1 91 4 93 2 3 62 0 98 2 6 70 8 65 2 6 57 2 55 
157: 10 2 2 79 8 95 1 2 70 2 3 96 4 87 2 2 80 5 76 1 3 74 2 1 89 8 96 1 6 78 2 3 72 2 69 1 2 75 1 3 56 
232: 10 1 4 90 2 9 71 5 88 1 2 52 1 4 88 1 7 93 2 2 68 8 91 2 4 87 7 58 1 0 59 1 2 65 1 2 88 
270: 10 2 2 84 9 86 2 8 92 9 67 2 7 76 0 83 1 0 60 1 6 78 1 2 73 1 1 99 2 8 86 6 61 2 9 89 4 94 2 4 94 5 64 
334: 10 1 5 71 2 3 79 2 91 1 1 63 2 5 83 7 50 2 0 60 3 91 1 9 95 1 6 69 2 8 95 2 52 1 1 95 2 3 78 2 95 

# ETPC Constraints (fore_job_sim_idx fore_op_idx hind_job_sim_idx hind_op_idx time_lapse)
ETPC Constraints
8 6 10 6 5
11 8 8 1 16
10 2 11 0 14
14 1 7 6 10
8 7 5 2 20
0 0 4 3 10
8 1 13 1 19
13 7 6 6 9
5 8 0 1 9
4 4 11 4 19
13 7 5 2 3
0 0 6 0 16
7 0 8 5 4
2 1 0 9 7
9 3 11 5 11
12 4 10 4 14
14 0 11 9 3
4 8 11 3 16
0 6 12 2 8
7 2 6 2 4
3 7 9 1 4
