10 10
10 1 7 62 1 8 24 1 5 25 1 3 84 2 4 47 7 47 1 6 38 1 2 82 1 0 93 1 9 24 1 1 66 
10 1 5 47 1 2 97 2 8 92 5 92 1 9 22 1 1 93 1 4 29 2 7 56 5 56 1 3 80 1 0 78 1 6 67 
10 1 1 45 2 7 46 9 46 1 6 22 1 2 26 1 9 38 1 0 69 1 4 40 1 3 33 2 8 75 3 75 1 5 96 
10 1 4 85 2 8 76 2 76 1 5 68 1 9 88 1 3 36 1 6 75 1 2 56 1 1 35 1 0 77 1 7 85 
10 1 8 60 1 9 20 2 7 25 0 25 1 3 63 1 4 81 2 0 52 2 52 1 1 30 1 5 98 2 6 54 5 54 2 2 86 7 86 
10 2 3 87 7 87 1 9 73 1 5 51 1 2 95 1 4 65 1 1 86 1 6 22 1 8 58 1 0 80 1 7 65 
10 1 5 81 1 2 53 1 7 57 1 6 71 1 9 81 1 0 43 1 4 26 1 8 54 1 3 58 1 1 69 
10 1 4 20 2 6 86 2 86 1 5 21 1 8 79 1 9 62 1 2 34 1 0 27 1 1 81 1 7 30 1 3 46 
10 1 9 68 2 6 66 4 66 1 5 98 1 8 86 1 7 66 1 0 56 1 3 82 1 1 95 1 4 47 1 2 78 
10 1 0 30 1 3 50 2 7 34 4 34 1 2 58 1 1 77 1 5 34 1 8 84 1 4 40 1 9 46 1 6 44 

Dynamic Events

# Machine Breakdowns (machine_id start_time end_time)
Machine Breakdowns
1 500 543
2 383 426
4 283 317
8 60 94

# Added Jobs (arrival_time: num_ops num_alts_op1 m1 p1 ... num_alts_op2 m1 p1 ...)
Added Jobs
35: 10 1 6 85 1 5 49 1 1 70 1 4 59 2 3 80 8 71 2 8 30 5 50 2 9 30 5 60 1 4 50 1 5 72 1 0 39 
73: 10 1 8 45 1 1 33 1 1 60 2 5 38 3 48 2 9 53 5 83 1 0 72 1 8 72 2 2 91 9 77 2 7 76 6 36 2 9 71 3 64 
109: 10 1 9 66 2 4 46 0 66 1 5 44 1 9 78 2 5 97 1 36 2 5 27 7 42 1 3 83 2 7 68 8 63 2 2 88 7 44 1 3 66 
164: 10 1 1 83 2 4 40 8 92 2 9 40 5 67 1 4 79 1 0 49 1 2 66 2 9 66 5 96 2 9 86 2 97 1 5 82 2 7 62 5 61 
246: 10 1 7 64 1 0 50 2 3 73 2 40 1 2 85 1 1 52 2 8 45 9 39 1 1 30 1 2 52 2 3 59 7 63 1 1 66 

# ETPC Constraints (fore_job_sim_idx fore_op_idx hind_job_sim_idx hind_op_idx time_lapse)
ETPC Constraints
6 1 14 6 13
7 2 8 7 13
4 3 14 6 16
13 0 7 6 6
2 4 9 4 3
7 6 11 1 9
14 1 8 3 8
14 5 12 2 15
7 0 12 9 9
6 1 2 6 20
7 6 9 6 17
6 4 4 6 3
11 1 9 0 16
11 2 14 1 10
5 6 12 7 19
14 5 6 9 19
11 1 6 4 18
13 2 10 5 15
8 4 6 4 13
2 7 10 1 13
3 1 1 0 20
