10 10
10 1 7 62 1 8 24 1 5 25 1 3 84 2 4 47 7 47 1 6 38 1 2 82 1 0 93 1 9 24 1 1 66 
10 1 5 47 1 2 97 2 8 92 5 92 1 9 22 1 1 93 1 4 29 2 7 56 5 56 1 3 80 1 0 78 1 6 67 
10 1 1 45 2 7 46 9 46 1 6 22 1 2 26 1 9 38 1 0 69 1 4 40 1 3 33 2 8 75 3 75 1 5 96 
10 1 4 85 2 8 76 2 76 1 5 68 1 9 88 1 3 36 1 6 75 1 2 56 1 1 35 1 0 77 1 7 85 
10 1 8 60 1 9 20 2 7 25 0 25 1 3 63 1 4 81 2 0 52 2 52 1 1 30 1 5 98 2 6 54 5 54 2 2 86 7 86 
10 2 3 87 7 87 1 9 73 1 5 51 1 2 95 1 4 65 1 1 86 1 6 22 1 8 58 1 0 80 1 7 65 
10 1 5 81 1 2 53 1 7 57 1 6 71 1 9 81 1 0 43 1 4 26 1 8 54 1 3 58 1 1 69 
10 1 4 20 2 6 86 2 86 1 5 21 1 8 79 1 9 62 1 2 34 1 0 27 1 1 81 1 7 30 1 3 46 
10 1 9 68 2 6 66 4 66 1 5 98 1 8 86 1 7 66 1 0 56 1 3 82 1 1 95 1 4 47 1 2 78 
10 1 0 30 1 3 50 2 7 34 4 34 1 2 58 1 1 77 1 5 34 1 8 84 1 4 40 1 9 46 1 6 44 

Dynamic Events

# Machine Breakdowns (machine_id start_time end_time)
Machine Breakdowns
2 515 552
3 467 510
6 224 253
7 552 587
9 82 112

# Added Jobs (arrival_time: num_ops num_alts_op1 m1 p1 ... num_alts_op2 m1 p1 ...)
Added Jobs
69: 10 2 0 45 2 64 1 6 57 2 2 76 4 27 2 5 71 8 86 1 8 84 2 2 26 7 70 2 5 86 8 49 1 7 71 2 4 72 6 71 2 2 36 1 91 
72: 10 2 8 38 3 47 1 5 78 2 7 37 4 63 2 4 74 6 58 2 9 25 5 55 1 5 93 2 6 36 2 83 2 4 31 7 85 1 5 69 2 3 62 2 72 
80: 10 2 7 66 0 33 1 7 87 2 2 83 9 62 1 2 85 1 6 33 2 3 69 2 79 2 0 59 3 63 1 1 55 1 5 28 2 4 76 8 61 
98: 10 2 3 58 7 65 1 3 83 2 7 44 1 37 1 8 29 2 1 36 6 28 2 8 49 9 37 2 0 51 8 56 1 9 40 2 7 70 9 83 2 3 61 0 51 
155: 10 1 3 83 1 5 71 1 3 46 1 7 44 2 4 73 7 82 1 3 40 1 7 51 2 5 76 7 70 1 1 81 2 2 43 6 55 
267: 10 2 5 46 7 41 1 7 55 1 5 91 1 3 78 1 1 55 1 5 76 1 8 63 1 6 74 2 1 75 0 42 2 9 28 6 28 

# ETPC Constraints (fore_job_sim_idx fore_op_idx hind_job_sim_idx hind_op_idx time_lapse)
ETPC Constraints
4 3 12 5 10
13 3 7 3 18
9 3 2 1 16
11 3 10 1 15
10 8 1 8 6
0 7 12 4 6
11 5 5 4 13
9 1 10 4 17
7 7 2 9 12
6 7 0 5 19
2 4 5 3 11
9 0 6 0 16
7 9 5 0 19
13 9 7 0 6
9 3 12 4 19
13 4 10 4 9
13 2 8 4 11
2 4 0 3 20
6 7 2 8 14
0 3 15 9 14
14 2 9 9 7
8 5 11 8 9
7 5 12 5 12
14 6 6 5 10
