20 15
15 1 2 24 1 3 12 1 9 17 1 4 27 2 0 21 12 21 1 6 25 1 8 27 1 7 26 1 1 30 1 5 31 1 11 18 1 14 16 2 13 39 5 39 1 10 19 1 12 26 
15 1 6 30 2 3 15 5 15 1 12 20 1 11 19 1 1 24 1 13 15 2 10 28 9 28 1 2 36 1 5 26 1 7 15 1 0 11 1 8 23 1 14 20 2 9 26 3 26 1 4 28 
15 1 6 35 2 0 22 2 22 1 13 23 1 7 32 1 2 20 1 3 12 1 12 19 1 10 23 1 9 17 1 1 14 1 5 16 1 11 29 2 8 16 10 16 1 4 22 1 14 22 
15 2 9 20 2 20 1 6 29 1 1 19 2 7 14 0 14 2 12 33 7 33 2 4 30 12 30 1 0 32 1 5 21 1 11 29 1 10 24 1 14 25 1 2 29 1 3 13 1 8 20 1 13 18 
15 1 11 23 1 13 20 1 1 28 1 6 32 1 7 16 1 5 18 1 8 24 1 9 23 1 3 24 1 10 34 1 2 24 2 0 24 2 24 1 14 28 1 12 15 1 4 18 
15 1 8 24 1 11 19 1 14 21 1 1 33 1 7 34 1 6 35 2 5 40 9 40 1 10 36 1 3 23 1 2 26 1 4 15 1 9 28 1 13 38 1 12 13 1 0 25 
15 1 13 27 1 3 30 2 6 21 9 21 1 8 19 1 12 12 1 4 27 1 2 39 1 9 13 1 14 12 1 5 36 1 10 21 1 11 17 1 1 29 1 0 17 2 7 33 9 33 
15 1 5 27 1 4 19 1 6 29 1 9 20 1 3 21 2 10 40 1 40 1 8 14 1 14 39 1 13 39 1 2 27 1 1 36 1 12 12 1 11 37 1 7 22 1 0 13 
15 1 13 32 2 11 29 13 29 1 8 24 1 3 27 2 5 40 6 40 1 4 21 1 9 26 2 0 27 10 27 1 14 27 1 6 16 1 2 21 2 10 13 7 13 1 7 28 1 12 28 1 1 32 
15 1 12 35 1 1 11 2 5 39 9 39 1 14 18 1 7 23 1 0 34 1 3 24 2 13 11 12 11 1 8 30 1 11 31 1 4 15 1 10 15 1 2 28 1 9 26 1 6 33 
15 2 10 28 8 28 1 5 37 1 12 29 1 1 31 1 7 25 1 8 13 1 14 14 1 4 20 1 3 27 1 9 25 1 13 31 2 11 14 13 14 1 6 25 1 2 39 1 0 36 
15 1 0 22 1 11 25 1 5 28 1 13 35 1 4 31 1 8 21 1 9 20 1 14 19 1 2 29 1 7 32 1 10 18 1 1 18 1 3 11 3 12 17 2 17 4 17 1 6 15 
15 1 12 39 1 5 32 2 2 36 10 36 1 8 14 1 3 28 1 13 37 1 0 38 1 6 20 1 7 19 1 11 12 1 14 22 1 1 36 1 4 15 1 9 32 1 10 16 
15 1 8 28 1 1 29 1 14 40 1 12 23 1 4 34 1 5 33 1 6 27 1 10 17 1 0 20 1 7 28 1 11 21 1 2 21 1 13 20 1 9 33 1 3 27 
15 1 9 21 1 14 34 2 3 30 12 30 1 12 38 1 0 11 2 11 16 2 16 2 2 14 12 14 1 5 14 2 1 34 8 34 2 8 33 6 33 1 4 23 1 13 40 1 10 12 1 6 23 1 7 27 
15 1 9 13 1 14 40 1 7 36 2 4 17 11 17 1 0 13 1 5 33 1 8 25 1 13 24 1 10 23 1 3 36 1 2 29 1 1 18 1 11 13 2 6 33 11 33 1 12 13 
15 1 3 25 1 5 15 1 2 28 1 12 40 1 7 39 1 1 31 1 8 35 1 6 31 1 11 36 1 4 12 1 10 33 1 14 19 2 9 16 1 16 1 13 27 1 0 21 
15 1 12 22 1 10 14 1 0 12 1 2 20 1 5 12 2 1 18 3 18 1 11 17 1 8 39 1 14 31 1 3 31 1 7 32 1 9 20 1 13 29 1 4 13 1 6 26 
15 1 5 18 1 10 30 1 7 38 1 14 22 1 13 15 1 11 20 2 9 16 1 16 1 3 17 1 1 12 2 2 13 12 13 1 12 40 1 6 17 1 8 30 1 4 38 1 0 13 
15 1 9 31 1 8 39 1 12 27 1 1 14 1 5 33 1 3 31 1 11 22 1 13 36 1 0 16 1 7 11 2 14 14 6 14 1 4 29 1 6 28 1 2 22 1 10 17 

Dynamic Events

# Machine Breakdowns (machine_id start_time end_time)
Machine Breakdowns
0 400 413
3 236 250
5 354 372
10 383 396

# Added Jobs (arrival_time: num_ops num_alts_op1 m1 p1 ... num_alts_op2 m1 p1 ...)
Added Jobs
52: 15 1 2 33 2 8 27 11 19 1 6 40 3 11 24 14 18 13 25 3 4 34 3 30 6 24 1 0 16 1 12 35 3 13 27 12 24 9 15 1 7 14 1 1 27 2 8 22 9 33 3 1 19 4 38 13 34 3 8 19 0 31 12 32 1 2 35 3 12 34 9 26 6 26 
53: 15 1 6 25 2 7 23 9 28 2 4 22 14 29 2 10 27 0 15 3 3 36 14 39 9 36 1 5 23 1 2 18 3 11 30 6 14 5 35 2 4 32 5 23 2 2 33 7 23 2 6 32 11 30 2 7 36 9 36 3 0 38 12 36 1 30 1 6 28 3 6 39 3 28 10 34 
67: 15 1 1 27 3 3 32 13 22 2 19 3 5 34 2 21 3 31 3 12 11 5 20 9 38 3 5 22 1 23 10 19 2 2 33 1 11 1 9 15 3 14 33 6 14 7 16 3 3 13 4 28 0 18 3 14 12 0 25 4 34 3 3 35 7 17 2 33 2 14 15 4 26 3 0 22 9 18 5 36 2 14 12 7 36 2 4 35 7 30 
82: 15 3 6 28 9 24 14 16 3 2 18 13 30 10 28 3 2 31 5 23 7 28 1 12 21 2 4 38 11 29 2 2 20 13 24 2 2 17 13 25 2 3 28 5 33 3 9 39 3 19 5 37 1 6 25 1 14 39 2 12 23 11 35 1 8 18 3 0 12 5 19 8 38 2 9 35 5 37 
119: 15 2 12 17 14 15 3 3 34 0 23 13 20 1 1 38 3 7 27 13 39 11 18 2 14 27 3 17 2 13 36 4 37 1 7 11 3 3 32 1 20 7 19 2 7 17 11 19 2 5 17 2 31 2 8 17 2 37 2 7 23 12 21 1 5 31 2 10 12 6 30 3 1 40 0 15 11 22 
205: 15 1 2 24 2 6 37 2 13 3 2 18 10 19 3 25 1 0 26 2 4 14 0 20 2 13 18 7 27 2 11 17 13 12 2 3 25 14 36 2 14 35 4 26 2 10 27 3 16 1 3 24 3 8 24 4 37 1 23 1 8 34 2 7 38 2 35 3 4 32 2 21 0 36 

# Cancelled Jobs (cancel_time initial_job_sim_idx_to_cancel)
Cancelled Jobs
12 5
100 9
206 15
293 19
328 1

# ETPC Constraints (fore_job_sim_idx fore_op_idx hind_job_sim_idx hind_op_idx time_lapse)
ETPC Constraints
3 9 16 1 8
21 6 9 8 19
6 14 17 14 11
18 8 8 0 13
4 2 14 14 12
11 3 5 8 10
15 13 7 14 12
8 8 23 0 19
5 4 21 11 5
7 2 3 0 4
12 4 21 2 18
9 2 24 3 6
15 5 23 1 11
23 11 1 9 7
21 10 17 9 12
8 12 22 8 13
18 2 13 2 15
12 10 21 4 18
16 3 15 13 3
19 0 2 0 11
10 8 5 8 11
2 10 19 13 10
12 4 14 0 17
9 5 19 7 12
7 12 17 0 15
23 4 4 9 20
2 6 20 3 8
11 6 8 4 7
15 12 6 1 7
16 10 10 12 5
8 11 15 3 16
9 6 2 9 18
14 11 22 7 9
8 5 21 10 13
14 9 7 0 18
23 5 9 3 15
22 13 19 2 15
5 14 14 0 17
10 14 19 13 15
3 5 9 5 13
9 11 23 0 5
4 11 14 7 6
11 12 6 7 7
1 9 14 3 12
17 12 5 11 5
9 7 24 6 7
14 6 18 9 15
10 10 23 2 7
25 9 23 12 9
24 3 1 13 19
16 8 23 11 19
9 10 3 1 16
