20 15
15 1 0 19 1 9 33 1 2 32 1 13 18 2 10 39 12 39 1 8 34 1 6 25 1 4 36 1 11 40 1 12 33 1 1 31 1 14 30 2 3 34 5 34 1 5 26 1 7 13 
15 1 9 11 2 10 22 5 22 1 14 19 1 5 12 1 4 25 1 6 38 2 0 29 9 29 1 7 39 1 13 19 1 11 22 1 1 23 1 3 20 1 2 40 2 12 19 3 19 1 8 26 
15 1 3 25 2 8 17 2 17 1 11 24 1 13 40 1 10 32 1 14 16 1 5 39 1 9 19 1 0 24 1 1 39 1 4 17 1 2 35 2 7 38 10 38 1 6 20 1 12 31 
15 2 14 22 2 22 1 3 36 1 2 34 2 12 17 0 17 2 4 30 7 30 2 13 12 12 12 1 1 13 1 6 25 1 9 12 1 7 18 1 10 31 1 0 39 1 5 40 1 8 26 1 11 37 
15 1 12 32 1 14 15 1 1 35 1 7 13 1 8 32 1 11 23 1 6 22 1 4 21 1 0 38 1 2 38 1 3 40 2 10 31 2 31 1 5 11 1 13 37 1 9 16 
15 1 10 23 1 12 38 1 8 11 1 14 27 1 9 11 1 6 25 2 5 14 9 14 1 4 12 1 2 27 1 11 26 1 7 29 1 3 28 1 13 21 1 0 20 1 1 30 
15 1 6 39 1 8 38 2 0 15 9 15 1 12 27 1 10 22 1 9 27 1 2 32 1 4 40 1 3 12 1 13 20 1 14 21 1 11 22 1 5 17 1 7 38 2 1 27 7 27 
15 1 11 11 1 13 24 1 10 38 1 8 15 1 9 19 2 14 13 8 13 1 5 30 1 0 26 1 2 29 1 6 33 1 12 21 1 1 15 1 3 21 1 4 28 1 7 33 
15 1 8 20 1 6 17 3 5 26 8 26 3 26 1 3 34 2 9 23 6 23 1 0 16 1 2 18 2 4 35 10 35 1 12 24 1 10 16 1 11 26 2 7 12 1 12 1 14 13 1 13 27 1 1 19 
15 1 1 18 1 7 37 2 14 27 0 27 1 9 40 1 5 40 1 6 17 2 8 22 14 22 1 3 17 1 10 30 1 0 38 1 4 21 1 12 32 1 11 24 1 13 24 2 2 30 3 30 
15 1 11 19 1 0 22 1 13 36 1 6 18 1 5 22 1 3 17 1 14 35 1 10 34 1 7 23 1 8 19 2 2 29 11 29 1 1 22 1 12 17 1 4 33 1 9 39 
15 1 6 32 1 3 22 1 12 24 1 5 13 1 4 13 1 1 11 1 0 11 1 13 25 1 8 13 1 2 15 1 10 33 1 11 17 2 14 16 3 16 1 9 38 1 7 24 
15 1 14 16 1 13 16 2 1 37 10 37 1 8 25 1 2 26 1 3 11 1 9 34 1 4 14 1 0 20 1 6 36 1 12 12 1 5 29 1 10 25 1 7 32 1 11 12 
15 1 8 20 1 10 24 1 11 27 1 9 38 1 5 34 1 12 39 1 7 33 1 4 37 1 2 31 1 13 15 1 14 34 1 3 33 1 6 26 1 1 36 1 0 14 
15 1 8 31 1 0 17 2 9 13 12 13 1 1 21 1 10 17 2 7 19 2 19 2 13 14 12 14 1 3 40 2 5 32 8 32 2 11 25 6 25 1 2 34 1 14 23 1 6 13 1 12 40 1 4 26 
15 1 8 38 1 12 17 1 3 14 2 13 17 11 17 1 4 12 1 1 35 1 6 35 1 0 19 1 10 36 1 7 19 1 9 29 1 2 31 1 5 26 2 11 35 0 35 1 14 37 
15 1 14 20 1 3 16 1 0 33 1 10 14 1 5 27 1 7 31 1 8 16 1 6 31 1 12 28 1 9 37 1 4 37 2 2 29 6 29 2 11 38 9 38 1 1 30 1 13 36 
15 1 11 18 1 3 37 1 14 16 1 6 15 1 8 14 2 12 11 6 11 1 13 32 1 5 12 1 1 11 1 10 29 1 7 19 1 4 12 1 9 18 1 2 26 1 0 39 
15 1 11 11 1 2 11 1 12 22 1 9 35 1 14 20 1 7 31 2 4 19 6 19 1 3 39 1 5 28 1 6 33 2 10 34 13 34 1 1 38 1 0 20 1 13 17 1 8 28 
15 1 2 12 1 12 25 1 5 23 1 8 21 1 6 27 1 9 30 1 14 23 1 11 39 1 3 26 1 13 34 2 7 17 10 17 1 1 24 1 4 12 1 0 19 1 10 36 

Dynamic Events

# Machine Breakdowns (machine_id start_time end_time)
Machine Breakdowns
6 168 180
8 423 439
10 144 159

# Added Jobs (arrival_time: num_ops num_alts_op1 m1 p1 ... num_alts_op2 m1 p1 ...)
Added Jobs
89: 15 2 7 13 1 12 2 5 13 12 32 3 12 12 0 25 9 19 1 2 19 1 0 32 2 14 29 4 29 3 3 19 8 34 1 12 3 10 18 13 20 2 15 2 9 39 12 29 1 1 28 2 9 39 3 34 2 1 26 3 30 1 8 29 1 2 37 3 14 24 4 20 0 11 
193: 15 2 3 37 14 31 3 8 18 3 28 1 22 1 11 18 2 12 22 1 30 2 10 21 9 37 3 2 17 13 32 14 35 3 5 22 6 35 12 25 3 7 16 9 14 14 28 2 6 19 13 39 2 12 13 4 36 2 1 23 9 36 3 7 18 4 15 13 12 2 11 23 2 34 1 3 40 1 2 36 
217: 15 3 4 35 8 32 9 34 1 6 31 1 9 36 1 5 33 1 11 40 1 11 13 3 14 15 0 25 6 22 3 2 32 1 33 14 26 1 4 12 3 11 27 12 20 8 24 2 12 23 10 21 2 12 24 10 20 2 5 31 2 39 1 5 24 1 0 17 

# Cancelled Jobs (cancel_time initial_job_sim_idx_to_cancel)
Cancelled Jobs
138 16

# ETPC Constraints (fore_job_sim_idx fore_op_idx hind_job_sim_idx hind_op_idx time_lapse)
ETPC Constraints
14 13 12 11 11
1 14 21 14 14
4 1 13 13 9
17 14 7 5 11
19 8 17 5 17
14 4 16 0 15
12 2 21 8 12
19 0 2 5 4
4 11 18 10 6
20 0 7 2 15
6 5 14 7 16
19 2 11 7 15
2 3 13 1 4
17 12 3 8 13
13 8 0 1 15
20 3 3 2 7
6 11 22 0 18
20 5 9 8 12
0 7 19 5 5
17 9 9 9 8
1 5 3 10 10
8 12 12 11 4
3 10 5 2 8
18 6 16 14 16
22 2 14 10 5
3 14 1 9 14
8 0 0 6 7
16 2 12 2 12
2 11 5 8 13
21 7 20 14 9
5 8 21 6 10
10 3 20 7 9
7 3 22 1 17
9 6 0 7 6
9 13 15 0 3
18 10 4 14 14
11 0 5 6 6
4 7 11 4 20
19 13 20 1 10
1 4 3 9 9
10 7 7 11 6
5 3 7 2 11
16 7 15 5 4
10 9 7 13 6
3 12 16 4 3
21 11 5 14 7
