20 15
15 1 0 19 1 9 33 1 2 32 1 13 18 2 10 39 12 39 1 8 34 1 6 25 1 4 36 1 11 40 1 12 33 1 1 31 1 14 30 2 3 34 5 34 1 5 26 1 7 13 
15 1 9 11 2 10 22 5 22 1 14 19 1 5 12 1 4 25 1 6 38 2 0 29 9 29 1 7 39 1 13 19 1 11 22 1 1 23 1 3 20 1 2 40 2 12 19 3 19 1 8 26 
15 1 3 25 2 8 17 2 17 1 11 24 1 13 40 1 10 32 1 14 16 1 5 39 1 9 19 1 0 24 1 1 39 1 4 17 1 2 35 2 7 38 10 38 1 6 20 1 12 31 
15 2 14 22 2 22 1 3 36 1 2 34 2 12 17 0 17 2 4 30 7 30 2 13 12 12 12 1 1 13 1 6 25 1 9 12 1 7 18 1 10 31 1 0 39 1 5 40 1 8 26 1 11 37 
15 1 12 32 1 14 15 1 1 35 1 7 13 1 8 32 1 11 23 1 6 22 1 4 21 1 0 38 1 2 38 1 3 40 2 10 31 2 31 1 5 11 1 13 37 1 9 16 
15 1 10 23 1 12 38 1 8 11 1 14 27 1 9 11 1 6 25 2 5 14 9 14 1 4 12 1 2 27 1 11 26 1 7 29 1 3 28 1 13 21 1 0 20 1 1 30 
15 1 6 39 1 8 38 2 0 15 9 15 1 12 27 1 10 22 1 9 27 1 2 32 1 4 40 1 3 12 1 13 20 1 14 21 1 11 22 1 5 17 1 7 38 2 1 27 7 27 
15 1 11 11 1 13 24 1 10 38 1 8 15 1 9 19 2 14 13 8 13 1 5 30 1 0 26 1 2 29 1 6 33 1 12 21 1 1 15 1 3 21 1 4 28 1 7 33 
15 1 8 20 1 6 17 3 5 26 8 26 3 26 1 3 34 2 9 23 6 23 1 0 16 1 2 18 2 4 35 10 35 1 12 24 1 10 16 1 11 26 2 7 12 1 12 1 14 13 1 13 27 1 1 19 
15 1 1 18 1 7 37 2 14 27 0 27 1 9 40 1 5 40 1 6 17 2 8 22 14 22 1 3 17 1 10 30 1 0 38 1 4 21 1 12 32 1 11 24 1 13 24 2 2 30 3 30 
15 1 11 19 1 0 22 1 13 36 1 6 18 1 5 22 1 3 17 1 14 35 1 10 34 1 7 23 1 8 19 2 2 29 11 29 1 1 22 1 12 17 1 4 33 1 9 39 
15 1 6 32 1 3 22 1 12 24 1 5 13 1 4 13 1 1 11 1 0 11 1 13 25 1 8 13 1 2 15 1 10 33 1 11 17 2 14 16 3 16 1 9 38 1 7 24 
15 1 14 16 1 13 16 2 1 37 10 37 1 8 25 1 2 26 1 3 11 1 9 34 1 4 14 1 0 20 1 6 36 1 12 12 1 5 29 1 10 25 1 7 32 1 11 12 
15 1 8 20 1 10 24 1 11 27 1 9 38 1 5 34 1 12 39 1 7 33 1 4 37 1 2 31 1 13 15 1 14 34 1 3 33 1 6 26 1 1 36 1 0 14 
15 1 8 31 1 0 17 2 9 13 12 13 1 1 21 1 10 17 2 7 19 2 19 2 13 14 12 14 1 3 40 2 5 32 8 32 2 11 25 6 25 1 2 34 1 14 23 1 6 13 1 12 40 1 4 26 
15 1 8 38 1 12 17 1 3 14 2 13 17 11 17 1 4 12 1 1 35 1 6 35 1 0 19 1 10 36 1 7 19 1 9 29 1 2 31 1 5 26 2 11 35 0 35 1 14 37 
15 1 14 20 1 3 16 1 0 33 1 10 14 1 5 27 1 7 31 1 8 16 1 6 31 1 12 28 1 9 37 1 4 37 2 2 29 6 29 2 11 38 9 38 1 1 30 1 13 36 
15 1 11 18 1 3 37 1 14 16 1 6 15 1 8 14 2 12 11 6 11 1 13 32 1 5 12 1 1 11 1 10 29 1 7 19 1 4 12 1 9 18 1 2 26 1 0 39 
15 1 11 11 1 2 11 1 12 22 1 9 35 1 14 20 1 7 31 2 4 19 6 19 1 3 39 1 5 28 1 6 33 2 10 34 13 34 1 1 38 1 0 20 1 13 17 1 8 28 
15 1 2 12 1 12 25 1 5 23 1 8 21 1 6 27 1 9 30 1 14 23 1 11 39 1 3 26 1 13 34 2 7 17 10 17 1 1 24 1 4 12 1 0 19 1 10 36 

Dynamic Events

# Machine Breakdowns (machine_id start_time end_time)
Machine Breakdowns
0 131 143
5 470 485
10 152 168
12 424 442

# Added Jobs (arrival_time: num_ops num_alts_op1 m1 p1 ... num_alts_op2 m1 p1 ...)
Added Jobs
162: 15 3 7 21 6 16 9 29 1 14 23 1 6 15 1 6 12 1 8 20 1 12 38 3 8 11 4 12 0 25 3 4 14 11 27 10 22 3 1 25 0 35 6 23 2 13 28 11 30 1 12 23 1 4 39 1 3 26 3 7 28 11 24 1 22 1 11 28 
171: 15 2 1 13 9 14 1 0 31 3 4 13 0 17 6 17 3 7 39 8 20 6 32 2 1 36 4 26 3 10 18 14 25 9 37 3 10 28 4 22 8 32 2 13 17 12 33 3 13 31 12 11 14 17 2 4 15 14 18 2 6 36 14 34 1 13 36 1 0 39 2 0 22 14 20 2 12 25 11 27 
176: 15 1 11 18 2 2 31 4 21 1 0 16 2 11 25 13 18 1 8 36 2 5 17 4 22 1 6 29 1 1 21 2 3 11 2 31 2 3 14 11 18 3 8 20 4 25 9 37 1 8 29 2 3 30 13 28 1 13 37 1 12 24 
205: 15 1 0 34 1 10 25 2 6 13 7 34 3 2 37 9 37 10 34 2 8 29 6 23 1 5 27 1 14 16 1 2 13 3 0 27 9 24 4 37 1 7 16 1 9 34 2 3 31 0 29 1 13 35 2 0 25 1 30 3 5 31 9 35 14 28 
208: 15 1 3 16 2 1 27 5 35 2 9 28 2 24 2 10 26 12 31 2 3 38 12 18 1 11 28 1 5 23 3 9 29 1 35 11 30 1 11 34 2 4 22 11 25 3 4 21 11 31 2 18 2 1 38 6 25 3 4 12 2 24 1 29 3 14 13 6 19 5 28 1 0 14 
209: 15 1 4 14 3 11 16 9 15 6 34 2 10 38 11 23 1 7 32 3 13 17 5 26 8 36 2 9 16 14 20 1 13 33 3 11 28 9 18 10 25 3 11 34 12 32 8 38 3 8 23 14 20 12 22 1 1 29 1 3 15 1 9 36 3 2 12 10 22 7 25 2 13 27 3 35 

# ETPC Constraints (fore_job_sim_idx fore_op_idx hind_job_sim_idx hind_op_idx time_lapse)
ETPC Constraints
19 12 20 14 7
24 7 3 12 6
20 3 21 0 3
7 11 18 0 18
22 14 3 14 7
12 10 17 12 10
20 11 11 13 8
7 14 18 7 6
14 14 0 13 10
12 14 11 9 20
5 6 24 0 13
7 6 25 13 6
20 8 15 4 4
18 14 24 4 16
5 9 18 12 18
24 7 23 0 20
12 4 18 14 15
19 0 17 7 18
9 7 8 4 5
5 6 20 12 10
5 10 6 2 7
3 1 23 14 10
11 1 7 8 16
19 14 22 0 12
10 9 17 11 15
12 12 20 1 14
3 5 5 8 3
7 14 21 0 8
19 4 4 2 6
8 9 19 2 16
18 4 9 13 14
4 5 0 11 7
20 13 14 3 4
0 1 20 1 11
1 13 0 8 7
7 0 24 6 16
23 6 16 10 6
9 4 12 9 14
1 7 10 5 15
2 7 3 12 15
25 12 15 9 10
7 6 16 4 15
20 10 21 3 20
15 6 19 0 16
14 8 17 10 11
11 8 25 2 3
17 8 24 3 20
20 10 8 13 13
20 5 17 11 3
19 4 20 11 11
22 3 3 6 10
10 0 19 0 20
