20 15
15 1 6 14 1 5 21 1 8 13 1 4 11 2 1 11 12 11 1 14 35 1 13 20 1 11 17 1 10 18 1 12 11 1 2 23 1 3 13 2 0 15 5 15 1 7 11 1 9 35 
15 1 1 35 2 5 31 13 31 1 0 13 1 3 26 1 6 14 1 9 17 2 7 38 12 38 1 12 20 1 10 19 1 13 12 1 8 16 1 4 34 2 11 15 4 15 1 14 12 1 2 14 
15 2 0 30 6 30 1 4 35 1 2 40 1 10 35 1 6 30 1 14 23 1 8 29 1 13 37 1 7 38 1 3 40 1 9 26 2 12 11 7 11 1 1 40 1 11 36 2 5 17 4 17 
15 1 7 40 1 5 18 1 4 12 2 8 23 4 23 1 0 23 2 9 14 12 14 1 13 16 1 12 14 1 10 23 1 3 12 1 6 16 1 14 32 1 1 40 1 11 25 1 2 29 
15 1 2 35 1 3 15 1 12 31 1 11 28 1 6 32 1 4 30 1 10 27 1 7 29 1 0 38 1 13 11 2 1 23 5 23 1 14 17 1 5 27 1 9 37 1 8 29 
15 1 5 33 1 3 33 1 6 19 1 12 40 1 10 19 2 0 33 4 33 1 13 26 1 2 31 1 11 28 1 7 36 1 4 38 1 1 21 1 14 25 1 9 40 1 8 35 
15 1 13 25 2 0 32 9 32 1 11 33 1 12 18 1 4 32 1 6 28 1 5 15 1 3 35 1 9 14 1 2 34 1 7 23 1 10 32 1 1 17 2 14 26 2 26 1 8 19 
15 1 2 16 1 12 33 1 9 34 1 11 30 1 13 40 2 8 12 1 12 1 14 26 1 5 26 1 6 15 1 3 21 1 1 40 1 4 32 1 0 14 1 7 30 1 10 35 
15 1 2 17 2 10 16 13 16 1 14 20 1 6 24 2 8 26 6 26 1 3 36 1 12 22 2 0 14 10 14 1 13 11 1 9 20 1 7 23 2 1 29 7 29 1 11 23 1 4 15 1 5 40 
15 1 4 27 1 9 37 2 3 40 9 40 1 11 14 1 13 25 1 7 30 1 0 34 2 2 11 12 11 1 5 15 1 12 32 1 1 36 1 10 12 1 14 28 1 8 31 1 6 23 
15 2 13 25 8 25 1 0 22 1 3 27 1 8 14 1 5 25 1 6 20 1 14 18 1 7 14 1 1 19 1 2 17 1 4 27 2 9 22 13 22 1 12 22 1 11 27 1 10 21 
15 1 14 34 1 10 15 1 0 22 1 3 29 1 13 34 1 6 40 1 7 17 1 2 32 1 12 20 1 5 39 1 4 31 1 11 16 1 1 37 3 8 33 2 33 4 33 1 9 13 
15 1 6 12 1 12 27 2 4 17 10 17 1 2 24 1 8 11 1 5 19 1 14 11 1 3 17 1 9 25 1 1 11 1 11 31 1 13 33 1 7 31 1 10 12 1 0 22 
15 1 5 22 1 14 15 1 0 16 1 8 32 1 7 20 1 4 22 1 9 11 1 13 19 1 1 30 1 12 33 1 6 29 1 11 18 1 3 34 1 10 32 1 2 18 
15 1 5 27 1 3 26 2 10 28 12 28 1 6 37 1 4 18 2 12 12 2 12 2 11 11 12 11 1 13 26 2 7 27 8 27 2 9 40 6 40 1 14 19 1 1 24 1 2 18 1 0 12 1 8 34 
15 1 8 15 1 5 28 1 9 25 2 6 32 11 32 1 1 13 1 7 38 1 11 11 1 2 34 1 4 25 1 0 20 1 10 32 1 3 23 1 12 14 2 14 16 11 16 1 13 20 
15 1 1 15 1 4 13 1 8 37 1 3 14 1 10 22 1 5 24 1 12 26 1 7 22 1 9 34 1 14 22 1 11 19 1 13 32 2 0 29 9 29 2 2 13 1 13 1 6 35 
15 1 7 36 1 5 33 1 13 28 1 9 20 1 10 30 1 4 33 2 14 29 3 29 1 0 34 1 3 22 1 11 12 1 6 30 1 8 12 1 1 35 1 2 13 1 12 35 
15 1 14 26 1 11 31 1 5 35 1 2 38 1 13 19 1 10 35 1 4 27 2 8 29 1 29 1 3 39 1 9 13 2 6 14 12 14 1 7 26 1 0 17 1 1 22 1 12 15 
15 1 1 36 1 7 34 1 11 33 1 8 17 1 14 38 1 6 39 1 5 16 1 3 27 1 13 29 1 2 16 1 0 16 2 4 19 6 19 1 9 40 1 12 35 1 10 39 

Dynamic Events

# Machine Breakdowns (machine_id start_time end_time)
Machine Breakdowns
1 459 474
6 428 442
8 284 298
14 132 144

# Added Jobs (arrival_time: num_ops num_alts_op1 m1 p1 ... num_alts_op2 m1 p1 ...)
Added Jobs
100: 15 3 5 19 10 19 14 23 2 2 28 8 30 3 0 37 2 40 4 20 1 3 29 2 13 15 10 39 2 3 30 9 29 2 1 28 14 37 1 12 15 1 14 24 2 2 21 12 17 3 14 32 0 16 12 24 2 8 23 5 36 3 6 31 12 23 7 16 2 6 31 9 32 1 4 16 
116: 15 1 4 21 2 12 40 0 32 3 11 29 3 26 10 35 3 6 18 3 24 14 28 1 4 22 2 8 18 5 23 2 10 23 7 19 3 5 24 1 22 11 11 2 6 25 3 24 2 4 14 6 40 1 12 25 3 5 36 1 32 13 34 2 1 17 8 30 3 5 32 1 21 10 36 1 9 39 
153: 15 2 14 31 0 18 2 14 38 2 19 1 4 12 3 9 24 14 32 8 24 2 14 27 12 16 1 7 34 1 10 21 3 6 32 11 11 3 22 3 0 28 11 35 14 24 1 8 15 2 2 28 8 33 3 14 30 10 27 2 21 1 13 13 2 11 23 3 33 2 8 13 6 27 

# Cancelled Jobs (cancel_time initial_job_sim_idx_to_cancel)
Cancelled Jobs
294 11

# ETPC Constraints (fore_job_sim_idx fore_op_idx hind_job_sim_idx hind_op_idx time_lapse)
ETPC Constraints
20 8 10 9 7
12 4 16 11 4
11 14 17 2 19
13 2 8 8 14
1 8 7 14 5
8 8 18 5 19
8 1 5 4 6
7 0 5 3 9
4 2 19 5 3
2 12 16 13 4
11 12 13 1 12
7 13 3 11 18
8 10 20 11 15
5 10 6 12 7
19 11 0 4 15
16 2 14 13 13
16 13 19 6 14
1 13 11 5 17
2 11 22 7 7
14 4 18 0 14
21 6 7 10 12
2 5 20 13 18
3 13 11 2 18
18 7 5 1 20
14 6 10 1 16
5 2 20 0 6
6 0 19 8 6
12 7 6 0 5
8 7 9 1 8
18 12 8 12 6
0 1 4 5 16
4 0 6 2 19
1 12 7 7 20
13 0 20 12 7
10 13 18 13 4
0 6 5 2 16
9 4 17 3 13
1 11 5 8 12
16 12 14 4 9
21 10 18 1 14
0 14 6 11 10
7 0 13 5 10
9 1 17 11 15
14 4 17 2 19
20 4 12 9 20
6 8 16 11 6
