11 5
5 1 0 375 1 1 12 1 2 142 1 3 245 2 4 412 2 412 
5 1 0 632 1 1 452 1 2 758 1 3 278 1 4 398 
5 1 0 12 1 1 876 2 2 124 0 124 1 3 534 1 4 765 
5 1 0 460 2 1 542 0 542 1 2 523 1 3 120 1 4 499 
5 1 0 528 2 1 101 4 101 1 2 789 1 3 124 1 4 999 
5 1 0 796 1 1 245 1 2 632 2 3 375 4 375 1 4 123 
5 2 0 532 1 532 1 1 230 1 2 543 1 3 896 1 4 452 
5 1 0 14 1 1 124 1 2 214 1 3 543 1 4 785 
5 1 0 257 2 1 527 2 527 1 2 753 1 3 210 2 4 463 2 463 
5 1 0 896 1 1 896 2 2 214 0 214 2 3 258 2 258 2 4 259 2 259 
5 1 0 532 1 1 302 1 2 501 1 3 765 1 4 988 

Dynamic Events

# Added Jobs (arrival_time: num_ops num_alts_op1 m1 p1 ... num_alts_op2 m1 p1 ...)
Added Jobs
600: 5 2 1 423 2 214 1 0 554 1 1 842 2 0 134 4 908 2 3 589 2 785 
654: 5 1 0 523 2 4 276 0 14 1 0 806 2 0 498 1 79 2 3 781 1 289 
933: 5 2 1 280 4 789 2 2 327 0 700 2 0 438 3 520 1 1 458 2 3 775 2 233 
1754: 5 2 4 835 3 209 2 2 275 4 956 1 4 147 2 0 538 1 836 2 3 635 0 854 
1756: 5 1 0 365 2 0 204 4 982 1 4 706 2 3 845 2 743 2 2 459 3 616 
1766: 5 1 4 490 2 4 400 0 326 2 1 340 0 333 2 2 460 3 488 2 1 265 4 197 

# Cancelled Jobs (cancel_time initial_job_sim_idx_to_cancel)
Cancelled Jobs
2575 5

# ETPC Constraints (fore_job_sim_idx fore_op_idx hind_job_sim_idx hind_op_idx time_lapse)
ETPC Constraints
15 3 12 4 8
6 1 7 0 6
4 0 3 3 10
0 1 15 4 15
8 1 15 3 8
1 2 12 3 13
8 1 13 0 7
14 2 3 1 10
3 0 4 1 14
8 2 12 1 3
4 3 13 2 13
9 1 3 4 11
4 1 11 3 20
14 3 7 0 9
6 2 10 4 15
11 2 8 0 16
0 1 6 3 3
4 4 13 1 11
4 3 14 4 7
4 2 0 2 3
9 4 10 1 16
10 1 13 0 17
8 4 3 2 11
3 1 1 4 5
2 3 4 4 11
3 3 15 3 17
2 1 8 3 12
