11 5
5 1 0 375 1 1 12 1 2 142 1 3 245 2 4 412 2 412 
5 1 0 632 1 1 452 1 2 758 1 3 278 1 4 398 
5 1 0 12 1 1 876 2 2 124 0 124 1 3 534 1 4 765 
5 1 0 460 2 1 542 0 542 1 2 523 1 3 120 1 4 499 
5 1 0 528 2 1 101 4 101 1 2 789 1 3 124 1 4 999 
5 1 0 796 1 1 245 1 2 632 2 3 375 4 375 1 4 123 
5 2 0 532 1 532 1 1 230 1 2 543 1 3 896 1 4 452 
5 1 0 14 1 1 124 1 2 214 1 3 543 1 4 785 
5 1 0 257 2 1 527 2 527 1 2 753 1 3 210 2 4 463 2 463 
5 1 0 896 1 1 896 2 2 214 0 214 2 3 258 2 258 2 4 259 2 259 
5 1 0 532 1 1 302 1 2 501 1 3 765 1 4 988 

Dynamic Events

# Machine Breakdowns (machine_id start_time end_time)
Machine Breakdowns
4 3923 4230

# Added Jobs (arrival_time: num_ops num_alts_op1 m1 p1 ... num_alts_op2 m1 p1 ...)
Added Jobs
380: 5 1 3 833 1 1 277 2 4 904 3 380 1 1 76 1 1 407 
683: 5 1 1 624 1 2 788 1 0 117 1 2 335 1 1 231 
999: 5 1 3 609 2 3 622 4 638 2 4 389 3 152 2 3 159 0 656 2 2 526 1 482 
1614: 5 2 1 410 2 126 1 2 456 2 2 688 1 360 1 4 907 1 2 375 

# Cancelled Jobs (cancel_time initial_job_sim_idx_to_cancel)
Cancelled Jobs
185 8
3273 3

# ETPC Constraints (fore_job_sim_idx fore_op_idx hind_job_sim_idx hind_op_idx time_lapse)
ETPC Constraints
9 3 10 1 20
12 2 14 0 19
3 0 1 2 15
9 3 0 1 3
7 0 13 4 15
6 0 5 3 15
2 2 10 3 20
2 4 10 4 18
2 1 7 1 11
13 4 11 3 8
13 3 1 3 8
2 3 13 0 14
3 3 1 1 5
4 4 10 0 20
6 1 9 2 17
10 2 4 2 8
13 2 14 0 5
11 4 2 3 10
10 2 9 1 7
1 3 13 0 13
4 2 10 3 12
