13 4
4 1 0 654 1 1 147 1 2 345 1 3 447 
4 2 0 321 3 321 1 1 520 1 2 789 1 3 702 
4 1 0 12 1 1 147 1 2 630 1 3 255 
4 2 0 345 3 345 1 1 586 1 2 214 1 3 866 
4 2 0 678 1 678 1 1 532 1 2 275 1 3 332 
4 1 0 963 2 1 145 3 145 1 2 302 1 3 225 
4 1 0 25 1 1 24 1 2 142 1 3 589 
4 2 0 874 3 874 1 1 517 1 2 24 2 3 996 0 996 
4 1 0 114 1 1 896 1 2 520 1 3 541 
4 1 0 785 1 1 543 1 2 336 1 3 234 
4 1 0 203 1 1 210 2 2 699 0 699 1 3 784 
4 1 0 696 2 1 784 2 784 1 2 855 1 3 512 
4 2 0 302 3 302 2 1 512 0 512 2 2 221 0 221 1 3 345 

Dynamic Events

# Added Jobs (arrival_time: num_ops num_alts_op1 m1 p1 ... num_alts_op2 m1 p1 ...)
Added Jobs
416: 4 2 1 183 3 516 2 0 705 1 406 2 2 816 1 853 2 0 793 1 144 
1065: 4 1 2 664 1 0 826 2 0 613 2 441 2 0 96 3 853 
1196: 4 2 1 765 2 270 1 3 659 1 0 824 2 0 247 3 706 
1765: 4 2 1 626 0 668 1 2 339 1 2 561 1 0 865 
1851: 4 1 0 646 1 1 693 2 2 754 1 140 2 1 43 2 510 
2464: 4 2 3 464 2 523 1 1 383 1 3 555 2 1 171 0 924 

# ETPC Constraints (fore_job_sim_idx fore_op_idx hind_job_sim_idx hind_op_idx time_lapse)
ETPC Constraints
8 2 4 1 19
8 0 5 1 19
6 0 2 0 9
11 0 6 1 18
1 0 16 2 19
9 3 18 2 7
14 2 5 2 7
13 0 6 2 14
10 1 7 1 17
15 0 9 0 18
10 1 14 2 18
4 3 12 1 5
10 0 4 0 5
14 1 4 3 13
16 2 2 0 16
1 0 7 2 3
14 1 2 0 4
12 2 14 2 6
16 2 14 3 11
18 3 10 0 14
11 2 4 3 18
16 3 9 3 19
1 3 10 2 19
5 1 4 2 14
7 0 10 2 4
3 3 5 1 16
12 3 1 2 19
14 2 13 3 17
0 1 8 2 13
15 1 13 3 8
12 3 17 2 5
17 0 11 2 18
15 2 17 1 15
9 3 10 1 15
