13 4
4 1 0 654 1 1 147 1 2 345 1 3 447 
4 2 0 321 3 321 1 1 520 1 2 789 1 3 702 
4 1 0 12 1 1 147 1 2 630 1 3 255 
4 2 0 345 3 345 1 1 586 1 2 214 1 3 866 
4 2 0 678 1 678 1 1 532 1 2 275 1 3 332 
4 1 0 963 2 1 145 3 145 1 2 302 1 3 225 
4 1 0 25 1 1 24 1 2 142 1 3 589 
4 2 0 874 3 874 1 1 517 1 2 24 2 3 996 0 996 
4 1 0 114 1 1 896 1 2 520 1 3 541 
4 1 0 785 1 1 543 1 2 336 1 3 234 
4 1 0 203 1 1 210 2 2 699 0 699 1 3 784 
4 1 0 696 2 1 784 2 784 1 2 855 1 3 512 
4 2 0 302 3 302 2 1 512 0 512 2 2 221 0 221 1 3 345 

Dynamic Events

# Added Jobs (arrival_time: num_ops num_alts_op1 m1 p1 ... num_alts_op2 m1 p1 ...)
Added Jobs
750: 4 2 2 722 1 489 1 2 635 2 2 222 0 422 2 0 287 2 485 
892: 4 1 2 455 2 0 73 2 443 1 0 220 2 3 816 1 510 
1365: 4 2 3 445 0 969 1 0 328 2 1 827 0 388 1 1 868 
1890: 4 2 1 414 3 441 1 3 787 2 3 359 2 700 2 0 681 3 972 
2078: 4 2 3 652 2 357 1 3 195 1 1 834 2 1 359 2 531 

# ETPC Constraints (fore_job_sim_idx fore_op_idx hind_job_sim_idx hind_op_idx time_lapse)
ETPC Constraints
14 0 8 1 9
3 0 8 3 14
6 1 0 1 15
3 2 11 0 9
16 2 3 3 11
5 0 1 1 20
16 1 10 0 9
1 2 15 2 4
15 1 3 0 16
3 1 12 2 11
7 3 11 3 7
4 0 0 0 15
4 3 17 1 14
14 1 4 1 8
4 2 8 1 7
5 3 13 2 19
0 0 7 3 4
14 1 8 1 13
1 1 5 1 20
5 0 3 2 11
15 2 6 2 10
16 2 0 1 14
15 0 5 3 13
16 2 14 1 3
12 2 0 0 18
2 3 1 1 9
13 3 17 2 18
11 3 16 1 16
17 2 3 1 19
0 1 10 0 3
