12 5
5 1 0 456 1 1 537 1 2 123 1 3 214 2 4 234 2 234 
5 1 0 789 1 1 854 1 2 225 1 3 528 1 4 123 
5 1 0 876 1 1 632 2 2 588 0 588 1 3 896 1 4 456 
5 1 0 543 2 1 145 0 145 1 2 669 1 3 325 1 4 789 
5 1 0 210 2 1 785 4 785 1 2 966 1 3 147 1 4 876 
5 1 0 123 1 1 214 1 2 332 2 3 856 4 856 1 4 543 
5 2 0 456 1 456 1 1 752 1 2 144 1 3 321 1 4 210 
5 1 0 789 1 1 143 1 2 755 1 3 427 1 4 123 
5 1 0 876 2 1 698 2 698 1 2 322 1 3 546 2 4 456 2 456 
5 1 0 543 1 1 532 2 2 100 0 100 2 3 321 2 321 2 4 789 2 789 
5 1 0 210 1 1 145 1 2 114 1 3 401 1 4 876 
5 1 0 124 1 1 247 1 2 753 1 3 214 1 4 543 

Dynamic Events

# Machine Breakdowns (machine_id start_time end_time)
Machine Breakdowns
1 5357 5700
2 4136 4438
4 2715 3042

# Added Jobs (arrival_time: num_ops num_alts_op1 m1 p1 ... num_alts_op2 m1 p1 ...)
Added Jobs
1727: 5 2 2 451 0 671 1 3 818 2 3 731 1 336 2 1 619 0 646 2 4 854 3 231 
1889: 5 2 3 607 2 175 1 3 700 2 3 879 1 530 1 2 288 2 0 693 1 333 
1907: 5 1 4 451 2 3 884 0 566 1 2 739 2 0 227 3 649 2 4 544 2 890 
2321: 5 2 3 487 1 560 1 1 275 2 4 722 0 839 2 3 396 4 347 2 4 858 2 753 

# Cancelled Jobs (cancel_time initial_job_sim_idx_to_cancel)
Cancelled Jobs
2226 0
2778 7
3274 11

# ETPC Constraints (fore_job_sim_idx fore_op_idx hind_job_sim_idx hind_op_idx time_lapse)
ETPC Constraints
0 2 15 2 12
8 2 12 2 15
8 1 2 1 16
0 1 9 2 14
0 1 8 3 9
15 4 13 3 12
14 3 0 2 16
4 3 5 3 19
14 1 3 4 14
11 3 13 2 7
11 0 15 3 14
9 3 3 2 13
0 1 6 1 19
5 1 2 3 20
8 1 5 1 20
11 2 14 4 13
12 0 3 2 8
2 3 3 0 6
0 1 3 0 12
14 0 6 3 3
7 1 5 1 6
6 3 15 4 20
10 3 5 4 7
11 4 9 3 4
