12 5
5 1 0 456 1 1 537 1 2 123 1 3 214 2 4 234 2 234 
5 1 0 789 1 1 854 1 2 225 1 3 528 1 4 123 
5 1 0 876 1 1 632 2 2 588 0 588 1 3 896 1 4 456 
5 1 0 543 2 1 145 0 145 1 2 669 1 3 325 1 4 789 
5 1 0 210 2 1 785 4 785 1 2 966 1 3 147 1 4 876 
5 1 0 123 1 1 214 1 2 332 2 3 856 4 856 1 4 543 
5 2 0 456 1 456 1 1 752 1 2 144 1 3 321 1 4 210 
5 1 0 789 1 1 143 1 2 755 1 3 427 1 4 123 
5 1 0 876 2 1 698 2 698 1 2 322 1 3 546 2 4 456 2 456 
5 1 0 543 1 1 532 2 2 100 0 100 2 3 321 2 321 2 4 789 2 789 
5 1 0 210 1 1 145 1 2 114 1 3 401 1 4 876 
5 1 0 124 1 1 247 1 2 753 1 3 214 1 4 543 

Dynamic Events

# Machine Breakdowns (machine_id start_time end_time)
Machine Breakdowns
1 3114 3411

# Added Jobs (arrival_time: num_ops num_alts_op1 m1 p1 ... num_alts_op2 m1 p1 ...)
Added Jobs
366: 5 1 3 234 2 1 721 0 607 2 2 896 3 148 2 2 678 1 404 1 4 657 
964: 5 1 2 289 1 3 719 1 0 857 1 3 754 2 1 845 4 803 
1030: 5 1 1 852 1 2 759 1 4 745 1 0 579 2 2 535 1 290 
1618: 5 1 3 505 2 3 338 4 700 1 2 341 1 3 431 2 1 345 4 169 
1697: 5 2 3 748 2 135 1 2 452 2 3 219 4 710 1 1 573 1 1 659 

# Cancelled Jobs (cancel_time initial_job_sim_idx_to_cancel)
Cancelled Jobs
2214 9
3897 7

# ETPC Constraints (fore_job_sim_idx fore_op_idx hind_job_sim_idx hind_op_idx time_lapse)
ETPC Constraints
13 2 10 2 12
10 0 9 1 15
9 1 14 1 14
15 3 1 3 8
3 4 10 3 8
4 3 8 1 12
0 0 13 3 18
2 2 8 0 3
3 1 10 2 19
4 3 2 0 9
16 1 10 4 11
13 2 0 2 3
0 2 4 3 5
15 4 11 1 10
12 0 6 1 9
6 1 2 3 5
16 1 1 3 18
1 1 15 3 3
0 3 3 4 5
7 2 1 3 14
14 0 9 3 8
2 2 3 1 10
2 2 13 0 9
14 1 13 1 3
1 3 6 0 11
7 1 15 3 3
4 3 14 1 7
