14 4
4 1 0 456 1 1 856 1 2 963 1 3 696 
4 2 0 789 3 789 1 1 930 1 2 21 1 3 320 
4 1 0 630 1 1 214 1 2 475 1 3 142 
4 2 0 214 3 214 1 1 257 1 2 320 1 3 753 
4 2 0 573 1 573 1 1 896 1 2 124 1 3 214 
4 1 0 218 2 1 532 3 532 1 2 752 1 3 528 
4 1 0 653 1 1 142 1 2 147 1 3 653 
4 2 0 214 3 214 1 1 547 1 2 532 2 3 214 0 214 
4 1 0 204 1 1 865 1 2 145 1 3 527 
4 1 0 785 1 1 321 1 2 763 1 3 536 
4 1 0 696 1 1 124 2 2 214 0 214 1 3 214 
4 1 0 532 2 1 12 2 12 1 2 257 1 3 528 
4 2 0 12 3 12 2 1 345 0 345 2 2 854 0 854 1 3 888 
4 1 0 457 1 1 678 1 2 123 1 3 999 

Dynamic Events

# Machine Breakdowns (machine_id start_time end_time)
Machine Breakdowns
1 5553 5882

# Added Jobs (arrival_time: num_ops num_alts_op1 m1 p1 ... num_alts_op2 m1 p1 ...)
Added Jobs
1014: 4 1 0 58 2 0 362 3 752 2 1 413 2 327 1 0 363 
1730: 4 1 1 612 1 3 43 2 2 714 3 280 1 0 701 
2548: 4 2 1 769 2 346 1 1 532 1 3 59 1 2 14 
2583: 4 2 2 857 3 875 1 1 454 2 3 633 0 746 1 3 400 
2799: 4 2 2 604 1 173 1 2 788 2 1 134 0 360 2 0 618 2 160 
2864: 4 1 0 255 1 0 325 2 3 493 0 195 1 2 490 

# Cancelled Jobs (cancel_time initial_job_sim_idx_to_cancel)
Cancelled Jobs
1747 4

# ETPC Constraints (fore_job_sim_idx fore_op_idx hind_job_sim_idx hind_op_idx time_lapse)
ETPC Constraints
11 1 5 3 15
6 3 1 2 9
3 0 16 2 20
16 0 11 1 9
4 2 7 3 5
15 1 19 3 9
4 0 18 0 11
12 0 8 0 14
1 2 4 3 7
2 1 10 2 16
9 1 4 3 5
17 0 9 3 14
7 3 10 3 17
12 1 17 0 20
18 2 0 2 19
10 3 12 1 16
7 1 12 2 11
9 2 16 3 3
11 1 9 3 7
14 1 8 0 9
11 2 14 2 3
10 3 16 3 20
8 3 5 3 3
5 1 6 2 16
5 1 11 1 7
2 0 1 0 13
6 2 4 2 4
10 1 5 2 13
8 0 10 0 5
15 0 19 2 9
0 2 9 3 15
16 0 3 2 17
0 0 4 1 4
9 0 17 3 5
7 2 3 2 20
10 2 1 3 5
2 0 4 3 19
7 1 17 0 9
