14 4
4 1 0 456 1 1 856 1 2 963 1 3 696 
4 2 0 789 3 789 1 1 930 1 2 21 1 3 320 
4 1 0 630 1 1 214 1 2 475 1 3 142 
4 2 0 214 3 214 1 1 257 1 2 320 1 3 753 
4 2 0 573 1 573 1 1 896 1 2 124 1 3 214 
4 1 0 218 2 1 532 3 532 1 2 752 1 3 528 
4 1 0 653 1 1 142 1 2 147 1 3 653 
4 2 0 214 3 214 1 1 547 1 2 532 2 3 214 0 214 
4 1 0 204 1 1 865 1 2 145 1 3 527 
4 1 0 785 1 1 321 1 2 763 1 3 536 
4 1 0 696 1 1 124 2 2 214 0 214 1 3 214 
4 1 0 532 2 1 12 2 12 1 2 257 1 3 528 
4 2 0 12 3 12 2 1 345 0 345 2 2 854 0 854 1 3 888 
4 1 0 457 1 1 678 1 2 123 1 3 999 

Dynamic Events

# Machine Breakdowns (machine_id start_time end_time)
Machine Breakdowns
2 2211 2532

# Added Jobs (arrival_time: num_ops num_alts_op1 m1 p1 ... num_alts_op2 m1 p1 ...)
Added Jobs
1199: 4 1 0 608 2 1 470 3 520 2 0 740 2 609 2 3 585 2 772 
1638: 4 1 3 219 1 0 493 1 1 169 1 0 527 
1660: 4 1 1 811 1 2 924 2 1 838 3 641 2 1 503 2 552 

# Cancelled Jobs (cancel_time initial_job_sim_idx_to_cancel)
Cancelled Jobs
494 12
1343 8
2081 9
4281 7

# ETPC Constraints (fore_job_sim_idx fore_op_idx hind_job_sim_idx hind_op_idx time_lapse)
ETPC Constraints
3 1 2 3 7
0 3 7 2 16
5 1 11 3 6
7 1 3 2 16
14 1 6 1 12
11 1 14 3 14
14 2 0 3 19
1 3 4 2 9
9 3 13 1 19
4 0 13 0 5
14 0 9 2 7
13 3 3 3 4
2 0 3 0 9
16 1 12 3 11
0 2 5 3 14
0 2 10 0 14
13 1 12 2 6
7 2 3 1 10
4 0 14 1 19
15 3 4 0 8
2 2 3 3 13
8 0 15 3 16
5 2 11 0 13
14 2 9 0 19
2 3 12 0 14
8 0 11 2 12
14 0 9 1 17
