10 6
6 1 0 333 1 1 991 1 2 996 1 3 123 2 4 145 3 145 1 5 234 
6 1 0 333 1 1 111 1 2 663 1 3 456 1 4 785 1 5 532 
6 2 0 252 5 252 1 1 222 1 2 222 1 3 789 2 4 214 5 214 1 5 586 
6 1 0 222 1 1 204 1 2 114 2 3 876 0 876 1 4 752 1 5 532 
6 1 0 255 1 1 477 1 2 123 2 3 543 1 543 1 4 143 1 5 142 
6 2 0 555 3 555 1 1 566 1 2 456 1 3 210 1 4 698 1 5 573 
6 1 0 558 1 1 899 1 2 789 1 3 124 1 4 532 2 5 12 4 12 
6 1 0 888 1 1 965 2 2 876 4 876 1 3 537 1 4 145 1 5 14 
6 2 0 889 2 889 1 1 588 2 2 543 3 543 1 3 854 1 4 247 1 5 527 
6 1 0 999 1 1 889 1 2 210 1 3 632 1 4 451 1 5 856 

Dynamic Events

# Machine Breakdowns (machine_id start_time end_time)
Machine Breakdowns
3 5144 5420

# Added Jobs (arrival_time: num_ops num_alts_op1 m1 p1 ... num_alts_op2 m1 p1 ...)
Added Jobs
306: 6 1 4 807 1 2 698 1 2 947 1 4 613 2 0 938 1 949 2 3 392 2 175 
318: 6 2 5 291 0 740 2 1 436 0 931 2 5 464 1 770 2 5 613 4 297 1 4 432 2 0 849 5 539 
884: 6 2 0 886 3 326 1 3 264 1 3 244 1 1 504 1 5 117 1 3 431 
932: 6 1 4 353 2 4 347 2 456 2 0 376 5 576 2 3 717 4 764 1 3 405 2 0 836 4 693 
1625: 6 1 0 712 2 4 554 1 908 1 2 844 1 0 726 2 4 814 3 559 2 2 516 1 589 

# Cancelled Jobs (cancel_time initial_job_sim_idx_to_cancel)
Cancelled Jobs
1209 0
2269 6
3083 4

# ETPC Constraints (fore_job_sim_idx fore_op_idx hind_job_sim_idx hind_op_idx time_lapse)
ETPC Constraints
1 5 4 3 12
2 5 0 3 17
10 4 0 3 13
5 2 11 0 9
3 0 7 5 14
4 2 1 5 14
7 0 0 3 18
0 4 13 3 7
0 2 4 4 15
5 4 0 3 18
13 3 11 2 16
13 0 0 5 19
1 0 3 3 20
1 1 11 5 16
6 5 14 4 16
0 4 2 1 17
13 4 14 0 4
1 5 6 3 8
8 2 9 4 12
12 3 5 0 13
4 2 8 4 11
