10 6
6 1 0 333 1 1 991 1 2 996 1 3 123 2 4 145 3 145 1 5 234 
6 1 0 333 1 1 111 1 2 663 1 3 456 1 4 785 1 5 532 
6 2 0 252 5 252 1 1 222 1 2 222 1 3 789 2 4 214 5 214 1 5 586 
6 1 0 222 1 1 204 1 2 114 2 3 876 0 876 1 4 752 1 5 532 
6 1 0 255 1 1 477 1 2 123 2 3 543 1 543 1 4 143 1 5 142 
6 2 0 555 3 555 1 1 566 1 2 456 1 3 210 1 4 698 1 5 573 
6 1 0 558 1 1 899 1 2 789 1 3 124 1 4 532 2 5 12 4 12 
6 1 0 888 1 1 965 2 2 876 4 876 1 3 537 1 4 145 1 5 14 
6 2 0 889 2 889 1 1 588 2 2 543 3 543 1 3 854 1 4 247 1 5 527 
6 1 0 999 1 1 889 1 2 210 1 3 632 1 4 451 1 5 856 

Dynamic Events

# Machine Breakdowns (machine_id start_time end_time)
Machine Breakdowns
1 2234 2498
3 4399 4650
5 4506 4787

# Added Jobs (arrival_time: num_ops num_alts_op1 m1 p1 ... num_alts_op2 m1 p1 ...)
Added Jobs
672: 6 1 2 328 1 3 275 1 1 477 1 1 459 2 2 688 4 604 2 4 35 2 687 
1380: 6 2 5 793 1 216 2 5 184 0 786 2 3 400 4 381 2 5 45 1 787 2 3 321 4 241 2 2 360 0 683 
2122: 6 2 4 678 3 792 1 5 396 2 0 466 2 896 2 0 467 1 768 1 2 178 1 5 416 

# Cancelled Jobs (cancel_time initial_job_sim_idx_to_cancel)
Cancelled Jobs
596 1

# ETPC Constraints (fore_job_sim_idx fore_op_idx hind_job_sim_idx hind_op_idx time_lapse)
ETPC Constraints
12 3 6 2 10
1 3 3 1 16
12 4 0 5 3
10 5 11 5 18
7 2 6 3 9
2 3 0 1 4
5 5 10 3 3
8 1 7 1 14
2 0 8 4 5
6 4 11 2 19
5 2 2 3 10
10 1 6 2 8
12 1 5 2 7
6 3 5 3 12
7 5 5 4 20
