8 9
9 1 0 887 1 1 447 1 2 234 1 3 159 2 4 201 3 201 1 5 555 1 6 463 1 7 456 1 8 753 
9 1 0 799 1 1 779 1 2 567 2 3 267 8 267 1 4 478 1 5 444 1 6 123 2 7 789 8 789 1 8 21 
9 1 0 999 1 1 999 1 2 852 2 3 483 0 483 1 4 520 1 5 120 1 6 456 1 7 630 1 8 427 
9 1 0 666 2 1 666 6 666 1 2 140 1 3 753 2 4 145 5 145 1 5 142 1 6 789 1 7 258 1 8 520 
9 1 0 663 1 1 25 1 2 222 1 3 420 1 4 699 1 5 578 2 6 876 7 876 1 7 741 1 8 142 
9 2 0 333 8 333 1 1 558 1 2 558 2 3 159 6 159 2 4 875 1 875 2 5 965 6 965 1 6 543 1 7 36 1 8 534 
9 1 0 222 1 1 886 1 2 965 1 3 25 1 4 633 1 5 412 1 6 210 1 7 985 1 8 157 
9 1 0 114 1 1 541 1 2 412 1 3 863 1 4 222 1 5 25 1 6 123 2 7 214 8 214 1 8 896 

Dynamic Events

# Machine Breakdowns (machine_id start_time end_time)
Machine Breakdowns
0 2996 3277
1 2515 2781
2 3834 4131

# Added Jobs (arrival_time: num_ops num_alts_op1 m1 p1 ... num_alts_op2 m1 p1 ...)
Added Jobs
376: 9 1 8 688 1 6 273 2 0 803 7 724 1 1 490 2 3 684 7 570 2 3 817 4 404 1 3 414 1 7 208 1 1 854 
388: 9 2 2 353 4 393 2 5 120 6 931 2 3 722 6 351 1 8 329 1 5 668 2 6 801 8 669 1 5 516 2 6 959 2 704 2 0 905 4 700 
573: 9 1 0 502 1 7 683 1 6 726 1 4 616 2 5 63 7 609 2 5 542 7 947 1 1 796 1 7 766 2 1 311 0 693 
948: 9 1 8 401 2 1 536 6 375 1 2 927 1 5 543 2 7 178 3 716 2 5 510 8 50 1 8 175 2 1 279 0 989 2 1 233 2 294 
1371: 9 1 2 632 1 4 668 2 0 659 1 694 1 1 609 1 4 443 2 7 609 2 196 1 3 706 1 1 407 1 4 778 
1646: 9 2 2 582 6 275 1 5 336 2 6 543 8 189 1 5 606 2 8 201 4 255 2 0 494 5 821 2 5 77 6 607 2 6 137 5 775 1 8 135 

# Cancelled Jobs (cancel_time initial_job_sim_idx_to_cancel)
Cancelled Jobs
2754 5

# ETPC Constraints (fore_job_sim_idx fore_op_idx hind_job_sim_idx hind_op_idx time_lapse)
ETPC Constraints
4 4 1 6 11
3 3 13 7 20
3 1 0 3 14
1 6 0 0 5
1 3 9 4 16
1 6 4 8 19
0 3 8 0 20
6 1 2 3 13
7 2 0 1 7
7 7 1 2 6
1 2 4 8 15
5 6 13 2 16
1 7 12 7 9
8 4 2 6 10
2 3 13 3 6
11 6 10 8 6
6 4 3 4 5
12 1 7 5 7
