8 9
9 1 0 887 1 1 447 1 2 234 1 3 159 2 4 201 3 201 1 5 555 1 6 463 1 7 456 1 8 753 
9 1 0 799 1 1 779 1 2 567 2 3 267 8 267 1 4 478 1 5 444 1 6 123 2 7 789 8 789 1 8 21 
9 1 0 999 1 1 999 1 2 852 2 3 483 0 483 1 4 520 1 5 120 1 6 456 1 7 630 1 8 427 
9 1 0 666 2 1 666 6 666 1 2 140 1 3 753 2 4 145 5 145 1 5 142 1 6 789 1 7 258 1 8 520 
9 1 0 663 1 1 25 1 2 222 1 3 420 1 4 699 1 5 578 2 6 876 7 876 1 7 741 1 8 142 
9 2 0 333 8 333 1 1 558 1 2 558 2 3 159 6 159 2 4 875 1 875 2 5 965 6 965 1 6 543 1 7 36 1 8 534 
9 1 0 222 1 1 886 1 2 965 1 3 25 1 4 633 1 5 412 1 6 210 1 7 985 1 8 157 
9 1 0 114 1 1 541 1 2 412 1 3 863 1 4 222 1 5 25 1 6 123 2 7 214 8 214 1 8 896 

Dynamic Events

# Machine Breakdowns (machine_id start_time end_time)
Machine Breakdowns
3 2894 3138
4 1928 2244
5 4406 4712

# Added Jobs (arrival_time: num_ops num_alts_op1 m1 p1 ... num_alts_op2 m1 p1 ...)
Added Jobs
270: 9 1 2 172 2 0 829 8 354 2 1 265 0 989 1 3 197 2 8 869 5 414 1 7 635 2 2 846 7 191 1 2 272 1 3 775 
1176: 9 2 2 378 3 469 1 5 791 2 8 283 5 532 2 6 324 7 363 2 4 816 5 67 1 6 813 1 4 828 1 3 92 1 4 749 
1783: 9 2 5 360 1 390 1 8 383 1 4 532 1 1 80 1 0 528 2 3 64 2 707 2 5 527 8 664 2 3 117 1 81 1 3 102 

# ETPC Constraints (fore_job_sim_idx fore_op_idx hind_job_sim_idx hind_op_idx time_lapse)
ETPC Constraints
6 5 9 8 3
3 2 8 0 15
3 2 1 6 18
6 1 9 2 3
8 5 10 4 9
3 7 5 0 15
4 3 0 6 5
1 1 0 0 18
2 4 10 1 15
1 1 0 5 9
0 7 2 4 6
