7 7
7 1 0 692 1 1 310 1 2 832 1 3 630 2 4 258 3 258 1 5 147 1 6 255 
7 1 0 581 1 1 582 1 2 14 1 3 214 1 4 147 2 5 753 3 753 1 6 806 
7 1 0 475 2 1 475 6 475 1 2 785 1 3 578 1 4 852 1 5 2 1 6 699 
7 2 0 23 6 23 1 1 196 1 2 696 1 3 214 1 4 586 1 5 356 2 6 877 0 877 
7 1 0 158 1 1 325 2 2 530 1 530 1 3 785 1 4 325 1 5 565 1 6 412 
7 1 0 796 1 1 874 1 2 214 1 3 236 1 4 896 1 5 898 2 6 302 2 302 
7 1 0 542 1 1 205 2 2 578 1 578 1 3 963 1 4 325 1 5 800 2 6 120 3 120 

Dynamic Events

# Machine Breakdowns (machine_id start_time end_time)
Machine Breakdowns
1 1629 1970
2 1159 1426
4 619 870
5 2702 2952

# Added Jobs (arrival_time: num_ops num_alts_op1 m1 p1 ... num_alts_op2 m1 p1 ...)
Added Jobs
739: 7 1 5 820 1 4 336 1 6 466 1 6 777 2 4 720 5 167 2 0 408 3 291 2 0 677 5 429 
880: 7 2 3 409 6 389 1 3 519 1 2 362 2 6 391 3 556 1 0 726 1 1 316 1 3 678 
1117: 7 1 3 890 1 3 692 1 2 394 1 5 190 2 0 364 3 769 1 0 745 2 1 825 5 161 
1335: 7 1 6 557 2 1 454 5 390 2 6 522 2 212 2 1 223 0 853 1 0 232 1 5 249 1 5 897 

# ETPC Constraints (fore_job_sim_idx fore_op_idx hind_job_sim_idx hind_op_idx time_lapse)
ETPC Constraints
10 2 1 1 6
6 5 10 3 11
3 1 1 0 5
6 4 0 4 12
4 1 7 3 9
4 1 8 6 17
10 1 7 2 18
7 5 0 4 14
9 0 10 0 16
5 0 8 0 9
9 4 3 4 11
