8 8
8 1 0 456 1 1 654 1 2 852 1 3 145 2 4 632 3 632 1 5 425 1 6 214 1 7 654 
8 1 0 789 1 1 123 1 2 369 1 3 678 2 4 581 3 581 1 5 396 1 6 123 1 7 789 
8 2 0 654 1 654 1 1 123 1 2 632 1 3 965 1 4 475 2 5 325 7 325 1 6 456 1 7 654 
8 1 0 321 1 1 456 1 2 581 1 3 421 2 4 32 3 32 1 5 147 1 6 789 2 7 123 0 123 
8 1 0 456 1 1 789 1 2 472 1 3 365 1 4 536 1 5 852 1 6 654 1 7 123 
8 1 0 789 1 1 654 2 2 586 4 586 1 3 824 1 4 325 2 5 12 2 12 1 6 321 1 7 456 
8 2 0 654 7 654 2 1 321 5 321 2 2 320 1 320 1 3 758 1 4 863 1 5 452 1 6 456 1 7 789 
8 1 0 789 1 1 147 1 2 120 1 3 639 1 4 21 1 5 863 1 6 789 1 7 654 

Dynamic Events

# Machine Breakdowns (machine_id start_time end_time)
Machine Breakdowns
1 3478 3788
2 2575 2904

# Added Jobs (arrival_time: num_ops num_alts_op1 m1 p1 ... num_alts_op2 m1 p1 ...)
Added Jobs
343: 8 2 0 426 1 145 1 6 632 1 3 952 2 1 507 5 289 2 0 266 7 528 2 2 435 7 326 2 2 700 6 226 1 0 280 
1407: 8 2 5 519 6 706 1 5 304 1 6 544 2 3 273 5 742 2 2 411 4 483 1 2 306 2 1 455 2 41 1 6 156 
1574: 8 2 0 257 7 146 2 0 489 1 750 2 2 575 4 522 1 2 33 1 3 183 1 7 441 2 3 780 0 348 2 3 346 7 613 
1788: 8 1 2 825 2 0 693 5 748 1 3 789 1 3 642 1 7 641 2 2 395 6 179 2 2 713 1 744 2 2 75 5 429 

# Cancelled Jobs (cancel_time initial_job_sim_idx_to_cancel)
Cancelled Jobs
1669 4
2316 5
2316 7

# ETPC Constraints (fore_job_sim_idx fore_op_idx hind_job_sim_idx hind_op_idx time_lapse)
ETPC Constraints
9 6 8 1 17
10 2 5 0 11
4 1 2 1 13
6 2 7 0 15
10 5 3 5 20
9 2 3 6 3
2 4 3 7 11
3 6 4 7 6
6 5 8 3 4
0 7 10 0 20
11 0 3 7 13
7 2 10 0 6
9 6 0 5 12
