8 8
8 1 0 456 1 1 654 1 2 852 1 3 145 2 4 632 3 632 1 5 425 1 6 214 1 7 654 
8 1 0 789 1 1 123 1 2 369 1 3 678 2 4 581 3 581 1 5 396 1 6 123 1 7 789 
8 2 0 654 1 654 1 1 123 1 2 632 1 3 965 1 4 475 2 5 325 7 325 1 6 456 1 7 654 
8 1 0 321 1 1 456 1 2 581 1 3 421 2 4 32 3 32 1 5 147 1 6 789 2 7 123 0 123 
8 1 0 456 1 1 789 1 2 472 1 3 365 1 4 536 1 5 852 1 6 654 1 7 123 
8 1 0 789 1 1 654 2 2 586 4 586 1 3 824 1 4 325 2 5 12 2 12 1 6 321 1 7 456 
8 2 0 654 7 654 2 1 321 5 321 2 2 320 1 320 1 3 758 1 4 863 1 5 452 1 6 456 1 7 789 
8 1 0 789 1 1 147 1 2 120 1 3 639 1 4 21 1 5 863 1 6 789 1 7 654 

Dynamic Events

# Machine Breakdowns (machine_id start_time end_time)
Machine Breakdowns
2 2668 3016
3 3261 3525
5 1869 2114

# Added Jobs (arrival_time: num_ops num_alts_op1 m1 p1 ... num_alts_op2 m1 p1 ...)
Added Jobs
1359: 8 2 7 651 1 564 1 5 377 2 4 229 1 157 1 0 678 1 0 681 2 2 563 7 183 1 2 437 1 4 333 
1560: 8 2 1 542 6 126 2 4 863 6 455 1 2 815 2 7 124 1 596 1 3 563 1 4 326 2 4 471 2 487 1 3 188 
1711: 8 2 5 62 4 245 1 0 727 2 0 707 3 189 2 4 379 6 455 1 5 550 1 1 639 2 7 167 2 17 1 3 441 
1882: 8 1 6 727 1 2 610 2 1 612 6 518 2 4 275 3 911 1 5 122 1 3 539 1 0 549 1 4 493 

# ETPC Constraints (fore_job_sim_idx fore_op_idx hind_job_sim_idx hind_op_idx time_lapse)
ETPC Constraints
3 0 11 6 6
2 2 3 5 8
8 5 9 1 11
5 1 6 1 18
0 3 6 5 14
11 5 4 5 12
1 4 5 3 4
6 0 3 6 15
8 3 1 2 12
0 4 3 1 18
6 5 9 4 19
1 5 8 2 13
7 4 11 1 15
