10 7
3 7 0 1 1 4 2 6 3 9 4 3 5 5 6 2 7 0 8 1 9 2 5 3 4 4 1 5 1 6 3 7 0 4 1 8 2 10 3 4 4 11 5 4 6 3 
2 7 0 6 1 9 2 8 3 6 4 5 5 10 6 3 7 0 2 1 10 2 4 3 5 4 9 5 8 6 4 
3 7 0 15 1 4 2 8 3 4 4 8 5 7 6 1 7 0 9 1 6 2 1 3 10 4 7 5 1 6 6 7 0 11 1 2 2 7 3 5 4 2 5 3 6 14 
3 7 0 2 1 8 2 5 3 8 4 9 5 4 6 3 7 0 5 1 3 2 8 3 1 4 9 5 3 6 6 7 0 1 1 2 2 6 3 4 4 1 5 7 6 2 
3 7 0 7 1 1 2 8 3 5 4 4 5 3 6 9 7 0 2 1 4 2 5 3 10 4 6 5 4 6 9 7 0 5 1 1 2 7 3 1 4 6 5 6 6 2 
3 7 0 8 1 7 2 4 3 56 4 9 5 8 6 4 7 0 5 1 14 2 1 3 9 4 6 5 5 6 8 7 0 3 1 5 2 2 3 5 4 4 5 5 6 7 
3 7 0 5 1 6 2 3 3 6 4 5 5 15 6 2 7 0 6 1 5 2 4 3 9 4 5 5 4 6 3 7 0 9 1 8 2 2 3 8 4 6 5 1 6 7 
3 7 0 6 1 1 2 4 3 1 4 10 5 4 6 3 7 0 11 1 13 2 9 3 8 4 9 5 10 6 8 7 0 4 1 2 2 7 3 8 4 3 5 10 6 7 
3 7 0 12 1 5 2 4 3 5 4 4 5 5 6 5 7 0 4 1 2 2 15 3 99 4 4 5 7 6 3 7 0 9 1 5 2 11 3 2 4 5 5 4 6 2 
3 7 0 9 1 4 2 13 3 10 4 7 5 6 6 8 7 0 4 1 3 2 25 3 3 4 8 5 1 6 2 7 0 1 1 2 2 6 3 11 4 13 5 3 6 5 

Dynamic Events

# Added Jobs (arrival_time: num_ops num_alts_op1 m1 p1 ... num_alts_op2 m1 p1 ...)
Added Jobs
25: 2 7 5 5 2 25 3 57 0 12 6 13 4 11 1 10 7 6 10 3 84 5 11 2 3 0 6 4 5 1 2 
27: 3 7 3 93 0 8 4 7 1 5 2 4 6 2 5 6 7 4 5 3 7 0 8 1 12 2 15 6 9 5 7 7 1 2 0 13 5 7 3 95 4 1 6 3 2 2 
32: 2 7 3 61 1 12 6 14 4 11 2 7 0 15 5 3 7 1 13 3 26 5 10 2 13 4 1 6 1 0 6 
38: 3 7 6 10 1 2 2 2 5 14 4 1 3 74 0 10 7 6 5 5 8 1 1 0 12 3 16 4 9 2 25 7 1 7 2 14 4 11 6 6 5 8 0 6 3 6 
50: 3 7 3 6 0 6 2 19 4 2 1 13 5 8 6 12 7 5 5 1 9 6 5 3 49 2 14 4 3 0 11 7 6 9 0 11 5 3 3 8 4 1 1 4 2 17 

# ETPC Constraints (fore_job_sim_idx fore_op_idx hind_job_sim_idx hind_op_idx time_lapse)
ETPC Constraints
4 1 6 1 20
0 2 14 0 10
5 1 9 2 16
0 1 4 1 11
8 1 11 2 4
9 1 8 0 9
3 2 9 2 11
3 1 13 0 14
12 0 8 2 3
5 2 3 0 16
4 1 10 1 14
4 0 8 2 8
2 0 1 1 12
10 1 11 1 9
3 2 13 1 15
5 2 6 2 9
1 1 6 1 7
12 1 4 1 11
7 0 0 0 15
1 1 7 2 13
9 1 5 0 20
