10 7
3 7 0 1 1 4 2 6 3 9 4 3 5 5 6 2 7 0 8 1 9 2 5 3 4 4 1 5 1 6 3 7 0 4 1 8 2 10 3 4 4 11 5 4 6 3 
2 7 0 6 1 9 2 8 3 6 4 5 5 10 6 3 7 0 2 1 10 2 4 3 5 4 9 5 8 6 4 
3 7 0 15 1 4 2 8 3 4 4 8 5 7 6 1 7 0 9 1 6 2 1 3 10 4 7 5 1 6 6 7 0 11 1 2 2 7 3 5 4 2 5 3 6 14 
3 7 0 2 1 8 2 5 3 8 4 9 5 4 6 3 7 0 5 1 3 2 8 3 1 4 9 5 3 6 6 7 0 1 1 2 2 6 3 4 4 1 5 7 6 2 
3 7 0 7 1 1 2 8 3 5 4 4 5 3 6 9 7 0 2 1 4 2 5 3 10 4 6 5 4 6 9 7 0 5 1 1 2 7 3 1 4 6 5 6 6 2 
3 7 0 8 1 7 2 4 3 56 4 9 5 8 6 4 7 0 5 1 14 2 1 3 9 4 6 5 5 6 8 7 0 3 1 5 2 2 3 5 4 4 5 5 6 7 
3 7 0 5 1 6 2 3 3 6 4 5 5 15 6 2 7 0 6 1 5 2 4 3 9 4 5 5 4 6 3 7 0 9 1 8 2 2 3 8 4 6 5 1 6 7 
3 7 0 6 1 1 2 4 3 1 4 10 5 4 6 3 7 0 11 1 13 2 9 3 8 4 9 5 10 6 8 7 0 4 1 2 2 7 3 8 4 3 5 10 6 7 
3 7 0 12 1 5 2 4 3 5 4 4 5 5 6 5 7 0 4 1 2 2 15 3 99 4 4 5 7 6 3 7 0 9 1 5 2 11 3 2 4 5 5 4 6 2 
3 7 0 9 1 4 2 13 3 10 4 7 5 6 6 8 7 0 4 1 3 2 25 3 3 4 8 5 1 6 2 7 0 1 1 2 2 6 3 11 4 13 5 3 6 5 

Dynamic Events

# Machine Breakdowns (machine_id start_time end_time)
Machine Breakdowns
2 103 107
3 59 62

# Added Jobs (arrival_time: num_ops num_alts_op1 m1 p1 ... num_alts_op2 m1 p1 ...)
Added Jobs
18: 3 7 1 2 3 52 0 12 2 11 4 4 5 1 6 3 7 1 14 2 6 6 1 0 5 3 35 4 8 5 1 7 4 10 1 12 5 10 2 2 6 14 3 47 0 5 
19: 2 7 6 13 5 10 0 13 3 58 2 1 1 12 4 7 7 3 34 1 1 0 8 4 10 5 11 6 14 2 19 
28: 2 7 3 94 4 5 1 12 6 8 0 14 2 23 5 4 7 2 1 4 7 5 9 6 1 3 84 0 9 1 6 
43: 2 7 2 19 5 12 1 12 3 29 4 3 0 15 6 7 7 0 12 6 1 4 10 5 3 2 7 1 2 3 45 
51: 3 7 2 3 4 10 5 10 3 67 6 9 1 7 0 6 7 5 7 1 3 0 12 6 13 3 28 2 9 4 1 7 6 11 3 74 5 3 4 7 1 9 2 19 0 1 
60: 2 7 0 6 5 11 1 8 3 40 2 24 4 3 6 10 7 4 10 3 68 2 15 0 7 1 7 5 10 6 14 

# ETPC Constraints (fore_job_sim_idx fore_op_idx hind_job_sim_idx hind_op_idx time_lapse)
ETPC Constraints
4 1 5 1 5
6 0 11 0 16
2 2 9 2 19
5 2 3 2 3
10 1 7 1 19
11 0 4 0 16
1 1 8 1 20
12 0 11 1 7
5 2 9 2 13
5 1 14 0 16
3 0 15 1 19
0 1 9 1 7
10 1 15 1 18
4 2 2 0 14
8 2 3 2 15
7 0 15 0 5
0 1 4 0 8
5 2 6 2 14
10 1 3 0 6
10 0 5 0 5
7 0 14 0 9
15 1 11 0 13
9 2 3 2 13
8 1 4 2 9
