10 10
3 10 0 1 1 4 2 6 3 9 4 3 5 5 6 2 7 8 8 9 9 5 10 0 4 1 1 2 1 3 3 4 4 5 8 6 10 7 4 8 11 9 4 10 0 3 1 2 2 5 3 1 4 5 5 6 6 9 7 5 8 10 9 3 
3 10 0 2 1 10 2 4 3 5 4 9 5 8 6 4 7 15 8 8 9 4 10 0 4 1 8 2 7 3 1 4 9 5 6 6 1 7 10 8 7 9 1 10 0 6 1 11 2 2 3 7 4 5 5 3 6 5 7 14 8 9 9 2 
3 10 0 8 1 5 2 8 3 9 4 4 5 3 6 5 7 3 8 8 9 1 10 0 9 1 3 2 6 3 1 4 2 5 6 6 4 7 1 8 7 9 2 10 0 7 1 1 2 8 3 5 4 4 5 9 6 1 7 2 8 3 9 4 
3 10 0 5 1 10 2 6 3 4 4 9 5 5 6 1 7 7 8 1 9 6 10 0 4 1 2 2 3 3 8 4 7 5 4 6 6 7 9 8 8 9 4 10 0 7 1 3 2 12 3 1 4 6 5 5 6 8 7 3 8 5 9 2 
3 10 0 7 1 10 2 4 3 5 4 6 5 3 6 5 7 15 8 2 9 6 10 0 5 1 6 2 3 3 9 4 8 5 2 6 8 7 6 8 1 9 7 10 0 6 1 1 2 4 3 1 4 10 5 4 6 3 7 11 8 13 9 9 
3 10 0 8 1 9 2 10 3 8 4 4 5 2 6 7 7 8 8 3 9 10 10 0 7 1 3 2 12 3 5 4 4 5 3 6 6 7 9 8 2 9 15 10 0 4 1 7 2 3 3 6 4 3 5 4 6 1 7 5 8 1 9 11 
3 10 0 1 1 7 2 8 3 3 4 4 5 9 6 4 7 13 8 10 9 7 10 0 3 1 8 2 1 3 2 4 3 5 6 6 11 7 2 8 13 9 3 10 0 5 1 4 2 2 3 1 4 2 5 1 6 8 7 14 8 5 9 7 
3 10 0 5 1 7 2 11 3 3 4 2 5 9 6 8 7 5 8 12 9 8 10 0 8 1 3 2 10 3 7 4 5 5 13 6 4 7 6 8 8 9 4 10 0 6 1 2 2 13 3 5 4 4 5 3 6 5 7 7 8 9 9 5 
3 10 0 3 1 9 2 1 3 3 4 8 5 1 6 6 7 7 8 5 9 4 10 0 4 1 6 2 2 3 5 4 7 5 3 6 1 7 9 8 6 9 7 10 0 8 1 5 2 4 3 8 4 6 5 1 6 2 7 3 8 10 9 12 
3 10 0 4 1 3 2 1 3 6 4 7 5 1 6 2 7 6 8 20 9 6 10 0 3 1 1 2 8 3 1 4 9 5 4 6 1 7 4 8 17 9 15 10 0 9 1 2 2 4 3 2 4 3 5 5 6 2 7 4 8 10 9 23 

Dynamic Events

# Machine Breakdowns (machine_id start_time end_time)
Machine Breakdowns
2 37 41
9 101 103

# Added Jobs (arrival_time: num_ops num_alts_op1 m1 p1 ... num_alts_op2 m1 p1 ...)
Added Jobs
12: 3 10 1 3 3 7 2 9 0 6 6 8 7 12 9 1 5 11 4 10 8 7 10 3 7 4 5 6 10 1 7 2 9 8 1 9 2 5 8 7 5 0 6 10 2 9 5 7 1 11 6 2 7 7 0 4 4 5 8 11 9 11 3 5 
18: 3 10 6 1 2 9 0 9 4 9 5 2 1 1 7 11 8 3 9 15 3 5 10 6 5 1 5 4 3 8 9 2 8 0 8 3 2 7 12 5 3 9 15 10 6 7 7 2 8 9 0 1 2 1 3 1 9 9 1 3 4 10 5 8 
31: 3 10 5 1 7 7 6 3 1 10 8 13 4 9 3 2 0 1 9 2 2 1 10 3 2 0 9 7 14 9 16 6 4 8 20 5 12 2 6 1 3 4 7 10 1 6 8 12 9 4 2 5 4 2 3 9 6 8 7 4 0 6 5 8 
48: 3 10 9 15 2 2 7 1 4 9 0 4 3 2 1 5 5 10 6 5 8 19 10 8 16 3 8 6 9 9 1 4 10 7 10 0 6 5 10 2 2 1 5 10 5 3 0 4 6 1 3 7 4 6 2 8 7 13 1 4 9 13 8 1 
58: 3 10 4 4 5 2 9 16 0 9 8 4 7 2 6 2 3 9 2 8 1 5 10 4 9 7 5 1 3 9 7 8 16 6 6 3 4 2 12 0 1 5 6 10 9 20 0 1 3 7 1 1 2 11 6 11 8 6 5 10 7 2 4 2 

# Cancelled Jobs (cancel_time initial_job_sim_idx_to_cancel)
Cancelled Jobs
56 8
81 9

# ETPC Constraints (fore_job_sim_idx fore_op_idx hind_job_sim_idx hind_op_idx time_lapse)
ETPC Constraints
14 2 7 0 15
1 2 2 2 18
5 0 10 0 20
12 2 14 0 14
2 1 0 0 13
13 0 6 2 19
5 1 8 0 6
14 1 3 1 8
10 1 4 1 6
14 1 11 1 6
8 1 5 1 19
7 1 9 1 18
3 2 2 1 3
0 0 5 2 10
7 2 6 1 15
12 2 5 1 10
4 1 10 2 7
7 0 1 1 14
11 2 9 2 11
2 0 4 1 18
5 1 13 2 4
