10 10
3 10 0 1 1 4 2 6 3 9 4 3 5 5 6 2 7 8 8 9 9 5 10 0 4 1 1 2 1 3 3 4 4 5 8 6 10 7 4 8 11 9 4 10 0 3 1 2 2 5 3 1 4 5 5 6 6 9 7 5 8 10 9 3 
3 10 0 2 1 10 2 4 3 5 4 9 5 8 6 4 7 15 8 8 9 4 10 0 4 1 8 2 7 3 1 4 9 5 6 6 1 7 10 8 7 9 1 10 0 6 1 11 2 2 3 7 4 5 5 3 6 5 7 14 8 9 9 2 
3 10 0 8 1 5 2 8 3 9 4 4 5 3 6 5 7 3 8 8 9 1 10 0 9 1 3 2 6 3 1 4 2 5 6 6 4 7 1 8 7 9 2 10 0 7 1 1 2 8 3 5 4 4 5 9 6 1 7 2 8 3 9 4 
3 10 0 5 1 10 2 6 3 4 4 9 5 5 6 1 7 7 8 1 9 6 10 0 4 1 2 2 3 3 8 4 7 5 4 6 6 7 9 8 8 9 4 10 0 7 1 3 2 12 3 1 4 6 5 5 6 8 7 3 8 5 9 2 
3 10 0 7 1 10 2 4 3 5 4 6 5 3 6 5 7 15 8 2 9 6 10 0 5 1 6 2 3 3 9 4 8 5 2 6 8 7 6 8 1 9 7 10 0 6 1 1 2 4 3 1 4 10 5 4 6 3 7 11 8 13 9 9 
3 10 0 8 1 9 2 10 3 8 4 4 5 2 6 7 7 8 8 3 9 10 10 0 7 1 3 2 12 3 5 4 4 5 3 6 6 7 9 8 2 9 15 10 0 4 1 7 2 3 3 6 4 3 5 4 6 1 7 5 8 1 9 11 
3 10 0 1 1 7 2 8 3 3 4 4 5 9 6 4 7 13 8 10 9 7 10 0 3 1 8 2 1 3 2 4 3 5 6 6 11 7 2 8 13 9 3 10 0 5 1 4 2 2 3 1 4 2 5 1 6 8 7 14 8 5 9 7 
3 10 0 5 1 7 2 11 3 3 4 2 5 9 6 8 7 5 8 12 9 8 10 0 8 1 3 2 10 3 7 4 5 5 13 6 4 7 6 8 8 9 4 10 0 6 1 2 2 13 3 5 4 4 5 3 6 5 7 7 8 9 9 5 
3 10 0 3 1 9 2 1 3 3 4 8 5 1 6 6 7 7 8 5 9 4 10 0 4 1 6 2 2 3 5 4 7 5 3 6 1 7 9 8 6 9 7 10 0 8 1 5 2 4 3 8 4 6 5 1 6 2 7 3 8 10 9 12 
3 10 0 4 1 3 2 1 3 6 4 7 5 1 6 2 7 6 8 20 9 6 10 0 3 1 1 2 8 3 1 4 9 5 4 6 1 7 4 8 17 9 15 10 0 9 1 2 2 4 3 2 4 3 5 5 6 2 7 4 8 10 9 23 

Dynamic Events

# Machine Breakdowns (machine_id start_time end_time)
Machine Breakdowns
2 70 74

# Added Jobs (arrival_time: num_ops num_alts_op1 m1 p1 ... num_alts_op2 m1 p1 ...)
Added Jobs
8: 3 10 9 14 7 11 1 5 6 10 3 3 5 1 4 4 0 2 8 15 2 5 10 8 3 7 5 5 9 0 1 9 20 2 12 1 9 6 7 4 8 3 2 10 4 9 7 9 2 3 0 5 9 7 5 6 3 1 1 10 6 5 8 7 
23: 3 10 2 2 7 10 1 4 5 3 0 2 4 2 9 11 6 10 8 20 3 8 10 8 12 4 3 5 4 7 1 0 9 1 8 9 5 6 1 3 1 2 13 10 4 8 9 10 7 14 8 12 2 6 5 8 0 9 1 6 6 8 3 1 
27: 3 10 3 1 1 2 5 9 8 20 2 2 7 5 6 5 0 1 4 8 9 3 10 8 12 6 9 7 8 9 4 4 4 3 7 2 7 0 7 5 9 1 3 10 5 7 8 4 1 9 7 14 3 9 2 3 6 2 0 5 9 20 4 7 
37: 3 10 8 5 0 2 4 6 5 12 6 9 3 7 9 5 7 7 1 3 2 5 10 5 12 1 10 6 11 7 3 9 17 2 13 4 5 0 1 3 3 8 8 10 4 9 5 11 3 5 0 6 7 5 9 20 6 3 8 16 2 2 1 5 
39: 3 10 6 3 3 4 0 2 8 5 5 7 4 9 9 5 2 2 7 10 1 3 10 5 2 4 4 8 5 9 9 7 8 1 4 2 10 6 10 0 4 3 7 10 8 19 7 1 3 9 2 5 1 3 5 6 6 7 9 9 4 6 0 6 

# Cancelled Jobs (cancel_time initial_job_sim_idx_to_cancel)
Cancelled Jobs
50 4
72 3

# ETPC Constraints (fore_job_sim_idx fore_op_idx hind_job_sim_idx hind_op_idx time_lapse)
ETPC Constraints
6 0 7 2 12
12 2 11 1 16
2 0 11 2 7
9 1 14 2 4
10 0 13 1 14
7 0 5 1 9
7 2 10 1 8
11 1 9 0 15
9 0 6 0 9
10 2 2 0 10
13 1 14 2 16
9 1 3 1 10
2 0 3 1 17
3 0 8 1 12
14 0 13 1 12
2 0 12 2 8
14 1 5 2 18
9 1 1 0 7
1 0 6 2 12
13 0 9 1 14
1 2 14 0 17
