15 10
4 10 0 1 1 4 2 6 3 9 4 3 5 5 6 2 7 8 8 9 9 4 10 0 1 1 1 2 3 3 4 4 8 5 10 6 4 7 11 8 4 9 3 10 0 2 1 5 2 1 3 5 4 6 5 9 6 5 7 10 8 3 9 2 10 0 10 1 4 2 5 3 9 4 8 5 4 6 15 7 8 8 4 9 4 
4 10 0 4 1 8 2 7 3 1 4 9 5 6 6 1 7 10 8 7 9 1 10 0 6 1 11 2 2 3 7 4 5 5 3 6 5 7 14 8 9 9 2 10 0 8 1 5 2 8 3 9 4 4 5 3 6 5 7 3 8 8 9 1 10 0 9 1 3 2 6 3 1 4 2 5 6 6 4 7 1 8 7 9 2 
4 10 0 7 1 1 2 8 3 5 4 4 5 9 6 1 7 2 8 3 9 4 10 0 5 1 10 2 6 3 4 4 9 5 5 6 1 7 7 8 1 9 6 10 0 4 1 2 2 3 3 8 4 7 5 4 6 6 7 9 8 8 9 4 10 0 7 1 3 2 12 3 1 4 6 5 5 6 8 7 3 8 5 9 2 
4 10 0 6 1 2 2 5 3 4 4 1 5 2 6 3 7 6 8 5 9 4 10 0 8 1 5 2 7 3 4 4 1 5 2 6 36 7 5 8 8 9 5 10 0 9 1 6 2 2 3 4 4 5 5 1 6 3 7 6 8 5 9 2 10 0 11 1 4 2 5 3 6 4 2 5 7 6 5 7 4 8 2 9 1 
4 10 0 6 1 9 2 2 3 3 4 5 5 8 6 7 7 4 8 1 9 2 10 0 5 1 4 2 6 3 3 4 5 5 2 6 28 7 7 8 4 9 5 10 0 6 1 2 2 4 3 3 4 6 5 5 6 2 7 4 8 7 9 9 10 0 6 1 5 2 4 3 2 4 3 5 2 6 5 7 4 8 7 9 5 
2 10 0 4 1 1 2 3 3 2 4 6 5 9 6 8 7 5 8 4 9 2 10 0 1 1 3 2 6 3 5 4 4 5 7 6 5 7 4 8 6 9 5 
2 10 0 1 1 4 2 2 3 5 4 3 5 6 6 9 7 8 8 5 9 4 10 0 2 1 1 2 4 3 5 4 2 5 3 6 5 7 4 8 2 9 5 
4 10 0 2 1 3 2 6 3 2 4 5 5 4 6 1 7 5 8 8 9 7 10 0 4 1 5 2 6 3 2 4 3 5 5 6 4 7 1 8 2 9 5 10 0 3 1 5 2 4 3 2 4 5 5 49 6 8 7 5 8 4 9 5 10 0 1 1 2 2 36 3 5 4 2 5 3 6 6 7 4 8 11 9 2 
4 10 0 6 1 3 2 2 3 22 4 44 5 11 6 10 7 23 8 5 9 1 10 0 2 1 3 2 2 3 12 4 15 5 10 6 12 7 14 8 18 9 16 10 0 20 1 17 2 12 3 5 4 9 5 6 6 4 7 7 8 5 9 6 10 0 9 1 8 2 7 3 4 4 5 5 8 6 7 7 4 8 56 9 2 
4 10 0 5 1 8 2 7 3 4 4 56 5 3 6 2 7 5 8 4 9 1 10 0 2 1 5 2 6 3 9 4 8 5 5 6 4 7 2 8 5 9 4 10 0 6 1 3 2 2 3 5 4 4 5 7 6 4 7 5 8 2 9 1 10 0 3 1 2 2 5 3 6 4 5 5 8 6 7 7 4 8 5 9 2 
4 10 0 1 1 2 2 3 3 6 4 5 5 2 6 1 7 4 8 2 9 1 10 0 2 1 3 2 6 3 3 4 2 5 1 6 4 7 10 8 12 9 1 10 0 3 1 6 2 2 3 5 4 8 5 4 6 6 7 3 8 2 9 5 10 0 4 1 1 2 45 3 6 4 2 5 4 6 1 7 25 8 2 9 4 
4 10 0 9 1 8 2 5 3 6 4 3 5 6 6 5 7 2 8 4 9 2 10 0 5 1 8 2 9 3 5 4 4 5 75 6 63 7 6 8 5 9 21 10 0 12 1 5 2 4 3 6 4 3 5 2 6 5 7 4 8 2 9 5 10 0 8 1 7 2 9 3 5 4 6 5 3 6 2 7 5 8 8 9 4 
4 10 0 4 1 2 2 5 3 6 4 8 5 5 6 6 7 4 8 6 9 2 10 0 3 1 5 2 4 3 7 4 5 5 8 6 6 7 6 8 3 9 2 10 0 5 1 4 2 5 3 8 4 5 5 4 6 6 7 5 8 4 9 2 10 0 3 1 2 2 5 3 6 4 5 5 4 6 8 7 5 8 6 9 4 
4 10 0 2 1 3 2 5 3 4 4 6 5 5 6 4 7 85 8 4 9 5 10 0 6 1 2 2 4 3 5 4 8 5 6 6 5 7 4 8 2 9 6 10 0 3 1 25 2 4 3 8 4 5 5 6 6 3 7 2 8 5 9 4 10 0 8 1 5 2 6 3 4 4 2 5 3 6 6 7 8 8 5 9 4 
4 10 0 2 1 5 2 6 3 8 4 5 5 6 6 3 7 2 8 5 9 4 10 0 5 1 6 2 2 3 5 4 4 5 2 6 5 7 3 8 2 9 5 10 0 4 1 5 2 2 3 3 4 5 5 2 6 8 7 4 8 7 9 5 10 0 6 1 2 2 11 3 14 4 2 5 3 6 6 7 5 8 4 9 8 

Dynamic Events

# Machine Breakdowns (machine_id start_time end_time)
Machine Breakdowns
2 163 167
6 140 143
8 25 28

# Added Jobs (arrival_time: num_ops num_alts_op1 m1 p1 ... num_alts_op2 m1 p1 ...)
Added Jobs
24: 2 10 6 12 5 46 0 3 1 16 7 23 9 10 8 43 4 10 3 15 2 1 10 4 17 3 13 9 19 1 23 5 62 6 28 8 26 0 12 2 34 7 9 
71: 4 10 1 5 8 2 9 15 4 46 7 55 5 2 6 35 3 4 0 13 2 40 10 4 39 3 5 6 51 0 3 5 32 7 65 8 31 2 34 9 10 1 13 10 9 16 3 10 6 11 4 46 7 19 8 38 2 32 0 20 1 18 5 49 10 3 18 9 1 2 30 7 50 1 7 8 50 5 38 4 29 6 15 0 19 
84: 2 10 5 74 9 8 0 7 3 2 2 8 4 15 6 23 8 48 7 11 1 12 10 4 22 5 7 8 18 9 2 0 1 3 6 7 54 2 9 1 4 6 58 
95: 2 10 6 46 0 7 8 29 2 1 7 27 4 30 9 1 1 5 5 64 3 18 10 3 1 8 24 6 51 5 38 4 50 0 9 9 15 2 33 1 9 7 31 
101: 2 10 6 9 1 16 4 6 0 11 8 24 9 17 5 31 2 43 7 46 3 10 10 1 22 2 11 4 38 8 49 7 9 3 11 5 75 6 46 9 18 0 3 

# Cancelled Jobs (cancel_time initial_job_sim_idx_to_cancel)
Cancelled Jobs
155 4

# ETPC Constraints (fore_job_sim_idx fore_op_idx hind_job_sim_idx hind_op_idx time_lapse)
ETPC Constraints
14 0 17 0 17
5 1 2 2 20
19 0 16 2 10
4 2 1 0 5
4 1 2 1 3
14 2 18 1 16
14 2 10 0 4
2 0 4 3 6
15 0 14 0 9
18 1 5 1 7
4 1 6 1 8
1 1 6 0 4
19 1 3 1 14
8 1 11 3 18
14 2 9 2 14
8 1 1 2 12
4 0 6 1 19
6 1 17 1 15
11 2 0 0 18
9 0 12 1 4
8 0 2 2 11
0 3 5 0 4
8 3 16 1 10
18 1 2 1 20
19 1 18 0 16
17 0 4 0 16
11 1 6 1 7
0 3 13 3 18
0 1 2 2 15
10 1 13 1 9
18 0 19 0 14
18 1 2 0 15
6 0 4 3 8
0 1 11 3 7
11 3 1 1 5
1 0 17 1 4
8 2 19 0 16
4 1 7 1 8
