10 5
5 1 1 21 1 0 53 1 4 95 1 3 55 2 2 34 4 34 
5 1 0 21 1 3 52 1 4 16 1 2 26 1 1 71 
5 1 3 39 1 4 98 2 1 42 3 42 1 2 31 1 0 12 
5 2 1 77 4 77 1 0 55 1 4 79 1 2 66 1 3 77 
5 1 0 83 2 3 34 2 34 1 2 64 1 1 19 1 4 37 
5 1 1 54 1 2 43 2 4 79 3 79 1 0 92 1 3 62 
5 2 3 69 2 69 1 4 77 1 1 87 1 2 87 1 0 93 
5 1 2 38 1 0 60 1 1 41 1 3 24 1 4 83 
5 1 3 17 2 1 49 0 49 1 4 25 1 0 44 2 2 98 0 98 
5 1 4 77 2 3 79 0 79 2 2 43 1 43 1 1 75 1 0 96 

Dynamic Events

# Machine Breakdowns (machine_id start_time end_time)
Machine Breakdowns
3 276 318

# Added Jobs (arrival_time: num_ops num_alts_op1 m1 p1 ... num_alts_op2 m1 p1 ...)
Added Jobs
66: 5 2 3 53 0 81 1 2 33 2 4 28 3 60 2 2 28 4 75 1 3 20 
81: 5 2 1 44 2 45 2 3 65 1 29 2 0 38 1 30 1 0 55 1 3 58 
120: 5 1 2 27 1 1 68 2 2 82 3 47 1 4 27 1 2 55 
120: 5 1 1 39 2 2 72 0 65 1 3 43 1 3 54 1 3 51 
124: 5 1 4 87 1 3 38 2 1 67 3 64 2 4 85 3 78 1 1 78 
163: 5 2 1 62 0 45 1 0 39 1 3 44 2 1 85 0 58 2 3 57 2 88 
226: 5 1 3 44 1 3 39 1 0 81 2 2 57 3 36 2 2 73 4 87 

# Cancelled Jobs (cancel_time initial_job_sim_idx_to_cancel)
Cancelled Jobs
31 6

# ETPC Constraints (fore_job_sim_idx fore_op_idx hind_job_sim_idx hind_op_idx time_lapse)
ETPC Constraints
14 1 16 0 9
6 2 9 0 19
14 0 11 1 13
4 1 0 3 3
13 3 4 2 14
11 4 7 0 16
13 0 8 0 11
11 4 13 0 7
8 4 14 1 17
4 0 13 4 13
8 1 10 4 10
14 1 12 2 12
13 0 12 1 20
6 2 8 1 19
5 1 1 4 14
14 1 7 1 14
8 2 5 1 13
13 2 0 1 20
0 3 16 1 19
12 4 16 2 16
5 0 7 3 8
15 2 14 4 4
1 0 14 3 18
11 0 8 2 14
6 3 8 1 6
2 0 16 1 10
9 4 0 0 13
