10 5
5 1 1 23 1 2 45 1 0 82 1 4 84 2 3 38 2 38 
5 1 2 21 1 1 29 1 0 18 1 4 41 1 3 50 
5 1 2 38 1 3 54 2 4 16 0 16 1 0 52 1 1 52 
5 1 4 37 2 0 54 3 54 1 2 74 1 1 62 1 3 57 
5 1 4 57 2 0 81 2 81 1 1 61 1 3 68 1 2 30 
5 1 4 81 1 0 79 2 1 89 4 89 1 2 89 1 3 11 
5 2 3 33 1 33 1 2 20 1 0 91 1 4 20 1 1 66 
5 1 4 24 1 1 84 1 0 32 1 2 55 1 3 8 
5 1 4 56 2 0 7 2 7 1 3 54 1 2 64 2 1 39 4 39 
5 1 4 40 1 1 83 1 0 19 2 2 8 3 8 1 3 7 

Dynamic Events

# Machine Breakdowns (machine_id start_time end_time)
Machine Breakdowns
3 222 247
4 67 98

# Added Jobs (arrival_time: num_ops num_alts_op1 m1 p1 ... num_alts_op2 m1 p1 ...)
Added Jobs
50: 5 2 1 65 2 12 1 3 35 2 1 23 4 53 1 4 47 1 3 45 
52: 5 2 4 69 0 62 2 0 85 3 19 1 0 46 2 3 8 4 34 2 3 22 0 69 
95: 5 1 3 62 1 2 29 2 2 9 1 55 2 3 17 0 39 1 0 27 
157: 5 2 0 61 2 29 2 2 13 1 32 2 1 82 2 72 1 4 23 2 4 81 1 73 
177: 5 2 2 47 0 73 2 3 24 0 52 1 0 71 2 0 9 2 48 1 3 40 
220: 5 2 1 67 2 40 1 0 84 1 1 47 1 1 85 2 4 80 0 71 

# Cancelled Jobs (cancel_time initial_job_sim_idx_to_cancel)
Cancelled Jobs
219 4
327 5

# ETPC Constraints (fore_job_sim_idx fore_op_idx hind_job_sim_idx hind_op_idx time_lapse)
ETPC Constraints
9 0 6 2 8
3 2 15 3 14
8 2 3 2 12
10 3 2 2 10
2 4 4 0 8
6 0 0 4 12
0 4 7 0 12
10 0 0 0 4
4 4 10 3 12
10 0 11 2 13
0 2 10 0 12
4 0 13 1 12
14 2 13 4 4
0 2 1 2 8
7 4 3 0 15
8 0 6 2 6
5 2 2 0 17
1 1 9 0 6
0 4 1 0 7
9 1 6 1 9
11 1 10 0 14
7 0 5 2 16
15 1 12 4 10
8 4 10 3 16
