10 5
5 1 0 12 1 2 94 1 3 92 1 4 91 2 1 7 2 7 
5 1 1 19 1 3 11 1 4 66 1 2 21 1 0 87 
5 1 1 14 1 0 75 2 3 13 0 13 1 4 16 1 2 20 
5 1 2 95 2 4 66 0 66 1 0 7 1 3 7 1 1 77 
5 1 1 45 2 3 6 4 6 1 4 89 1 0 15 1 2 34 
5 1 3 77 1 2 20 1 0 76 2 4 88 3 88 1 1 53 
5 1 2 74 2 1 88 2 88 1 0 52 1 3 27 1 4 9 
5 1 1 88 1 3 69 1 0 62 1 4 98 1 2 52 
5 1 2 61 1 4 9 2 0 62 3 62 1 1 52 2 3 90 4 90 
5 1 2 54 1 4 5 1 3 59 2 1 15 3 15 1 0 88 

Dynamic Events

# Machine Breakdowns (machine_id start_time end_time)
Machine Breakdowns
1 442 475

# Added Jobs (arrival_time: num_ops num_alts_op1 m1 p1 ... num_alts_op2 m1 p1 ...)
Added Jobs
54: 5 1 4 29 2 3 44 2 31 2 2 47 4 27 2 1 58 3 64 1 0 88 
64: 5 1 1 21 2 3 47 1 41 1 4 33 2 4 29 2 61 2 2 39 0 18 
66: 5 1 0 75 2 0 39 4 97 1 0 63 2 4 13 2 80 1 1 42 
69: 5 2 1 19 3 83 2 2 35 4 11 2 3 25 1 27 2 3 22 0 76 1 3 51 
91: 5 2 4 76 2 89 1 1 54 1 1 46 2 4 56 1 19 2 0 82 4 36 
109: 5 2 0 38 2 16 2 4 72 2 19 2 0 83 3 52 2 0 58 2 90 1 2 77 
167: 5 1 0 22 2 1 56 0 84 1 4 15 1 3 18 2 2 59 1 79 

# Cancelled Jobs (cancel_time initial_job_sim_idx_to_cancel)
Cancelled Jobs
239 8
348 9

# ETPC Constraints (fore_job_sim_idx fore_op_idx hind_job_sim_idx hind_op_idx time_lapse)
ETPC Constraints
1 4 3 1 17
1 4 15 4 13
9 3 7 2 15
13 1 4 2 8
5 1 9 3 5
7 1 16 1 9
2 4 7 0 13
3 2 2 0 20
12 3 4 0 5
10 4 11 0 5
3 4 8 4 20
6 4 2 0 20
16 4 15 3 16
6 4 7 2 10
2 3 12 1 15
5 3 8 4 17
9 1 7 2 12
2 3 5 0 20
1 2 5 4 5
0 0 4 3 14
5 2 7 4 7
1 1 0 4 20
14 0 7 3 18
11 4 2 0 20
5 3 16 0 10
4 3 12 4 13
