10 5
5 1 0 12 1 2 94 1 3 92 1 4 91 2 1 7 2 7 
5 1 1 19 1 3 11 1 4 66 1 2 21 1 0 87 
5 1 1 14 1 0 75 2 3 13 0 13 1 4 16 1 2 20 
5 1 2 95 2 4 66 0 66 1 0 7 1 3 7 1 1 77 
5 1 1 45 2 3 6 4 6 1 4 89 1 0 15 1 2 34 
5 1 3 77 1 2 20 1 0 76 2 4 88 3 88 1 1 53 
5 1 2 74 2 1 88 2 88 1 0 52 1 3 27 1 4 9 
5 1 1 88 1 3 69 1 0 62 1 4 98 1 2 52 
5 1 2 61 1 4 9 2 0 62 3 62 1 1 52 2 3 90 4 90 
5 1 2 54 1 4 5 1 3 59 2 1 15 3 15 1 0 88 

Dynamic Events

# Machine Breakdowns (machine_id start_time end_time)
Machine Breakdowns
0 466 493
2 87 111
3 271 295
4 50 83

# Added Jobs (arrival_time: num_ops num_alts_op1 m1 p1 ... num_alts_op2 m1 p1 ...)
Added Jobs
82: 5 1 1 51 2 1 73 4 66 1 3 16 2 0 35 1 52 2 2 60 4 70 
113: 5 1 4 32 2 1 60 3 86 2 3 25 4 66 1 3 45 2 4 80 1 15 
157: 5 1 3 61 1 2 33 1 0 21 1 3 86 2 4 29 1 65 
165: 5 2 2 52 0 37 2 1 48 3 84 2 4 46 3 12 1 3 81 2 3 67 0 73 
176: 5 1 3 51 1 0 37 1 3 72 1 4 17 2 2 72 4 5 
189: 5 1 1 42 2 3 36 0 60 2 3 23 1 75 1 3 16 1 2 8 

# Cancelled Jobs (cancel_time initial_job_sim_idx_to_cancel)
Cancelled Jobs
257 4

# ETPC Constraints (fore_job_sim_idx fore_op_idx hind_job_sim_idx hind_op_idx time_lapse)
ETPC Constraints
13 4 0 4 15
6 1 7 2 13
3 3 2 0 3
13 3 8 3 17
15 4 11 3 19
5 1 4 3 13
9 1 4 3 4
0 0 7 3 4
3 3 8 3 20
0 0 10 0 17
15 4 11 2 18
6 4 4 0 13
10 3 8 2 20
0 1 11 2 9
8 3 12 1 19
4 3 2 1 3
0 0 3 3 13
1 1 6 4 3
13 0 10 0 12
1 4 4 0 9
12 4 0 0 14
14 3 7 1 14
12 3 15 1 10
8 2 13 0 17
