10 5
5 1 1 72 1 0 87 1 4 95 1 2 66 2 3 60 2 60 
5 1 4 5 1 3 35 1 0 48 1 2 39 1 1 54 
5 1 1 46 1 3 20 2 2 21 0 21 1 0 97 1 4 55 
5 1 0 59 2 3 19 0 19 1 4 46 1 1 34 1 2 37 
5 1 4 23 2 2 73 4 73 1 3 25 1 1 24 1 0 28 
5 1 3 28 1 0 45 1 4 5 2 1 78 3 78 1 2 83 
5 1 0 53 2 3 71 2 71 1 1 37 1 4 29 1 2 12 
5 1 4 12 1 2 87 1 3 33 1 1 55 1 0 38 
5 1 2 49 1 3 83 2 1 40 0 40 1 0 48 1 4 7 
5 2 2 65 0 65 1 3 17 2 0 90 3 90 1 4 27 2 1 23 2 23 

Dynamic Events

# Machine Breakdowns (machine_id start_time end_time)
Machine Breakdowns
0 97 122
1 264 295
3 61 89

# Added Jobs (arrival_time: num_ops num_alts_op1 m1 p1 ... num_alts_op2 m1 p1 ...)
Added Jobs
53: 5 2 2 32 0 91 1 2 41 2 3 59 2 83 2 1 47 3 59 1 0 88 
60: 5 1 2 17 2 3 68 1 78 2 2 61 1 25 2 1 49 0 67 2 4 10 1 60 
64: 5 1 0 46 1 0 22 1 4 85 2 3 19 0 20 2 0 49 3 80 
78: 5 2 2 68 1 36 2 3 46 0 85 1 1 37 1 1 66 1 1 29 
119: 5 2 4 76 1 30 2 0 26 4 85 2 0 21 2 28 2 2 43 4 88 2 4 95 2 38 
140: 5 1 1 73 1 0 36 2 0 79 3 86 2 1 57 4 48 1 1 47 
149: 5 1 3 17 1 3 34 1 1 68 1 3 37 2 4 51 1 50 

# Cancelled Jobs (cancel_time initial_job_sim_idx_to_cancel)
Cancelled Jobs
218 5

# ETPC Constraints (fore_job_sim_idx fore_op_idx hind_job_sim_idx hind_op_idx time_lapse)
ETPC Constraints
10 4 12 0 3
5 2 9 0 19
5 2 1 4 18
13 4 3 1 16
12 0 13 3 7
14 3 13 0 13
3 4 14 2 5
10 2 7 2 3
7 3 14 2 9
4 0 15 3 4
5 4 14 2 4
13 1 14 2 13
10 1 13 4 10
13 1 2 2 14
7 3 16 1 13
10 2 11 4 17
10 3 0 3 18
16 2 8 0 5
7 4 14 1 17
2 4 12 0 15
15 1 11 3 5
2 4 9 2 9
15 2 12 1 12
8 4 3 2 10
3 2 12 2 9
15 3 13 2 19
13 2 1 0 14
