15 5
5 1 1 21 1 2 34 1 4 95 1 0 53 2 3 55 2 55 
5 1 3 52 1 4 16 1 1 71 1 2 26 1 0 21 
5 1 2 31 1 0 12 2 1 42 0 42 1 3 39 1 4 98 
5 1 3 77 2 1 77 0 77 1 4 79 1 0 55 1 2 66 
5 1 4 37 2 3 34 4 34 1 2 64 1 1 19 1 0 83 
5 1 2 43 1 1 54 1 0 92 2 3 62 4 62 1 4 79 
5 2 0 93 1 93 1 3 69 1 1 87 1 4 77 1 2 87 
5 1 0 60 1 1 41 1 2 38 1 4 83 1 3 24 
5 1 2 98 2 3 17 2 17 1 4 25 1 0 44 2 1 49 4 49 
5 1 0 96 1 4 77 1 3 79 2 1 75 3 75 1 2 43 
5 2 4 28 2 28 1 2 35 1 0 95 1 3 76 1 1 7 
5 1 0 61 1 4 10 1 2 95 1 1 9 1 3 35 
5 1 4 59 1 3 16 1 1 91 1 2 59 1 0 46 
5 1 4 43 1 1 52 1 0 28 1 2 27 1 3 50 
5 1 0 87 2 1 45 2 45 1 2 39 1 4 9 1 3 41 

Dynamic Events

# Machine Breakdowns (machine_id start_time end_time)
Machine Breakdowns
0 59 90

# Added Jobs (arrival_time: num_ops num_alts_op1 m1 p1 ... num_alts_op2 m1 p1 ...)
Added Jobs
66: 5 1 3 19 2 2 89 1 45 1 1 92 2 4 9 1 14 1 4 30 
89: 5 1 3 53 1 1 24 1 4 39 1 0 31 2 1 78 3 24 
154: 5 1 3 46 1 4 23 2 1 82 3 37 1 4 47 1 4 96 
165: 5 1 4 65 1 3 40 1 1 41 1 1 57 2 4 96 0 19 
172: 5 1 0 68 2 2 82 4 67 1 3 26 2 0 13 1 31 2 1 21 2 39 
333: 5 2 3 59 0 13 1 0 35 1 3 34 1 3 17 1 4 51 

# Cancelled Jobs (cancel_time initial_job_sim_idx_to_cancel)
Cancelled Jobs
118 3
241 11

# ETPC Constraints (fore_job_sim_idx fore_op_idx hind_job_sim_idx hind_op_idx time_lapse)
ETPC Constraints
5 3 19 0 6
8 2 7 0 18
2 4 15 0 9
4 1 3 1 13
11 1 15 1 6
20 3 4 2 3
4 0 0 1 3
3 2 11 4 5
4 2 14 2 10
6 4 16 0 11
0 4 15 2 9
7 2 16 4 7
1 1 17 1 11
14 1 5 3 15
4 4 14 0 13
8 0 3 0 14
20 2 9 0 15
19 2 1 0 4
10 1 1 4 8
7 1 1 2 17
11 0 1 1 3
2 3 15 3 11
6 2 18 0 16
12 4 17 1 5
5 0 1 1 10
17 2 15 2 6
12 2 15 2 10
3 2 19 4 9
15 0 9 3 6
1 3 14 0 9
9 3 14 2 18
4 4 17 3 14
5 1 4 0 16
19 0 12 3 18
17 0 5 3 15
17 1 14 2 20
0 1 6 4 15
1 2 18 4 15
8 2 18 0 5
9 4 17 2 16
2 2 1 3 13
12 0 9 3 13
