15 5
5 1 1 21 1 2 34 1 4 95 1 0 53 2 3 55 2 55 
5 1 3 52 1 4 16 1 1 71 1 2 26 1 0 21 
5 1 2 31 1 0 12 2 1 42 0 42 1 3 39 1 4 98 
5 1 3 77 2 1 77 0 77 1 4 79 1 0 55 1 2 66 
5 1 4 37 2 3 34 4 34 1 2 64 1 1 19 1 0 83 
5 1 2 43 1 1 54 1 0 92 2 3 62 4 62 1 4 79 
5 2 0 93 1 93 1 3 69 1 1 87 1 4 77 1 2 87 
5 1 0 60 1 1 41 1 2 38 1 4 83 1 3 24 
5 1 2 98 2 3 17 2 17 1 4 25 1 0 44 2 1 49 4 49 
5 1 0 96 1 4 77 1 3 79 2 1 75 3 75 1 2 43 
5 2 4 28 2 28 1 2 35 1 0 95 1 3 76 1 1 7 
5 1 0 61 1 4 10 1 2 95 1 1 9 1 3 35 
5 1 4 59 1 3 16 1 1 91 1 2 59 1 0 46 
5 1 4 43 1 1 52 1 0 28 1 2 27 1 3 50 
5 1 0 87 2 1 45 2 45 1 2 39 1 4 9 1 3 41 

Dynamic Events

# Machine Breakdowns (machine_id start_time end_time)
Machine Breakdowns
1 526 564
2 486 516

# Added Jobs (arrival_time: num_ops num_alts_op1 m1 p1 ... num_alts_op2 m1 p1 ...)
Added Jobs
73: 5 2 1 86 3 21 1 2 47 1 0 35 1 3 68 2 3 53 1 73 
98: 5 1 2 88 1 3 49 1 0 77 2 1 53 4 64 1 2 46 
103: 5 2 3 36 4 47 2 0 46 4 40 2 0 93 4 74 1 4 65 1 0 56 
120: 5 2 0 22 3 51 2 4 51 1 51 1 2 24 2 4 69 0 67 1 1 68 
184: 5 1 4 57 1 3 38 2 3 30 1 51 1 1 58 1 0 13 
317: 5 1 4 87 2 0 82 1 23 1 4 90 1 3 39 2 0 55 4 38 

# Cancelled Jobs (cancel_time initial_job_sim_idx_to_cancel)
Cancelled Jobs
341 10
536 11
581 4

# ETPC Constraints (fore_job_sim_idx fore_op_idx hind_job_sim_idx hind_op_idx time_lapse)
ETPC Constraints
3 2 15 3 5
3 1 11 2 14
3 3 14 1 17
7 1 4 3 19
1 3 8 4 18
14 2 5 0 10
2 3 20 3 6
8 2 14 0 18
6 3 15 1 20
1 2 14 2 6
16 1 14 0 11
4 0 9 4 3
6 1 5 1 17
6 2 1 2 18
1 0 10 4 15
14 1 19 1 15
4 1 8 0 19
7 0 13 1 5
20 3 11 0 7
0 1 19 0 7
9 2 2 3 18
20 2 8 4 10
15 4 13 0 4
16 1 2 4 7
13 0 2 4 9
6 3 14 2 10
8 1 1 0 15
5 2 6 2 18
14 3 2 0 10
18 4 6 4 7
17 3 18 0 13
9 4 14 0 19
13 4 14 0 16
9 0 11 0 11
10 1 11 3 11
3 1 11 4 7
7 2 19 2 13
6 0 2 2 8
7 3 14 1 13
3 0 17 1 12
1 0 8 2 9
6 4 2 0 17
