15 5
5 1 0 47 1 4 57 1 1 71 1 3 96 2 2 14 4 14 
5 1 0 75 1 1 60 1 4 22 1 3 79 1 2 65 
5 1 3 32 1 0 33 2 2 69 3 69 1 1 31 1 4 58 
5 2 0 44 4 44 1 1 34 1 4 51 1 3 58 1 2 47 
5 1 3 29 2 1 44 2 44 1 0 62 1 2 17 1 4 8 
5 1 1 15 1 2 40 2 0 97 4 97 1 4 38 1 3 66 
5 2 2 58 1 58 1 1 39 1 0 57 1 4 20 1 3 50 
5 1 2 57 1 3 32 1 4 87 1 0 63 1 1 21 
5 1 4 56 2 0 84 2 84 1 2 90 1 1 85 2 3 61 4 61 
5 1 4 15 1 0 20 1 1 67 2 3 30 4 30 1 2 70 
5 2 4 84 2 84 1 0 82 1 1 23 1 2 45 1 3 38 
5 1 3 50 1 2 21 1 0 18 1 4 41 1 1 29 
5 1 4 16 1 1 52 1 0 52 1 2 38 1 3 54 
5 1 4 37 1 0 54 1 3 57 1 2 74 1 1 62 
5 2 4 57 0 57 1 1 61 1 0 81 1 2 30 1 3 68 

Dynamic Events

# Machine Breakdowns (machine_id start_time end_time)
Machine Breakdowns
3 315 348

# Added Jobs (arrival_time: num_ops num_alts_op1 m1 p1 ... num_alts_op2 m1 p1 ...)
Added Jobs
129: 5 2 1 69 0 80 2 3 41 2 84 2 3 91 0 64 1 2 40 2 1 56 2 58 
190: 5 2 1 19 3 60 1 0 20 2 3 85 2 82 1 1 24 2 3 78 0 32 
235: 5 2 2 63 3 60 1 0 86 1 1 80 1 2 88 2 4 58 0 67 
253: 5 2 2 68 4 85 2 2 27 0 58 1 0 87 2 1 73 2 45 1 3 70 

# ETPC Constraints (fore_job_sim_idx fore_op_idx hind_job_sim_idx hind_op_idx time_lapse)
ETPC Constraints
3 4 16 4 17
7 4 13 1 18
8 0 1 1 10
1 3 2 2 4
0 1 4 1 13
8 2 3 1 15
0 2 2 4 12
6 3 18 4 17
1 0 16 1 14
11 0 0 1 10
17 1 6 2 15
13 0 0 4 14
17 0 9 0 13
15 3 13 0 4
1 1 3 3 5
9 0 6 3 20
10 0 14 4 20
16 0 0 2 10
8 2 4 1 4
12 3 0 3 8
8 4 14 3 12
14 3 1 3 3
18 0 16 4 19
17 3 13 3 7
13 1 10 2 7
12 1 4 4 10
16 0 12 2 3
0 4 4 0 9
6 0 13 0 9
10 3 11 0 8
16 0 9 3 5
18 4 11 4 18
9 4 2 3 13
0 2 8 3 20
