15 5
5 1 0 47 1 4 57 1 1 71 1 3 96 2 2 14 4 14 
5 1 0 75 1 1 60 1 4 22 1 3 79 1 2 65 
5 1 3 32 1 0 33 2 2 69 3 69 1 1 31 1 4 58 
5 2 0 44 4 44 1 1 34 1 4 51 1 3 58 1 2 47 
5 1 3 29 2 1 44 2 44 1 0 62 1 2 17 1 4 8 
5 1 1 15 1 2 40 2 0 97 4 97 1 4 38 1 3 66 
5 2 2 58 1 58 1 1 39 1 0 57 1 4 20 1 3 50 
5 1 2 57 1 3 32 1 4 87 1 0 63 1 1 21 
5 1 4 56 2 0 84 2 84 1 2 90 1 1 85 2 3 61 4 61 
5 1 4 15 1 0 20 1 1 67 2 3 30 4 30 1 2 70 
5 2 4 84 2 84 1 0 82 1 1 23 1 2 45 1 3 38 
5 1 3 50 1 2 21 1 0 18 1 4 41 1 1 29 
5 1 4 16 1 1 52 1 0 52 1 2 38 1 3 54 
5 1 4 37 1 0 54 1 3 57 1 2 74 1 1 62 
5 2 4 57 0 57 1 1 61 1 0 81 1 2 30 1 3 68 

Dynamic Events

# Machine Breakdowns (machine_id start_time end_time)
Machine Breakdowns
2 631 663
3 308 342

# Added Jobs (arrival_time: num_ops num_alts_op1 m1 p1 ... num_alts_op2 m1 p1 ...)
Added Jobs
80: 5 2 0 84 1 83 2 4 88 1 43 1 0 53 2 0 21 4 46 1 1 59 
94: 5 1 3 90 1 2 72 1 2 80 2 3 82 1 65 1 3 33 
103: 5 1 2 53 1 1 56 1 0 60 1 0 97 2 3 96 0 83 
181: 5 1 3 37 2 4 9 3 62 1 0 31 2 0 65 1 44 2 4 85 3 67 
226: 5 2 3 81 4 90 2 0 20 3 84 1 4 55 1 0 45 1 0 79 
246: 5 1 4 93 2 0 97 1 21 2 3 67 1 42 1 2 58 2 1 85 0 72 

# ETPC Constraints (fore_job_sim_idx fore_op_idx hind_job_sim_idx hind_op_idx time_lapse)
ETPC Constraints
11 0 15 0 11
18 2 7 3 8
4 3 6 2 13
18 2 3 1 12
16 2 4 2 17
7 1 17 3 8
1 3 18 3 18
9 3 11 4 3
2 4 6 0 16
3 0 17 3 8
19 2 12 2 7
10 0 14 2 16
8 2 0 0 8
0 0 15 2 10
0 3 16 1 8
10 0 7 1 19
14 2 19 3 13
6 4 17 1 15
12 4 15 4 14
7 1 14 1 5
9 0 0 1 6
19 2 8 4 11
14 0 10 1 6
15 0 1 1 16
16 4 1 1 13
14 4 9 4 6
10 3 20 2 4
7 2 11 4 17
2 2 0 1 10
15 3 13 3 9
15 4 18 0 5
12 2 5 2 14
8 1 11 4 8
20 2 13 2 7
3 0 15 3 19
5 4 18 4 8
9 3 4 4 11
12 0 11 2 5
4 2 15 4 7
1 3 5 4 8
19 0 2 0 4
2 2 1 4 13
