15 5
5 1 3 92 1 2 94 1 0 12 1 4 91 2 1 7 2 7 
5 1 2 21 1 1 19 1 0 87 1 3 11 1 4 66 
5 1 1 14 1 3 13 2 0 75 3 75 1 4 16 1 2 20 
5 2 2 95 4 95 1 4 66 1 0 7 1 1 77 1 3 7 
5 1 2 34 2 4 89 2 89 1 3 6 1 1 45 1 0 15 
5 1 4 88 1 3 77 2 2 20 4 20 1 1 53 1 0 76 
5 2 4 9 1 9 1 3 27 1 0 52 1 1 88 1 2 74 
5 1 3 69 1 2 52 1 0 62 1 1 88 1 4 98 
5 1 3 90 2 0 62 2 62 1 4 9 1 2 61 2 1 52 4 52 
5 1 4 5 1 2 54 1 3 59 2 0 88 3 88 1 1 15 
5 2 0 41 2 41 1 1 50 1 4 78 1 3 53 1 2 23 
5 1 0 38 1 4 72 1 2 91 1 3 68 1 1 71 
5 1 0 45 1 3 95 1 4 52 1 2 25 1 1 6 
5 1 3 30 1 1 66 1 0 23 1 4 36 1 2 17 
5 1 2 95 2 0 71 2 71 1 3 76 1 1 8 1 4 88 

Dynamic Events

# Machine Breakdowns (machine_id start_time end_time)
Machine Breakdowns
0 477 505

# Added Jobs (arrival_time: num_ops num_alts_op1 m1 p1 ... num_alts_op2 m1 p1 ...)
Added Jobs
96: 5 1 1 42 1 4 63 2 2 38 4 34 1 0 88 1 0 46 
135: 5 2 2 58 3 93 1 3 57 2 0 41 4 79 1 1 25 1 4 11 
174: 5 2 2 71 1 60 1 4 9 1 3 80 2 4 45 2 63 1 2 52 
214: 5 2 3 54 4 76 1 2 53 2 0 62 3 29 1 0 73 1 4 91 
301: 5 1 1 72 1 0 53 1 1 60 2 0 35 1 49 2 0 48 4 67 

# ETPC Constraints (fore_job_sim_idx fore_op_idx hind_job_sim_idx hind_op_idx time_lapse)
ETPC Constraints
8 4 11 0 15
4 0 19 4 19
16 1 0 2 19
8 2 14 1 20
0 3 4 3 7
6 2 12 0 3
17 1 3 2 12
1 0 2 1 14
10 3 4 0 5
18 0 11 4 15
0 3 8 1 9
0 0 6 2 4
5 4 0 2 9
19 0 7 2 3
6 1 18 2 20
0 4 9 1 13
16 3 7 4 4
4 3 8 3 11
2 2 11 2 9
17 1 3 3 13
14 4 19 2 10
13 1 11 2 20
9 3 1 3 12
0 3 6 4 19
15 0 10 1 13
16 2 4 0 16
17 4 11 1 11
4 3 8 0 8
8 4 4 3 8
0 1 6 0 4
11 2 19 4 18
18 4 16 1 9
12 1 15 4 12
2 4 11 3 13
2 0 12 2 16
7 2 17 1 9
2 3 1 3 5
8 2 0 0 4
