15 5
5 1 3 92 1 2 94 1 0 12 1 4 91 2 1 7 2 7 
5 1 2 21 1 1 19 1 0 87 1 3 11 1 4 66 
5 1 1 14 1 3 13 2 0 75 3 75 1 4 16 1 2 20 
5 2 2 95 4 95 1 4 66 1 0 7 1 1 77 1 3 7 
5 1 2 34 2 4 89 2 89 1 3 6 1 1 45 1 0 15 
5 1 4 88 1 3 77 2 2 20 4 20 1 1 53 1 0 76 
5 2 4 9 1 9 1 3 27 1 0 52 1 1 88 1 2 74 
5 1 3 69 1 2 52 1 0 62 1 1 88 1 4 98 
5 1 3 90 2 0 62 2 62 1 4 9 1 2 61 2 1 52 4 52 
5 1 4 5 1 2 54 1 3 59 2 0 88 3 88 1 1 15 
5 2 0 41 2 41 1 1 50 1 4 78 1 3 53 1 2 23 
5 1 0 38 1 4 72 1 2 91 1 3 68 1 1 71 
5 1 0 45 1 3 95 1 4 52 1 2 25 1 1 6 
5 1 3 30 1 1 66 1 0 23 1 4 36 1 2 17 
5 1 2 95 2 0 71 2 71 1 3 76 1 1 8 1 4 88 

Dynamic Events

# Machine Breakdowns (machine_id start_time end_time)
Machine Breakdowns
3 190 220
4 707 737

# Added Jobs (arrival_time: num_ops num_alts_op1 m1 p1 ... num_alts_op2 m1 p1 ...)
Added Jobs
214: 5 1 3 41 1 3 29 2 1 56 0 32 1 4 66 1 3 85 
247: 5 2 4 93 1 19 1 4 53 1 2 57 2 2 61 4 6 1 0 13 
256: 5 2 4 39 3 37 1 4 77 1 3 31 2 3 87 1 30 2 0 33 2 55 
295: 5 2 4 75 0 67 2 0 69 4 80 1 1 49 2 3 56 2 75 1 3 66 

# Cancelled Jobs (cancel_time initial_job_sim_idx_to_cancel)
Cancelled Jobs
54 10
60 5
129 1

# ETPC Constraints (fore_job_sim_idx fore_op_idx hind_job_sim_idx hind_op_idx time_lapse)
ETPC Constraints
10 1 15 2 7
6 3 17 0 15
2 3 11 3 11
13 4 10 2 6
4 0 18 3 15
8 1 18 3 20
1 3 9 0 18
3 3 10 4 15
11 0 15 2 15
9 2 0 4 20
0 4 13 0 3
4 3 12 1 13
14 1 15 3 11
8 0 15 0 15
13 2 9 2 11
7 3 3 2 17
9 3 1 1 6
4 4 13 0 16
6 2 14 1 7
6 1 18 2 13
17 1 9 4 7
16 4 17 4 8
11 2 17 0 9
14 1 18 4 4
10 1 13 0 13
9 1 2 1 14
13 2 0 2 12
16 3 2 3 19
18 4 11 4 13
5 4 1 1 12
17 3 12 1 9
16 4 14 1 3
1 2 8 2 16
1 2 11 1 8
