15 5
5 1 1 66 1 3 85 1 2 84 1 0 62 2 4 19 2 19 
5 1 3 59 1 1 64 1 2 46 1 4 13 1 0 25 
5 1 4 88 1 3 80 2 1 73 0 73 1 2 53 1 0 41 
5 1 0 14 2 1 67 0 67 1 2 57 1 3 74 1 4 47 
5 1 0 84 2 4 64 2 64 1 2 41 1 3 84 1 1 78 
5 1 0 63 1 3 28 2 1 46 4 46 1 2 26 1 4 52 
5 2 3 10 1 10 1 2 17 1 4 73 1 1 11 1 0 64 
5 1 2 67 1 1 97 1 3 95 1 4 38 1 0 85 
5 1 2 95 2 4 46 2 46 1 0 59 1 1 65 2 3 93 4 93 
5 1 2 43 1 4 85 1 3 32 2 1 85 3 85 1 0 60 
5 2 4 49 2 49 1 3 41 1 2 61 1 0 66 1 1 90 
5 1 1 17 1 0 23 1 3 70 1 4 99 1 2 49 
5 1 4 40 1 3 73 1 0 73 1 1 98 1 2 68 
5 1 3 57 1 1 9 1 2 7 1 0 13 1 4 98 
5 1 0 37 2 1 85 2 85 1 2 17 1 4 79 1 3 41 

Dynamic Events

# Added Jobs (arrival_time: num_ops num_alts_op1 m1 p1 ... num_alts_op2 m1 p1 ...)
Added Jobs
55: 5 2 4 93 2 11 2 4 87 2 9 1 2 57 2 1 88 3 35 2 4 49 3 56 
117: 5 2 0 51 3 40 2 1 72 0 67 2 0 28 3 67 1 3 10 2 0 80 4 75 
139: 5 2 4 73 1 97 1 4 73 1 0 24 2 3 90 4 32 1 1 11 
223: 5 2 3 72 2 76 1 1 37 1 3 27 1 2 35 2 3 78 0 28 
313: 5 2 1 69 3 16 1 4 18 1 2 9 2 0 79 2 22 1 3 89 

# Cancelled Jobs (cancel_time initial_job_sim_idx_to_cancel)
Cancelled Jobs
17 3
40 7
185 5
198 1

# ETPC Constraints (fore_job_sim_idx fore_op_idx hind_job_sim_idx hind_op_idx time_lapse)
ETPC Constraints
4 1 1 1 17
11 3 14 2 6
2 4 1 2 19
2 2 0 0 17
18 2 7 1 15
12 2 7 3 13
5 2 11 2 13
4 3 12 2 14
3 4 18 3 7
9 1 13 4 7
17 2 19 0 7
19 1 9 4 8
13 3 6 3 5
15 4 14 4 9
7 0 4 3 15
15 1 18 1 11
2 4 12 2 8
8 4 16 0 13
18 4 5 2 9
12 2 16 1 18
3 1 8 1 18
1 2 6 1 8
19 4 11 2 5
14 1 16 3 17
1 0 17 4 11
15 0 2 4 6
7 4 13 0 16
18 1 3 0 18
3 3 16 0 13
10 4 12 2 6
13 4 0 0 17
9 1 13 1 8
10 3 17 1 5
2 4 12 3 17
7 1 3 0 13
17 1 8 1 20
2 2 10 3 15
7 1 16 1 17
