15 5
5 1 1 66 1 3 85 1 2 84 1 0 62 2 4 19 2 19 
5 1 3 59 1 1 64 1 2 46 1 4 13 1 0 25 
5 1 4 88 1 3 80 2 1 73 0 73 1 2 53 1 0 41 
5 1 0 14 2 1 67 0 67 1 2 57 1 3 74 1 4 47 
5 1 0 84 2 4 64 2 64 1 2 41 1 3 84 1 1 78 
5 1 0 63 1 3 28 2 1 46 4 46 1 2 26 1 4 52 
5 2 3 10 1 10 1 2 17 1 4 73 1 1 11 1 0 64 
5 1 2 67 1 1 97 1 3 95 1 4 38 1 0 85 
5 1 2 95 2 4 46 2 46 1 0 59 1 1 65 2 3 93 4 93 
5 1 2 43 1 4 85 1 3 32 2 1 85 3 85 1 0 60 
5 2 4 49 2 49 1 3 41 1 2 61 1 0 66 1 1 90 
5 1 1 17 1 0 23 1 3 70 1 4 99 1 2 49 
5 1 4 40 1 3 73 1 0 73 1 1 98 1 2 68 
5 1 3 57 1 1 9 1 2 7 1 0 13 1 4 98 
5 1 0 37 2 1 85 2 85 1 2 17 1 4 79 1 3 41 

Dynamic Events

# Machine Breakdowns (machine_id start_time end_time)
Machine Breakdowns
0 350 380
1 824 861
2 748 783

# Added Jobs (arrival_time: num_ops num_alts_op1 m1 p1 ... num_alts_op2 m1 p1 ...)
Added Jobs
131: 5 2 3 39 2 52 1 0 38 1 1 95 1 4 54 1 2 66 
143: 5 1 0 47 2 1 95 4 48 1 4 54 2 3 35 0 59 1 4 97 
264: 5 2 4 91 2 73 1 2 9 2 4 13 2 46 1 4 78 1 3 59 
335: 5 1 2 28 1 3 34 2 3 28 0 83 1 2 87 2 4 34 1 31 
347: 5 2 2 14 0 26 1 2 26 1 3 33 2 2 66 0 79 1 2 10 
380: 5 2 3 28 1 70 1 3 58 1 2 31 2 4 98 2 83 1 2 12 

# Cancelled Jobs (cancel_time initial_job_sim_idx_to_cancel)
Cancelled Jobs
265 9

# ETPC Constraints (fore_job_sim_idx fore_op_idx hind_job_sim_idx hind_op_idx time_lapse)
ETPC Constraints
19 4 13 0 19
13 0 10 1 11
5 1 9 1 10
0 4 2 0 12
18 3 3 2 15
3 4 4 2 7
0 1 1 3 11
18 0 7 2 18
1 1 11 2 13
17 3 14 1 19
4 2 12 3 7
0 2 4 3 16
6 4 3 3 8
15 2 6 0 12
17 4 11 2 18
18 2 6 3 4
9 4 19 2 19
4 1 8 2 14
19 3 20 2 7
15 3 10 3 19
9 2 5 3 10
19 4 8 2 8
4 4 18 2 17
5 1 7 2 20
5 0 3 0 4
6 4 4 2 7
17 0 16 3 3
19 1 15 3 7
17 2 19 0 8
13 0 15 0 20
19 4 9 1 18
0 1 8 0 8
3 1 17 3 14
14 2 18 3 17
16 2 15 4 6
8 1 10 2 17
2 3 13 4 3
15 0 18 0 6
11 4 15 1 3
0 4 19 0 12
12 0 3 3 9
8 2 18 2 4
