15 5
5 1 1 58 1 2 44 1 3 5 1 0 9 2 4 58 2 58 
5 1 1 89 1 0 97 1 4 96 1 3 77 1 2 84 
5 1 0 77 1 1 87 2 2 81 0 81 1 4 39 1 3 85 
5 1 3 57 2 1 21 0 21 1 2 31 1 0 15 1 4 73 
5 1 2 48 2 0 40 4 40 1 1 49 1 3 70 1 4 71 
5 1 3 34 1 4 82 1 2 80 2 0 10 3 10 1 1 22 
5 1 1 91 2 4 75 2 75 1 0 55 1 2 17 1 3 7 
5 1 2 62 1 3 47 1 1 72 1 4 35 1 0 11 
5 1 0 64 1 3 75 2 4 50 0 50 1 1 90 1 2 94 
5 2 2 67 0 67 1 4 20 2 3 15 0 15 2 0 12 2 12 2 1 71 2 71 
5 1 0 52 1 4 93 1 3 68 1 2 29 1 1 57 
5 1 2 70 1 0 58 1 1 93 1 4 7 1 3 77 
5 1 3 27 1 2 82 1 1 63 1 4 6 1 0 95 
5 1 1 87 1 2 56 1 4 36 1 0 26 1 3 48 
5 2 3 76 2 76 1 2 36 1 0 36 1 4 15 1 1 8 

Dynamic Events

# Machine Breakdowns (machine_id start_time end_time)
Machine Breakdowns
1 307 336

# Added Jobs (arrival_time: num_ops num_alts_op1 m1 p1 ... num_alts_op2 m1 p1 ...)
Added Jobs
60: 5 1 1 80 2 0 20 3 37 1 0 76 1 3 41 1 4 58 
210: 5 1 1 19 2 3 66 2 13 2 1 30 0 42 1 4 76 1 0 29 
297: 5 2 3 62 0 63 2 4 18 2 91 2 0 66 4 15 2 2 63 0 29 2 3 50 1 87 
328: 5 2 4 44 1 63 2 0 60 2 14 2 1 17 2 89 1 1 72 2 3 50 1 77 
357: 5 1 3 58 2 3 56 4 11 2 3 72 1 43 2 4 53 3 75 2 2 44 0 67 

# ETPC Constraints (fore_job_sim_idx fore_op_idx hind_job_sim_idx hind_op_idx time_lapse)
ETPC Constraints
0 1 4 0 4
14 2 0 4 11
0 1 15 0 13
18 2 0 3 7
18 2 1 2 11
14 4 1 2 6
13 4 6 3 9
3 4 17 3 15
8 0 10 1 12
10 2 1 0 11
13 0 17 4 20
6 0 4 3 5
7 3 6 3 17
14 0 12 1 3
5 4 4 2 9
7 2 19 3 14
11 1 7 2 7
18 1 8 1 13
4 2 13 4 11
10 0 17 1 10
5 2 10 0 18
14 2 19 1 5
14 0 4 3 6
17 3 7 2 20
4 1 12 3 13
15 2 10 4 17
0 3 8 4 3
15 4 11 3 12
7 0 16 3 20
7 1 10 2 3
13 3 11 3 6
13 3 9 4 3
4 0 1 4 17
11 0 19 2 8
0 1 8 0 5
17 2 11 3 10
15 1 3 0 11
0 0 17 4 12
