15 5
5 1 1 58 1 2 44 1 3 5 1 0 9 2 4 58 2 58 
5 1 1 89 1 0 97 1 4 96 1 3 77 1 2 84 
5 1 0 77 1 1 87 2 2 81 0 81 1 4 39 1 3 85 
5 1 3 57 2 1 21 0 21 1 2 31 1 0 15 1 4 73 
5 1 2 48 2 0 40 4 40 1 1 49 1 3 70 1 4 71 
5 1 3 34 1 4 82 1 2 80 2 0 10 3 10 1 1 22 
5 1 1 91 2 4 75 2 75 1 0 55 1 2 17 1 3 7 
5 1 2 62 1 3 47 1 1 72 1 4 35 1 0 11 
5 1 0 64 1 3 75 2 4 50 0 50 1 1 90 1 2 94 
5 2 2 67 0 67 1 4 20 2 3 15 0 15 2 0 12 2 12 2 1 71 2 71 
5 1 0 52 1 4 93 1 3 68 1 2 29 1 1 57 
5 1 2 70 1 0 58 1 1 93 1 4 7 1 3 77 
5 1 3 27 1 2 82 1 1 63 1 4 6 1 0 95 
5 1 1 87 1 2 56 1 4 36 1 0 26 1 3 48 
5 2 3 76 2 76 1 2 36 1 0 36 1 4 15 1 1 8 

Dynamic Events

# Machine Breakdowns (machine_id start_time end_time)
Machine Breakdowns
0 144 179
2 417 453
4 372 401

# Added Jobs (arrival_time: num_ops num_alts_op1 m1 p1 ... num_alts_op2 m1 p1 ...)
Added Jobs
49: 5 1 1 62 1 1 76 2 4 38 2 52 1 4 9 1 1 39 
129: 5 1 1 10 2 0 15 3 5 1 4 47 2 1 64 3 18 1 4 71 
183: 5 1 1 38 2 3 51 4 37 2 4 59 1 41 2 1 27 2 55 1 2 69 
277: 5 1 1 88 1 0 46 1 0 44 1 3 14 1 2 37 
290: 5 1 0 45 2 2 45 1 92 1 0 38 2 4 26 0 73 1 2 36 

# Cancelled Jobs (cancel_time initial_job_sim_idx_to_cancel)
Cancelled Jobs
415 4
499 2

# ETPC Constraints (fore_job_sim_idx fore_op_idx hind_job_sim_idx hind_op_idx time_lapse)
ETPC Constraints
12 3 9 1 14
2 2 12 3 18
9 3 5 1 20
14 4 8 3 17
6 4 3 1 19
15 0 12 1 6
8 3 5 0 8
0 1 15 0 10
5 2 16 0 9
9 3 18 0 7
7 2 19 0 9
11 4 18 0 11
18 1 9 1 7
18 2 11 3 4
6 3 2 1 8
16 3 1 2 7
18 0 11 2 6
17 2 6 3 4
6 4 14 4 13
14 3 7 1 17
18 1 12 2 16
19 3 8 1 4
12 0 6 2 16
6 3 7 4 6
16 1 19 3 5
8 1 11 4 16
14 1 3 2 14
19 0 11 2 15
0 4 3 0 11
18 0 2 1 15
0 2 16 4 15
9 1 15 2 10
5 3 2 0 15
17 3 9 2 13
7 4 3 4 10
5 3 14 4 5
8 2 3 0 5
2 4 13 2 5
