20 5
5 1 2 34 1 1 21 1 0 53 1 3 55 2 4 95 2 95 
5 1 0 21 1 3 52 1 1 71 1 4 16 1 2 26 
5 1 0 12 1 1 42 2 2 31 0 31 1 4 98 1 3 39 
5 1 2 66 2 3 77 0 77 1 4 79 1 0 55 1 1 77 
5 1 0 83 2 4 37 2 37 1 3 34 1 1 19 1 2 64 
5 1 4 79 1 2 43 2 0 92 4 92 1 3 62 1 1 54 
5 2 0 93 1 93 1 4 77 1 2 87 1 1 87 1 3 69 
5 1 4 83 1 3 24 1 1 41 1 2 38 1 0 60 
5 1 4 25 2 1 49 2 49 1 0 44 1 2 98 2 3 17 4 17 
5 1 0 96 1 1 75 1 2 43 2 4 77 3 77 1 3 79 
5 2 0 95 2 95 1 3 76 1 1 7 1 4 28 1 2 35 
5 1 4 10 1 2 95 1 0 61 1 1 9 1 3 35 
5 1 1 91 1 2 59 1 4 59 1 0 46 1 3 16 
5 1 2 27 1 1 52 1 4 43 1 0 28 1 3 50 
5 1 4 9 2 0 87 2 87 1 3 41 1 2 39 1 1 45 
5 1 1 54 1 0 20 1 4 43 1 3 14 1 2 71 
5 1 4 33 2 1 28 4 28 1 3 26 1 0 78 1 2 37 
5 1 1 89 1 0 33 1 2 8 1 3 66 1 4 42 
5 1 4 84 1 0 69 2 2 94 4 94 1 1 74 1 3 27 
5 1 4 81 1 2 45 1 1 78 1 3 69 1 0 96 

Dynamic Events

# Machine Breakdowns (machine_id start_time end_time)
Machine Breakdowns
0 614 645
4 549 589

# Added Jobs (arrival_time: num_ops num_alts_op1 m1 p1 ... num_alts_op2 m1 p1 ...)
Added Jobs
190: 5 2 1 93 0 44 1 2 23 1 3 43 1 4 44 1 1 32 
221: 5 2 0 36 1 51 2 0 43 1 18 2 0 71 1 41 2 2 41 0 74 2 2 26 3 59 
290: 5 1 3 32 2 4 62 2 84 2 4 54 3 65 2 2 69 0 35 2 3 19 1 84 
307: 5 1 3 60 1 1 46 2 3 55 4 31 2 2 84 4 62 2 4 50 0 33 

# Cancelled Jobs (cancel_time initial_job_sim_idx_to_cancel)
Cancelled Jobs
439 17
500 8

# ETPC Constraints (fore_job_sim_idx fore_op_idx hind_job_sim_idx hind_op_idx time_lapse)
ETPC Constraints
21 2 5 0 12
21 3 18 0 7
5 2 8 2 10
12 4 16 1 17
10 3 19 0 19
5 2 17 3 4
3 1 2 0 14
20 0 7 1 12
14 0 9 3 7
8 1 19 3 17
6 0 3 1 10
23 4 8 1 10
16 3 0 0 14
2 0 17 1 13
3 1 15 4 17
1 4 15 1 20
3 4 4 2 20
23 2 1 4 20
5 2 3 1 10
21 1 13 4 5
9 1 19 4 16
22 4 11 0 6
20 0 7 3 6
3 1 17 4 4
21 0 5 4 8
0 1 10 1 7
4 4 0 1 6
4 0 22 1 12
12 0 4 4 17
10 4 19 1 10
20 1 18 0 17
11 4 1 4 10
17 4 12 0 5
10 2 19 0 3
11 1 6 3 16
16 3 2 0 3
9 3 18 0 12
18 2 4 0 7
15 0 20 0 11
16 4 15 1 5
6 3 12 0 11
6 0 7 0 17
4 3 11 4 9
11 0 1 3 13
18 2 22 3 18
21 4 9 0 7
0 1 8 1 20
14 2 9 2 17
