20 5
5 1 2 34 1 1 21 1 0 53 1 3 55 2 4 95 2 95 
5 1 0 21 1 3 52 1 1 71 1 4 16 1 2 26 
5 1 0 12 1 1 42 2 2 31 0 31 1 4 98 1 3 39 
5 1 2 66 2 3 77 0 77 1 4 79 1 0 55 1 1 77 
5 1 0 83 2 4 37 2 37 1 3 34 1 1 19 1 2 64 
5 1 4 79 1 2 43 2 0 92 4 92 1 3 62 1 1 54 
5 2 0 93 1 93 1 4 77 1 2 87 1 1 87 1 3 69 
5 1 4 83 1 3 24 1 1 41 1 2 38 1 0 60 
5 1 4 25 2 1 49 2 49 1 0 44 1 2 98 2 3 17 4 17 
5 1 0 96 1 1 75 1 2 43 2 4 77 3 77 1 3 79 
5 2 0 95 2 95 1 3 76 1 1 7 1 4 28 1 2 35 
5 1 4 10 1 2 95 1 0 61 1 1 9 1 3 35 
5 1 1 91 1 2 59 1 4 59 1 0 46 1 3 16 
5 1 2 27 1 1 52 1 4 43 1 0 28 1 3 50 
5 1 4 9 2 0 87 2 87 1 3 41 1 2 39 1 1 45 
5 1 1 54 1 0 20 1 4 43 1 3 14 1 2 71 
5 1 4 33 2 1 28 4 28 1 3 26 1 0 78 1 2 37 
5 1 1 89 1 0 33 1 2 8 1 3 66 1 4 42 
5 1 4 84 1 0 69 2 2 94 4 94 1 1 74 1 3 27 
5 1 4 81 1 2 45 1 1 78 1 3 69 1 0 96 

Dynamic Events

# Machine Breakdowns (machine_id start_time end_time)
Machine Breakdowns
0 1023 1053

# Added Jobs (arrival_time: num_ops num_alts_op1 m1 p1 ... num_alts_op2 m1 p1 ...)
Added Jobs
190: 5 1 0 65 2 4 72 1 58 2 1 18 0 91 2 1 63 2 53 2 3 63 2 58 
461: 5 1 2 38 2 0 21 4 70 2 4 63 2 45 1 1 65 1 3 35 
467: 5 2 0 72 1 22 1 0 18 1 1 51 2 2 32 1 67 2 3 44 4 90 
484: 5 2 1 41 4 46 2 1 49 0 87 1 4 98 2 1 56 2 46 1 4 35 

# Cancelled Jobs (cancel_time initial_job_sim_idx_to_cancel)
Cancelled Jobs
82 6
113 4

# ETPC Constraints (fore_job_sim_idx fore_op_idx hind_job_sim_idx hind_op_idx time_lapse)
ETPC Constraints
8 0 23 2 7
7 1 14 1 16
2 0 12 2 18
14 4 21 1 10
2 2 16 3 8
1 1 12 4 15
6 2 17 3 3
17 1 2 3 11
14 0 22 4 9
8 4 1 4 4
20 2 5 3 11
22 2 12 2 5
4 2 17 4 5
5 0 21 4 6
13 2 10 4 10
3 2 23 0 14
21 3 11 1 4
15 2 16 0 14
9 0 17 4 7
16 4 13 2 16
17 3 6 4 18
15 2 19 2 6
6 2 12 4 15
23 3 12 1 18
9 2 7 1 20
12 1 19 0 14
14 2 13 3 16
17 4 12 0 7
12 1 9 2 20
18 2 1 2 10
10 4 18 3 6
11 0 0 3 12
11 3 12 2 6
1 3 17 1 16
9 0 0 4 6
12 3 2 0 17
16 4 7 3 12
12 0 3 0 4
6 0 21 3 15
13 3 7 0 8
18 1 10 4 8
12 2 7 3 12
0 1 17 2 11
20 2 18 0 20
1 1 8 2 15
10 0 21 4 11
13 1 17 3 7
11 4 3 2 3
