20 5
5 1 1 23 1 0 82 1 4 84 1 2 45 2 3 38 2 38 
5 1 3 50 1 4 41 1 1 29 1 0 18 1 2 21 
5 1 4 16 1 3 54 2 1 52 0 52 1 2 38 1 0 52 
5 1 1 62 2 3 57 0 57 1 4 37 1 2 74 1 0 54 
5 1 3 68 2 1 61 4 61 1 2 30 1 0 81 1 4 57 
5 1 1 89 1 2 89 1 3 11 2 0 79 3 79 1 4 81 
5 1 1 66 2 0 91 2 91 1 3 33 1 4 20 1 2 20 
5 1 3 8 1 4 24 1 2 55 1 0 32 1 1 84 
5 1 0 7 1 2 64 2 1 39 0 39 1 4 56 1 3 54 
5 2 0 19 2 19 1 4 40 1 3 7 2 2 8 0 8 2 1 83 2 83 
5 2 0 63 2 63 1 2 64 1 3 91 1 4 40 1 1 6 
5 1 1 42 1 3 61 1 4 15 1 2 98 1 0 74 
5 1 1 80 1 0 26 1 3 75 1 4 6 1 2 87 
5 1 2 39 1 4 22 1 0 75 1 3 24 1 1 44 
5 1 1 15 2 3 79 2 79 1 4 8 1 0 12 1 2 20 
5 1 3 26 1 2 43 1 0 80 1 4 22 1 1 61 
5 1 2 62 2 1 36 4 36 1 0 63 1 3 96 1 4 40 
5 1 1 33 1 3 18 1 0 22 1 4 5 1 2 10 
5 1 2 64 1 4 64 2 0 89 4 89 1 1 96 1 3 95 
5 1 2 18 1 4 23 1 3 15 1 1 38 1 0 8 

Dynamic Events

# Machine Breakdowns (machine_id start_time end_time)
Machine Breakdowns
1 462 494
2 116 143

# Added Jobs (arrival_time: num_ops num_alts_op1 m1 p1 ... num_alts_op2 m1 p1 ...)
Added Jobs
52: 5 1 0 84 2 3 26 4 34 1 3 55 1 1 77 1 3 11 
55: 5 1 1 86 2 0 67 4 42 1 1 83 1 1 48 2 1 88 0 25 
146: 5 2 4 56 1 82 1 2 86 2 3 51 1 26 2 4 31 2 54 2 3 69 4 77 
207: 5 2 2 42 1 78 2 3 25 1 15 2 1 24 2 36 1 0 45 2 0 27 2 37 
329: 5 2 4 44 2 13 1 3 22 1 3 56 1 3 75 2 4 10 3 52 

# Cancelled Jobs (cancel_time initial_job_sim_idx_to_cancel)
Cancelled Jobs
9 16
75 3
118 19

# ETPC Constraints (fore_job_sim_idx fore_op_idx hind_job_sim_idx hind_op_idx time_lapse)
ETPC Constraints
15 2 13 4 6
16 3 7 3 15
0 2 4 0 10
0 3 11 0 6
19 0 16 0 12
3 2 21 0 9
18 4 20 1 11
2 1 12 3 8
23 2 1 0 13
10 4 21 1 12
23 3 18 3 20
23 0 10 2 10
0 0 21 2 13
20 1 17 2 12
12 1 0 3 13
10 3 13 3 4
20 1 6 2 17
10 4 6 3 19
10 0 17 0 14
3 0 10 4 7
1 2 14 4 9
16 1 24 2 10
0 0 3 0 14
5 3 8 2 7
10 4 2 2 7
8 4 20 4 12
13 3 4 3 17
11 3 17 3 17
7 2 17 3 17
8 1 3 0 17
1 4 17 2 16
7 3 17 1 8
24 4 20 0 10
12 3 1 4 6
3 2 12 1 16
8 3 22 0 17
1 4 13 1 6
16 0 2 3 4
5 1 6 0 11
10 1 16 0 20
2 1 13 3 7
23 1 1 3 8
24 0 0 3 5
4 2 7 0 3
19 4 24 3 14
10 1 22 3 5
2 4 8 2 7
16 0 7 1 11
11 4 3 0 6
11 4 5 4 10
