20 5
5 1 1 23 1 0 82 1 4 84 1 2 45 2 3 38 2 38 
5 1 3 50 1 4 41 1 1 29 1 0 18 1 2 21 
5 1 4 16 1 3 54 2 1 52 0 52 1 2 38 1 0 52 
5 1 1 62 2 3 57 0 57 1 4 37 1 2 74 1 0 54 
5 1 3 68 2 1 61 4 61 1 2 30 1 0 81 1 4 57 
5 1 1 89 1 2 89 1 3 11 2 0 79 3 79 1 4 81 
5 1 1 66 2 0 91 2 91 1 3 33 1 4 20 1 2 20 
5 1 3 8 1 4 24 1 2 55 1 0 32 1 1 84 
5 1 0 7 1 2 64 2 1 39 0 39 1 4 56 1 3 54 
5 2 0 19 2 19 1 4 40 1 3 7 2 2 8 0 8 2 1 83 2 83 
5 2 0 63 2 63 1 2 64 1 3 91 1 4 40 1 1 6 
5 1 1 42 1 3 61 1 4 15 1 2 98 1 0 74 
5 1 1 80 1 0 26 1 3 75 1 4 6 1 2 87 
5 1 2 39 1 4 22 1 0 75 1 3 24 1 1 44 
5 1 1 15 2 3 79 2 79 1 4 8 1 0 12 1 2 20 
5 1 3 26 1 2 43 1 0 80 1 4 22 1 1 61 
5 1 2 62 2 1 36 4 36 1 0 63 1 3 96 1 4 40 
5 1 1 33 1 3 18 1 0 22 1 4 5 1 2 10 
5 1 2 64 1 4 64 2 0 89 4 89 1 1 96 1 3 95 
5 1 2 18 1 4 23 1 3 15 1 1 38 1 0 8 

Dynamic Events

# Machine Breakdowns (machine_id start_time end_time)
Machine Breakdowns
1 638 670
3 716 749

# Added Jobs (arrival_time: num_ops num_alts_op1 m1 p1 ... num_alts_op2 m1 p1 ...)
Added Jobs
64: 5 2 2 49 0 61 2 3 86 0 18 2 2 46 4 77 2 4 59 3 32 1 1 35 
205: 5 2 3 32 1 28 2 1 10 2 62 1 1 11 1 1 64 1 4 56 
252: 5 2 2 34 3 39 1 0 70 1 3 75 2 4 57 0 91 2 0 66 3 55 
259: 5 1 2 92 1 1 11 1 4 23 2 1 40 0 33 2 2 31 4 16 
381: 5 2 0 40 4 21 2 2 75 3 76 1 0 34 2 4 26 1 82 1 3 32 

# Cancelled Jobs (cancel_time initial_job_sim_idx_to_cancel)
Cancelled Jobs
134 3
473 17
674 1

# ETPC Constraints (fore_job_sim_idx fore_op_idx hind_job_sim_idx hind_op_idx time_lapse)
ETPC Constraints
4 1 5 1 13
10 2 1 1 20
15 1 0 0 20
13 2 20 1 15
2 1 7 4 6
21 0 8 0 19
22 0 10 3 4
6 0 8 3 3
6 4 15 2 16
15 0 18 3 5
21 4 2 1 14
10 3 0 4 8
21 0 20 3 15
18 0 4 0 6
13 2 22 2 18
16 3 13 3 15
17 2 1 0 11
20 0 2 2 19
0 2 21 2 17
3 1 6 1 10
4 2 13 2 12
18 3 4 2 4
9 0 14 3 14
9 3 16 4 6
16 0 7 1 6
16 4 5 4 4
3 3 14 0 13
2 3 22 2 9
15 0 23 4 17
15 3 2 0 9
24 0 16 4 4
20 0 7 4 11
3 1 14 0 14
17 0 8 0 3
7 0 22 3 19
21 3 15 1 14
19 0 14 4 17
7 2 23 1 3
0 4 10 1 6
8 0 3 4 3
4 2 16 4 11
3 3 22 3 15
18 2 12 1 11
19 0 21 3 7
10 2 13 2 4
7 4 5 1 5
2 3 18 2 20
15 4 4 4 8
24 0 0 2 16
20 2 2 4 9
