20 5
5 1 3 60 1 0 87 1 1 72 1 4 95 2 2 66 4 66 
5 1 1 54 1 0 48 1 2 39 1 3 35 1 4 5 
5 1 3 20 1 1 46 2 0 97 3 97 1 2 21 1 4 55 
5 2 2 37 4 37 1 0 59 1 3 19 1 1 34 1 4 46 
5 1 2 73 2 3 25 2 25 1 1 24 1 0 28 1 4 23 
5 1 1 78 1 3 28 2 2 83 4 83 1 0 45 1 4 5 
5 2 3 71 1 71 1 1 37 1 2 12 1 4 29 1 0 53 
5 1 4 12 1 3 33 1 1 55 1 2 87 1 0 38 
5 1 0 48 2 1 40 2 40 1 2 49 1 3 83 2 4 7 2 7 
5 1 0 90 1 4 27 2 2 65 0 65 2 3 17 2 17 2 1 23 2 23 
5 1 0 62 1 3 85 1 1 66 1 2 84 1 4 19 
5 1 3 59 1 2 46 1 4 13 1 1 64 1 0 25 
5 1 2 53 1 1 73 1 3 80 1 4 88 1 0 41 
5 1 2 57 1 4 47 1 0 14 1 1 67 1 3 74 
5 2 2 41 4 41 1 4 64 1 3 84 1 1 78 1 0 84 
5 1 4 52 1 3 28 1 2 26 1 0 63 2 1 46 4 46 
5 1 1 11 1 0 64 1 3 10 1 4 73 1 2 17 
5 1 4 38 1 3 95 1 0 85 1 1 97 1 2 67 
5 2 3 93 4 93 1 1 65 1 2 95 1 0 59 1 4 46 
5 1 0 60 1 1 85 1 2 43 1 4 85 1 3 32 

Dynamic Events

# Machine Breakdowns (machine_id start_time end_time)
Machine Breakdowns
0 926 960
3 270 301

# Added Jobs (arrival_time: num_ops num_alts_op1 m1 p1 ... num_alts_op2 m1 p1 ...)
Added Jobs
148: 5 2 1 26 2 50 1 1 12 1 1 61 2 4 22 2 10 2 4 82 3 97 
208: 5 1 3 72 1 2 74 2 3 41 0 68 1 1 54 2 3 62 2 64 
239: 5 2 4 35 2 75 1 1 20 2 0 83 1 29 1 2 70 1 0 57 
323: 5 2 3 32 2 82 2 1 27 0 27 1 4 37 2 0 16 4 67 2 1 52 4 52 

# Cancelled Jobs (cancel_time initial_job_sim_idx_to_cancel)
Cancelled Jobs
15 1
61 17
163 5
418 16
443 4

# ETPC Constraints (fore_job_sim_idx fore_op_idx hind_job_sim_idx hind_op_idx time_lapse)
ETPC Constraints
9 3 6 4 12
19 1 11 2 7
3 0 15 0 7
6 1 14 2 4
21 1 6 3 10
1 2 17 4 3
14 1 11 1 14
12 3 1 3 12
20 3 7 1 4
9 1 21 3 20
16 1 14 2 5
17 2 14 2 19
10 2 16 4 8
19 0 7 0 14
17 4 5 2 20
19 0 4 2 17
20 3 23 0 10
15 3 20 1 8
2 3 21 3 14
4 4 22 0 5
23 4 3 3 16
9 0 16 4 4
13 0 12 3 12
17 3 5 1 3
10 2 15 3 16
12 1 10 4 6
6 3 18 2 18
3 2 4 1 10
1 0 10 2 9
1 4 4 2 10
16 0 12 3 12
16 1 5 1 12
6 4 3 1 7
0 1 6 0 3
15 3 6 3 9
8 0 12 1 20
19 0 16 1 14
22 0 17 0 13
3 1 19 1 10
20 1 18 4 14
16 4 7 1 11
21 2 9 0 9
0 1 15 2 18
6 1 22 3 9
4 3 0 0 14
19 1 17 0 11
9 1 6 2 19
12 1 11 4 13
