20 5
5 1 3 60 1 0 87 1 1 72 1 4 95 2 2 66 4 66 
5 1 1 54 1 0 48 1 2 39 1 3 35 1 4 5 
5 1 3 20 1 1 46 2 0 97 3 97 1 2 21 1 4 55 
5 2 2 37 4 37 1 0 59 1 3 19 1 1 34 1 4 46 
5 1 2 73 2 3 25 2 25 1 1 24 1 0 28 1 4 23 
5 1 1 78 1 3 28 2 2 83 4 83 1 0 45 1 4 5 
5 2 3 71 1 71 1 1 37 1 2 12 1 4 29 1 0 53 
5 1 4 12 1 3 33 1 1 55 1 2 87 1 0 38 
5 1 0 48 2 1 40 2 40 1 2 49 1 3 83 2 4 7 2 7 
5 1 0 90 1 4 27 2 2 65 0 65 2 3 17 2 17 2 1 23 2 23 
5 1 0 62 1 3 85 1 1 66 1 2 84 1 4 19 
5 1 3 59 1 2 46 1 4 13 1 1 64 1 0 25 
5 1 2 53 1 1 73 1 3 80 1 4 88 1 0 41 
5 1 2 57 1 4 47 1 0 14 1 1 67 1 3 74 
5 2 2 41 4 41 1 4 64 1 3 84 1 1 78 1 0 84 
5 1 4 52 1 3 28 1 2 26 1 0 63 2 1 46 4 46 
5 1 1 11 1 0 64 1 3 10 1 4 73 1 2 17 
5 1 4 38 1 3 95 1 0 85 1 1 97 1 2 67 
5 2 3 93 4 93 1 1 65 1 2 95 1 0 59 1 4 46 
5 1 0 60 1 1 85 1 2 43 1 4 85 1 3 32 

Dynamic Events

# Added Jobs (arrival_time: num_ops num_alts_op1 m1 p1 ... num_alts_op2 m1 p1 ...)
Added Jobs
144: 5 2 0 22 4 79 2 0 50 2 28 1 3 56 1 1 42 2 1 61 3 88 
198: 5 1 0 33 1 4 60 2 3 93 4 57 1 4 56 2 4 43 1 67 
246: 5 1 2 28 1 0 53 2 2 63 0 62 1 3 72 2 0 78 3 83 
343: 5 1 3 86 1 0 91 2 3 91 0 83 2 0 73 4 63 1 1 53 
405: 5 1 4 78 2 4 21 3 82 1 1 64 2 2 28 4 72 1 3 44 

# Cancelled Jobs (cancel_time initial_job_sim_idx_to_cancel)
Cancelled Jobs
335 15

# ETPC Constraints (fore_job_sim_idx fore_op_idx hind_job_sim_idx hind_op_idx time_lapse)
ETPC Constraints
4 3 2 3 5
19 3 5 3 20
14 2 7 0 6
7 4 8 3 7
4 4 15 0 3
18 4 17 0 16
14 4 20 1 16
0 2 3 4 16
3 0 1 0 3
0 3 13 2 12
18 2 22 0 20
20 0 6 3 8
20 4 2 1 9
24 1 14 3 9
16 2 8 2 7
24 4 17 0 18
0 3 18 2 3
18 0 3 3 6
6 3 7 3 7
3 3 4 2 19
5 3 17 4 13
15 4 8 1 6
1 0 16 4 4
6 3 22 1 12
4 3 0 0 20
15 0 12 3 19
9 2 14 3 19
22 1 18 4 5
13 2 2 0 17
13 1 21 0 5
5 3 15 1 19
6 3 8 2 9
16 2 9 0 6
17 1 22 4 5
14 1 0 0 20
6 2 19 0 13
15 0 24 1 5
18 3 3 3 17
6 4 24 1 4
10 2 19 2 4
12 3 4 3 5
6 2 17 3 7
7 4 23 4 6
14 4 10 1 14
18 2 17 4 14
4 0 24 1 9
24 0 22 4 4
23 1 15 1 16
17 0 6 1 18
11 3 21 2 15
