20 5
5 1 3 5 1 4 58 1 2 44 1 0 9 2 1 58 2 58 
5 1 1 89 1 4 96 1 0 97 1 2 84 1 3 77 
5 1 2 81 1 3 85 2 1 87 0 87 1 4 39 1 0 77 
5 1 0 15 2 3 57 0 57 1 4 73 1 1 21 1 2 31 
5 1 2 48 2 4 71 2 71 1 3 70 1 0 40 1 1 49 
5 1 0 10 1 4 82 2 3 34 4 34 1 2 80 1 1 22 
5 2 2 17 1 17 1 0 55 1 1 91 1 4 75 1 3 7 
5 1 3 47 1 2 62 1 1 72 1 4 35 1 0 11 
5 1 1 90 2 2 94 0 94 1 4 50 1 0 64 2 3 75 2 75 
5 1 3 15 1 2 67 2 0 12 3 12 1 4 20 2 1 71 2 71 
5 1 4 93 1 2 29 1 0 52 1 1 57 1 3 68 
5 1 3 77 1 1 93 1 0 58 1 2 70 1 4 7 
5 1 1 63 1 3 27 1 0 95 1 4 6 1 2 82 
5 1 4 36 1 0 26 1 3 48 1 2 56 1 1 87 
5 2 2 36 4 36 1 1 8 1 4 15 1 3 76 1 0 36 
5 1 4 78 1 1 84 1 3 41 1 0 30 2 2 76 4 76 
5 1 1 78 1 0 75 1 4 88 1 3 13 1 2 81 
5 1 0 54 1 4 40 1 2 13 1 1 82 1 3 29 
5 2 1 26 4 26 1 4 82 1 0 52 1 3 6 1 2 6 
5 1 3 54 1 1 64 1 0 54 1 2 32 1 4 88 

Dynamic Events

# Added Jobs (arrival_time: num_ops num_alts_op1 m1 p1 ... num_alts_op2 m1 p1 ...)
Added Jobs
119: 5 2 1 12 0 42 1 3 82 2 2 50 0 57 2 3 62 0 95 1 4 19 
293: 5 1 4 64 1 0 18 1 2 56 2 4 51 2 59 1 2 78 
377: 5 2 2 73 3 19 1 0 75 1 4 22 1 0 61 2 0 48 2 83 
447: 5 2 4 96 3 80 2 4 56 0 77 2 2 40 0 54 1 4 57 1 0 79 
468: 5 2 0 85 2 42 1 3 71 1 3 54 2 2 74 0 33 2 1 55 3 12 

# Cancelled Jobs (cancel_time initial_job_sim_idx_to_cancel)
Cancelled Jobs
683 9

# ETPC Constraints (fore_job_sim_idx fore_op_idx hind_job_sim_idx hind_op_idx time_lapse)
ETPC Constraints
19 0 8 3 7
14 1 17 3 10
6 0 17 2 18
5 3 9 3 16
22 3 12 4 4
20 0 4 2 16
22 3 17 1 19
16 2 20 2 14
1 0 3 4 5
18 1 23 2 13
15 4 11 1 19
0 1 7 2 5
24 1 15 4 12
10 3 17 1 5
7 1 22 0 18
8 4 6 4 6
12 3 6 1 10
6 3 8 4 10
2 3 15 4 20
2 4 16 2 4
8 1 12 1 15
9 4 10 0 12
7 1 1 1 5
15 2 22 4 6
2 3 22 4 15
17 3 0 3 9
22 4 10 1 17
10 3 0 3 15
1 1 11 2 15
2 3 12 4 15
24 1 22 1 16
12 2 19 4 12
19 1 3 1 20
20 4 3 3 8
7 3 9 2 8
13 3 8 0 12
16 2 8 1 10
1 3 5 1 16
12 2 3 3 19
12 4 22 0 17
14 4 11 1 5
2 4 3 2 11
12 3 0 4 3
3 0 21 2 18
17 4 16 0 12
11 3 1 1 9
23 4 3 0 8
17 3 10 2 5
18 2 7 3 11
0 3 12 4 16
