20 5
5 1 3 5 1 4 58 1 2 44 1 0 9 2 1 58 2 58 
5 1 1 89 1 4 96 1 0 97 1 2 84 1 3 77 
5 1 2 81 1 3 85 2 1 87 0 87 1 4 39 1 0 77 
5 1 0 15 2 3 57 0 57 1 4 73 1 1 21 1 2 31 
5 1 2 48 2 4 71 2 71 1 3 70 1 0 40 1 1 49 
5 1 0 10 1 4 82 2 3 34 4 34 1 2 80 1 1 22 
5 2 2 17 1 17 1 0 55 1 1 91 1 4 75 1 3 7 
5 1 3 47 1 2 62 1 1 72 1 4 35 1 0 11 
5 1 1 90 2 2 94 0 94 1 4 50 1 0 64 2 3 75 2 75 
5 1 3 15 1 2 67 2 0 12 3 12 1 4 20 2 1 71 2 71 
5 1 4 93 1 2 29 1 0 52 1 1 57 1 3 68 
5 1 3 77 1 1 93 1 0 58 1 2 70 1 4 7 
5 1 1 63 1 3 27 1 0 95 1 4 6 1 2 82 
5 1 4 36 1 0 26 1 3 48 1 2 56 1 1 87 
5 2 2 36 4 36 1 1 8 1 4 15 1 3 76 1 0 36 
5 1 4 78 1 1 84 1 3 41 1 0 30 2 2 76 4 76 
5 1 1 78 1 0 75 1 4 88 1 3 13 1 2 81 
5 1 0 54 1 4 40 1 2 13 1 1 82 1 3 29 
5 2 1 26 4 26 1 4 82 1 0 52 1 3 6 1 2 6 
5 1 3 54 1 1 64 1 0 54 1 2 32 1 4 88 

Dynamic Events

# Machine Breakdowns (machine_id start_time end_time)
Machine Breakdowns
3 457 491

# Added Jobs (arrival_time: num_ops num_alts_op1 m1 p1 ... num_alts_op2 m1 p1 ...)
Added Jobs
218: 5 1 3 82 1 2 47 2 2 69 0 14 2 1 79 4 73 2 4 32 0 82 
264: 5 1 4 23 2 0 25 2 70 1 1 82 1 4 82 1 3 26 
315: 5 2 2 75 3 7 2 2 63 1 8 2 1 14 4 57 2 2 55 1 20 2 3 72 2 90 

# Cancelled Jobs (cancel_time initial_job_sim_idx_to_cancel)
Cancelled Jobs
282 13
798 11

# ETPC Constraints (fore_job_sim_idx fore_op_idx hind_job_sim_idx hind_op_idx time_lapse)
ETPC Constraints
21 3 5 4 13
22 4 20 1 5
17 2 3 1 17
12 1 8 0 14
20 2 9 3 5
6 2 11 4 9
12 4 19 3 16
15 0 5 2 19
2 4 5 1 16
19 0 18 0 4
17 4 2 2 11
13 1 7 4 6
22 3 3 1 14
8 2 10 0 4
7 0 8 1 5
21 0 6 1 12
16 3 11 0 4
19 2 22 2 3
9 4 1 2 15
4 4 8 0 4
2 3 17 4 9
16 3 14 0 9
19 2 15 4 9
14 2 4 1 16
15 1 0 0 10
2 0 7 3 9
11 3 12 1 11
6 2 18 1 11
18 1 12 1 14
5 0 14 4 10
3 1 7 0 6
10 2 2 4 6
18 1 5 3 14
17 4 2 1 19
14 0 16 2 11
16 3 9 2 13
7 4 22 1 19
9 2 4 2 13
2 2 11 4 4
3 0 15 2 12
1 3 14 3 4
18 1 16 3 3
20 3 10 2 15
6 0 18 1 19
20 3 22 2 14
14 1 22 3 15
