20 5
5 1 0 6 1 2 40 1 1 81 1 3 37 2 4 19 2 19 
5 1 2 40 1 3 32 1 0 55 1 4 81 1 1 9 
5 1 1 46 1 4 65 2 2 70 0 70 1 3 55 1 0 77 
5 1 2 21 2 4 65 0 65 1 0 64 1 3 25 1 1 15 
5 1 2 85 2 0 40 4 40 1 1 44 1 3 24 1 4 37 
5 1 0 89 1 4 29 1 1 83 2 3 31 4 31 1 2 84 
5 2 4 59 1 59 1 3 38 1 1 80 1 2 30 1 0 8 
5 1 0 80 1 2 56 1 1 77 1 4 41 1 3 97 
5 1 4 56 2 0 91 2 91 1 3 50 1 2 71 2 1 17 4 17 
5 1 1 40 1 0 88 1 4 59 2 2 7 3 7 1 3 80 
5 2 0 45 2 45 1 1 29 1 2 8 1 4 77 1 3 58 
5 1 2 36 1 0 54 1 3 96 1 1 9 1 4 10 
5 1 0 28 1 2 73 1 1 98 1 3 92 1 4 87 
5 1 0 70 1 3 86 1 2 27 1 1 99 1 4 96 
5 1 1 95 2 0 59 2 59 1 4 56 1 3 85 1 2 41 
5 1 1 81 1 2 92 1 4 32 1 0 52 1 3 39 
5 1 1 7 2 4 22 2 22 1 2 12 1 0 88 1 3 60 
5 1 3 45 1 0 93 1 2 69 1 4 49 1 1 27 
5 1 0 21 2 1 84 4 84 1 2 61 1 3 68 1 4 26 
5 1 1 82 1 2 33 1 4 71 1 0 99 1 3 44 

Dynamic Events

# Machine Breakdowns (machine_id start_time end_time)
Machine Breakdowns
3 366 396

# Added Jobs (arrival_time: num_ops num_alts_op1 m1 p1 ... num_alts_op2 m1 p1 ...)
Added Jobs
257: 5 1 0 41 2 3 63 0 50 1 3 86 2 1 71 3 56 2 1 45 0 32 
302: 5 2 0 21 2 44 2 3 64 0 81 1 0 90 1 1 55 2 4 83 3 34 
469: 5 2 3 74 0 85 2 2 12 0 26 2 0 88 1 97 2 4 11 0 42 2 2 62 4 35 

# Cancelled Jobs (cancel_time initial_job_sim_idx_to_cancel)
Cancelled Jobs
607 16
728 11

# ETPC Constraints (fore_job_sim_idx fore_op_idx hind_job_sim_idx hind_op_idx time_lapse)
ETPC Constraints
8 3 7 1 6
10 3 9 4 9
10 1 12 3 3
13 0 8 2 11
17 2 18 2 19
9 1 12 0 19
12 0 15 0 6
14 0 10 3 15
5 3 8 3 18
10 2 6 3 9
9 0 17 4 20
13 4 14 3 6
11 1 14 0 4
2 4 8 1 5
2 3 22 3 12
16 3 21 4 15
12 1 7 0 15
18 1 2 3 14
14 4 2 2 5
5 2 10 2 12
13 3 5 1 18
8 1 4 4 6
11 0 9 2 17
3 0 14 0 5
7 0 6 1 8
2 2 1 3 14
10 0 8 4 20
5 2 2 4 9
3 1 10 3 9
22 0 0 0 18
20 1 2 4 4
6 4 5 2 17
12 4 13 0 8
15 2 18 2 10
20 1 21 2 6
18 0 4 3 15
17 0 16 1 6
19 0 17 4 19
19 2 14 4 17
16 3 17 0 8
5 4 16 2 10
21 2 20 2 10
14 1 6 0 20
1 2 22 2 6
6 3 10 1 6
3 3 0 3 9
