20 5
5 1 0 6 1 2 40 1 1 81 1 3 37 2 4 19 2 19 
5 1 2 40 1 3 32 1 0 55 1 4 81 1 1 9 
5 1 1 46 1 4 65 2 2 70 0 70 1 3 55 1 0 77 
5 1 2 21 2 4 65 0 65 1 0 64 1 3 25 1 1 15 
5 1 2 85 2 0 40 4 40 1 1 44 1 3 24 1 4 37 
5 1 0 89 1 4 29 1 1 83 2 3 31 4 31 1 2 84 
5 2 4 59 1 59 1 3 38 1 1 80 1 2 30 1 0 8 
5 1 0 80 1 2 56 1 1 77 1 4 41 1 3 97 
5 1 4 56 2 0 91 2 91 1 3 50 1 2 71 2 1 17 4 17 
5 1 1 40 1 0 88 1 4 59 2 2 7 3 7 1 3 80 
5 2 0 45 2 45 1 1 29 1 2 8 1 4 77 1 3 58 
5 1 2 36 1 0 54 1 3 96 1 1 9 1 4 10 
5 1 0 28 1 2 73 1 1 98 1 3 92 1 4 87 
5 1 0 70 1 3 86 1 2 27 1 1 99 1 4 96 
5 1 1 95 2 0 59 2 59 1 4 56 1 3 85 1 2 41 
5 1 1 81 1 2 92 1 4 32 1 0 52 1 3 39 
5 1 1 7 2 4 22 2 22 1 2 12 1 0 88 1 3 60 
5 1 3 45 1 0 93 1 2 69 1 4 49 1 1 27 
5 1 0 21 2 1 84 4 84 1 2 61 1 3 68 1 4 26 
5 1 1 82 1 2 33 1 4 71 1 0 99 1 3 44 

Dynamic Events

# Machine Breakdowns (machine_id start_time end_time)
Machine Breakdowns
1 318 355

# Added Jobs (arrival_time: num_ops num_alts_op1 m1 p1 ... num_alts_op2 m1 p1 ...)
Added Jobs
77: 5 1 1 87 2 0 55 1 89 2 0 95 2 66 1 4 24 2 3 82 1 92 
289: 5 2 0 11 1 50 1 3 82 1 1 22 1 4 93 2 1 46 4 33 
377: 5 1 4 82 1 2 24 2 2 18 4 36 1 2 68 2 3 77 2 92 
424: 5 1 2 45 2 2 59 0 88 2 0 88 2 39 1 1 15 2 1 48 3 35 

# Cancelled Jobs (cancel_time initial_job_sim_idx_to_cancel)
Cancelled Jobs
385 18
396 19

# ETPC Constraints (fore_job_sim_idx fore_op_idx hind_job_sim_idx hind_op_idx time_lapse)
ETPC Constraints
9 1 20 0 16
17 4 21 3 9
18 3 12 2 18
6 1 18 2 20
21 3 7 0 9
23 2 8 0 5
5 1 1 0 15
18 2 10 2 8
3 4 7 3 17
11 3 7 2 19
21 4 20 2 4
12 1 22 0 16
22 1 4 4 16
17 0 21 3 15
3 4 1 3 15
22 0 10 3 9
2 0 8 1 8
13 3 21 1 8
11 0 17 1 8
2 1 12 0 6
6 1 1 1 16
8 1 6 3 13
19 3 9 1 17
12 3 8 3 7
18 3 23 1 10
19 3 13 3 9
2 0 9 0 7
2 0 0 4 18
16 2 0 2 8
0 0 15 3 6
14 0 10 3 5
10 2 13 3 10
23 2 6 1 11
2 2 21 4 3
1 2 14 2 10
5 1 19 2 16
7 1 15 1 20
18 4 10 1 7
2 3 12 4 13
10 0 1 1 4
10 0 21 4 13
8 4 20 4 4
12 2 11 4 20
9 4 19 3 12
19 0 6 3 15
16 3 1 4 19
8 0 21 1 4
9 2 14 2 14
