10 10
10 1 1 21 1 6 71 1 9 16 1 8 52 2 7 26 9 26 1 2 34 1 0 53 1 4 21 1 3 55 1 5 95 
10 1 4 55 1 2 31 2 5 98 8 98 1 9 79 1 0 12 2 7 66 9 66 1 1 42 1 8 77 1 6 77 1 3 39 
10 1 3 34 2 2 64 5 64 1 8 62 1 1 19 1 4 92 1 9 79 1 7 43 2 6 54 3 54 1 0 83 1 5 37 
10 2 1 87 2 87 1 3 69 1 2 87 1 7 38 1 8 24 1 9 83 1 6 41 1 0 93 1 5 77 1 4 60 
10 1 2 98 2 0 44 8 44 1 5 25 2 6 75 4 75 1 7 43 1 1 49 1 4 96 2 9 77 8 77 1 3 17 2 8 79 7 79 
10 1 2 35 1 3 76 1 5 28 1 9 10 1 4 61 1 6 9 1 0 95 1 8 35 1 1 7 1 7 95 
10 1 3 16 1 2 59 1 0 46 1 1 91 1 9 43 1 8 50 1 6 52 1 5 59 1 4 28 1 7 27 
10 2 1 45 2 45 1 0 87 1 3 41 1 4 20 1 6 54 1 9 43 1 8 14 1 5 9 1 2 39 1 7 71 
10 2 4 33 7 33 1 2 37 1 8 66 1 5 33 1 3 26 1 7 8 1 1 28 1 6 89 1 9 42 1 0 78 
10 2 8 69 9 69 1 9 81 1 2 94 1 4 96 1 3 27 1 0 69 1 7 45 1 6 78 1 1 74 1 5 84 

Dynamic Events

# Machine Breakdowns (machine_id start_time end_time)
Machine Breakdowns
1 422 459
7 547 577
8 85 121

# Added Jobs (arrival_time: num_ops num_alts_op1 m1 p1 ... num_alts_op2 m1 p1 ...)
Added Jobs
43: 10 1 6 58 2 0 47 3 39 2 3 38 1 51 2 9 43 7 11 1 4 27 1 0 19 1 8 68 1 3 44 2 1 61 2 65 1 1 39 
47: 10 2 0 69 1 37 2 3 69 4 88 2 8 27 3 71 1 3 45 1 6 88 1 2 43 1 3 62 2 2 52 5 94 2 2 36 3 57 1 9 42 
149: 10 1 7 91 1 8 38 1 6 48 1 9 75 2 2 31 9 77 2 7 8 5 13 2 3 70 8 50 2 2 68 0 14 2 6 47 7 86 1 9 79 
155: 10 1 7 66 2 2 72 5 61 1 0 85 1 7 46 1 7 77 2 6 37 4 79 1 1 86 1 9 43 1 1 87 2 1 86 5 57 
169: 10 1 5 53 1 3 42 2 9 55 7 67 2 9 57 0 17 1 6 39 1 3 39 2 8 74 7 82 1 6 34 2 0 61 9 35 2 0 42 1 76 
257: 10 2 7 32 4 64 2 6 43 2 41 1 6 60 1 4 58 2 5 37 7 40 2 2 41 9 29 2 4 30 5 36 1 9 41 1 3 34 2 1 9 9 80 

# Cancelled Jobs (cancel_time initial_job_sim_idx_to_cancel)
Cancelled Jobs
35 8

# ETPC Constraints (fore_job_sim_idx fore_op_idx hind_job_sim_idx hind_op_idx time_lapse)
ETPC Constraints
11 3 8 3 8
4 7 2 4 11
5 5 0 4 3
14 8 0 9 12
14 5 15 7 15
9 7 0 9 14
1 3 13 9 3
13 7 4 4 5
6 9 14 8 11
15 8 9 1 12
15 2 7 9 12
6 9 11 5 16
13 7 4 3 6
12 0 1 4 15
3 3 1 7 6
1 7 11 1 16
5 7 8 8 20
5 3 2 6 19
15 3 1 1 16
12 1 7 3 8
7 2 11 4 16
5 6 3 2 5
4 5 6 4 16
15 0 3 3 20
