10 10
10 1 4 18 1 7 21 1 9 41 1 2 45 2 3 38 7 38 1 8 50 1 5 84 1 6 29 1 1 23 1 0 82 
10 1 8 57 1 5 16 2 1 52 5 52 1 7 74 1 2 38 1 3 54 2 6 62 5 62 1 9 37 1 4 54 1 0 52 
10 1 2 30 2 4 79 9 79 1 3 68 1 1 61 1 8 11 1 6 89 1 7 89 1 0 81 2 9 81 3 81 1 5 57 
10 1 0 91 2 8 8 2 8 1 3 33 1 7 55 1 5 20 1 2 20 1 4 32 1 6 84 1 1 66 1 9 24 
10 1 9 40 1 0 7 2 4 19 0 19 1 8 7 1 6 83 2 2 64 7 64 1 5 56 1 3 54 2 7 8 8 8 1 1 39 
10 2 3 91 7 91 1 2 64 1 5 40 1 0 63 1 7 98 1 4 74 1 8 61 1 1 6 1 6 42 1 9 15 
10 1 1 80 1 7 39 1 8 24 1 3 75 1 4 75 1 5 6 1 6 44 1 0 26 1 2 87 1 9 22 
10 1 1 15 2 7 43 2 43 1 2 20 1 0 12 1 8 26 1 6 61 1 3 79 1 9 22 1 5 8 1 4 80 
10 1 2 62 2 3 96 4 96 1 4 22 1 9 5 1 0 63 1 6 33 1 7 10 1 8 18 1 1 36 1 5 40 
10 1 1 96 1 0 89 2 5 64 4 64 1 3 95 1 9 23 1 7 18 1 8 15 1 2 64 1 6 38 1 4 8 

Dynamic Events

# Machine Breakdowns (machine_id start_time end_time)
Machine Breakdowns
4 492 524
7 545 576
8 265 300

# Added Jobs (arrival_time: num_ops num_alts_op1 m1 p1 ... num_alts_op2 m1 p1 ...)
Added Jobs
139: 10 1 4 87 1 2 32 2 5 26 9 36 1 4 75 2 8 14 0 57 2 8 32 9 10 1 0 34 2 4 21 1 36 2 5 83 0 14 2 1 71 6 73 
166: 10 1 4 49 2 0 36 6 81 1 5 48 2 1 74 9 31 2 7 66 5 24 2 9 21 0 38 1 1 27 1 7 90 2 2 60 0 85 2 7 68 6 70 
183: 10 2 3 38 0 40 1 1 85 1 8 60 1 5 36 2 4 8 8 50 1 6 60 2 0 43 2 15 1 4 50 2 8 20 5 17 1 2 50 
249: 10 2 3 85 4 49 2 1 69 4 53 2 8 18 9 44 2 5 13 1 71 1 7 62 2 7 23 8 47 2 1 36 5 17 1 1 64 2 0 24 9 70 1 0 8 

# ETPC Constraints (fore_job_sim_idx fore_op_idx hind_job_sim_idx hind_op_idx time_lapse)
ETPC Constraints
11 3 6 6 16
9 7 2 3 8
3 9 11 7 18
2 6 7 4 18
1 6 9 0 14
1 9 2 8 13
10 1 13 4 14
4 9 3 6 13
13 5 1 1 6
3 3 4 1 17
12 9 9 6 6
1 3 9 4 10
7 4 13 4 3
2 1 12 4 8
5 3 13 6 20
10 4 11 6 8
6 7 3 6 13
8 2 3 8 10
