10 10
10 1 4 18 1 7 21 1 9 41 1 2 45 2 3 38 7 38 1 8 50 1 5 84 1 6 29 1 1 23 1 0 82 
10 1 8 57 1 5 16 2 1 52 5 52 1 7 74 1 2 38 1 3 54 2 6 62 5 62 1 9 37 1 4 54 1 0 52 
10 1 2 30 2 4 79 9 79 1 3 68 1 1 61 1 8 11 1 6 89 1 7 89 1 0 81 2 9 81 3 81 1 5 57 
10 1 0 91 2 8 8 2 8 1 3 33 1 7 55 1 5 20 1 2 20 1 4 32 1 6 84 1 1 66 1 9 24 
10 1 9 40 1 0 7 2 4 19 0 19 1 8 7 1 6 83 2 2 64 7 64 1 5 56 1 3 54 2 7 8 8 8 1 1 39 
10 2 3 91 7 91 1 2 64 1 5 40 1 0 63 1 7 98 1 4 74 1 8 61 1 1 6 1 6 42 1 9 15 
10 1 1 80 1 7 39 1 8 24 1 3 75 1 4 75 1 5 6 1 6 44 1 0 26 1 2 87 1 9 22 
10 1 1 15 2 7 43 2 43 1 2 20 1 0 12 1 8 26 1 6 61 1 3 79 1 9 22 1 5 8 1 4 80 
10 1 2 62 2 3 96 4 96 1 4 22 1 9 5 1 0 63 1 6 33 1 7 10 1 8 18 1 1 36 1 5 40 
10 1 1 96 1 0 89 2 5 64 4 64 1 3 95 1 9 23 1 7 18 1 8 15 1 2 64 1 6 38 1 4 8 

Dynamic Events

# Machine Breakdowns (machine_id start_time end_time)
Machine Breakdowns
4 214 242
5 51 78
8 473 507

# Added Jobs (arrival_time: num_ops num_alts_op1 m1 p1 ... num_alts_op2 m1 p1 ...)
Added Jobs
46: 10 1 5 46 2 0 49 2 45 2 6 51 5 69 1 0 72 1 6 43 1 1 78 1 0 30 2 9 81 1 68 2 3 83 0 28 1 2 65 
71: 10 1 2 63 1 5 7 1 3 50 2 8 9 1 73 1 8 46 2 2 60 8 26 1 0 73 1 4 84 2 4 85 9 65 2 0 91 6 36 
126: 10 1 9 45 2 0 27 5 54 2 5 24 7 68 2 7 57 2 47 1 1 45 1 3 60 1 3 91 1 0 58 2 7 57 3 80 1 4 71 
205: 10 2 8 44 9 8 1 0 26 2 7 79 4 39 1 3 96 1 9 29 1 4 88 1 8 41 1 0 9 1 2 72 2 0 74 7 45 
213: 10 1 2 48 1 3 49 2 1 43 9 38 1 9 45 2 3 60 0 85 2 0 50 9 40 2 9 77 4 12 1 1 52 1 8 29 2 0 41 4 50 

# Cancelled Jobs (cancel_time initial_job_sim_idx_to_cancel)
Cancelled Jobs
407 8

# ETPC Constraints (fore_job_sim_idx fore_op_idx hind_job_sim_idx hind_op_idx time_lapse)
ETPC Constraints
11 3 9 4 17
3 4 7 3 7
14 9 1 7 18
3 0 6 5 8
0 9 9 2 3
2 2 10 5 11
7 3 2 4 9
1 7 3 5 8
1 9 10 5 6
6 1 3 9 4
1 5 8 2 10
3 9 6 5 11
0 0 13 5 18
0 1 8 5 6
6 3 8 3 4
14 9 6 7 13
12 8 11 9 5
6 8 10 1 6
3 3 12 9 15
6 9 13 8 3
14 9 10 7 10
