10 10
10 1 6 54 1 0 87 1 4 48 1 3 60 2 7 39 9 39 1 8 35 1 1 72 1 5 95 1 2 66 1 9 5 
10 1 3 20 1 9 46 2 6 34 8 34 1 5 55 1 0 97 2 8 19 9 19 1 4 59 1 2 21 1 7 37 1 1 46 
10 1 4 45 2 1 24 2 24 1 8 28 1 0 28 1 7 83 1 6 78 1 5 23 2 3 25 9 25 1 9 5 1 2 73 
10 2 9 12 1 12 1 1 37 1 4 38 1 3 71 1 8 33 1 2 12 1 6 55 1 0 53 1 7 87 1 5 29 
10 1 3 83 2 2 49 0 49 1 6 23 1 9 27 2 7 65 2 65 1 0 48 1 4 90 2 5 7 8 7 1 1 40 2 8 17 7 17 
10 1 1 66 1 4 25 1 0 62 1 2 84 1 9 13 1 6 64 1 7 46 1 8 59 1 5 19 1 3 85 
10 1 1 73 1 3 80 1 0 41 1 2 53 1 9 47 1 7 57 1 8 74 1 4 14 1 6 67 1 5 88 
10 2 5 64 2 64 1 3 84 1 6 46 1 1 78 1 0 84 1 7 26 1 8 28 1 9 52 1 2 41 1 4 63 
10 2 1 11 4 11 1 0 64 1 7 67 1 4 85 1 3 10 1 5 73 1 9 38 1 8 95 1 6 97 1 2 17 
10 1 4 60 2 8 32 4 32 1 2 95 1 3 93 1 1 65 1 6 85 1 7 43 1 9 85 1 5 46 1 0 59 

Dynamic Events

# Machine Breakdowns (machine_id start_time end_time)
Machine Breakdowns
0 502 534
1 304 340
4 458 486
9 483 514

# Added Jobs (arrival_time: num_ops num_alts_op1 m1 p1 ... num_alts_op2 m1 p1 ...)
Added Jobs
38: 10 2 1 61 3 92 2 7 40 1 19 2 8 58 9 40 1 3 73 1 7 38 1 6 31 2 6 93 1 69 1 3 66 2 5 50 0 55 1 2 16 
41: 10 1 2 93 2 6 81 9 37 1 8 36 2 6 26 2 60 2 6 96 2 13 2 6 62 5 54 1 8 74 1 8 83 2 2 13 7 37 2 6 25 5 47 
106: 10 1 6 90 2 3 42 8 59 2 1 55 4 49 1 3 62 2 6 55 0 33 1 4 76 2 1 76 2 58 1 4 26 2 7 80 9 6 2 7 24 8 24 
145: 10 1 7 58 1 6 81 2 1 70 2 23 2 3 84 7 55 2 7 70 8 65 2 3 18 7 70 1 5 46 1 9 72 2 1 19 6 39 2 3 59 5 90 
171: 10 1 9 58 1 1 61 1 9 26 2 9 83 5 8 2 0 94 6 46 1 6 29 2 3 86 7 82 1 4 23 1 3 38 1 1 64 
240: 10 2 7 52 5 51 2 3 73 4 70 2 9 10 2 91 2 7 45 3 30 2 6 34 5 67 2 3 36 6 46 1 4 43 1 0 87 2 8 75 7 23 1 1 55 

# Cancelled Jobs (cancel_time initial_job_sim_idx_to_cancel)
Cancelled Jobs
7 4
179 6

# ETPC Constraints (fore_job_sim_idx fore_op_idx hind_job_sim_idx hind_op_idx time_lapse)
ETPC Constraints
15 6 12 0 18
6 1 4 1 10
8 7 6 0 16
12 4 2 9 18
2 4 9 1 4
3 5 11 7 12
11 5 0 5 16
11 9 9 7 19
12 4 5 7 12
0 9 2 2 9
2 9 4 5 20
12 3 4 5 14
4 7 9 1 7
14 5 3 5 13
2 6 1 8 13
13 6 10 7 20
15 0 3 1 9
8 5 3 0 12
10 0 7 3 9
14 2 9 9 19
13 2 0 9 17
6 3 9 3 19
14 6 8 3 14
2 9 8 7 10
