10 10
10 1 6 54 1 0 87 1 4 48 1 3 60 2 7 39 9 39 1 8 35 1 1 72 1 5 95 1 2 66 1 9 5 
10 1 3 20 1 9 46 2 6 34 8 34 1 5 55 1 0 97 2 8 19 9 19 1 4 59 1 2 21 1 7 37 1 1 46 
10 1 4 45 2 1 24 2 24 1 8 28 1 0 28 1 7 83 1 6 78 1 5 23 2 3 25 9 25 1 9 5 1 2 73 
10 2 9 12 1 12 1 1 37 1 4 38 1 3 71 1 8 33 1 2 12 1 6 55 1 0 53 1 7 87 1 5 29 
10 1 3 83 2 2 49 0 49 1 6 23 1 9 27 2 7 65 2 65 1 0 48 1 4 90 2 5 7 8 7 1 1 40 2 8 17 7 17 
10 1 1 66 1 4 25 1 0 62 1 2 84 1 9 13 1 6 64 1 7 46 1 8 59 1 5 19 1 3 85 
10 1 1 73 1 3 80 1 0 41 1 2 53 1 9 47 1 7 57 1 8 74 1 4 14 1 6 67 1 5 88 
10 2 5 64 2 64 1 3 84 1 6 46 1 1 78 1 0 84 1 7 26 1 8 28 1 9 52 1 2 41 1 4 63 
10 2 1 11 4 11 1 0 64 1 7 67 1 4 85 1 3 10 1 5 73 1 9 38 1 8 95 1 6 97 1 2 17 
10 1 4 60 2 8 32 4 32 1 2 95 1 3 93 1 1 65 1 6 85 1 7 43 1 9 85 1 5 46 1 0 59 

Dynamic Events

# Machine Breakdowns (machine_id start_time end_time)
Machine Breakdowns
0 150 187
1 94 130
6 511 547
9 140 168

# Added Jobs (arrival_time: num_ops num_alts_op1 m1 p1 ... num_alts_op2 m1 p1 ...)
Added Jobs
31: 10 2 6 94 7 62 2 2 73 1 17 2 4 81 7 66 1 5 24 2 3 74 8 33 2 0 88 7 66 1 7 55 1 5 26 2 1 36 5 48 2 9 77 7 25 
101: 10 1 5 18 2 4 14 3 23 1 4 16 2 0 77 5 50 2 0 58 7 70 2 8 26 7 61 2 6 76 2 95 1 5 13 1 8 43 2 7 44 6 29 
167: 10 2 2 26 8 58 2 0 77 8 33 1 8 93 2 7 85 8 65 1 8 78 1 4 25 1 0 55 2 7 66 6 47 2 5 40 0 72 2 5 72 0 54 
235: 10 1 0 64 2 7 17 6 68 1 8 66 2 3 35 6 41 2 3 60 1 21 2 8 24 6 89 2 1 12 9 6 2 6 81 8 24 2 3 52 5 89 1 4 26 
241: 10 1 9 28 1 1 61 1 8 50 2 5 12 0 64 1 3 30 1 1 60 2 0 52 7 54 2 1 41 9 21 2 7 67 0 46 2 8 33 7 59 

# ETPC Constraints (fore_job_sim_idx fore_op_idx hind_job_sim_idx hind_op_idx time_lapse)
ETPC Constraints
8 0 0 3 3
3 6 13 1 14
6 9 10 5 11
12 7 13 4 3
8 5 0 8 11
12 2 2 5 12
12 0 2 8 17
4 5 0 3 8
4 5 14 7 14
11 6 3 3 3
5 3 3 0 17
10 3 8 6 16
11 6 5 2 7
1 0 0 1 4
3 2 5 1 11
8 5 7 5 5
5 3 6 2 11
3 2 11 8 10
14 3 0 1 4
13 7 8 1 11
2 4 9 7 6
