10 10
10 1 2 44 1 3 5 1 5 58 1 4 97 2 0 9 7 9 1 7 84 1 8 77 1 9 96 1 1 58 1 6 89 
10 1 4 15 1 7 31 2 1 87 5 87 1 8 57 1 0 77 1 3 85 2 2 81 5 81 1 5 39 1 9 73 1 6 21 
10 1 9 82 2 6 22 9 22 1 4 10 1 3 70 1 1 49 1 0 40 1 8 34 1 2 48 2 7 80 3 80 1 5 71 
10 1 1 91 2 2 17 9 17 1 7 62 1 5 75 1 8 47 1 4 11 1 3 7 1 6 72 1 9 35 1 0 55 
10 1 6 71 2 1 90 2 90 1 3 75 1 0 64 2 2 94 4 94 1 8 15 1 4 12 1 7 67 2 9 20 8 20 1 5 50 
10 2 7 70 2 70 1 5 93 1 8 77 1 2 29 1 4 58 1 6 93 1 3 68 1 1 57 1 9 7 1 0 52 
10 1 6 87 1 1 63 1 4 26 1 5 6 1 2 82 1 3 27 1 7 56 1 8 48 1 9 36 1 0 95 
10 2 0 36 2 36 1 5 15 1 8 41 1 9 78 1 3 76 1 6 84 1 4 30 1 7 76 1 2 36 1 1 8 
10 2 5 88 4 88 1 2 81 1 3 13 1 6 82 1 4 54 1 7 13 1 8 29 1 9 40 1 1 78 1 0 75 
10 1 9 88 2 4 54 6 54 1 6 64 1 7 32 1 0 52 1 2 6 1 8 54 1 5 82 1 3 6 1 1 26 

Dynamic Events

# Machine Breakdowns (machine_id start_time end_time)
Machine Breakdowns
0 61 96
2 422 452
4 346 385
7 328 368
8 502 537

# Added Jobs (arrival_time: num_ops num_alts_op1 m1 p1 ... num_alts_op2 m1 p1 ...)
Added Jobs
52: 10 1 7 67 2 0 42 3 12 1 0 38 1 7 18 1 3 25 1 7 61 1 4 13 1 5 65 2 6 69 4 93 1 9 93 
107: 10 2 8 73 0 73 2 6 55 5 18 2 9 36 8 24 2 1 8 9 12 1 7 34 2 8 33 9 24 2 6 91 7 26 1 7 41 2 2 43 0 46 1 8 67 
123: 10 1 5 72 2 2 75 4 74 2 4 86 2 35 2 4 26 0 49 2 9 28 1 15 2 7 37 1 46 2 7 18 2 48 1 5 84 1 3 21 1 3 55 

# ETPC Constraints (fore_job_sim_idx fore_op_idx hind_job_sim_idx hind_op_idx time_lapse)
ETPC Constraints
8 1 2 2 12
4 2 12 3 3
11 8 0 9 12
7 6 3 3 14
3 2 6 8 11
4 8 6 9 3
6 3 4 4 17
10 9 0 4 17
10 8 4 0 16
4 2 7 7 18
2 0 11 7 14
8 1 4 9 11
4 1 7 5 4
1 1 9 2 4
1 8 5 5 8
