10 10
10 1 2 44 1 3 5 1 5 58 1 4 97 2 0 9 7 9 1 7 84 1 8 77 1 9 96 1 1 58 1 6 89 
10 1 4 15 1 7 31 2 1 87 5 87 1 8 57 1 0 77 1 3 85 2 2 81 5 81 1 5 39 1 9 73 1 6 21 
10 1 9 82 2 6 22 9 22 1 4 10 1 3 70 1 1 49 1 0 40 1 8 34 1 2 48 2 7 80 3 80 1 5 71 
10 1 1 91 2 2 17 9 17 1 7 62 1 5 75 1 8 47 1 4 11 1 3 7 1 6 72 1 9 35 1 0 55 
10 1 6 71 2 1 90 2 90 1 3 75 1 0 64 2 2 94 4 94 1 8 15 1 4 12 1 7 67 2 9 20 8 20 1 5 50 
10 2 7 70 2 70 1 5 93 1 8 77 1 2 29 1 4 58 1 6 93 1 3 68 1 1 57 1 9 7 1 0 52 
10 1 6 87 1 1 63 1 4 26 1 5 6 1 2 82 1 3 27 1 7 56 1 8 48 1 9 36 1 0 95 
10 2 0 36 2 36 1 5 15 1 8 41 1 9 78 1 3 76 1 6 84 1 4 30 1 7 76 1 2 36 1 1 8 
10 2 5 88 4 88 1 2 81 1 3 13 1 6 82 1 4 54 1 7 13 1 8 29 1 9 40 1 1 78 1 0 75 
10 1 9 88 2 4 54 6 54 1 6 64 1 7 32 1 0 52 1 2 6 1 8 54 1 5 82 1 3 6 1 1 26 

Dynamic Events

# Machine Breakdowns (machine_id start_time end_time)
Machine Breakdowns
4 141 169
9 86 115

# Added Jobs (arrival_time: num_ops num_alts_op1 m1 p1 ... num_alts_op2 m1 p1 ...)
Added Jobs
137: 10 2 9 77 5 45 1 0 12 2 6 56 7 16 1 9 68 1 3 20 2 6 51 2 49 1 4 43 2 2 45 1 60 1 6 21 2 2 69 9 53 
140: 10 2 1 13 8 42 1 3 25 2 6 46 5 32 1 6 42 1 9 16 2 1 13 6 75 2 4 13 8 41 1 1 49 2 3 83 5 22 1 2 73 
162: 10 2 0 30 3 62 2 4 49 3 47 2 9 29 7 33 2 6 56 0 37 1 4 70 2 1 63 8 23 1 8 32 2 3 38 4 94 2 6 56 8 49 1 2 23 
273: 10 1 1 68 1 4 51 1 2 74 2 0 33 2 93 1 4 38 2 9 30 3 41 2 7 72 4 32 2 3 81 9 51 1 0 20 2 5 36 1 89 

# Cancelled Jobs (cancel_time initial_job_sim_idx_to_cancel)
Cancelled Jobs
399 9

# ETPC Constraints (fore_job_sim_idx fore_op_idx hind_job_sim_idx hind_op_idx time_lapse)
ETPC Constraints
3 9 6 7 3
0 1 12 2 18
12 0 2 8 13
3 3 2 3 4
1 5 4 0 7
10 0 6 5 9
7 9 12 6 15
8 0 7 8 10
2 5 1 3 4
0 8 8 9 7
9 8 13 4 17
13 1 1 7 20
9 6 0 6 16
1 9 6 9 11
12 9 4 7 18
1 2 3 0 20
0 8 2 0 19
11 6 2 6 3
