10 10
10 1 6 9 1 1 81 1 4 55 1 2 40 2 8 32 7 32 1 3 37 1 0 6 1 5 19 1 9 81 1 7 40 
10 1 7 21 1 2 70 2 9 65 5 65 1 4 64 1 1 46 1 5 65 2 8 25 5 25 1 0 77 1 3 55 1 6 15 
10 1 2 85 2 5 37 9 37 1 0 40 1 3 24 1 1 44 1 6 83 1 4 89 1 8 31 2 7 84 3 84 1 9 29 
10 1 4 80 2 6 77 2 77 1 7 56 1 0 8 1 2 30 1 5 59 1 3 38 1 1 80 1 9 41 1 8 97 
10 1 0 91 1 6 40 2 4 88 0 88 1 1 17 1 2 71 2 3 50 2 50 1 9 59 1 8 80 2 5 56 8 56 1 7 7 
10 2 2 8 7 8 1 6 9 1 3 58 1 5 77 1 1 29 1 8 96 1 0 45 1 9 10 1 4 54 1 7 36 
10 1 4 70 1 3 92 1 1 98 1 5 87 1 6 99 1 7 27 1 8 86 1 9 96 1 0 28 1 2 73 
10 1 1 95 2 7 92 2 92 1 3 85 1 4 52 1 6 81 1 9 32 1 8 39 1 0 59 1 2 41 1 5 56 
10 1 3 60 2 8 45 4 45 1 0 88 1 2 12 1 1 7 1 5 22 1 4 93 1 9 49 1 7 69 1 6 27 
10 1 0 21 1 2 61 2 3 68 4 68 1 5 26 1 6 82 1 9 71 1 8 44 1 4 99 1 7 33 1 1 84 

Dynamic Events

# Machine Breakdowns (machine_id start_time end_time)
Machine Breakdowns
1 570 607
2 218 250
3 333 361
4 348 384
9 141 180

# Added Jobs (arrival_time: num_ops num_alts_op1 m1 p1 ... num_alts_op2 m1 p1 ...)
Added Jobs
68: 10 1 2 10 1 3 30 2 3 38 2 32 2 4 91 7 44 1 3 56 1 2 60 2 5 22 9 90 2 8 67 4 57 2 0 38 4 92 2 7 15 1 60 
71: 10 1 5 41 1 9 49 1 7 23 1 1 50 1 4 87 1 1 46 2 1 19 5 62 1 8 85 1 2 34 1 2 20 
71: 10 2 1 59 6 92 2 0 30 5 31 1 4 99 2 1 14 8 54 2 4 97 9 90 1 9 49 1 6 47 1 2 30 1 3 24 2 2 63 0 9 
115: 10 2 0 56 8 29 2 4 69 8 66 1 1 76 1 6 43 2 6 43 9 16 1 0 21 1 0 83 1 5 53 2 0 47 8 53 2 9 70 5 27 
189: 10 2 7 77 9 43 2 0 63 2 48 2 4 72 0 38 1 3 92 2 8 43 7 90 1 0 39 2 4 66 2 76 2 7 61 9 73 2 5 64 3 30 1 0 46 

# Cancelled Jobs (cancel_time initial_job_sim_idx_to_cancel)
Cancelled Jobs
183 0
201 2
211 4

# ETPC Constraints (fore_job_sim_idx fore_op_idx hind_job_sim_idx hind_op_idx time_lapse)
ETPC Constraints
11 9 7 7 11
7 3 6 7 16
1 5 13 8 4
5 9 3 6 14
0 0 1 0 3
8 2 6 0 3
10 5 6 9 18
5 1 3 1 14
4 1 0 1 12
3 1 1 0 8
14 0 8 4 10
6 3 0 2 3
10 9 9 4 15
4 0 2 5 12
9 4 5 8 6
4 2 6 5 19
5 2 13 5 16
0 1 5 2 13
6 4 10 0 14
4 6 2 9 12
5 1 0 4 9
