10 10
10 1 6 9 1 1 81 1 4 55 1 2 40 2 8 32 7 32 1 3 37 1 0 6 1 5 19 1 9 81 1 7 40 
10 1 7 21 1 2 70 2 9 65 5 65 1 4 64 1 1 46 1 5 65 2 8 25 5 25 1 0 77 1 3 55 1 6 15 
10 1 2 85 2 5 37 9 37 1 0 40 1 3 24 1 1 44 1 6 83 1 4 89 1 8 31 2 7 84 3 84 1 9 29 
10 1 4 80 2 6 77 2 77 1 7 56 1 0 8 1 2 30 1 5 59 1 3 38 1 1 80 1 9 41 1 8 97 
10 1 0 91 1 6 40 2 4 88 0 88 1 1 17 1 2 71 2 3 50 2 50 1 9 59 1 8 80 2 5 56 8 56 1 7 7 
10 2 2 8 7 8 1 6 9 1 3 58 1 5 77 1 1 29 1 8 96 1 0 45 1 9 10 1 4 54 1 7 36 
10 1 4 70 1 3 92 1 1 98 1 5 87 1 6 99 1 7 27 1 8 86 1 9 96 1 0 28 1 2 73 
10 1 1 95 2 7 92 2 92 1 3 85 1 4 52 1 6 81 1 9 32 1 8 39 1 0 59 1 2 41 1 5 56 
10 1 3 60 2 8 45 4 45 1 0 88 1 2 12 1 1 7 1 5 22 1 4 93 1 9 49 1 7 69 1 6 27 
10 1 0 21 1 2 61 2 3 68 4 68 1 5 26 1 6 82 1 9 71 1 8 44 1 4 99 1 7 33 1 1 84 

Dynamic Events

# Machine Breakdowns (machine_id start_time end_time)
Machine Breakdowns
1 548 581
8 104 140

# Added Jobs (arrival_time: num_ops num_alts_op1 m1 p1 ... num_alts_op2 m1 p1 ...)
Added Jobs
37: 10 1 9 63 1 0 74 2 1 23 4 84 1 5 55 2 7 90 5 36 1 0 55 1 5 49 1 5 77 2 2 57 4 87 1 7 7 
89: 10 1 4 97 2 6 79 1 13 2 9 79 7 71 2 4 47 3 52 2 2 58 6 57 2 2 11 6 55 1 8 89 2 1 85 7 87 1 1 42 1 8 53 
105: 10 2 6 46 0 70 1 4 67 2 8 53 7 39 2 7 12 3 54 1 7 41 2 5 39 6 23 1 0 87 1 9 19 2 0 75 3 81 1 0 76 
168: 10 1 1 90 2 2 10 9 70 2 5 61 7 71 1 2 71 2 3 28 7 13 1 6 87 2 3 27 2 76 1 4 53 2 7 70 9 69 1 9 60 

# ETPC Constraints (fore_job_sim_idx fore_op_idx hind_job_sim_idx hind_op_idx time_lapse)
ETPC Constraints
1 2 3 7 7
4 6 8 1 7
1 2 4 0 6
4 1 2 5 10
6 1 4 3 8
11 9 6 0 20
11 3 12 4 10
7 0 12 4 13
7 7 3 5 8
6 7 2 3 13
9 5 0 3 14
11 0 3 8 20
12 4 0 8 6
1 9 5 1 13
12 3 13 5 10
11 8 0 1 3
5 6 11 1 3
1 7 11 4 10
