15 10
10 1 2 34 1 3 55 1 5 95 1 9 16 2 4 21 7 21 1 6 71 1 0 53 1 8 52 1 1 21 1 7 26 
10 1 3 39 1 2 31 2 0 12 5 12 1 1 42 1 9 79 1 8 77 2 6 77 5 77 1 5 98 1 4 55 1 7 66 
10 1 1 19 2 0 83 9 83 1 3 34 1 4 92 1 6 54 1 9 79 1 8 62 1 5 37 2 2 64 3 64 1 7 43 
10 1 4 60 2 2 87 9 87 1 8 24 1 5 77 1 3 69 1 7 38 1 1 87 1 6 41 1 9 83 1 0 93 
10 1 8 79 2 9 77 2 77 1 2 98 1 4 96 2 3 17 4 17 1 0 44 1 7 43 1 6 75 2 1 49 8 49 1 5 25 
10 2 8 35 7 35 1 7 95 1 6 9 1 9 10 1 2 35 1 1 7 1 5 28 1 4 61 1 0 95 1 3 76 
10 1 4 28 1 5 59 1 3 16 1 9 43 1 0 46 1 8 50 1 6 52 1 7 27 1 2 59 1 1 91 
10 1 5 9 2 4 20 2 20 1 2 39 1 6 54 1 1 45 1 7 71 1 0 87 1 3 41 1 9 43 1 8 14 
10 1 1 28 2 5 33 4 33 1 0 78 1 3 26 1 2 37 1 7 8 1 8 66 1 6 89 1 9 42 1 4 33 
10 1 2 94 1 5 84 2 6 78 4 78 1 9 81 1 1 74 1 3 27 1 8 69 1 0 69 1 7 45 1 4 96 
10 1 1 31 1 4 24 1 0 20 1 2 17 2 9 25 7 25 1 8 81 1 5 76 1 3 87 1 7 32 1 6 18 
10 2 5 28 8 28 1 9 97 1 0 58 1 4 45 1 6 76 1 3 99 1 2 23 1 1 72 1 8 90 1 7 86 
10 1 5 27 1 9 48 3 8 27 3 27 2 27 2 7 62 3 62 1 4 98 2 6 67 0 67 1 3 48 1 0 42 1 1 46 2 2 17 1 17 
10 1 1 12 1 8 50 1 0 80 1 2 50 1 9 80 1 3 19 2 5 28 0 28 1 6 63 1 4 94 1 7 98 
10 2 4 61 9 61 1 3 55 1 6 37 1 5 14 1 2 50 1 8 79 1 1 41 1 9 72 2 7 18 3 18 1 0 75 

Dynamic Events

# Machine Breakdowns (machine_id start_time end_time)
Machine Breakdowns
2 765 794
9 469 508

# Added Jobs (arrival_time: num_ops num_alts_op1 m1 p1 ... num_alts_op2 m1 p1 ...)
Added Jobs
50: 10 2 2 92 4 58 1 5 30 3 5 45 1 13 4 56 2 0 44 1 84 3 4 48 8 61 0 34 2 9 97 2 42 2 2 53 4 46 1 3 99 3 8 71 0 42 4 24 2 8 68 2 62 
193: 10 1 6 13 2 9 25 0 63 1 9 15 2 2 27 3 85 1 1 17 3 8 71 7 40 3 59 3 7 52 6 72 3 33 2 5 65 8 14 3 2 86 8 28 0 42 2 0 16 5 46 
289: 10 3 9 28 7 17 0 83 3 7 32 6 16 5 83 1 7 92 1 7 21 1 4 69 2 9 65 3 90 2 9 93 6 74 1 8 15 2 7 21 3 88 1 4 39 
303: 10 1 0 17 1 5 64 3 5 94 2 55 6 36 1 7 8 2 5 39 2 50 2 1 85 9 51 1 7 36 3 4 97 3 59 7 65 2 5 30 4 33 2 2 33 6 39 

# Cancelled Jobs (cancel_time initial_job_sim_idx_to_cancel)
Cancelled Jobs
522 12

# ETPC Constraints (fore_job_sim_idx fore_op_idx hind_job_sim_idx hind_op_idx time_lapse)
ETPC Constraints
5 9 17 5 9
9 0 10 6 8
10 9 2 5 18
10 6 2 0 14
6 4 5 9 11
12 5 8 5 14
7 8 14 8 17
16 0 3 4 7
12 7 0 5 3
5 8 18 6 8
16 4 11 7 10
4 8 16 5 15
18 8 2 9 14
1 1 7 7 13
9 0 16 8 4
9 5 12 5 9
12 9 7 0 4
3 4 6 0 6
13 1 2 7 6
10 9 3 0 20
12 0 5 3 11
2 0 17 2 12
0 3 1 1 13
3 4 5 7 14
15 1 10 9 11
5 0 4 3 12
10 5 18 1 6
4 0 8 3 16
16 2 0 7 14
4 0 8 6 15
5 4 15 2 11
18 4 9 0 10
17 9 9 9 12
9 6 18 9 4
