15 10
10 1 9 66 1 5 91 1 4 87 1 2 94 2 7 21 9 21 1 3 92 1 1 7 1 0 12 1 8 11 1 6 19 
10 1 3 13 1 2 20 2 4 7 8 7 1 1 14 1 9 66 2 0 75 9 75 1 6 77 1 5 16 1 7 95 1 8 7 
10 1 8 77 2 7 20 2 20 1 2 34 1 0 15 1 9 88 1 5 89 1 6 53 2 3 6 9 6 1 1 45 1 4 76 
10 2 3 27 1 27 1 2 74 1 6 88 1 4 62 1 7 52 1 8 69 1 5 9 1 9 98 1 0 52 1 1 88 
10 1 4 88 2 6 15 2 15 1 1 52 1 2 61 2 7 54 4 54 1 0 62 1 8 59 1 5 9 2 3 90 8 90 1 9 5 
10 2 6 71 7 71 1 0 41 1 4 38 1 3 53 1 7 91 1 8 68 1 1 50 1 5 78 1 2 23 1 9 72 
10 1 3 95 1 9 36 1 6 66 1 5 52 1 0 45 1 8 30 1 4 23 1 2 25 1 7 17 1 1 6 
10 1 4 65 2 1 8 2 8 1 8 85 1 0 71 1 7 65 1 6 28 1 5 88 1 3 76 1 9 27 1 2 95 
10 1 9 37 2 1 37 4 37 1 4 28 1 3 51 1 8 86 1 2 9 1 6 55 1 0 73 1 7 51 1 5 90 
10 1 3 39 1 2 15 2 6 83 4 83 1 9 44 1 7 53 1 0 16 1 4 46 1 5 24 1 1 25 1 8 82 
10 1 1 72 1 4 48 1 0 87 1 2 66 2 9 5 7 5 1 6 54 1 7 39 1 8 35 1 5 95 1 3 60 
10 2 1 46 8 46 1 3 20 1 0 97 1 2 21 1 9 46 1 7 37 1 8 19 1 4 59 1 6 34 1 5 55 
10 1 5 23 1 3 25 3 6 78 3 78 8 78 2 1 24 6 24 1 0 28 1 7 83 2 8 28 0 28 1 9 5 1 2 73 1 4 45 
10 2 1 37 7 37 1 0 53 1 7 87 1 4 38 1 3 71 1 5 29 2 9 12 0 12 1 8 33 1 6 55 1 2 12 
10 2 4 90 9 90 1 8 17 1 2 49 1 3 83 1 1 40 1 6 23 1 7 65 1 9 27 2 5 7 3 7 1 0 48 

Dynamic Events

# Machine Breakdowns (machine_id start_time end_time)
Machine Breakdowns
2 537 566
6 433 466

# Added Jobs (arrival_time: num_ops num_alts_op1 m1 p1 ... num_alts_op2 m1 p1 ...)
Added Jobs
127: 10 2 1 15 0 84 2 4 68 2 12 3 0 45 8 80 5 68 3 3 56 2 93 0 26 3 1 51 5 38 2 77 3 4 63 0 34 2 24 2 0 93 5 22 3 5 27 2 94 3 13 3 6 36 4 38 1 21 1 9 42 
211: 10 3 0 17 5 39 3 27 3 2 51 4 11 1 37 1 2 42 2 2 54 6 34 1 9 11 3 3 65 0 72 7 52 2 5 58 4 47 3 9 37 4 41 1 46 1 7 49 2 8 9 1 27 
227: 10 1 5 93 2 4 13 1 21 3 8 80 0 44 5 10 2 2 89 0 29 1 8 60 1 4 47 1 5 82 1 9 45 3 3 86 2 28 7 84 2 1 88 0 90 
230: 10 2 7 92 5 12 2 7 91 4 90 3 3 7 0 94 7 79 2 0 21 7 91 1 7 30 3 9 9 1 35 0 64 2 0 27 6 72 3 9 38 2 63 4 74 1 8 85 3 2 44 6 83 4 62 
252: 10 2 5 71 3 80 3 6 28 4 65 5 29 3 3 11 7 12 9 56 2 3 60 8 78 1 0 31 2 9 98 1 54 3 6 21 3 68 8 39 2 2 84 8 38 3 0 33 8 40 1 11 2 8 44 7 9 

# Cancelled Jobs (cancel_time initial_job_sim_idx_to_cancel)
Cancelled Jobs
136 11
206 1

# ETPC Constraints (fore_job_sim_idx fore_op_idx hind_job_sim_idx hind_op_idx time_lapse)
ETPC Constraints
5 4 18 9 5
6 3 14 5 12
18 0 5 7 16
18 5 1 4 11
0 4 12 9 18
12 0 18 0 18
12 6 17 5 7
1 7 0 0 5
13 1 10 8 8
5 8 10 8 15
19 7 16 7 9
19 0 17 5 20
9 7 7 1 19
4 7 1 4 9
2 3 14 0 5
12 8 1 7 6
7 8 19 8 18
19 3 9 1 15
19 4 8 9 12
6 5 7 9 3
13 7 16 5 6
18 9 17 8 15
12 1 16 0 3
2 5 8 0 11
0 3 16 6 16
3 9 14 2 7
9 3 6 5 13
10 8 2 3 16
6 2 19 8 6
10 5 1 3 12
9 9 17 0 14
10 0 19 3 4
4 5 18 3 17
10 9 13 7 16
11 5 14 9 9
19 5 1 8 13
3 4 18 4 4
6 6 2 5 17
