15 10
10 1 7 84 1 5 58 1 8 77 1 2 44 2 4 97 7 97 1 6 89 1 3 5 1 1 58 1 9 96 1 0 9 
10 1 6 21 1 1 87 2 4 15 5 15 1 5 39 1 2 81 1 3 85 2 7 31 5 31 1 8 57 1 9 73 1 0 77 
10 1 0 40 2 5 71 9 71 1 8 34 1 9 82 1 3 70 1 6 22 1 4 10 1 7 80 2 2 48 3 48 1 1 49 
10 1 5 75 2 2 17 9 17 1 3 7 1 6 72 1 4 11 1 7 62 1 8 47 1 9 35 1 1 91 1 0 55 
10 1 9 20 2 4 12 2 12 1 6 71 1 7 67 2 0 64 4 64 1 2 94 1 8 15 1 5 50 2 3 75 8 75 1 1 90 
10 2 6 93 7 93 1 5 93 1 1 57 1 7 70 1 8 77 1 4 58 1 0 52 1 2 29 1 9 7 1 3 68 
10 1 7 56 1 0 95 1 8 48 1 4 26 1 2 82 1 1 63 1 9 36 1 3 27 1 6 87 1 5 6 
10 1 3 76 2 5 15 2 15 1 9 78 1 1 8 1 8 41 1 2 36 1 4 30 1 6 84 1 0 36 1 7 76 
10 1 0 75 2 7 13 4 13 1 2 81 1 8 29 1 4 54 1 6 82 1 5 88 1 1 78 1 9 40 1 3 13 
10 1 2 6 1 1 26 2 7 32 4 32 1 6 64 1 4 54 1 0 52 1 5 82 1 3 6 1 9 88 1 8 54 
10 1 8 62 1 2 67 1 5 32 1 0 62 2 7 69 4 69 1 3 61 1 1 35 1 4 72 1 9 5 1 6 93 
10 2 2 78 1 78 1 9 90 1 0 85 1 1 72 1 8 64 1 6 63 1 3 11 1 7 82 1 5 88 1 4 7 
10 1 4 28 2 9 11 8 11 1 7 50 1 6 88 2 0 44 6 44 1 5 31 1 2 27 2 1 66 0 66 1 8 49 1 3 35 
10 1 2 14 2 5 39 7 39 1 6 56 1 4 62 1 3 97 1 9 66 1 7 69 2 1 7 9 7 1 8 47 1 0 76 
10 1 1 18 1 8 93 2 7 58 2 58 1 6 47 1 3 69 1 9 57 1 2 41 1 5 53 1 4 79 1 0 64 

Dynamic Events

# Machine Breakdowns (machine_id start_time end_time)
Machine Breakdowns
9 410 438

# Added Jobs (arrival_time: num_ops num_alts_op1 m1 p1 ... num_alts_op2 m1 p1 ...)
Added Jobs
69: 10 1 9 41 1 6 40 2 6 25 4 90 1 8 85 1 9 39 2 1 57 6 25 2 3 53 8 65 1 9 96 1 9 22 2 8 86 4 41 
163: 10 2 7 53 2 88 1 7 97 2 0 36 4 52 2 2 62 6 90 2 6 84 3 59 1 6 65 2 1 83 4 93 1 0 41 1 6 27 1 6 81 
182: 10 2 8 89 5 24 2 9 39 5 85 2 7 88 2 43 2 7 90 0 63 1 4 63 2 3 51 5 74 1 6 51 2 8 72 6 73 2 4 64 3 37 1 4 58 
275: 10 2 6 86 1 60 2 4 12 1 67 1 1 36 2 2 38 5 45 2 4 71 8 23 1 1 35 2 6 24 5 88 1 9 82 2 3 77 2 13 1 3 59 
307: 10 2 8 45 5 24 2 8 91 6 75 1 6 55 1 2 84 2 2 90 4 12 1 3 76 1 7 17 2 5 38 2 48 2 5 71 6 55 2 7 80 2 76 
347: 10 2 7 15 2 10 2 8 67 5 41 2 3 69 1 55 1 7 18 1 7 25 1 7 72 2 4 38 6 82 1 1 27 2 8 70 1 21 2 3 32 6 71 

# Cancelled Jobs (cancel_time initial_job_sim_idx_to_cancel)
Cancelled Jobs
153 7
383 0

# ETPC Constraints (fore_job_sim_idx fore_op_idx hind_job_sim_idx hind_op_idx time_lapse)
ETPC Constraints
17 9 8 7 9
9 6 12 5 8
5 2 15 2 5
11 1 8 7 16
9 1 20 6 7
10 5 5 2 8
0 9 14 2 5
19 0 12 4 12
10 4 4 1 13
15 2 2 2 11
1 5 16 0 14
18 5 14 6 14
3 5 0 3 11
20 8 0 9 14
18 0 7 2 7
0 3 12 4 8
14 2 13 8 16
14 0 2 7 10
4 7 13 9 6
13 7 1 7 17
4 7 2 9 3
18 4 7 9 20
7 7 10 1 11
17 2 18 2 9
14 9 12 6 11
5 8 15 4 9
0 2 11 4 7
7 4 4 2 19
15 2 5 0 11
10 2 13 1 8
11 3 4 8 6
19 1 17 0 4
18 1 6 5 7
11 7 16 7 16
17 6 11 6 15
8 2 14 2 15
16 8 18 2 17
11 4 12 9 9
18 9 13 4 3
13 6 8 5 20
6 0 9 6 6
10 3 15 5 5
