15 10
10 1 7 84 1 5 58 1 8 77 1 2 44 2 4 97 7 97 1 6 89 1 3 5 1 1 58 1 9 96 1 0 9 
10 1 6 21 1 1 87 2 4 15 5 15 1 5 39 1 2 81 1 3 85 2 7 31 5 31 1 8 57 1 9 73 1 0 77 
10 1 0 40 2 5 71 9 71 1 8 34 1 9 82 1 3 70 1 6 22 1 4 10 1 7 80 2 2 48 3 48 1 1 49 
10 1 5 75 2 2 17 9 17 1 3 7 1 6 72 1 4 11 1 7 62 1 8 47 1 9 35 1 1 91 1 0 55 
10 1 9 20 2 4 12 2 12 1 6 71 1 7 67 2 0 64 4 64 1 2 94 1 8 15 1 5 50 2 3 75 8 75 1 1 90 
10 2 6 93 7 93 1 5 93 1 1 57 1 7 70 1 8 77 1 4 58 1 0 52 1 2 29 1 9 7 1 3 68 
10 1 7 56 1 0 95 1 8 48 1 4 26 1 2 82 1 1 63 1 9 36 1 3 27 1 6 87 1 5 6 
10 1 3 76 2 5 15 2 15 1 9 78 1 1 8 1 8 41 1 2 36 1 4 30 1 6 84 1 0 36 1 7 76 
10 1 0 75 2 7 13 4 13 1 2 81 1 8 29 1 4 54 1 6 82 1 5 88 1 1 78 1 9 40 1 3 13 
10 1 2 6 1 1 26 2 7 32 4 32 1 6 64 1 4 54 1 0 52 1 5 82 1 3 6 1 9 88 1 8 54 
10 1 8 62 1 2 67 1 5 32 1 0 62 2 7 69 4 69 1 3 61 1 1 35 1 4 72 1 9 5 1 6 93 
10 2 2 78 1 78 1 9 90 1 0 85 1 1 72 1 8 64 1 6 63 1 3 11 1 7 82 1 5 88 1 4 7 
10 1 4 28 2 9 11 8 11 1 7 50 1 6 88 2 0 44 6 44 1 5 31 1 2 27 2 1 66 0 66 1 8 49 1 3 35 
10 1 2 14 2 5 39 7 39 1 6 56 1 4 62 1 3 97 1 9 66 1 7 69 2 1 7 9 7 1 8 47 1 0 76 
10 1 1 18 1 8 93 2 7 58 2 58 1 6 47 1 3 69 1 9 57 1 2 41 1 5 53 1 4 79 1 0 64 

Dynamic Events

# Machine Breakdowns (machine_id start_time end_time)
Machine Breakdowns
0 315 342

# Added Jobs (arrival_time: num_ops num_alts_op1 m1 p1 ... num_alts_op2 m1 p1 ...)
Added Jobs
77: 10 2 5 9 9 5 1 1 21 2 2 19 7 96 2 6 31 0 31 2 5 49 9 88 2 2 71 1 10 1 0 9 2 2 17 8 31 2 3 37 0 54 1 6 47 
267: 10 1 3 13 2 5 30 0 19 2 6 38 0 12 1 6 31 2 6 59 1 8 2 8 90 9 54 2 1 74 7 51 1 0 30 1 8 20 2 0 79 3 73 
327: 10 1 0 95 1 1 77 1 6 75 2 1 35 7 61 1 7 18 1 6 60 1 6 61 1 3 88 2 9 32 5 14 2 7 94 9 40 
338: 10 1 5 26 2 4 17 5 46 2 9 6 7 87 2 3 35 7 20 1 2 89 2 0 76 6 42 1 7 86 2 5 12 9 60 1 4 9 1 6 22 
374: 10 1 9 60 2 2 89 4 83 1 2 89 2 2 49 7 73 1 8 76 2 2 77 8 75 2 7 50 4 32 2 1 12 6 53 2 9 33 5 91 1 9 70 
410: 10 2 3 30 1 31 2 5 53 2 56 1 2 89 1 8 26 2 8 29 1 82 2 4 43 8 77 1 9 26 2 8 79 4 49 1 0 60 1 3 84 

# Cancelled Jobs (cancel_time initial_job_sim_idx_to_cancel)
Cancelled Jobs
490 1

# ETPC Constraints (fore_job_sim_idx fore_op_idx hind_job_sim_idx hind_op_idx time_lapse)
ETPC Constraints
7 9 12 5 15
20 8 6 1 6
17 1 0 0 20
18 4 1 8 9
10 1 12 6 12
3 4 18 1 6
2 9 10 7 8
15 8 0 8 11
19 7 15 2 4
11 2 18 4 9
11 6 1 1 18
2 2 6 7 11
19 3 1 8 15
8 6 14 3 5
3 2 18 1 14
2 2 5 8 10
19 8 3 0 10
14 7 0 0 4
9 1 7 4 13
15 0 16 5 5
0 0 17 6 18
13 4 18 4 20
1 2 8 4 17
19 7 4 0 20
19 9 14 0 18
11 5 20 3 14
1 9 14 2 6
15 4 11 3 7
9 3 11 3 13
16 2 19 5 14
5 1 1 0 9
16 4 15 5 18
2 3 17 9 4
11 2 1 5 13
19 5 13 7 6
3 7 15 8 8
3 2 16 6 16
18 2 5 8 5
6 7 15 1 3
19 6 11 4 14
14 9 19 0 12
2 1 20 9 3
