15 10
10 1 7 8 1 9 75 1 0 72 1 6 74 2 4 30 7 30 1 8 43 1 2 38 1 5 98 1 1 26 1 3 19 
10 1 6 19 1 8 73 2 3 43 5 43 1 0 23 1 1 85 1 4 39 2 5 13 8 13 1 9 26 1 2 67 1 7 9 
10 1 1 50 2 3 93 2 93 1 5 80 1 4 7 1 0 55 1 2 61 1 6 57 2 8 72 9 72 1 9 42 1 7 46 
10 2 1 68 2 68 1 7 43 1 4 99 1 6 60 1 5 68 1 0 91 1 8 11 1 3 96 1 9 11 1 2 72 
10 1 7 84 2 2 34 0 34 1 8 40 1 5 7 2 1 70 2 70 1 6 74 1 3 12 2 0 43 5 43 2 9 69 7 69 2 4 30 7 30 
10 1 8 60 1 0 49 1 4 59 1 5 72 1 9 63 1 1 69 1 7 99 1 6 45 1 3 27 1 2 9 
10 1 6 71 1 2 91 1 8 65 1 1 90 1 9 98 1 4 8 1 7 50 1 0 75 1 5 37 1 3 17 
10 2 8 62 2 62 1 7 90 1 5 98 1 3 31 1 2 91 1 4 38 1 9 72 1 1 9 1 0 72 1 6 49 
10 2 4 35 7 35 1 0 39 1 9 74 1 5 25 1 7 47 1 3 52 1 2 63 1 8 21 1 6 35 1 1 80 
10 2 9 58 4 58 1 0 5 1 3 50 1 8 52 1 1 88 1 6 20 1 2 68 1 5 24 1 4 53 1 7 57 
10 1 7 99 1 3 91 2 4 33 7 33 1 5 19 1 2 18 1 6 38 1 0 24 1 9 35 2 1 49 8 49 1 8 9 
10 1 0 68 1 3 60 1 2 77 1 7 10 1 8 60 1 5 15 1 9 72 1 1 18 1 6 90 1 4 18 
10 3 9 79 3 79 8 79 2 1 60 6 60 1 3 56 1 6 91 2 2 40 0 40 1 8 86 1 7 72 1 0 80 2 5 89 7 89 1 4 51 
10 1 4 10 1 2 92 1 5 23 1 6 46 2 8 40 9 40 1 7 72 1 3 6 1 1 23 1 0 95 2 9 34 2 34 
10 1 2 24 1 5 29 1 9 49 1 8 55 1 0 47 1 6 77 1 3 77 2 7 8 8 8 1 1 28 1 4 48 

Dynamic Events

# Machine Breakdowns (machine_id start_time end_time)
Machine Breakdowns
0 108 139
3 423 461
4 237 274
5 503 537
6 270 303

# Added Jobs (arrival_time: num_ops num_alts_op1 m1 p1 ... num_alts_op2 m1 p1 ...)
Added Jobs
97: 10 1 6 54 2 5 38 0 38 3 5 23 1 18 6 80 3 0 46 2 17 3 95 3 6 35 0 90 8 52 2 1 58 5 28 2 9 46 8 37 3 0 17 5 84 1 30 3 0 16 8 46 7 28 2 9 50 0 94 
163: 10 3 9 16 2 73 0 30 2 6 67 8 45 1 5 76 3 8 73 7 68 6 58 1 7 90 2 1 48 4 19 1 5 91 3 0 50 3 85 1 39 3 3 14 2 47 0 8 2 2 90 3 48 
170: 10 3 7 21 8 63 9 44 1 3 50 3 2 51 7 48 1 10 1 4 90 1 7 82 1 9 52 3 1 13 9 23 4 49 2 1 46 5 62 1 8 50 2 1 90 8 31 
337: 10 2 9 26 3 92 2 8 28 6 88 3 3 90 4 29 2 41 3 0 26 6 47 4 42 3 0 23 6 33 1 38 1 7 34 1 7 15 3 9 14 4 55 5 47 2 6 62 5 8 3 2 33 7 28 0 81 

# ETPC Constraints (fore_job_sim_idx fore_op_idx hind_job_sim_idx hind_op_idx time_lapse)
ETPC Constraints
10 0 15 1 6
7 8 13 6 3
4 9 18 4 3
3 5 10 6 3
14 1 0 0 16
4 0 6 5 6
6 6 18 5 16
15 2 8 5 19
11 9 12 8 16
2 5 18 0 15
5 7 7 2 12
2 2 3 4 6
11 1 17 3 14
8 0 12 6 20
11 9 7 4 6
12 3 8 9 5
14 2 10 9 20
10 5 13 7 16
10 2 16 3 19
6 6 3 9 6
3 1 13 0 19
15 4 18 4 3
6 7 12 4 3
0 3 15 9 15
1 9 9 5 16
7 4 17 6 4
4 0 17 3 5
1 4 3 0 15
14 4 3 4 9
15 0 8 4 18
8 8 5 5 11
11 3 14 3 9
10 8 7 8 14
3 3 17 8 7
