15 10
10 1 8 14 1 4 75 1 3 12 1 2 38 2 0 76 7 76 1 5 97 1 9 12 1 1 29 1 7 44 1 6 66 
10 1 5 38 1 3 82 2 2 85 5 85 1 4 58 1 6 87 1 9 89 2 0 43 5 43 1 1 80 1 7 69 1 8 92 
10 1 9 5 2 1 84 9 84 1 0 43 1 6 48 1 4 8 1 7 7 1 3 41 1 5 61 2 8 66 3 66 1 2 14 
10 1 2 42 2 1 8 2 8 1 0 96 1 5 19 1 4 59 1 7 97 1 9 73 1 8 43 1 3 74 1 6 41 
10 1 6 55 1 2 70 2 3 75 0 75 1 8 42 1 4 37 2 7 23 2 23 1 1 48 1 5 5 2 9 38 5 38 2 0 7 7 7 
10 2 8 9 7 9 1 2 72 1 7 31 1 0 79 1 5 73 1 3 95 1 4 25 1 6 43 1 9 60 1 1 56 
10 1 0 97 1 2 64 1 3 78 1 5 21 1 4 94 1 9 31 1 8 53 1 6 16 1 7 86 1 1 7 
10 1 3 86 2 7 85 2 85 1 9 63 1 0 61 1 2 65 1 4 30 1 5 32 1 1 33 1 8 44 1 6 59 
10 1 2 44 2 3 16 4 16 1 4 11 1 6 45 1 1 30 1 9 84 1 8 93 1 0 60 1 5 61 1 7 90 
10 1 7 36 1 8 31 2 4 47 6 47 1 6 52 1 0 32 1 5 11 1 2 28 1 9 35 1 3 20 1 1 49 
10 1 8 20 1 6 49 1 7 74 2 4 10 7 10 1 5 17 1 3 34 1 0 85 1 2 77 1 9 68 1 1 84 
10 2 1 85 3 85 1 5 7 1 8 71 1 6 59 1 4 76 1 0 17 1 3 29 1 2 17 1 7 48 1 9 13 
10 1 2 15 3 6 87 3 87 8 87 2 7 11 6 11 1 1 39 1 4 39 2 8 43 0 43 1 0 19 1 3 32 1 9 16 2 5 64 7 64 
10 1 6 32 1 2 92 1 5 33 1 8 82 1 1 83 2 7 57 9 57 1 9 99 1 4 91 1 3 99 1 0 8 
10 2 4 88 2 88 1 7 7 1 8 27 1 1 38 1 3 91 1 2 69 1 6 21 1 9 62 2 5 39 8 39 1 0 48 

Dynamic Events

# Machine Breakdowns (machine_id start_time end_time)
Machine Breakdowns
3 221 254
8 122 154

# Added Jobs (arrival_time: num_ops num_alts_op1 m1 p1 ... num_alts_op2 m1 p1 ...)
Added Jobs
103: 10 2 5 64 4 63 2 1 84 9 66 3 8 82 3 83 6 28 3 2 18 8 68 7 47 1 3 95 2 7 10 0 77 1 5 84 2 9 68 1 26 3 5 32 1 37 9 37 1 8 34 
118: 10 1 9 60 1 9 41 3 9 19 4 58 0 94 3 7 29 9 5 0 23 1 8 43 2 4 21 5 39 1 4 79 3 0 16 7 58 5 57 3 6 37 0 26 1 40 2 0 45 3 85 
149: 10 1 1 79 1 0 93 2 4 25 7 93 2 2 17 0 35 2 9 59 0 11 1 6 77 1 6 48 3 0 86 9 10 8 29 3 7 56 0 56 3 73 3 5 40 4 13 8 10 
192: 10 1 2 18 2 9 12 6 29 1 9 40 2 6 77 3 84 2 3 43 6 65 1 0 53 2 8 45 7 69 1 4 87 1 3 23 2 5 34 4 42 
219: 10 2 4 36 2 14 1 8 10 3 4 38 6 25 3 57 3 0 16 7 90 3 77 3 5 28 8 37 4 76 2 4 53 9 50 2 2 71 4 48 2 2 65 1 78 1 9 29 1 4 40 
297: 10 1 5 45 3 7 93 0 19 1 36 3 4 35 7 79 2 61 2 9 39 3 94 2 1 25 2 57 3 6 76 9 66 2 42 3 3 41 1 58 8 57 3 5 93 7 30 2 92 2 4 66 2 63 1 7 22 

# ETPC Constraints (fore_job_sim_idx fore_op_idx hind_job_sim_idx hind_op_idx time_lapse)
ETPC Constraints
7 4 9 7 14
19 9 14 0 8
3 0 17 3 4
2 0 15 5 15
2 4 16 9 11
12 0 4 7 3
8 6 2 1 14
9 3 0 3 12
20 0 4 2 20
8 1 4 3 4
5 9 7 7 10
5 3 12 6 18
3 1 18 6 11
20 3 16 9 13
18 2 1 3 7
3 8 8 6 9
9 2 17 9 10
9 0 0 7 11
7 4 11 4 10
17 1 1 8 9
5 7 7 8 7
6 1 12 6 9
9 2 6 1 14
3 4 17 5 6
8 3 18 3 16
4 5 17 9 8
1 7 16 8 18
12 0 17 0 8
19 9 12 4 11
0 4 6 0 20
8 9 20 2 16
0 3 7 0 12
4 4 15 6 3
17 0 16 4 13
19 8 13 0 18
8 9 0 0 13
16 0 4 7 17
15 3 17 5 9
14 9 3 5 15
17 2 5 3 4
14 5 11 1 16
14 3 8 5 16
