20 10
10 1 8 52 1 7 26 1 6 71 1 9 16 2 2 34 7 34 1 1 21 1 5 95 1 4 21 1 0 53 1 3 55 
10 1 4 55 1 5 98 2 3 39 5 39 1 9 79 1 0 12 1 8 77 2 6 77 5 77 1 7 66 1 2 31 1 1 42 
10 1 5 37 2 4 92 9 92 1 2 64 1 6 54 1 1 19 1 7 43 1 0 83 1 3 34 2 9 79 3 79 1 8 62 
10 1 1 87 2 5 77 2 77 1 0 93 1 3 69 1 2 87 1 7 38 1 8 24 1 6 41 1 9 83 1 4 60 
10 1 2 98 1 5 25 2 6 75 0 75 1 9 77 1 1 49 2 3 17 2 17 1 8 79 1 0 44 2 7 43 5 43 2 4 96 7 96 
10 2 1 7 7 7 1 4 61 1 0 95 1 2 35 1 9 10 1 8 35 1 5 28 1 3 76 1 7 95 1 6 9 
10 1 5 59 1 9 43 1 0 46 1 4 28 1 6 52 1 3 16 1 2 59 1 1 91 1 8 50 1 7 27 
10 1 5 9 2 9 43 2 43 1 8 14 1 7 71 1 4 20 1 6 54 1 3 41 1 0 87 1 1 45 1 2 39 
10 1 1 28 2 8 66 4 66 1 0 78 1 2 37 1 9 42 1 3 26 1 5 33 1 6 89 1 4 33 1 7 8 
10 1 4 96 1 3 27 2 6 78 4 78 1 5 84 1 2 94 1 8 69 1 1 74 1 9 81 1 7 45 1 0 69 
10 1 4 24 1 7 32 1 9 25 1 2 17 2 3 87 7 87 1 8 81 1 5 76 1 6 18 1 1 31 1 0 20 
10 2 8 90 1 90 1 5 28 1 1 72 1 7 86 1 2 23 1 3 99 1 6 76 1 9 97 1 4 45 1 0 58 
10 1 2 17 2 4 98 8 98 1 3 48 1 1 46 2 8 27 6 27 1 6 67 1 7 62 2 0 42 4 42 1 9 48 1 5 27 
10 2 0 80 1 80 1 8 50 1 3 19 1 7 98 1 5 28 1 2 50 1 4 94 2 6 63 0 63 1 1 12 1 9 80 
10 1 9 72 2 0 75 9 75 1 4 61 1 8 79 1 6 37 1 2 50 1 5 14 1 3 55 1 7 18 2 1 41 3 41 
10 1 3 96 1 2 14 1 5 57 1 0 47 1 7 65 1 4 75 1 8 79 1 1 71 1 6 60 1 9 22 
10 2 1 31 8 31 1 7 47 1 8 58 1 3 32 1 4 44 1 5 58 1 6 34 1 0 33 1 2 69 1 9 51 
10 1 1 44 1 7 40 1 2 17 1 0 62 1 8 66 1 6 15 1 3 29 3 9 38 7 38 4 38 1 5 8 1 4 97 
10 1 2 58 2 3 50 5 50 1 4 63 1 9 87 1 0 57 1 6 21 1 7 57 1 8 32 1 1 39 1 5 20 
10 1 1 85 1 0 84 1 5 56 1 3 61 1 9 15 1 7 70 1 8 30 1 2 90 1 6 67 1 4 20 

Dynamic Events

# Machine Breakdowns (machine_id start_time end_time)
Machine Breakdowns
0 364 404
1 679 714
4 576 605
5 53 81
6 683 710
7 275 313

# Added Jobs (arrival_time: num_ops num_alts_op1 m1 p1 ... num_alts_op2 m1 p1 ...)
Added Jobs
105: 10 2 3 87 7 87 1 9 39 1 7 78 2 0 95 6 19 1 9 77 3 4 92 2 14 3 60 3 3 67 2 23 0 47 3 9 47 8 89 7 62 1 2 45 3 7 26 9 90 0 47 
222: 10 2 5 12 0 40 1 5 35 2 8 68 5 69 3 9 12 0 44 3 37 3 7 18 1 66 8 40 2 2 84 4 40 2 6 68 9 58 2 2 73 5 90 3 4 62 2 70 8 23 2 6 57 7 69 
222: 10 2 8 35 2 35 2 2 59 9 94 1 6 10 2 5 10 4 73 3 2 49 6 15 3 99 3 8 88 6 24 9 93 2 3 24 4 66 1 0 19 2 7 24 5 94 3 6 52 0 92 1 39 
311: 10 3 2 81 0 61 8 27 3 9 18 3 67 6 70 3 9 41 4 39 7 90 3 5 93 7 7 6 54 1 6 64 2 8 42 6 18 3 9 18 6 71 0 36 1 1 31 2 3 54 5 33 2 7 87 9 83 
419: 10 1 6 23 1 3 33 1 1 85 2 5 26 8 25 2 7 58 6 30 1 1 41 2 7 37 4 20 3 3 38 0 51 2 70 2 1 85 5 20 3 5 57 2 80 8 14 

# Cancelled Jobs (cancel_time initial_job_sim_idx_to_cancel)
Cancelled Jobs
156 5
279 15

# ETPC Constraints (fore_job_sim_idx fore_op_idx hind_job_sim_idx hind_op_idx time_lapse)
ETPC Constraints
23 5 2 6 19
21 4 19 2 19
5 8 18 1 20
17 8 16 8 15
1 7 12 8 13
22 0 8 1 3
18 6 0 8 13
21 6 18 8 18
24 9 4 7 19
5 4 1 5 13
23 1 13 1 17
6 3 9 2 9
16 4 9 0 19
20 5 0 0 4
5 6 23 4 17
9 8 16 3 13
14 5 10 8 15
6 5 17 8 11
4 2 10 8 5
8 0 10 7 14
5 9 2 1 15
18 9 23 0 6
24 9 17 5 9
9 2 15 1 13
20 9 12 0 18
0 0 19 1 14
19 1 20 2 7
0 6 12 0 9
9 1 3 4 10
6 9 15 7 11
3 3 15 6 13
1 0 22 6 4
3 2 8 3 10
16 9 19 9 14
5 2 3 6 3
22 5 23 2 17
19 9 4 5 10
13 1 23 3 17
3 4 22 5 19
13 7 3 0 12
16 4 8 3 3
23 8 16 9 3
1 7 21 2 15
21 5 5 2 11
6 6 19 8 7
15 6 23 4 8
6 8 8 9 10
14 6 24 7 5
21 2 15 1 15
14 5 7 9 10
