20 10
10 1 3 60 1 4 48 1 5 95 1 0 87 2 1 72 7 72 1 9 5 1 8 35 1 7 39 1 6 54 1 2 66 
10 1 7 37 1 6 34 2 0 97 5 97 1 5 55 1 2 21 1 3 20 2 4 59 5 59 1 9 46 1 8 19 1 1 46 
10 1 4 45 2 2 73 9 73 1 1 24 1 8 28 1 0 28 1 3 25 1 5 23 1 7 83 2 9 5 3 5 1 6 78 
10 1 0 53 2 2 12 9 12 1 9 12 1 1 37 1 8 33 1 3 71 1 6 55 1 5 29 1 7 87 1 4 38 
10 1 4 90 2 2 49 0 49 1 9 27 1 7 65 2 5 7 2 7 1 6 23 1 0 48 2 3 83 5 83 2 8 17 7 17 2 1 40 7 40 
10 1 3 85 1 4 25 1 2 84 1 6 64 1 9 13 1 1 66 1 7 46 1 8 59 1 0 62 1 5 19 
10 1 5 88 1 6 67 1 4 14 1 0 41 1 1 73 1 7 57 1 2 53 1 3 80 1 9 47 1 8 74 
10 2 1 78 2 78 1 5 64 1 4 63 1 6 46 1 3 84 1 0 84 1 8 28 1 9 52 1 7 26 1 2 41 
10 2 1 11 4 11 1 0 64 1 6 97 1 9 38 1 2 17 1 4 85 1 5 73 1 3 10 1 8 95 1 7 67 
10 1 3 93 2 2 95 4 95 1 7 43 1 1 65 1 8 32 1 0 59 1 6 85 1 5 46 1 9 85 1 4 60 
10 1 2 61 1 3 41 1 5 49 2 4 23 7 23 1 0 66 1 7 49 1 8 70 1 9 99 1 1 90 2 6 17 8 17 
10 1 4 13 1 7 7 1 1 98 1 8 57 1 0 73 1 3 73 1 2 68 1 5 40 1 9 98 1 6 9 
10 1 9 86 3 6 76 3 76 8 76 2 4 14 6 14 1 3 41 1 1 85 2 0 37 4 37 1 8 19 1 2 17 2 7 54 1 54 1 5 79 
10 1 1 40 1 2 53 1 7 97 1 5 87 1 8 96 2 4 84 0 84 1 3 16 1 6 66 1 9 52 2 0 95 9 95 
10 1 6 33 1 1 33 1 3 87 1 0 18 1 2 55 1 8 13 1 4 77 2 7 60 3 60 1 9 42 1 5 74 
10 1 7 92 1 5 91 1 8 79 1 2 54 1 4 69 1 6 79 1 3 33 1 1 61 2 9 39 1 39 1 0 16 
10 1 6 82 1 1 41 1 4 28 1 5 64 1 2 78 1 3 76 1 7 6 1 8 49 1 9 47 1 0 58 
10 1 0 52 1 5 42 1 8 24 1 9 91 1 3 47 2 6 88 3 88 1 4 91 1 7 52 1 2 28 1 1 35 
10 2 5 82 4 82 1 2 76 1 3 86 1 6 93 1 4 84 1 7 38 1 8 95 1 9 37 1 1 21 1 0 23 
10 1 9 77 1 4 8 1 6 42 1 7 64 1 0 70 1 2 45 1 8 45 1 5 28 1 3 67 1 1 86 

Dynamic Events

# Machine Breakdowns (machine_id start_time end_time)
Machine Breakdowns
0 377 410
6 262 300

# Added Jobs (arrival_time: num_ops num_alts_op1 m1 p1 ... num_alts_op2 m1 p1 ...)
Added Jobs
70: 10 1 5 63 2 0 55 9 95 1 7 79 2 7 33 4 55 2 6 29 7 83 2 3 16 8 19 1 4 67 3 5 53 8 28 7 11 3 1 86 3 9 6 57 1 0 44 
82: 10 2 2 20 3 67 3 6 38 4 11 1 39 1 2 88 2 4 49 1 14 2 8 52 0 49 1 7 14 2 6 74 1 54 1 6 38 1 2 7 2 7 44 3 65 
326: 10 2 8 77 0 46 2 6 97 8 72 2 5 46 8 43 1 7 55 3 3 79 6 61 5 70 2 7 39 9 19 1 1 78 2 3 25 6 27 1 0 76 1 0 73 
372: 10 2 7 42 3 74 3 1 11 5 49 3 79 1 1 95 2 2 14 5 41 1 4 15 2 1 95 0 20 2 8 14 6 25 2 3 14 7 89 2 7 23 3 67 2 2 37 5 95 
399: 10 2 9 71 2 75 3 5 64 8 77 7 63 3 8 93 7 54 1 88 1 4 69 1 4 34 3 8 55 3 54 9 70 2 2 23 6 55 3 7 58 1 76 5 29 2 6 88 3 24 3 1 26 0 23 2 25 
441: 10 1 4 58 3 5 68 6 12 0 95 3 1 64 0 29 5 56 3 7 71 6 45 9 88 3 7 44 0 34 9 96 2 3 55 1 72 3 4 56 2 22 7 82 2 0 94 7 18 2 7 29 5 95 2 3 69 9 87 

# Cancelled Jobs (cancel_time initial_job_sim_idx_to_cancel)
Cancelled Jobs
498 4

# ETPC Constraints (fore_job_sim_idx fore_op_idx hind_job_sim_idx hind_op_idx time_lapse)
ETPC Constraints
25 8 14 6 6
12 6 24 8 4
20 3 6 5 17
23 5 17 0 16
23 6 12 4 19
18 5 3 5 8
3 4 25 1 18
20 7 10 1 5
9 5 14 0 4
23 7 2 5 10
4 6 2 7 16
8 4 5 0 5
18 1 12 6 6
25 0 20 2 12
15 3 4 1 18
8 7 1 5 6
12 5 20 6 18
19 3 2 2 9
13 3 19 7 13
17 9 22 0 20
25 0 8 1 11
0 7 16 4 18
0 1 11 0 4
12 0 20 5 10
19 3 16 0 18
21 1 24 1 4
25 1 16 4 14
16 2 22 7 9
20 4 24 2 17
24 1 1 9 4
24 4 9 6 14
6 6 1 1 14
0 2 11 3 11
20 0 16 0 3
15 9 23 6 9
16 2 25 0 20
2 3 8 2 9
2 2 6 9 13
20 5 1 3 16
15 0 10 5 4
1 7 4 4 17
23 5 12 9 10
2 5 21 4 20
12 7 7 0 7
2 7 13 1 4
0 7 9 8 3
1 6 19 4 17
20 0 17 2 3
7 9 4 1 13
18 6 3 0 9
22 0 21 5 12
