20 10
10 1 3 60 1 4 48 1 5 95 1 0 87 2 1 72 7 72 1 9 5 1 8 35 1 7 39 1 6 54 1 2 66 
10 1 7 37 1 6 34 2 0 97 5 97 1 5 55 1 2 21 1 3 20 2 4 59 5 59 1 9 46 1 8 19 1 1 46 
10 1 4 45 2 2 73 9 73 1 1 24 1 8 28 1 0 28 1 3 25 1 5 23 1 7 83 2 9 5 3 5 1 6 78 
10 1 0 53 2 2 12 9 12 1 9 12 1 1 37 1 8 33 1 3 71 1 6 55 1 5 29 1 7 87 1 4 38 
10 1 4 90 2 2 49 0 49 1 9 27 1 7 65 2 5 7 2 7 1 6 23 1 0 48 2 3 83 5 83 2 8 17 7 17 2 1 40 7 40 
10 1 3 85 1 4 25 1 2 84 1 6 64 1 9 13 1 1 66 1 7 46 1 8 59 1 0 62 1 5 19 
10 1 5 88 1 6 67 1 4 14 1 0 41 1 1 73 1 7 57 1 2 53 1 3 80 1 9 47 1 8 74 
10 2 1 78 2 78 1 5 64 1 4 63 1 6 46 1 3 84 1 0 84 1 8 28 1 9 52 1 7 26 1 2 41 
10 2 1 11 4 11 1 0 64 1 6 97 1 9 38 1 2 17 1 4 85 1 5 73 1 3 10 1 8 95 1 7 67 
10 1 3 93 2 2 95 4 95 1 7 43 1 1 65 1 8 32 1 0 59 1 6 85 1 5 46 1 9 85 1 4 60 
10 1 2 61 1 3 41 1 5 49 2 4 23 7 23 1 0 66 1 7 49 1 8 70 1 9 99 1 1 90 2 6 17 8 17 
10 1 4 13 1 7 7 1 1 98 1 8 57 1 0 73 1 3 73 1 2 68 1 5 40 1 9 98 1 6 9 
10 1 9 86 3 6 76 3 76 8 76 2 4 14 6 14 1 3 41 1 1 85 2 0 37 4 37 1 8 19 1 2 17 2 7 54 1 54 1 5 79 
10 1 1 40 1 2 53 1 7 97 1 5 87 1 8 96 2 4 84 0 84 1 3 16 1 6 66 1 9 52 2 0 95 9 95 
10 1 6 33 1 1 33 1 3 87 1 0 18 1 2 55 1 8 13 1 4 77 2 7 60 3 60 1 9 42 1 5 74 
10 1 7 92 1 5 91 1 8 79 1 2 54 1 4 69 1 6 79 1 3 33 1 1 61 2 9 39 1 39 1 0 16 
10 1 6 82 1 1 41 1 4 28 1 5 64 1 2 78 1 3 76 1 7 6 1 8 49 1 9 47 1 0 58 
10 1 0 52 1 5 42 1 8 24 1 9 91 1 3 47 2 6 88 3 88 1 4 91 1 7 52 1 2 28 1 1 35 
10 2 5 82 4 82 1 2 76 1 3 86 1 6 93 1 4 84 1 7 38 1 8 95 1 9 37 1 1 21 1 0 23 
10 1 9 77 1 4 8 1 6 42 1 7 64 1 0 70 1 2 45 1 8 45 1 5 28 1 3 67 1 1 86 

Dynamic Events

# Machine Breakdowns (machine_id start_time end_time)
Machine Breakdowns
8 941 977

# Added Jobs (arrival_time: num_ops num_alts_op1 m1 p1 ... num_alts_op2 m1 p1 ...)
Added Jobs
86: 10 3 3 7 0 37 7 34 1 1 44 1 1 42 3 2 51 6 13 4 66 3 5 80 7 23 6 19 2 0 47 2 50 1 5 51 1 2 57 2 4 61 6 29 2 7 38 5 17 
199: 10 2 4 59 8 21 1 3 28 3 1 21 4 62 0 89 1 3 23 3 8 46 6 49 3 70 2 6 91 5 81 1 7 13 3 6 56 4 34 9 80 2 4 61 8 24 1 5 91 
248: 10 3 2 84 9 72 3 48 3 8 36 6 91 9 33 3 2 31 7 96 8 33 2 5 90 3 44 3 9 98 0 43 2 43 3 4 65 5 21 6 21 1 2 62 1 7 81 1 9 86 2 3 55 4 69 
304: 10 2 7 75 2 94 2 0 22 3 88 3 0 50 6 53 2 24 2 8 62 9 35 1 8 92 2 7 76 5 45 2 2 26 8 66 3 1 32 3 5 7 24 1 7 14 2 2 24 6 77 
353: 10 1 0 29 1 5 78 1 8 20 3 5 18 2 64 4 79 3 2 65 9 39 6 30 3 4 48 8 55 6 12 1 5 32 2 1 56 2 24 2 3 32 7 9 3 9 67 4 59 3 72 
405: 10 3 7 50 6 29 0 60 2 8 56 0 58 2 4 43 2 66 1 6 81 1 0 31 3 6 15 1 70 7 78 3 9 82 5 20 1 71 2 3 56 9 18 3 0 65 9 65 7 43 3 9 63 6 40 2 17 

# Cancelled Jobs (cancel_time initial_job_sim_idx_to_cancel)
Cancelled Jobs
289 10
717 7

# ETPC Constraints (fore_job_sim_idx fore_op_idx hind_job_sim_idx hind_op_idx time_lapse)
ETPC Constraints
10 9 8 5 20
25 3 16 7 3
12 4 21 3 11
18 5 0 9 4
21 6 4 7 18
8 9 5 6 10
20 4 24 5 18
4 8 20 3 13
19 4 14 0 12
1 3 7 9 11
2 1 22 4 9
25 3 5 6 12
11 5 7 2 12
11 0 22 8 18
17 4 6 8 9
17 3 11 8 6
13 9 22 2 4
16 3 11 4 5
11 4 16 8 4
17 7 5 8 19
21 0 13 0 3
23 0 10 7 3
4 0 1 9 15
3 6 10 8 10
11 8 7 5 8
17 8 25 8 15
20 7 5 8 19
1 7 7 8 3
5 4 22 2 12
23 5 1 0 17
0 2 12 3 6
3 6 13 7 12
21 7 8 6 8
14 0 21 6 5
15 1 1 6 16
21 3 25 3 9
8 9 25 9 13
5 8 25 7 19
14 7 19 4 7
1 4 17 2 8
19 0 5 4 13
12 7 17 6 16
20 6 0 5 13
12 6 10 0 19
7 9 11 0 5
12 7 10 7 13
22 9 8 2 13
18 2 6 0 17
14 5 16 7 6
4 7 20 6 6
11 4 12 5 16
15 0 25 8 14
