20 10
10 1 8 32 1 1 81 1 4 55 1 7 40 2 0 6 7 6 1 5 19 1 9 81 1 3 37 1 2 40 1 6 9 
10 1 2 70 1 3 55 2 7 21 5 21 1 4 64 1 1 46 1 8 25 2 9 65 5 65 1 0 77 1 5 65 1 6 15 
10 1 7 84 2 4 89 9 89 1 3 24 1 1 44 1 2 85 1 8 31 1 9 29 1 6 83 2 5 37 3 37 1 0 40 
10 1 4 80 2 5 59 2 59 1 0 8 1 2 30 1 6 77 1 3 38 1 1 80 1 7 56 1 9 41 1 8 97 
10 1 6 40 1 2 71 2 0 91 8 91 1 7 7 2 9 59 4 59 1 8 80 1 3 50 1 5 56 2 1 17 8 17 1 4 88 
10 2 7 36 2 36 1 9 10 1 0 45 1 6 9 1 4 54 1 8 96 1 2 8 1 5 77 1 1 29 1 3 58 
10 1 6 99 1 8 86 1 3 92 1 0 28 1 1 98 1 4 70 1 5 87 1 9 96 1 2 73 1 7 27 
10 2 1 95 0 95 1 3 85 1 5 56 1 4 52 1 0 59 1 2 41 1 6 81 1 8 39 1 9 32 1 7 92 
10 2 1 7 9 7 1 7 69 1 4 93 1 6 27 1 5 22 1 0 88 1 8 45 1 3 60 1 9 49 1 2 12 
10 1 7 33 2 2 61 9 61 1 8 44 1 5 26 1 1 84 1 6 82 1 3 68 1 0 21 1 9 71 1 4 99 
10 1 8 43 1 0 72 1 4 30 2 5 98 7 98 1 9 75 1 1 26 1 7 8 1 6 74 1 3 19 1 2 38 
10 2 6 19 1 19 1 2 67 1 8 73 1 1 85 1 9 26 1 4 39 1 7 9 1 0 23 1 5 13 1 3 43 
10 1 8 72 2 7 46 8 46 1 5 80 1 3 93 2 2 61 6 61 1 4 7 1 9 42 2 1 50 0 50 1 0 55 1 6 57 
10 1 4 99 2 0 91 7 91 1 9 11 1 5 68 1 7 43 1 3 96 1 2 72 2 8 11 9 11 1 6 60 1 1 68 
10 1 9 69 1 0 43 2 3 12 2 12 1 8 40 1 1 70 1 6 74 1 2 34 1 5 7 1 4 30 1 7 84 
10 2 7 99 8 99 1 3 27 1 4 59 1 5 72 1 2 9 1 6 45 1 0 49 1 9 63 1 1 69 1 8 60 
10 1 0 75 2 3 17 8 17 1 2 91 1 7 50 1 8 65 1 5 37 1 9 98 1 1 90 1 6 71 1 4 8 
10 1 9 72 1 1 9 1 3 31 1 6 49 1 2 91 1 8 62 1 7 90 1 0 72 3 5 98 7 98 4 98 1 4 38 
10 1 4 35 1 2 63 2 5 25 4 25 1 6 35 1 8 21 1 7 47 1 3 52 1 1 80 1 0 39 1 9 74 
10 1 2 68 1 5 24 1 9 58 1 8 52 1 0 5 1 6 20 1 3 50 1 7 57 1 1 88 1 4 53 

Dynamic Events

# Machine Breakdowns (machine_id start_time end_time)
Machine Breakdowns
0 140 170
9 974 1003

# Added Jobs (arrival_time: num_ops num_alts_op1 m1 p1 ... num_alts_op2 m1 p1 ...)
Added Jobs
66: 10 1 7 66 2 4 99 8 93 1 3 26 3 1 97 4 12 5 9 1 7 32 1 2 75 2 2 47 1 94 1 9 44 2 9 55 8 25 1 5 54 
86: 10 2 5 65 6 95 2 7 40 0 36 3 7 45 9 56 8 24 3 2 78 6 32 3 18 2 8 42 0 95 3 0 43 4 64 2 46 1 7 58 1 1 55 1 4 9 2 2 9 5 8 
247: 10 3 0 83 9 77 4 50 2 0 71 1 68 1 4 95 2 2 31 7 10 1 9 17 1 7 98 2 4 18 6 72 1 4 12 1 9 52 1 5 52 
374: 10 1 7 51 2 3 79 7 10 1 9 7 3 9 75 7 69 3 43 2 4 52 8 56 2 7 64 8 60 1 0 83 1 3 63 3 7 74 8 76 1 79 2 0 60 7 7 

# Cancelled Jobs (cancel_time initial_job_sim_idx_to_cancel)
Cancelled Jobs
214 15

# ETPC Constraints (fore_job_sim_idx fore_op_idx hind_job_sim_idx hind_op_idx time_lapse)
ETPC Constraints
6 1 20 7 17
20 1 19 2 10
14 1 22 0 18
11 1 15 9 10
20 3 14 3 4
17 9 21 3 11
0 9 17 8 17
9 5 21 1 6
10 4 16 6 8
18 6 10 5 5
5 8 12 6 6
23 5 1 5 8
9 3 21 7 12
12 0 4 7 19
1 5 17 2 14
19 9 15 2 10
8 0 4 0 16
8 6 1 9 10
6 4 16 8 4
18 4 14 5 13
9 0 1 8 5
22 2 4 9 15
19 0 7 8 11
13 0 18 2 15
15 1 16 4 6
7 8 21 1 11
20 9 3 1 18
18 8 23 7 17
18 8 16 7 13
2 1 13 1 12
2 1 20 0 18
21 7 20 8 6
8 8 5 9 8
22 5 5 9 12
5 0 4 5 5
19 8 6 9 20
3 0 5 9 17
8 4 15 6 13
13 4 3 5 4
4 4 8 3 10
9 3 0 8 11
5 8 3 1 3
23 4 21 7 12
9 6 2 3 17
4 7 14 9 20
11 4 19 3 6
8 4 7 3 3
4 7 15 5 5
