20 10
10 1 8 32 1 1 81 1 4 55 1 7 40 2 0 6 7 6 1 5 19 1 9 81 1 3 37 1 2 40 1 6 9 
10 1 2 70 1 3 55 2 7 21 5 21 1 4 64 1 1 46 1 8 25 2 9 65 5 65 1 0 77 1 5 65 1 6 15 
10 1 7 84 2 4 89 9 89 1 3 24 1 1 44 1 2 85 1 8 31 1 9 29 1 6 83 2 5 37 3 37 1 0 40 
10 1 4 80 2 5 59 2 59 1 0 8 1 2 30 1 6 77 1 3 38 1 1 80 1 7 56 1 9 41 1 8 97 
10 1 6 40 1 2 71 2 0 91 8 91 1 7 7 2 9 59 4 59 1 8 80 1 3 50 1 5 56 2 1 17 8 17 1 4 88 
10 2 7 36 2 36 1 9 10 1 0 45 1 6 9 1 4 54 1 8 96 1 2 8 1 5 77 1 1 29 1 3 58 
10 1 6 99 1 8 86 1 3 92 1 0 28 1 1 98 1 4 70 1 5 87 1 9 96 1 2 73 1 7 27 
10 2 1 95 0 95 1 3 85 1 5 56 1 4 52 1 0 59 1 2 41 1 6 81 1 8 39 1 9 32 1 7 92 
10 2 1 7 9 7 1 7 69 1 4 93 1 6 27 1 5 22 1 0 88 1 8 45 1 3 60 1 9 49 1 2 12 
10 1 7 33 2 2 61 9 61 1 8 44 1 5 26 1 1 84 1 6 82 1 3 68 1 0 21 1 9 71 1 4 99 
10 1 8 43 1 0 72 1 4 30 2 5 98 7 98 1 9 75 1 1 26 1 7 8 1 6 74 1 3 19 1 2 38 
10 2 6 19 1 19 1 2 67 1 8 73 1 1 85 1 9 26 1 4 39 1 7 9 1 0 23 1 5 13 1 3 43 
10 1 8 72 2 7 46 8 46 1 5 80 1 3 93 2 2 61 6 61 1 4 7 1 9 42 2 1 50 0 50 1 0 55 1 6 57 
10 1 4 99 2 0 91 7 91 1 9 11 1 5 68 1 7 43 1 3 96 1 2 72 2 8 11 9 11 1 6 60 1 1 68 
10 1 9 69 1 0 43 2 3 12 2 12 1 8 40 1 1 70 1 6 74 1 2 34 1 5 7 1 4 30 1 7 84 
10 2 7 99 8 99 1 3 27 1 4 59 1 5 72 1 2 9 1 6 45 1 0 49 1 9 63 1 1 69 1 8 60 
10 1 0 75 2 3 17 8 17 1 2 91 1 7 50 1 8 65 1 5 37 1 9 98 1 1 90 1 6 71 1 4 8 
10 1 9 72 1 1 9 1 3 31 1 6 49 1 2 91 1 8 62 1 7 90 1 0 72 3 5 98 7 98 4 98 1 4 38 
10 1 4 35 1 2 63 2 5 25 4 25 1 6 35 1 8 21 1 7 47 1 3 52 1 1 80 1 0 39 1 9 74 
10 1 2 68 1 5 24 1 9 58 1 8 52 1 0 5 1 6 20 1 3 50 1 7 57 1 1 88 1 4 53 

Dynamic Events

# Machine Breakdowns (machine_id start_time end_time)
Machine Breakdowns
4 984 1012
5 146 184
9 1059 1093

# Added Jobs (arrival_time: num_ops num_alts_op1 m1 p1 ... num_alts_op2 m1 p1 ...)
Added Jobs
156: 10 3 6 63 5 80 4 43 1 1 24 1 8 91 1 4 49 2 7 68 3 67 3 9 22 5 62 1 83 3 4 41 1 71 3 12 2 8 22 7 98 3 9 20 0 7 3 86 3 5 80 6 31 3 90 
193: 10 3 9 57 0 5 1 61 1 1 57 2 7 59 8 61 1 3 22 1 7 16 3 8 52 1 20 7 50 3 6 73 7 84 2 24 2 9 63 7 71 2 8 46 1 27 1 6 51 
205: 10 2 6 13 8 17 3 3 44 9 28 2 10 3 1 60 7 76 0 13 3 5 79 6 46 1 78 1 1 34 1 1 44 1 4 98 1 1 38 3 5 12 2 53 7 56 3 6 26 9 96 7 81 
320: 10 1 8 23 3 6 67 8 67 4 66 2 5 29 4 47 3 1 18 7 36 8 98 2 5 86 3 88 2 0 35 6 73 3 2 16 7 41 6 28 1 3 85 2 5 47 7 21 1 8 49 
332: 10 3 3 70 4 97 9 37 2 1 34 3 63 1 2 38 3 7 17 5 11 8 25 3 4 45 8 37 6 47 3 9 12 1 41 5 75 2 6 79 3 32 2 8 18 9 23 2 4 54 2 68 3 9 59 8 61 5 12 
336: 10 3 2 66 1 10 9 98 1 6 93 1 4 69 2 0 67 2 43 3 8 44 5 32 7 27 1 0 39 3 5 30 6 13 9 24 3 2 59 0 78 6 42 2 1 41 5 35 3 7 47 0 22 5 83 

# Cancelled Jobs (cancel_time initial_job_sim_idx_to_cancel)
Cancelled Jobs
336 0
388 16
731 1

# ETPC Constraints (fore_job_sim_idx fore_op_idx hind_job_sim_idx hind_op_idx time_lapse)
ETPC Constraints
1 8 14 9 10
12 7 18 9 16
9 4 4 3 11
10 4 13 3 14
22 4 16 4 13
19 6 9 3 9
15 1 9 6 5
17 1 23 3 19
11 6 8 3 5
16 7 23 5 19
6 5 3 8 6
1 9 8 6 10
22 0 18 7 5
24 4 12 7 8
20 8 23 9 17
19 6 11 3 11
12 6 6 3 6
0 6 20 8 7
4 5 23 5 14
8 3 6 8 5
1 8 13 3 3
6 4 10 6 9
3 4 15 8 8
18 8 6 2 14
14 5 25 7 4
25 6 17 7 17
1 6 17 2 11
3 7 6 7 3
10 0 2 0 8
6 9 18 6 10
16 9 8 1 11
19 1 5 8 18
8 0 21 7 3
9 9 13 3 8
15 5 5 2 15
3 3 5 3 20
1 9 9 4 8
14 4 11 6 5
14 9 23 4 9
3 2 7 7 16
15 7 2 5 6
14 7 25 1 3
14 7 9 8 4
11 0 16 6 7
12 8 8 1 15
5 7 24 2 5
20 7 23 4 11
7 6 9 9 12
15 9 21 5 6
15 8 16 2 6
21 7 0 5 17
18 5 7 4 6
