20 10
10 1 8 14 1 2 38 1 7 44 1 0 76 2 5 97 7 97 1 3 12 1 4 75 1 6 66 1 9 12 1 1 29 
10 1 0 43 1 2 85 2 3 82 5 82 1 5 38 1 4 58 1 9 89 2 8 92 5 92 1 6 87 1 7 69 1 1 80 
10 1 3 41 2 7 7 9 7 1 9 5 1 0 43 1 2 14 1 4 8 1 5 61 1 1 84 2 8 66 3 66 1 6 48 
10 1 2 42 2 3 74 2 74 1 4 59 1 6 41 1 1 8 1 9 73 1 8 43 1 0 96 1 5 19 1 7 97 
10 1 7 23 1 8 42 2 4 37 0 37 1 6 55 1 0 7 2 5 5 2 5 1 2 70 1 9 38 2 3 75 5 75 2 1 48 7 48 
10 2 8 9 7 9 1 6 43 1 7 31 1 4 25 1 5 73 1 3 95 1 0 79 1 2 72 1 9 60 1 1 56 
10 1 1 7 1 5 21 1 8 53 1 6 16 1 4 94 1 0 97 1 3 78 1 2 64 1 7 86 1 9 31 
10 1 2 65 2 6 59 2 59 1 7 85 1 1 33 1 4 30 1 8 44 1 0 61 1 3 86 1 9 63 1 5 32 
10 1 6 45 2 2 44 4 44 1 5 61 1 8 93 1 1 30 1 7 90 1 9 84 1 4 11 1 3 16 1 0 60 
10 1 4 47 1 7 36 2 8 31 4 31 1 1 49 1 3 20 1 2 28 1 6 52 1 9 35 1 5 11 1 0 32 
10 1 2 77 1 4 10 1 9 68 1 5 17 2 0 85 7 85 1 1 84 1 8 20 1 6 49 1 7 74 1 3 34 
10 2 0 17 8 17 1 5 7 1 1 85 1 3 29 1 2 17 1 4 76 1 6 59 1 8 71 1 9 13 1 7 48 
10 1 6 87 1 4 39 3 8 43 3 43 2 43 2 7 11 3 11 1 2 15 2 3 32 0 32 1 5 64 1 0 19 1 1 39 2 9 16 1 16 
10 1 5 33 1 3 99 1 6 32 1 4 91 1 8 82 1 2 92 2 9 99 0 99 1 7 57 1 1 83 1 0 8 
10 2 3 91 9 91 1 5 39 1 2 69 1 8 27 1 7 7 1 6 21 1 1 38 1 9 62 2 4 88 3 88 1 0 48 
10 1 2 67 1 7 80 1 3 24 1 0 88 1 4 18 1 1 44 1 8 45 1 9 64 1 5 80 2 6 38 1 38 
10 1 9 59 1 3 72 1 6 47 1 4 40 1 7 21 1 5 43 1 0 51 1 8 52 1 1 24 1 2 15 
10 1 3 70 1 2 31 1 6 20 1 8 76 1 1 40 1 7 43 2 0 32 3 32 1 5 88 1 9 5 1 4 77 
10 1 4 47 2 5 64 4 64 1 9 85 1 3 49 1 7 58 1 1 26 1 0 32 1 8 80 1 2 14 1 6 94 
10 1 5 59 1 2 96 1 0 5 1 7 79 1 8 34 1 4 75 1 3 26 1 6 9 1 9 23 1 1 11 

Dynamic Events

# Machine Breakdowns (machine_id start_time end_time)
Machine Breakdowns
7 330 358
9 959 986

# Added Jobs (arrival_time: num_ops num_alts_op1 m1 p1 ... num_alts_op2 m1 p1 ...)
Added Jobs
103: 10 1 2 61 2 3 68 1 42 1 0 12 1 4 16 2 2 83 3 53 3 9 31 8 25 2 42 1 3 80 3 5 11 2 37 9 31 3 6 26 7 94 3 11 2 4 75 8 76 
122: 10 3 0 38 5 83 1 78 1 5 79 1 8 80 3 7 45 6 40 1 22 2 1 67 7 60 3 7 65 6 92 8 90 1 4 32 3 9 77 6 49 0 86 2 0 90 8 39 2 2 10 9 39 
206: 10 3 5 80 4 84 8 34 2 6 43 5 71 3 5 78 8 65 1 23 1 2 93 1 1 31 3 1 39 4 91 9 17 1 0 26 2 1 27 6 93 1 6 66 2 3 11 1 36 
299: 10 1 0 61 1 9 32 1 6 48 1 8 39 1 1 85 2 2 80 1 48 3 0 74 5 68 3 69 2 3 80 2 84 2 4 74 3 38 1 8 33 
409: 10 2 9 14 6 32 2 9 95 5 96 3 4 52 3 57 6 88 2 9 73 0 15 1 2 42 3 2 50 1 85 3 30 2 3 33 5 53 1 8 84 3 5 30 4 30 7 85 1 8 31 

# Cancelled Jobs (cancel_time initial_job_sim_idx_to_cancel)
Cancelled Jobs
197 11
413 8
703 19

# ETPC Constraints (fore_job_sim_idx fore_op_idx hind_job_sim_idx hind_op_idx time_lapse)
ETPC Constraints
16 2 20 0 6
11 5 12 3 5
5 3 1 1 4
14 9 13 1 5
7 3 4 6 5
24 0 17 7 17
24 6 21 9 11
17 9 1 7 12
16 6 8 5 11
13 6 15 3 12
4 7 8 3 11
14 0 17 2 4
3 1 21 2 14
0 2 9 2 19
21 5 12 9 3
22 6 14 4 12
2 8 9 9 20
0 7 2 6 10
6 2 8 5 19
19 4 15 8 6
13 0 23 3 11
22 1 2 3 16
11 5 8 6 8
13 2 8 3 3
17 0 18 7 15
5 7 8 8 20
24 9 21 6 16
2 2 10 7 9
17 3 1 7 7
9 6 4 7 20
2 3 10 2 19
14 5 17 3 14
23 9 4 9 4
19 4 11 1 12
21 9 16 0 13
12 5 15 4 3
10 5 16 1 10
6 0 18 2 14
19 2 10 2 14
16 3 20 2 12
3 0 2 3 5
19 6 8 7 6
20 3 11 3 17
7 1 2 3 15
4 5 2 9 10
6 5 11 8 3
4 7 12 2 20
11 9 19 2 14
9 8 21 3 6
19 8 24 9 20
