20 10
10 1 6 32 1 3 16 1 1 33 1 8 12 2 7 70 9 70 1 4 10 1 9 75 1 0 82 1 5 88 1 2 20 
10 1 8 39 1 4 81 2 3 91 8 91 1 5 56 1 9 69 2 1 45 9 45 1 6 59 1 0 86 1 2 36 1 7 68 
10 1 3 84 2 2 57 5 57 1 7 41 1 5 73 1 4 81 1 0 88 1 8 38 2 9 17 3 17 1 6 83 1 1 5 
10 2 4 20 2 20 1 5 6 1 2 15 1 8 19 1 1 30 1 0 94 1 6 45 1 7 17 1 3 18 1 9 88 
10 1 9 24 2 6 49 0 49 1 5 16 1 4 11 2 3 60 2 60 1 7 5 1 8 63 2 1 25 5 25 2 2 15 7 15 2 0 45 7 45 
10 1 1 86 1 8 50 1 2 77 1 6 54 1 9 48 1 0 93 1 3 32 1 7 92 1 5 45 1 4 71 
10 1 5 86 1 6 90 1 3 78 1 9 88 1 2 57 1 0 32 1 7 57 1 8 86 1 4 71 1 1 39 
10 2 2 59 9 59 1 3 18 1 9 31 1 4 41 1 7 20 1 5 83 1 8 65 1 0 54 1 6 94 2 1 69 9 69 
10 1 3 47 1 4 79 1 6 76 1 0 59 1 1 72 1 2 8 1 9 30 1 5 73 1 7 57 1 8 84 
10 2 0 59 9 59 1 2 89 1 4 10 1 7 45 1 3 8 1 5 54 1 6 88 1 8 20 1 9 7 1 1 62 
10 1 5 63 1 6 9 2 4 77 7 77 1 3 37 1 2 5 1 8 13 1 9 79 1 1 24 1 7 10 2 0 82 1 82 
10 1 0 74 1 1 32 1 2 61 1 7 53 1 4 92 1 9 20 1 8 10 1 3 5 1 6 45 1 5 23 
10 2 2 85 8 85 1 9 51 1 0 61 2 5 99 6 99 1 4 37 1 6 94 2 1 98 0 98 1 8 65 1 3 33 1 7 75 
10 2 0 51 7 51 1 3 24 1 5 8 1 6 30 1 7 12 1 8 23 2 2 7 9 7 1 4 17 1 9 35 1 1 81 
10 1 1 71 2 5 42 2 42 1 8 68 1 2 31 1 6 29 1 3 63 1 4 65 1 9 70 1 7 27 2 0 93 8 93 
10 1 1 28 1 5 38 1 4 51 1 7 70 1 2 33 1 8 78 1 9 45 1 3 90 1 6 54 1 0 72 
10 2 0 18 8 18 1 2 90 1 4 25 1 6 92 1 8 85 1 5 35 1 7 29 1 1 81 1 9 80 1 3 59 
10 1 5 67 1 2 96 1 1 38 1 4 86 1 0 97 1 3 94 1 7 86 3 6 35 7 35 4 35 1 9 82 1 8 45 
10 1 2 92 2 8 51 5 51 1 4 59 1 6 52 1 5 8 1 9 70 1 1 75 1 3 54 1 7 60 1 0 33 
10 1 3 98 1 7 80 1 5 78 1 0 82 1 2 7 1 9 89 1 1 69 1 4 51 1 8 79 1 6 62 

Dynamic Events

# Machine Breakdowns (machine_id start_time end_time)
Machine Breakdowns
0 440 473
3 599 629
5 355 393

# Added Jobs (arrival_time: num_ops num_alts_op1 m1 p1 ... num_alts_op2 m1 p1 ...)
Added Jobs
158: 10 1 4 85 2 8 45 6 12 2 8 77 1 86 3 3 18 4 22 1 95 1 3 85 3 8 55 4 20 5 47 2 2 11 6 67 3 7 68 8 35 0 47 2 0 48 2 39 1 2 57 
172: 10 2 6 33 9 56 1 3 80 2 7 85 0 55 2 9 26 3 96 2 1 23 5 64 2 5 30 0 24 1 9 45 1 9 41 1 2 8 3 1 54 0 78 8 87 
212: 10 1 9 64 3 1 49 0 49 8 28 2 1 19 9 86 1 8 63 2 1 77 4 76 3 7 20 3 40 2 26 1 4 89 1 3 54 1 6 31 2 3 14 2 26 
338: 10 3 0 48 4 67 1 17 1 6 29 3 6 90 5 22 7 15 2 7 63 0 22 1 5 94 1 0 21 1 0 98 1 3 69 1 5 25 2 0 45 1 57 
339: 10 3 8 32 0 95 5 30 2 5 46 1 32 1 7 63 1 8 93 2 1 22 6 18 3 3 37 1 50 7 56 2 7 84 3 21 3 8 82 6 75 9 16 1 9 23 3 1 49 9 28 4 14 
392: 10 1 1 25 3 7 69 8 12 6 19 1 7 63 1 7 9 3 5 49 6 47 7 12 3 3 13 5 76 6 65 1 2 86 1 1 15 2 5 37 4 78 1 2 60 

# ETPC Constraints (fore_job_sim_idx fore_op_idx hind_job_sim_idx hind_op_idx time_lapse)
ETPC Constraints
6 7 16 1 8
15 0 20 8 18
25 2 11 8 14
19 7 14 4 15
12 1 6 5 17
5 8 10 0 13
0 6 18 4 15
10 1 21 8 6
8 7 12 8 3
1 4 0 8 9
21 9 2 2 17
18 4 10 2 6
6 4 19 5 13
5 0 3 9 16
0 3 14 4 6
8 7 12 3 18
1 8 22 3 6
22 6 18 2 18
16 2 19 2 9
6 4 2 3 6
9 2 23 1 7
13 7 25 1 5
11 7 22 8 16
11 9 20 9 7
16 1 13 1 16
21 5 6 1 17
20 8 24 8 20
20 5 9 7 18
9 5 7 9 12
21 5 12 6 13
18 7 1 7 10
11 3 10 1 3
7 8 5 3 6
21 3 4 8 17
24 6 6 9 17
5 5 11 9 15
24 0 0 0 5
24 5 1 1 16
11 9 22 6 10
12 0 4 0 20
5 9 0 1 5
1 7 12 1 6
20 9 3 5 8
15 3 3 9 13
24 2 11 6 20
22 1 15 3 15
3 1 1 3 5
14 4 13 2 19
4 9 11 2 14
20 6 1 8 4
9 2 20 2 16
8 8 3 6 5
