20 10
10 1 6 32 1 3 16 1 1 33 1 8 12 2 7 70 9 70 1 4 10 1 9 75 1 0 82 1 5 88 1 2 20 
10 1 8 39 1 4 81 2 3 91 8 91 1 5 56 1 9 69 2 1 45 9 45 1 6 59 1 0 86 1 2 36 1 7 68 
10 1 3 84 2 2 57 5 57 1 7 41 1 5 73 1 4 81 1 0 88 1 8 38 2 9 17 3 17 1 6 83 1 1 5 
10 2 4 20 2 20 1 5 6 1 2 15 1 8 19 1 1 30 1 0 94 1 6 45 1 7 17 1 3 18 1 9 88 
10 1 9 24 2 6 49 0 49 1 5 16 1 4 11 2 3 60 2 60 1 7 5 1 8 63 2 1 25 5 25 2 2 15 7 15 2 0 45 7 45 
10 1 1 86 1 8 50 1 2 77 1 6 54 1 9 48 1 0 93 1 3 32 1 7 92 1 5 45 1 4 71 
10 1 5 86 1 6 90 1 3 78 1 9 88 1 2 57 1 0 32 1 7 57 1 8 86 1 4 71 1 1 39 
10 2 2 59 9 59 1 3 18 1 9 31 1 4 41 1 7 20 1 5 83 1 8 65 1 0 54 1 6 94 2 1 69 9 69 
10 1 3 47 1 4 79 1 6 76 1 0 59 1 1 72 1 2 8 1 9 30 1 5 73 1 7 57 1 8 84 
10 2 0 59 9 59 1 2 89 1 4 10 1 7 45 1 3 8 1 5 54 1 6 88 1 8 20 1 9 7 1 1 62 
10 1 5 63 1 6 9 2 4 77 7 77 1 3 37 1 2 5 1 8 13 1 9 79 1 1 24 1 7 10 2 0 82 1 82 
10 1 0 74 1 1 32 1 2 61 1 7 53 1 4 92 1 9 20 1 8 10 1 3 5 1 6 45 1 5 23 
10 2 2 85 8 85 1 9 51 1 0 61 2 5 99 6 99 1 4 37 1 6 94 2 1 98 0 98 1 8 65 1 3 33 1 7 75 
10 2 0 51 7 51 1 3 24 1 5 8 1 6 30 1 7 12 1 8 23 2 2 7 9 7 1 4 17 1 9 35 1 1 81 
10 1 1 71 2 5 42 2 42 1 8 68 1 2 31 1 6 29 1 3 63 1 4 65 1 9 70 1 7 27 2 0 93 8 93 
10 1 1 28 1 5 38 1 4 51 1 7 70 1 2 33 1 8 78 1 9 45 1 3 90 1 6 54 1 0 72 
10 2 0 18 8 18 1 2 90 1 4 25 1 6 92 1 8 85 1 5 35 1 7 29 1 1 81 1 9 80 1 3 59 
10 1 5 67 1 2 96 1 1 38 1 4 86 1 0 97 1 3 94 1 7 86 3 6 35 7 35 4 35 1 9 82 1 8 45 
10 1 2 92 2 8 51 5 51 1 4 59 1 6 52 1 5 8 1 9 70 1 1 75 1 3 54 1 7 60 1 0 33 
10 1 3 98 1 7 80 1 5 78 1 0 82 1 2 7 1 9 89 1 1 69 1 4 51 1 8 79 1 6 62 

Dynamic Events

# Machine Breakdowns (machine_id start_time end_time)
Machine Breakdowns
8 570 608

# Added Jobs (arrival_time: num_ops num_alts_op1 m1 p1 ... num_alts_op2 m1 p1 ...)
Added Jobs
127: 10 3 7 58 9 21 1 60 2 1 35 9 63 2 9 78 5 82 2 8 93 2 31 2 8 39 2 39 3 7 35 5 10 9 63 3 3 43 5 44 0 40 1 8 33 2 4 39 6 38 3 8 53 4 37 7 57 
161: 10 3 3 51 8 32 7 18 1 3 61 3 4 24 9 37 0 35 1 1 22 3 3 92 8 43 5 68 1 2 10 2 6 66 4 37 3 3 56 0 97 7 85 1 0 57 2 9 87 1 68 
366: 10 2 2 24 6 75 2 0 64 6 19 3 6 61 8 81 2 5 1 3 85 1 8 43 1 1 13 1 5 74 3 2 36 3 65 9 21 1 2 54 1 4 47 
414: 10 3 8 17 2 79 3 67 3 1 70 6 83 5 50 1 0 24 1 9 82 1 3 49 1 3 62 3 0 62 5 90 7 91 1 0 98 2 6 55 3 62 3 1 26 0 82 8 35 
477: 10 3 7 29 9 39 2 11 2 5 65 2 21 2 9 7 3 71 1 0 56 3 6 79 8 60 7 23 1 8 48 1 6 10 1 5 15 1 5 24 1 7 35 
480: 10 1 9 65 2 3 44 7 70 3 6 73 0 70 9 57 1 6 15 3 8 48 7 41 3 25 3 8 21 7 85 3 6 1 8 29 3 8 38 6 75 0 67 3 3 51 0 85 7 8 3 6 22 2 88 0 54 

# Cancelled Jobs (cancel_time initial_job_sim_idx_to_cancel)
Cancelled Jobs
879 5

# ETPC Constraints (fore_job_sim_idx fore_op_idx hind_job_sim_idx hind_op_idx time_lapse)
ETPC Constraints
0 2 24 9 7
6 1 20 1 19
16 0 12 9 20
4 3 18 7 17
7 6 19 9 7
18 4 17 2 18
10 8 0 2 4
6 7 14 5 4
25 4 9 0 3
13 3 4 8 7
11 1 3 8 10
23 3 17 2 15
7 0 14 8 15
12 2 14 1 14
18 9 19 5 14
23 5 1 8 11
3 9 4 2 17
21 0 9 8 13
22 2 4 3 12
11 7 13 1 10
10 9 14 2 13
20 2 4 0 19
14 3 12 8 6
5 1 16 3 9
19 3 2 6 7
13 7 25 8 16
4 9 5 8 20
14 9 7 1 7
16 0 21 4 15
7 1 9 2 6
25 1 11 5 20
15 0 17 0 20
3 8 8 7 19
17 2 24 2 15
13 7 17 2 18
7 4 14 4 17
5 5 20 6 6
10 3 3 9 13
21 2 7 6 9
4 0 7 3 18
7 6 25 3 14
15 1 23 2 8
13 5 25 9 12
2 6 20 4 19
5 8 7 7 5
7 7 24 8 9
12 9 4 6 15
2 6 6 5 20
22 4 7 0 6
9 5 16 0 17
11 2 10 1 10
9 2 24 6 11
