30 10
10 1 4 21 1 7 26 1 9 16 1 2 34 2 3 55 7 55 1 8 52 1 5 95 1 6 71 1 1 21 1 0 53 
10 1 8 77 1 5 98 2 1 42 5 42 1 7 66 1 2 31 1 3 39 2 6 77 5 77 1 9 79 1 4 55 1 0 12 
10 1 2 64 2 4 92 9 92 1 3 34 1 1 19 1 8 62 1 6 54 1 7 43 1 0 83 2 9 79 3 79 1 5 37 
10 1 0 93 2 8 24 2 24 1 3 69 1 7 38 1 5 77 1 2 87 1 4 60 1 6 41 1 1 87 1 9 83 
10 1 9 77 1 0 44 2 4 96 0 96 1 8 79 1 6 75 2 2 98 7 98 1 5 25 1 3 17 2 7 43 8 43 1 1 49 
10 2 3 76 7 76 1 2 35 1 5 28 1 0 95 1 7 95 1 4 61 1 8 35 1 1 7 1 6 9 1 9 10 
10 1 1 91 1 7 27 1 8 50 1 3 16 1 4 28 1 5 59 1 6 52 1 0 46 1 2 59 1 9 43 
10 1 1 45 2 7 71 2 71 1 2 39 1 0 87 1 8 14 1 6 54 1 3 41 1 9 43 1 5 9 1 4 20 
10 1 2 37 2 3 26 4 26 1 4 33 1 9 42 1 0 78 1 6 89 1 7 8 1 8 66 1 1 28 1 5 33 
10 1 1 74 1 0 69 2 5 84 4 84 1 3 27 1 9 81 1 7 45 1 8 69 1 2 94 1 6 78 1 4 96 
10 1 5 76 1 7 32 1 6 18 1 0 20 2 3 87 7 87 1 2 17 1 9 25 1 4 24 1 1 31 1 8 81 
10 2 9 97 8 97 1 8 90 1 5 28 1 7 86 1 0 58 1 1 72 1 2 23 1 6 76 1 3 99 1 4 45 
10 1 9 48 1 5 27 3 6 67 3 67 8 67 2 7 62 6 62 1 4 98 1 0 42 2 1 46 0 46 1 8 27 1 3 48 1 2 17 
10 2 9 80 7 80 1 3 19 1 5 28 1 1 12 1 4 94 1 6 63 2 7 98 9 98 1 8 50 1 0 80 1 2 50 
10 1 2 50 2 1 41 2 41 1 4 61 1 8 79 1 5 14 1 9 72 1 7 18 1 3 55 1 6 37 2 0 75 8 75 
10 1 9 22 1 5 57 1 4 75 1 2 14 1 7 65 1 3 96 1 1 71 1 0 47 1 8 79 1 6 60 
10 2 3 32 8 32 1 2 69 1 4 44 1 1 31 1 9 51 1 0 33 1 6 34 1 5 58 1 7 47 1 8 58 
10 1 8 66 1 7 40 1 2 17 1 0 62 1 9 38 1 5 8 1 6 15 3 3 29 7 29 4 29 1 1 44 1 4 97 
10 1 3 50 2 2 58 5 58 1 6 21 1 4 63 1 7 57 1 8 32 1 5 20 1 9 87 1 0 57 1 1 39 
10 1 4 20 1 6 67 1 1 85 1 2 90 1 7 70 1 0 84 1 8 30 1 5 56 1 3 61 1 9 15 
10 1 6 29 1 0 82 1 4 18 1 3 38 1 7 21 1 8 50 1 1 23 1 5 84 1 2 45 1 9 41 
10 1 3 54 2 9 37 7 37 1 6 62 1 5 16 2 0 52 7 52 2 8 57 7 57 1 4 54 2 2 38 8 38 2 7 74 6 74 1 1 52 
10 1 4 79 1 1 61 1 8 11 1 0 81 1 7 89 1 6 89 1 5 57 2 3 68 1 68 1 9 81 1 2 30 
10 1 9 24 1 1 66 1 4 32 1 3 33 1 8 8 1 2 20 1 6 84 2 0 91 1 91 1 7 55 1 5 20 
10 1 3 54 1 2 64 1 6 83 1 9 40 1 7 8 1 0 7 1 4 19 1 5 56 1 1 39 1 8 7 
10 1 1 6 2 4 74 9 74 2 0 63 6 63 1 2 64 1 9 15 1 6 42 1 7 98 1 8 61 1 5 40 1 3 91 
10 2 1 80 3 80 1 3 75 1 0 26 1 2 87 1 9 22 1 7 39 1 8 24 1 4 75 1 6 44 1 5 6 
10 1 5 8 1 3 79 1 6 61 1 1 15 1 0 12 1 7 43 2 8 26 1 26 1 9 22 1 2 20 2 4 80 7 80 
10 1 1 36 1 0 63 1 7 10 1 4 22 1 3 96 1 5 40 1 9 5 1 8 18 1 6 33 1 2 62 
10 1 4 8 1 8 15 1 2 64 1 3 95 1 1 96 2 6 38 1 38 1 7 18 1 9 23 1 5 64 2 0 89 2 89 

Dynamic Events

# Machine Breakdowns (machine_id start_time end_time)
Machine Breakdowns
5 172 209

# Added Jobs (arrival_time: num_ops num_alts_op1 m1 p1 ... num_alts_op2 m1 p1 ...)
Added Jobs
266: 10 2 7 63 0 40 2 2 61 4 37 3 2 76 5 51 4 59 2 3 83 2 15 1 6 32 3 1 12 2 18 3 39 2 5 40 3 17 3 5 90 2 41 1 23 2 1 14 7 10 1 8 46 
280: 10 3 8 32 2 53 1 12 2 2 44 6 38 3 4 20 6 86 2 76 3 8 28 9 47 1 74 1 3 94 2 4 20 9 11 3 6 31 5 17 2 97 1 7 83 2 1 8 2 57 3 7 85 4 37 1 96 
311: 10 2 5 79 2 24 3 9 11 3 90 2 25 3 7 57 9 50 8 43 2 4 9 6 86 3 1 26 8 42 0 35 3 1 62 9 25 5 9 2 5 52 7 96 1 2 78 1 3 43 2 0 96 7 93 
420: 10 1 5 94 1 9 87 2 1 55 3 71 2 9 66 6 29 3 4 66 1 13 9 12 2 4 18 5 25 1 1 45 1 1 70 2 9 45 3 33 2 7 45 2 65 
677: 10 2 8 34 5 6 3 0 79 3 79 9 54 1 0 31 2 8 26 9 40 3 0 66 4 98 1 55 3 5 20 9 15 2 80 2 6 18 8 78 2 0 8 7 69 3 6 89 5 15 3 28 2 9 60 2 76 

# Cancelled Jobs (cancel_time initial_job_sim_idx_to_cancel)
Cancelled Jobs
79 21
561 6
710 12
901 16

# ETPC Constraints (fore_job_sim_idx fore_op_idx hind_job_sim_idx hind_op_idx time_lapse)
ETPC Constraints
25 3 33 5 4
16 0 25 7 17
15 5 1 7 20
3 7 24 8 12
24 8 9 2 5
16 9 32 8 19
11 7 12 6 5
17 8 16 8 9
27 9 4 2 6
17 2 28 5 12
15 1 14 4 20
3 0 20 9 13
31 7 7 8 3
17 9 25 0 12
34 9 28 0 5
1 4 19 0 12
27 0 34 6 20
3 9 29 5 7
6 2 9 7 5
8 9 14 1 3
18 1 12 1 15
31 9 33 1 19
32 1 24 5 5
2 2 13 0 5
9 2 21 5 8
9 4 3 3 18
16 8 7 2 6
5 9 22 2 13
27 0 30 5 14
10 6 18 0 20
33 2 25 4 14
31 0 26 9 4
33 3 13 0 16
27 6 17 3 4
26 9 3 5 18
14 5 27 5 12
27 8 17 2 5
7 1 4 6 6
20 4 22 7 10
9 9 32 7 16
21 5 28 1 13
11 6 33 1 5
31 2 0 1 6
25 9 5 3 8
25 5 30 5 17
11 6 30 2 11
26 9 13 2 4
24 5 4 0 16
1 7 21 2 18
17 3 9 7 18
16 4 34 4 10
25 5 16 0 15
21 8 2 7 4
12 6 31 7 17
2 8 10 0 11
8 5 29 4 5
12 4 10 9 6
29 0 17 2 6
19 0 15 4 8
15 8 7 1 20
8 6 12 2 4
29 0 13 7 8
33 4 21 5 7
1 0 34 0 12
6 1 28 0 13
3 4 1 5 18
21 6 30 3 6
16 8 14 6 18
29 2 28 6 14
21 0 8 8 17
