30 10
10 1 4 21 1 7 26 1 9 16 1 2 34 2 3 55 7 55 1 8 52 1 5 95 1 6 71 1 1 21 1 0 53 
10 1 8 77 1 5 98 2 1 42 5 42 1 7 66 1 2 31 1 3 39 2 6 77 5 77 1 9 79 1 4 55 1 0 12 
10 1 2 64 2 4 92 9 92 1 3 34 1 1 19 1 8 62 1 6 54 1 7 43 1 0 83 2 9 79 3 79 1 5 37 
10 1 0 93 2 8 24 2 24 1 3 69 1 7 38 1 5 77 1 2 87 1 4 60 1 6 41 1 1 87 1 9 83 
10 1 9 77 1 0 44 2 4 96 0 96 1 8 79 1 6 75 2 2 98 7 98 1 5 25 1 3 17 2 7 43 8 43 1 1 49 
10 2 3 76 7 76 1 2 35 1 5 28 1 0 95 1 7 95 1 4 61 1 8 35 1 1 7 1 6 9 1 9 10 
10 1 1 91 1 7 27 1 8 50 1 3 16 1 4 28 1 5 59 1 6 52 1 0 46 1 2 59 1 9 43 
10 1 1 45 2 7 71 2 71 1 2 39 1 0 87 1 8 14 1 6 54 1 3 41 1 9 43 1 5 9 1 4 20 
10 1 2 37 2 3 26 4 26 1 4 33 1 9 42 1 0 78 1 6 89 1 7 8 1 8 66 1 1 28 1 5 33 
10 1 1 74 1 0 69 2 5 84 4 84 1 3 27 1 9 81 1 7 45 1 8 69 1 2 94 1 6 78 1 4 96 
10 1 5 76 1 7 32 1 6 18 1 0 20 2 3 87 7 87 1 2 17 1 9 25 1 4 24 1 1 31 1 8 81 
10 2 9 97 8 97 1 8 90 1 5 28 1 7 86 1 0 58 1 1 72 1 2 23 1 6 76 1 3 99 1 4 45 
10 1 9 48 1 5 27 3 6 67 3 67 8 67 2 7 62 6 62 1 4 98 1 0 42 2 1 46 0 46 1 8 27 1 3 48 1 2 17 
10 2 9 80 7 80 1 3 19 1 5 28 1 1 12 1 4 94 1 6 63 2 7 98 9 98 1 8 50 1 0 80 1 2 50 
10 1 2 50 2 1 41 2 41 1 4 61 1 8 79 1 5 14 1 9 72 1 7 18 1 3 55 1 6 37 2 0 75 8 75 
10 1 9 22 1 5 57 1 4 75 1 2 14 1 7 65 1 3 96 1 1 71 1 0 47 1 8 79 1 6 60 
10 2 3 32 8 32 1 2 69 1 4 44 1 1 31 1 9 51 1 0 33 1 6 34 1 5 58 1 7 47 1 8 58 
10 1 8 66 1 7 40 1 2 17 1 0 62 1 9 38 1 5 8 1 6 15 3 3 29 7 29 4 29 1 1 44 1 4 97 
10 1 3 50 2 2 58 5 58 1 6 21 1 4 63 1 7 57 1 8 32 1 5 20 1 9 87 1 0 57 1 1 39 
10 1 4 20 1 6 67 1 1 85 1 2 90 1 7 70 1 0 84 1 8 30 1 5 56 1 3 61 1 9 15 
10 1 6 29 1 0 82 1 4 18 1 3 38 1 7 21 1 8 50 1 1 23 1 5 84 1 2 45 1 9 41 
10 1 3 54 2 9 37 7 37 1 6 62 1 5 16 2 0 52 7 52 2 8 57 7 57 1 4 54 2 2 38 8 38 2 7 74 6 74 1 1 52 
10 1 4 79 1 1 61 1 8 11 1 0 81 1 7 89 1 6 89 1 5 57 2 3 68 1 68 1 9 81 1 2 30 
10 1 9 24 1 1 66 1 4 32 1 3 33 1 8 8 1 2 20 1 6 84 2 0 91 1 91 1 7 55 1 5 20 
10 1 3 54 1 2 64 1 6 83 1 9 40 1 7 8 1 0 7 1 4 19 1 5 56 1 1 39 1 8 7 
10 1 1 6 2 4 74 9 74 2 0 63 6 63 1 2 64 1 9 15 1 6 42 1 7 98 1 8 61 1 5 40 1 3 91 
10 2 1 80 3 80 1 3 75 1 0 26 1 2 87 1 9 22 1 7 39 1 8 24 1 4 75 1 6 44 1 5 6 
10 1 5 8 1 3 79 1 6 61 1 1 15 1 0 12 1 7 43 2 8 26 1 26 1 9 22 1 2 20 2 4 80 7 80 
10 1 1 36 1 0 63 1 7 10 1 4 22 1 3 96 1 5 40 1 9 5 1 8 18 1 6 33 1 2 62 
10 1 4 8 1 8 15 1 2 64 1 3 95 1 1 96 2 6 38 1 38 1 7 18 1 9 23 1 5 64 2 0 89 2 89 

Dynamic Events

# Machine Breakdowns (machine_id start_time end_time)
Machine Breakdowns
1 620 654
2 392 427
4 1480 1507
8 1230 1265

# Added Jobs (arrival_time: num_ops num_alts_op1 m1 p1 ... num_alts_op2 m1 p1 ...)
Added Jobs
190: 10 2 4 27 0 13 3 5 44 0 27 2 75 2 8 43 5 50 1 5 63 2 1 20 6 52 2 7 10 3 57 3 8 85 9 13 6 11 1 5 25 1 6 75 2 1 55 9 70 
279: 10 3 0 8 4 28 9 49 2 9 77 0 16 3 9 7 8 73 6 89 3 2 51 9 58 0 66 3 5 72 1 6 9 67 3 5 19 7 72 8 7 1 2 26 3 2 81 8 34 1 91 1 8 68 2 5 36 9 88 
331: 10 1 1 52 1 0 65 2 3 99 9 46 3 9 80 6 46 8 78 3 2 33 4 50 5 55 1 3 55 2 6 31 4 17 1 8 40 3 8 88 3 93 2 61 1 0 9 
377: 10 1 7 42 1 1 60 2 5 39 2 74 1 6 12 3 7 37 6 51 8 84 2 8 9 2 67 2 6 15 0 67 3 3 46 0 68 8 91 3 6 80 1 64 5 87 1 5 89 
689: 10 2 2 66 8 90 3 2 52 4 91 1 34 3 4 43 8 71 3 61 3 9 14 8 26 4 46 1 3 38 1 4 50 2 6 14 8 36 1 4 40 3 1 67 4 13 2 79 3 3 41 5 43 8 77 

# Cancelled Jobs (cancel_time initial_job_sim_idx_to_cancel)
Cancelled Jobs
948 15
1048 7

# ETPC Constraints (fore_job_sim_idx fore_op_idx hind_job_sim_idx hind_op_idx time_lapse)
ETPC Constraints
21 1 14 9 18
15 9 28 5 18
26 4 27 3 20
25 6 4 2 16
18 7 2 5 8
18 0 30 9 14
28 8 31 5 4
9 4 6 5 11
9 0 27 7 12
32 4 33 7 7
23 1 34 5 11
2 3 6 4 18
32 9 29 9 9
23 8 17 8 6
13 8 34 3 16
23 2 6 0 18
27 3 7 3 19
14 3 10 9 6
21 8 20 1 12
24 2 29 1 17
34 2 24 3 3
28 4 24 7 6
23 2 17 9 5
3 5 34 4 12
32 7 7 3 3
4 5 14 4 4
16 3 5 8 3
8 5 14 7 13
29 0 7 0 3
7 3 16 0 11
18 8 1 2 9
10 7 28 3 8
13 9 7 7 20
11 0 6 3 3
21 1 17 1 15
11 2 20 6 14
1 7 29 8 14
5 2 15 9 20
32 6 13 5 15
11 9 14 8 13
9 9 33 3 6
18 4 6 3 12
3 3 6 4 9
23 9 25 3 8
29 5 22 7 9
23 1 34 2 12
31 0 8 2 6
33 6 30 1 4
6 7 0 8 19
14 9 4 3 15
33 3 30 0 20
2 9 26 5 14
3 8 32 1 10
5 9 29 2 3
31 2 10 6 3
16 5 2 0 19
26 9 27 6 8
19 1 33 7 10
29 3 1 4 13
17 2 32 5 5
32 2 25 6 3
33 3 12 1 16
28 3 26 4 16
4 1 12 1 18
28 7 19 9 4
19 9 11 9 15
0 0 30 9 8
1 9 3 9 4
15 7 13 1 13
6 8 11 5 19
