30 10
10 1 6 89 1 1 58 1 4 97 1 2 44 2 8 77 7 77 1 3 5 1 0 9 1 5 58 1 9 96 1 7 84 
10 1 7 31 1 2 81 2 9 73 5 73 1 4 15 1 1 87 1 5 39 2 8 57 5 57 1 0 77 1 3 85 1 6 21 
10 1 2 48 2 5 71 9 71 1 0 40 1 3 70 1 1 49 1 6 22 1 4 10 1 8 34 2 7 80 3 80 1 9 82 
10 1 4 11 2 6 72 2 72 1 7 62 1 0 55 1 2 17 1 5 75 1 3 7 1 1 91 1 9 35 1 8 47 
10 1 0 64 1 6 71 2 4 12 0 12 1 1 90 1 2 94 2 3 75 2 75 1 9 20 1 8 15 2 5 50 8 50 1 7 67 
10 2 2 29 7 29 1 6 93 1 3 68 1 5 93 1 1 57 1 8 77 1 0 52 1 9 7 1 4 58 1 7 70 
10 1 4 26 1 3 27 1 1 63 1 5 6 1 6 87 1 7 56 1 8 48 1 9 36 1 0 95 1 2 82 
10 1 1 8 2 7 76 2 76 1 3 76 1 4 30 1 6 84 1 9 78 1 8 41 1 0 36 1 2 36 1 5 15 
10 1 3 13 2 8 29 4 29 1 0 75 1 2 81 1 1 78 1 5 88 1 4 54 1 9 40 1 7 13 1 6 82 
10 1 0 52 1 2 6 2 3 6 4 6 1 5 82 1 6 64 1 9 88 1 8 54 1 4 54 1 7 32 1 1 26 
10 1 8 62 1 1 35 1 4 72 1 7 69 2 0 62 7 62 1 5 32 1 9 5 1 3 61 1 2 67 1 6 93 
10 2 2 78 8 78 1 3 11 1 7 82 1 4 7 1 1 72 1 8 64 1 9 90 1 0 85 1 5 88 1 6 63 
10 1 7 50 1 4 28 3 3 35 8 35 2 35 2 1 66 3 66 1 2 27 2 8 49 0 49 1 9 11 1 6 88 1 5 31 2 0 44 1 44 
10 1 4 62 1 5 39 1 0 76 1 2 14 1 6 56 1 3 97 2 1 7 0 7 1 7 69 1 9 66 1 8 47 
10 2 6 47 9 47 1 2 41 1 0 64 1 7 58 1 9 57 1 8 93 1 3 69 1 5 53 2 1 18 3 18 1 4 79 
10 1 7 76 1 9 81 1 0 76 1 6 61 1 4 77 1 8 26 1 2 74 1 5 22 1 1 58 2 3 78 1 78 
10 1 6 30 1 8 72 1 3 43 1 0 65 1 1 16 1 4 92 1 5 95 1 9 29 1 2 99 1 7 64 
10 1 1 35 1 3 74 1 5 16 1 4 85 1 0 7 1 2 81 2 6 86 3 86 1 8 61 1 9 35 1 7 34 
10 1 1 97 2 7 43 5 43 1 4 72 1 6 88 1 5 17 1 0 43 1 8 94 1 3 64 1 9 22 1 2 42 
10 1 7 99 1 2 84 1 8 99 1 5 98 1 1 20 1 6 31 1 3 74 1 0 92 1 9 23 1 4 89 
10 1 8 32 1 0 6 1 4 55 1 5 19 1 9 81 1 1 81 1 7 40 1 6 9 1 3 37 1 2 40 
10 1 6 15 2 2 70 7 70 1 8 25 1 1 46 2 9 65 7 65 2 4 64 7 64 1 7 21 2 0 77 8 77 2 5 65 6 65 1 3 55 
10 1 8 31 1 7 84 1 5 37 1 3 24 1 2 85 1 4 89 1 9 29 2 1 44 7 44 1 0 40 1 6 83 
10 1 4 80 1 0 8 1 9 41 1 5 59 1 7 56 1 3 38 3 2 30 5 30 4 30 1 8 97 1 6 77 1 1 80 
10 1 9 59 1 0 91 1 3 50 1 8 80 1 1 17 1 6 40 1 2 71 1 5 56 1 4 88 2 7 7 9 7 
10 2 7 36 6 36 1 3 58 1 4 54 1 5 77 1 2 8 1 6 9 1 0 45 1 9 10 2 1 29 3 29 1 8 96 
10 1 0 28 1 3 92 1 2 73 1 7 27 1 8 86 1 5 87 1 9 96 1 1 98 1 6 99 1 4 70 
10 1 9 32 1 1 95 1 3 85 1 6 81 2 2 41 1 41 1 8 39 1 7 92 2 0 59 7 59 1 5 56 1 4 52 
10 1 4 93 1 2 12 1 5 22 1 6 27 1 8 45 1 7 69 1 3 60 1 1 7 1 0 88 1 9 49 
10 1 2 61 1 5 26 1 9 71 2 8 44 6 44 1 0 21 1 6 82 1 3 68 1 7 33 2 1 84 2 84 1 4 99 

Dynamic Events

# Machine Breakdowns (machine_id start_time end_time)
Machine Breakdowns
2 1120 1150

# Added Jobs (arrival_time: num_ops num_alts_op1 m1 p1 ... num_alts_op2 m1 p1 ...)
Added Jobs
521: 10 2 0 85 5 32 3 3 96 6 96 4 71 3 7 59 4 66 3 92 2 9 75 1 65 2 5 27 8 64 1 1 34 3 7 42 0 52 6 20 1 1 89 2 4 21 6 96 2 6 75 3 93 
568: 10 2 7 33 3 76 3 1 74 9 49 4 11 3 0 57 4 51 8 87 1 6 11 1 0 69 2 0 22 2 68 2 7 23 3 87 2 3 39 9 72 3 8 60 1 36 6 83 3 7 23 4 97 0 31 
581: 10 1 9 86 1 9 83 2 4 11 8 18 1 0 57 3 0 22 7 23 3 15 1 4 98 3 6 89 8 73 4 58 3 4 82 6 68 9 45 3 8 62 6 94 4 72 1 1 62 
606: 10 3 7 36 0 32 3 40 3 5 84 4 32 1 71 3 2 34 1 79 5 73 2 6 76 2 68 1 9 72 3 5 61 8 30 7 42 3 1 71 5 42 2 88 1 6 92 1 6 59 3 2 66 9 43 7 22 
621: 10 1 9 65 3 2 8 0 68 9 42 3 1 19 2 63 9 85 2 8 17 7 37 3 9 68 6 19 7 51 2 8 20 6 35 2 8 20 3 81 2 1 17 6 16 1 4 51 1 9 90 
689: 10 2 3 89 2 79 2 1 49 5 72 1 0 44 1 5 89 3 1 21 3 26 7 96 1 1 10 1 7 54 1 3 32 2 9 88 5 31 2 3 5 7 92 

# Cancelled Jobs (cancel_time initial_job_sim_idx_to_cancel)
Cancelled Jobs
235 12
260 19
420 20

# ETPC Constraints (fore_job_sim_idx fore_op_idx hind_job_sim_idx hind_op_idx time_lapse)
ETPC Constraints
33 9 7 5 12
15 3 5 9 6
30 5 5 4 3
11 5 25 2 15
6 4 31 5 4
0 2 3 2 11
23 8 34 7 14
20 5 31 6 16
7 4 26 9 10
34 6 4 5 9
13 7 16 5 17
8 3 1 0 18
28 6 2 5 16
23 3 8 7 11
27 3 16 9 4
14 7 13 7 16
8 7 7 1 7
23 6 18 9 9
14 1 20 5 20
1 8 25 1 7
3 3 32 6 4
11 6 12 9 7
9 5 20 8 3
5 2 1 3 18
10 0 4 6 9
8 1 28 9 10
4 1 13 5 4
1 3 12 3 5
14 6 21 2 11
18 1 32 8 12
17 6 5 2 12
35 7 12 4 5
5 0 3 6 20
15 4 0 8 9
14 9 4 1 5
18 8 12 2 9
11 9 12 1 16
30 3 0 8 10
24 5 26 3 12
18 8 16 5 15
0 7 5 1 10
14 5 26 6 15
21 3 1 4 4
17 9 22 2 3
14 0 13 7 12
35 5 32 9 10
30 1 12 4 14
35 2 20 4 10
34 8 20 3 10
23 7 11 3 4
24 1 10 7 3
33 9 27 3 13
1 1 26 4 6
5 3 0 7 15
25 9 33 4 20
23 5 19 3 5
6 9 35 9 19
23 0 29 5 12
29 3 15 2 5
3 5 34 2 14
30 1 0 8 20
35 5 6 9 13
22 4 13 7 15
12 0 8 8 19
27 6 22 9 5
10 4 17 5 13
4 1 31 7 20
29 0 5 9 3
28 2 7 4 3
27 7 20 6 19
34 9 16 4 19
2 9 18 2 7
