30 10
10 1 6 89 1 1 58 1 4 97 1 2 44 2 8 77 7 77 1 3 5 1 0 9 1 5 58 1 9 96 1 7 84 
10 1 7 31 1 2 81 2 9 73 5 73 1 4 15 1 1 87 1 5 39 2 8 57 5 57 1 0 77 1 3 85 1 6 21 
10 1 2 48 2 5 71 9 71 1 0 40 1 3 70 1 1 49 1 6 22 1 4 10 1 8 34 2 7 80 3 80 1 9 82 
10 1 4 11 2 6 72 2 72 1 7 62 1 0 55 1 2 17 1 5 75 1 3 7 1 1 91 1 9 35 1 8 47 
10 1 0 64 1 6 71 2 4 12 0 12 1 1 90 1 2 94 2 3 75 2 75 1 9 20 1 8 15 2 5 50 8 50 1 7 67 
10 2 2 29 7 29 1 6 93 1 3 68 1 5 93 1 1 57 1 8 77 1 0 52 1 9 7 1 4 58 1 7 70 
10 1 4 26 1 3 27 1 1 63 1 5 6 1 6 87 1 7 56 1 8 48 1 9 36 1 0 95 1 2 82 
10 1 1 8 2 7 76 2 76 1 3 76 1 4 30 1 6 84 1 9 78 1 8 41 1 0 36 1 2 36 1 5 15 
10 1 3 13 2 8 29 4 29 1 0 75 1 2 81 1 1 78 1 5 88 1 4 54 1 9 40 1 7 13 1 6 82 
10 1 0 52 1 2 6 2 3 6 4 6 1 5 82 1 6 64 1 9 88 1 8 54 1 4 54 1 7 32 1 1 26 
10 1 8 62 1 1 35 1 4 72 1 7 69 2 0 62 7 62 1 5 32 1 9 5 1 3 61 1 2 67 1 6 93 
10 2 2 78 8 78 1 3 11 1 7 82 1 4 7 1 1 72 1 8 64 1 9 90 1 0 85 1 5 88 1 6 63 
10 1 7 50 1 4 28 3 3 35 8 35 2 35 2 1 66 3 66 1 2 27 2 8 49 0 49 1 9 11 1 6 88 1 5 31 2 0 44 1 44 
10 1 4 62 1 5 39 1 0 76 1 2 14 1 6 56 1 3 97 2 1 7 0 7 1 7 69 1 9 66 1 8 47 
10 2 6 47 9 47 1 2 41 1 0 64 1 7 58 1 9 57 1 8 93 1 3 69 1 5 53 2 1 18 3 18 1 4 79 
10 1 7 76 1 9 81 1 0 76 1 6 61 1 4 77 1 8 26 1 2 74 1 5 22 1 1 58 2 3 78 1 78 
10 1 6 30 1 8 72 1 3 43 1 0 65 1 1 16 1 4 92 1 5 95 1 9 29 1 2 99 1 7 64 
10 1 1 35 1 3 74 1 5 16 1 4 85 1 0 7 1 2 81 2 6 86 3 86 1 8 61 1 9 35 1 7 34 
10 1 1 97 2 7 43 5 43 1 4 72 1 6 88 1 5 17 1 0 43 1 8 94 1 3 64 1 9 22 1 2 42 
10 1 7 99 1 2 84 1 8 99 1 5 98 1 1 20 1 6 31 1 3 74 1 0 92 1 9 23 1 4 89 
10 1 8 32 1 0 6 1 4 55 1 5 19 1 9 81 1 1 81 1 7 40 1 6 9 1 3 37 1 2 40 
10 1 6 15 2 2 70 7 70 1 8 25 1 1 46 2 9 65 7 65 2 4 64 7 64 1 7 21 2 0 77 8 77 2 5 65 6 65 1 3 55 
10 1 8 31 1 7 84 1 5 37 1 3 24 1 2 85 1 4 89 1 9 29 2 1 44 7 44 1 0 40 1 6 83 
10 1 4 80 1 0 8 1 9 41 1 5 59 1 7 56 1 3 38 3 2 30 5 30 4 30 1 8 97 1 6 77 1 1 80 
10 1 9 59 1 0 91 1 3 50 1 8 80 1 1 17 1 6 40 1 2 71 1 5 56 1 4 88 2 7 7 9 7 
10 2 7 36 6 36 1 3 58 1 4 54 1 5 77 1 2 8 1 6 9 1 0 45 1 9 10 2 1 29 3 29 1 8 96 
10 1 0 28 1 3 92 1 2 73 1 7 27 1 8 86 1 5 87 1 9 96 1 1 98 1 6 99 1 4 70 
10 1 9 32 1 1 95 1 3 85 1 6 81 2 2 41 1 41 1 8 39 1 7 92 2 0 59 7 59 1 5 56 1 4 52 
10 1 4 93 1 2 12 1 5 22 1 6 27 1 8 45 1 7 69 1 3 60 1 1 7 1 0 88 1 9 49 
10 1 2 61 1 5 26 1 9 71 2 8 44 6 44 1 0 21 1 6 82 1 3 68 1 7 33 2 1 84 2 84 1 4 99 

Dynamic Events

# Machine Breakdowns (machine_id start_time end_time)
Machine Breakdowns
0 761 793

# Added Jobs (arrival_time: num_ops num_alts_op1 m1 p1 ... num_alts_op2 m1 p1 ...)
Added Jobs
177: 10 2 5 73 8 88 3 3 22 4 50 5 71 2 2 92 7 33 1 4 42 2 3 54 4 61 1 2 56 1 2 17 1 3 81 2 2 31 0 35 3 5 6 2 50 4 15 
242: 10 3 1 10 4 93 6 82 3 4 78 6 16 7 80 1 4 66 1 6 60 3 6 38 0 84 5 72 1 1 36 2 4 31 9 17 1 1 15 2 4 68 5 82 2 9 80 6 54 
251: 10 3 3 62 0 25 8 56 2 3 8 6 77 3 3 39 1 36 9 59 1 5 25 1 0 9 2 3 45 2 95 1 0 50 2 4 38 0 10 2 6 64 8 62 2 7 87 6 61 
593: 10 3 4 74 0 95 9 48 2 1 38 2 26 1 8 45 1 5 15 2 1 76 4 86 3 2 20 5 85 7 43 1 8 63 1 2 42 3 6 68 8 48 0 23 2 2 23 4 73 
599: 10 3 5 78 6 79 9 78 1 7 84 3 7 8 4 32 0 93 2 5 10 6 83 1 9 7 3 0 52 2 79 3 15 1 6 51 3 2 7 0 22 8 73 3 3 38 8 57 5 43 3 1 20 4 19 0 46 
677: 10 3 1 27 2 76 5 87 3 9 8 2 53 7 49 1 6 25 2 0 80 7 68 1 6 46 2 6 60 9 72 2 8 75 0 94 1 8 31 2 4 70 6 28 2 0 33 8 57 

# Cancelled Jobs (cancel_time initial_job_sim_idx_to_cancel)
Cancelled Jobs
112 2
953 4
1082 28

# ETPC Constraints (fore_job_sim_idx fore_op_idx hind_job_sim_idx hind_op_idx time_lapse)
ETPC Constraints
18 9 25 0 14
4 3 23 3 18
19 0 8 8 19
2 1 17 6 12
34 4 0 1 3
11 3 3 7 20
19 7 9 5 9
12 6 3 7 11
4 9 19 6 17
7 3 12 7 19
0 9 34 3 10
5 6 15 7 18
34 9 1 3 4
14 5 34 0 3
21 5 9 7 18
9 1 6 8 8
23 3 15 7 6
11 5 18 4 7
30 1 34 4 7
16 3 10 4 6
35 4 2 0 16
34 5 28 0 15
27 0 19 5 9
31 8 34 5 6
12 4 11 6 7
4 4 5 3 15
15 2 5 5 5
1 4 20 6 8
19 2 14 6 3
23 5 3 1 12
10 7 8 6 15
28 8 0 1 18
11 3 14 6 7
25 7 9 6 3
14 1 22 8 18
26 0 6 7 5
29 1 25 1 17
10 1 0 3 15
25 0 34 4 9
29 6 2 4 12
23 4 5 3 7
22 3 32 5 5
23 9 0 7 18
11 6 12 6 16
0 9 9 8 16
12 4 32 8 15
22 5 19 5 20
25 5 14 0 18
33 2 32 5 17
20 0 13 9 20
16 5 25 7 14
33 0 25 8 5
20 8 29 3 19
16 0 21 2 8
3 5 8 1 10
1 5 24 7 5
13 4 17 3 9
17 7 16 3 16
15 9 31 6 15
25 4 23 4 7
20 0 25 2 7
3 7 23 6 3
12 8 24 9 14
17 7 29 1 5
33 1 29 4 6
8 4 13 3 17
31 5 10 4 18
0 4 29 0 19
4 9 10 6 3
14 9 29 9 20
20 5 32 2 5
17 0 14 6 12
