30 10
10 1 2 38 1 4 75 1 9 12 1 5 97 2 0 76 7 76 1 1 29 1 8 14 1 6 66 1 7 44 1 3 12 
10 1 0 43 1 5 38 2 1 80 5 80 1 3 82 1 2 85 1 4 58 2 6 87 5 87 1 8 92 1 9 89 1 7 69 
10 1 6 48 2 4 8 9 8 1 8 66 1 7 7 1 2 14 1 3 41 1 5 61 1 0 43 2 1 84 3 84 1 9 5 
10 1 5 19 2 3 74 2 74 1 6 41 1 4 59 1 8 43 1 2 42 1 9 73 1 7 97 1 1 8 1 0 96 
10 1 3 75 1 5 5 2 2 70 0 70 1 8 42 1 7 23 2 6 55 2 55 1 1 48 1 9 38 2 4 37 5 37 2 0 7 7 7 
10 2 2 72 7 72 1 7 31 1 3 95 1 0 79 1 4 25 1 1 56 1 8 9 1 9 60 1 5 73 1 6 43 
10 1 9 31 1 3 78 1 6 16 1 4 94 1 7 86 1 5 21 1 0 97 1 8 53 1 1 7 1 2 64 
10 1 3 86 2 2 65 9 65 1 6 59 1 8 44 1 1 33 1 7 85 1 0 61 1 5 32 1 9 63 1 4 30 
10 2 4 11 9 11 1 5 61 1 9 84 1 3 16 1 7 90 1 1 30 1 0 60 1 8 93 1 2 44 1 6 45 
10 1 5 11 2 2 28 9 28 1 0 32 1 7 36 1 8 31 1 4 47 1 3 20 1 6 52 1 9 35 1 1 49 
10 1 5 17 1 3 34 1 6 49 2 1 84 7 84 1 0 85 1 8 20 1 7 74 1 9 68 1 4 10 1 2 77 
10 2 8 71 1 71 1 5 7 1 3 29 1 1 85 1 4 76 1 6 59 1 2 17 1 0 17 1 9 13 1 7 48 
10 1 1 39 2 9 16 8 16 1 4 39 1 6 87 2 7 11 6 11 1 3 32 1 2 15 2 0 19 4 19 1 5 64 1 8 43 
10 2 5 33 1 33 1 8 82 1 2 92 1 1 83 1 6 32 1 3 99 1 9 99 2 4 91 0 91 1 0 8 1 7 57 
10 1 7 7 2 0 48 9 48 1 9 62 1 4 88 1 6 21 1 5 39 1 8 27 1 3 91 1 1 38 2 2 69 3 69 
10 1 9 64 1 8 45 1 3 24 1 7 80 1 2 67 1 4 18 1 6 38 1 0 88 1 5 80 1 1 44 
10 2 2 15 1 15 1 3 72 1 4 40 1 7 21 1 8 52 1 0 51 1 9 59 1 1 24 1 6 47 1 5 43 
10 1 4 77 1 7 43 1 1 40 1 2 31 1 8 76 1 6 20 1 5 88 2 3 70 7 70 1 9 5 1 0 32 
10 1 2 14 2 7 58 5 58 1 9 85 1 5 64 1 1 26 1 6 94 1 0 32 1 3 49 1 8 80 1 4 47 
10 1 9 23 1 1 11 1 8 34 1 4 75 1 7 79 1 3 26 1 2 96 1 0 5 1 6 9 1 5 59 
10 1 0 75 1 2 20 1 8 10 1 3 66 1 6 43 1 7 37 1 1 9 1 9 83 1 4 68 1 5 52 
10 1 8 54 2 1 26 7 26 1 4 79 1 7 88 2 6 84 7 84 2 0 6 7 6 1 2 54 2 9 59 8 59 2 3 28 6 28 1 5 42 
10 1 4 56 1 9 29 1 3 36 1 0 40 1 6 86 1 8 68 1 2 69 2 7 23 1 23 1 5 62 1 1 16 
10 1 7 53 1 1 5 1 6 17 1 9 59 1 2 59 1 8 78 1 3 64 2 0 82 1 82 1 4 13 1 5 12 
10 1 9 7 1 6 62 1 7 90 1 5 83 1 1 85 1 3 69 1 0 16 1 4 81 1 2 58 1 8 66 
10 1 7 24 2 2 65 9 65 2 1 69 6 69 1 5 42 1 9 82 1 6 82 1 0 83 1 3 46 1 8 72 1 4 33 
10 2 1 10 3 10 1 8 27 1 7 43 1 5 20 1 4 71 1 9 65 1 2 73 1 6 99 1 0 24 1 3 64 
10 1 9 35 1 3 92 1 0 38 1 5 35 1 7 30 1 8 45 2 2 8 1 8 1 4 82 1 1 34 2 6 21 7 21 
10 1 5 23 1 7 84 1 9 7 1 4 85 1 8 60 1 1 15 1 2 52 1 6 94 1 3 83 1 0 6 
10 1 2 70 1 6 29 1 8 27 1 9 80 1 4 6 2 7 39 6 39 1 1 79 1 0 28 1 3 66 1 5 66 

Dynamic Events

# Machine Breakdowns (machine_id start_time end_time)
Machine Breakdowns
5 96 133
9 476 510

# Added Jobs (arrival_time: num_ops num_alts_op1 m1 p1 ... num_alts_op2 m1 p1 ...)
Added Jobs
165: 10 2 1 20 9 64 1 4 80 1 5 50 2 1 29 6 28 1 3 10 2 9 7 0 29 2 6 27 0 93 2 8 66 2 69 2 7 59 8 36 1 0 88 
233: 10 2 9 5 3 25 1 7 78 1 6 54 1 4 85 1 6 17 1 9 54 1 5 72 1 3 23 1 4 30 1 2 53 
329: 10 2 8 52 6 70 2 8 52 2 25 2 9 53 4 88 1 5 21 2 7 53 5 57 2 8 50 4 21 1 1 75 2 7 13 4 78 2 0 50 6 74 1 3 53 
468: 10 1 7 36 1 5 47 2 8 73 5 96 1 4 87 2 0 74 2 34 1 5 51 1 1 32 1 9 88 2 4 21 6 82 1 0 74 
540: 10 2 1 84 5 70 2 1 43 9 38 2 8 66 0 8 2 5 96 7 31 1 9 55 1 9 60 2 5 51 2 77 1 5 30 2 9 49 5 49 2 2 18 9 50 
622: 10 2 3 50 4 29 2 3 22 2 82 1 9 22 2 8 34 9 90 2 2 15 4 12 1 1 42 1 3 61 2 6 81 2 43 1 0 45 1 4 43 

# Cancelled Jobs (cancel_time initial_job_sim_idx_to_cancel)
Cancelled Jobs
404 1
533 23
679 21
737 26

# ETPC Constraints (fore_job_sim_idx fore_op_idx hind_job_sim_idx hind_op_idx time_lapse)
ETPC Constraints
5 2 0 7 15
6 7 11 3 16
16 1 18 0 20
21 9 24 7 11
14 5 1 0 4
16 9 23 3 12
1 5 27 9 6
29 6 32 9 17
0 2 2 5 14
24 4 5 5 13
18 0 5 6 9
14 9 30 7 11
20 2 7 0 4
29 8 13 1 5
5 0 34 5 4
32 1 10 2 10
21 2 19 2 7
6 9 24 3 19
3 3 15 1 16
22 0 3 5 14
17 6 19 0 15
27 2 5 5 4
20 9 11 0 14
33 2 1 4 18
10 9 27 9 15
23 2 32 0 7
27 1 17 2 16
2 4 21 1 13
1 1 8 4 7
3 3 23 5 9
1 3 16 4 18
19 1 15 4 13
23 9 3 5 12
6 7 2 4 3
15 4 7 1 6
16 0 19 7 4
14 1 0 1 18
35 1 30 9 19
33 8 28 1 14
30 2 32 3 20
12 0 34 1 20
24 2 2 0 4
28 3 24 5 18
9 6 25 6 6
19 7 6 0 16
0 1 2 4 19
13 9 31 1 8
31 4 22 7 4
22 9 12 8 14
34 7 12 7 11
6 3 23 0 9
30 5 4 1 7
15 3 8 6 14
21 1 11 3 9
3 8 22 9 14
10 8 15 3 17
8 5 14 5 3
35 6 1 1 8
6 7 31 9 6
32 2 33 9 13
12 2 3 4 4
5 9 26 7 16
27 7 12 4 7
5 0 22 4 19
9 5 20 9 17
27 5 22 0 7
13 8 35 5 4
14 7 9 9 8
16 5 18 2 9
15 3 16 7 19
2 1 15 3 6
22 6 14 1 20
