30 10
10 1 2 51 1 7 59 1 1 35 1 5 73 2 9 65 7 65 1 0 27 1 6 13 1 3 81 1 8 32 1 4 74 
10 1 4 64 1 7 33 2 5 75 8 75 1 2 33 1 8 10 2 0 28 9 28 1 3 38 1 6 53 1 9 49 1 1 55 
10 1 6 83 2 1 23 2 23 1 2 72 1 3 7 1 9 72 1 0 6 1 4 39 2 5 52 9 52 1 8 90 1 7 21 
10 2 3 82 1 82 1 1 23 1 2 93 1 4 78 1 6 88 1 7 53 1 9 28 1 8 65 1 5 21 1 0 61 
10 1 4 41 2 6 12 2 12 1 9 12 1 3 77 2 1 70 4 70 1 7 24 1 0 81 1 5 73 2 2 62 8 62 1 8 6 
10 2 4 98 7 98 1 3 28 1 6 42 1 9 72 1 0 15 1 8 15 1 5 94 1 2 33 1 1 51 1 7 99 
10 1 0 32 1 8 22 1 9 96 1 4 15 1 6 78 1 3 31 1 5 7 1 1 94 1 2 23 1 7 86 
10 1 7 93 2 2 97 9 97 1 3 43 1 5 73 1 0 24 1 8 68 1 9 88 1 1 42 1 4 35 1 6 72 
10 2 2 14 9 14 1 0 44 1 8 13 1 5 67 1 1 63 1 3 49 1 7 5 1 4 17 1 6 85 1 9 66 
10 1 7 82 2 9 15 4 15 1 3 72 1 4 26 1 0 8 1 1 68 1 6 21 1 8 45 1 2 99 1 5 27 
10 1 4 93 1 6 23 1 0 51 2 8 54 7 54 1 3 49 1 1 96 1 2 56 1 9 36 1 5 53 2 7 52 8 52 
10 1 8 60 1 0 14 1 4 70 1 9 55 1 1 23 1 5 83 1 3 38 1 2 24 1 7 37 1 6 48 
10 1 0 62 3 7 15 3 15 8 15 2 8 69 6 69 1 9 23 1 1 82 2 6 26 0 26 1 4 45 1 5 33 1 3 12 2 2 37 7 37 
10 1 6 72 1 1 9 1 7 15 1 5 28 1 8 92 2 9 12 0 12 1 0 59 1 3 64 1 4 87 2 2 73 9 73 
10 1 0 50 1 1 14 1 7 90 1 5 46 1 3 71 1 4 48 1 2 80 2 9 61 3 61 1 8 24 1 6 44 
10 1 0 22 1 9 94 1 5 16 1 3 73 1 2 54 1 8 54 1 4 46 1 1 97 2 6 61 1 61 1 7 75 
10 1 9 55 1 3 67 1 6 77 1 4 30 1 7 6 1 1 32 1 8 47 1 5 93 1 2 6 1 0 40 
10 1 1 30 1 3 98 1 7 79 1 0 22 1 6 79 2 2 7 3 7 1 8 36 1 9 36 1 5 9 1 4 92 
10 2 8 37 5 37 1 7 72 1 2 52 1 4 31 1 1 82 1 9 54 1 5 7 1 6 82 1 3 73 1 0 49 
10 1 1 73 1 3 83 1 7 45 1 2 76 1 4 43 1 9 29 1 0 35 1 5 92 1 8 39 1 6 28 
10 1 2 58 1 0 26 1 1 48 1 8 52 1 7 34 1 6 96 1 5 70 1 4 98 1 3 80 1 9 94 
10 2 1 70 7 70 1 8 23 1 5 26 2 4 14 7 14 2 6 90 7 90 1 2 93 2 3 21 8 21 2 0 42 6 42 1 7 18 1 9 36 
10 1 4 28 1 6 76 1 7 25 1 0 17 1 1 84 1 2 67 2 8 87 1 87 1 3 43 1 9 88 1 5 84 
10 1 7 30 1 3 91 1 8 52 1 4 80 1 0 21 1 5 8 2 9 37 1 37 1 2 15 1 6 12 1 1 92 
10 1 1 28 1 4 7 1 7 46 1 6 92 1 2 77 1 3 15 1 9 69 1 8 54 1 0 47 1 5 39 
10 2 9 50 4 50 1 5 44 1 2 64 1 8 38 1 4 93 1 6 33 1 7 75 1 0 41 2 1 24 6 24 1 3 5 
10 1 7 94 1 0 17 1 6 87 1 2 21 1 8 92 1 9 28 1 1 61 1 4 63 1 3 34 1 5 77 
10 1 3 72 1 8 98 1 9 5 1 4 28 2 2 9 1 9 1 5 95 1 6 64 1 1 43 2 0 50 3 50 1 7 96 
10 1 0 85 1 2 85 1 8 39 1 1 98 1 7 24 1 3 71 1 5 60 1 4 55 1 9 22 1 6 35 
10 1 3 78 1 6 49 1 2 46 2 1 11 0 11 1 0 90 1 5 20 1 9 34 1 7 6 2 4 70 3 70 1 8 74 

Dynamic Events

# Machine Breakdowns (machine_id start_time end_time)
Machine Breakdowns
1 614 651
3 960 988
4 671 703

# Added Jobs (arrival_time: num_ops num_alts_op1 m1 p1 ... num_alts_op2 m1 p1 ...)
Added Jobs
357: 10 3 5 27 1 55 7 55 1 9 36 3 5 64 0 67 1 36 3 1 71 2 89 6 58 2 2 49 7 85 3 3 40 4 49 9 43 2 7 79 5 83 2 7 62 2 79 2 9 85 4 22 2 8 12 3 6 
360: 10 2 8 22 6 52 2 0 54 1 13 3 5 55 6 41 4 14 3 9 14 7 96 8 6 3 4 27 5 54 8 14 2 0 19 1 89 2 6 27 3 7 2 9 15 8 93 2 2 11 8 10 1 6 80 
432: 10 3 6 92 9 74 3 93 3 3 96 7 19 8 95 1 0 34 3 8 46 0 72 2 92 3 1 21 7 44 5 19 1 9 76 2 8 37 6 93 3 3 31 2 7 1 54 3 6 28 4 82 9 44 2 8 57 1 13 
461: 10 1 1 11 1 0 40 3 8 9 3 44 4 34 3 0 35 3 22 4 77 1 1 19 2 0 39 2 88 1 2 48 1 6 44 3 4 55 7 15 2 61 3 3 41 7 18 4 63 
600: 10 1 3 24 2 0 8 2 49 3 6 34 5 35 7 46 3 7 5 9 17 8 67 3 3 73 4 74 0 86 2 6 60 8 76 3 6 84 3 78 7 40 3 6 19 4 26 2 21 2 3 12 5 45 3 5 90 8 25 2 14 

# Cancelled Jobs (cancel_time initial_job_sim_idx_to_cancel)
Cancelled Jobs
295 20
613 5
829 29

# ETPC Constraints (fore_job_sim_idx fore_op_idx hind_job_sim_idx hind_op_idx time_lapse)
ETPC Constraints
10 9 5 2 7
24 7 18 7 6
12 3 31 2 17
27 6 21 4 13
20 6 31 1 11
5 6 23 1 3
7 8 8 5 8
22 9 2 3 9
7 4 0 7 9
23 5 19 6 8
25 0 6 0 18
14 5 24 1 3
7 3 13 4 3
22 4 19 9 7
34 8 27 4 15
26 6 22 9 18
1 3 13 6 3
34 4 32 3 18
13 1 33 2 4
33 0 3 1 13
13 9 34 6 8
6 0 23 5 4
20 9 16 7 12
12 0 13 7 18
18 2 12 6 11
25 1 32 4 13
8 3 32 8 14
32 7 13 6 8
21 7 5 9 14
29 2 30 7 8
17 3 26 3 6
18 4 30 8 20
12 8 4 1 15
2 5 1 6 10
16 5 8 8 11
11 0 24 0 5
19 0 6 4 7
30 0 17 6 5
28 0 29 3 5
0 5 22 6 5
2 0 30 0 4
28 6 22 7 10
22 1 8 8 17
19 5 0 8 12
8 0 9 0 20
18 5 17 2 16
25 5 7 5 13
19 6 22 6 13
23 3 7 9 15
4 0 20 4 8
29 9 30 8 4
6 4 21 6 14
7 5 33 3 7
14 0 17 5 13
15 5 1 5 4
34 2 16 4 12
5 1 14 2 4
10 8 3 5 19
4 5 0 1 20
8 0 25 4 19
3 9 25 1 19
4 8 15 6 19
25 1 32 0 16
15 0 2 0 6
22 4 26 6 4
29 0 7 5 8
11 2 25 4 8
19 2 20 5 12
9 0 20 5 11
1 1 20 3 13
