30 10
10 1 2 51 1 7 59 1 1 35 1 5 73 2 9 65 7 65 1 0 27 1 6 13 1 3 81 1 8 32 1 4 74 
10 1 4 64 1 7 33 2 5 75 8 75 1 2 33 1 8 10 2 0 28 9 28 1 3 38 1 6 53 1 9 49 1 1 55 
10 1 6 83 2 1 23 2 23 1 2 72 1 3 7 1 9 72 1 0 6 1 4 39 2 5 52 9 52 1 8 90 1 7 21 
10 2 3 82 1 82 1 1 23 1 2 93 1 4 78 1 6 88 1 7 53 1 9 28 1 8 65 1 5 21 1 0 61 
10 1 4 41 2 6 12 2 12 1 9 12 1 3 77 2 1 70 4 70 1 7 24 1 0 81 1 5 73 2 2 62 8 62 1 8 6 
10 2 4 98 7 98 1 3 28 1 6 42 1 9 72 1 0 15 1 8 15 1 5 94 1 2 33 1 1 51 1 7 99 
10 1 0 32 1 8 22 1 9 96 1 4 15 1 6 78 1 3 31 1 5 7 1 1 94 1 2 23 1 7 86 
10 1 7 93 2 2 97 9 97 1 3 43 1 5 73 1 0 24 1 8 68 1 9 88 1 1 42 1 4 35 1 6 72 
10 2 2 14 9 14 1 0 44 1 8 13 1 5 67 1 1 63 1 3 49 1 7 5 1 4 17 1 6 85 1 9 66 
10 1 7 82 2 9 15 4 15 1 3 72 1 4 26 1 0 8 1 1 68 1 6 21 1 8 45 1 2 99 1 5 27 
10 1 4 93 1 6 23 1 0 51 2 8 54 7 54 1 3 49 1 1 96 1 2 56 1 9 36 1 5 53 2 7 52 8 52 
10 1 8 60 1 0 14 1 4 70 1 9 55 1 1 23 1 5 83 1 3 38 1 2 24 1 7 37 1 6 48 
10 1 0 62 3 7 15 3 15 8 15 2 8 69 6 69 1 9 23 1 1 82 2 6 26 0 26 1 4 45 1 5 33 1 3 12 2 2 37 7 37 
10 1 6 72 1 1 9 1 7 15 1 5 28 1 8 92 2 9 12 0 12 1 0 59 1 3 64 1 4 87 2 2 73 9 73 
10 1 0 50 1 1 14 1 7 90 1 5 46 1 3 71 1 4 48 1 2 80 2 9 61 3 61 1 8 24 1 6 44 
10 1 0 22 1 9 94 1 5 16 1 3 73 1 2 54 1 8 54 1 4 46 1 1 97 2 6 61 1 61 1 7 75 
10 1 9 55 1 3 67 1 6 77 1 4 30 1 7 6 1 1 32 1 8 47 1 5 93 1 2 6 1 0 40 
10 1 1 30 1 3 98 1 7 79 1 0 22 1 6 79 2 2 7 3 7 1 8 36 1 9 36 1 5 9 1 4 92 
10 2 8 37 5 37 1 7 72 1 2 52 1 4 31 1 1 82 1 9 54 1 5 7 1 6 82 1 3 73 1 0 49 
10 1 1 73 1 3 83 1 7 45 1 2 76 1 4 43 1 9 29 1 0 35 1 5 92 1 8 39 1 6 28 
10 1 2 58 1 0 26 1 1 48 1 8 52 1 7 34 1 6 96 1 5 70 1 4 98 1 3 80 1 9 94 
10 2 1 70 7 70 1 8 23 1 5 26 2 4 14 7 14 2 6 90 7 90 1 2 93 2 3 21 8 21 2 0 42 6 42 1 7 18 1 9 36 
10 1 4 28 1 6 76 1 7 25 1 0 17 1 1 84 1 2 67 2 8 87 1 87 1 3 43 1 9 88 1 5 84 
10 1 7 30 1 3 91 1 8 52 1 4 80 1 0 21 1 5 8 2 9 37 1 37 1 2 15 1 6 12 1 1 92 
10 1 1 28 1 4 7 1 7 46 1 6 92 1 2 77 1 3 15 1 9 69 1 8 54 1 0 47 1 5 39 
10 2 9 50 4 50 1 5 44 1 2 64 1 8 38 1 4 93 1 6 33 1 7 75 1 0 41 2 1 24 6 24 1 3 5 
10 1 7 94 1 0 17 1 6 87 1 2 21 1 8 92 1 9 28 1 1 61 1 4 63 1 3 34 1 5 77 
10 1 3 72 1 8 98 1 9 5 1 4 28 2 2 9 1 9 1 5 95 1 6 64 1 1 43 2 0 50 3 50 1 7 96 
10 1 0 85 1 2 85 1 8 39 1 1 98 1 7 24 1 3 71 1 5 60 1 4 55 1 9 22 1 6 35 
10 1 3 78 1 6 49 1 2 46 2 1 11 0 11 1 0 90 1 5 20 1 9 34 1 7 6 2 4 70 3 70 1 8 74 

Dynamic Events

# Machine Breakdowns (machine_id start_time end_time)
Machine Breakdowns
1 804 829
5 792 819
6 825 858
7 976 1004
9 727 756

# Added Jobs (arrival_time: num_ops num_alts_op1 m1 p1 ... num_alts_op2 m1 p1 ...)
Added Jobs
140: 10 2 9 46 5 37 3 1 60 9 52 3 13 3 2 90 4 71 6 45 2 7 24 4 80 1 5 7 3 1 74 8 97 7 57 2 6 41 1 86 3 4 55 0 65 5 92 3 2 63 4 95 5 79 2 5 31 3 49 
367: 10 1 2 67 3 6 36 9 71 8 38 3 0 78 4 62 7 89 2 4 7 5 52 1 8 10 3 4 41 6 48 3 13 3 6 27 3 33 2 15 3 3 32 2 62 0 51 3 0 10 6 46 7 39 3 5 78 4 23 7 55 
567: 10 2 3 96 1 16 2 6 18 4 23 2 3 42 9 8 3 5 69 0 10 1 50 2 1 44 6 36 1 5 39 2 0 28 4 93 3 6 87 0 10 1 40 3 3 26 6 60 0 48 2 4 83 2 84 
585: 10 2 6 67 1 85 2 6 89 9 92 2 8 14 1 96 1 0 45 2 9 6 0 42 1 3 53 3 9 81 0 37 7 32 1 7 73 3 8 32 2 11 0 73 2 2 6 5 24 
684: 10 2 1 25 4 43 3 7 5 9 26 6 72 3 7 79 2 15 6 91 2 1 29 9 7 2 2 19 9 84 2 8 25 3 11 2 4 95 7 23 1 2 71 3 8 78 7 56 9 62 3 9 93 8 90 7 29 

# Cancelled Jobs (cancel_time initial_job_sim_idx_to_cancel)
Cancelled Jobs
23 20
182 23
221 18
605 17

# ETPC Constraints (fore_job_sim_idx fore_op_idx hind_job_sim_idx hind_op_idx time_lapse)
ETPC Constraints
13 5 26 4 14
32 8 21 5 11
29 3 13 5 20
7 1 10 5 18
2 9 7 2 18
16 0 21 0 16
14 0 28 0 8
15 3 4 6 8
27 0 28 8 9
21 8 23 7 9
30 5 7 0 15
31 4 10 4 9
24 0 10 4 16
3 8 2 0 5
1 6 8 3 19
8 7 13 4 11
1 3 2 4 5
17 6 18 1 6
4 3 30 2 11
6 9 8 6 14
34 7 19 8 11
30 7 27 3 19
23 1 14 8 5
16 6 3 5 5
0 2 26 0 18
11 3 3 1 4
15 5 7 5 18
8 6 4 2 19
3 2 11 4 20
0 6 27 4 20
1 4 30 4 16
33 8 21 0 11
0 1 19 6 11
7 7 29 1 6
16 4 34 6 3
30 0 28 9 13
23 1 24 8 16
19 7 12 8 10
29 5 3 8 6
13 6 25 5 3
4 1 19 2 10
30 3 16 3 16
13 8 3 8 5
17 2 29 4 4
5 5 1 5 5
29 5 0 5 7
20 0 12 5 5
34 1 23 8 6
32 4 34 1 16
10 7 25 2 16
15 2 34 5 3
34 1 22 5 14
9 4 14 1 11
14 8 13 3 20
10 4 19 4 4
1 0 12 9 14
2 3 26 4 8
1 7 26 7 11
12 6 5 6 19
13 5 33 5 19
26 4 1 6 7
8 7 14 6 9
26 0 28 3 12
7 3 33 4 7
16 3 23 0 20
14 0 12 5 5
5 7 15 4 15
7 1 18 8 8
27 2 33 2 20
31 9 16 2 5
