30 10
10 1 0 66 1 2 84 1 3 26 1 7 29 2 9 94 7 94 1 6 98 1 8 7 1 5 98 1 1 45 1 4 43 
10 1 3 32 1 0 97 2 6 55 5 55 1 2 88 1 8 93 1 9 88 2 1 20 5 20 1 4 50 1 7 17 1 5 5 
10 1 4 43 2 3 68 9 68 1 8 47 1 9 68 1 1 57 1 6 20 1 5 81 1 2 60 2 7 94 3 94 1 0 62 
10 1 1 57 2 5 40 2 40 1 0 78 1 6 9 1 2 49 1 9 17 1 3 32 1 4 30 1 8 87 1 7 77 
10 1 0 52 1 4 30 2 3 48 0 48 1 5 48 1 1 26 2 9 17 2 17 1 6 93 1 8 97 2 7 49 5 49 2 2 89 7 89 
10 2 7 95 2 95 1 0 33 1 1 5 1 6 17 1 5 70 1 3 57 1 4 34 1 2 61 1 8 62 1 9 39 
10 1 7 97 1 5 92 1 1 31 1 8 5 1 2 79 1 4 5 1 3 67 1 0 5 1 9 78 1 6 60 
10 2 2 79 0 79 1 4 6 1 7 20 1 8 45 1 6 34 1 3 24 1 9 26 1 5 68 1 1 16 1 0 46 
10 2 7 58 9 58 1 9 50 1 2 19 1 8 93 1 6 49 1 3 25 1 5 85 1 4 50 1 0 93 1 1 26 
10 1 9 81 2 6 71 9 71 1 5 7 1 1 39 1 2 16 1 8 42 1 0 71 1 4 84 1 3 56 1 7 99 
10 1 8 9 1 0 86 1 9 6 2 3 71 7 71 1 6 97 1 5 85 1 4 16 1 2 42 1 7 81 1 1 81 
10 2 4 72 1 72 1 3 24 1 0 30 1 8 56 1 2 43 1 1 61 1 7 82 1 6 40 1 5 59 1 9 43 
10 1 9 43 2 1 13 8 13 1 6 70 1 7 93 2 0 95 6 95 1 8 12 1 4 15 2 2 78 0 78 1 5 97 1 3 14 
10 1 0 14 2 6 26 7 26 1 1 71 1 3 46 1 8 80 1 5 31 1 4 37 2 9 27 0 27 1 7 92 1 2 67 
10 1 2 12 2 0 43 9 43 1 5 96 1 6 7 1 3 45 1 7 20 1 1 13 1 9 29 1 4 60 2 8 33 3 33 
10 1 1 78 1 5 50 1 6 84 1 0 42 1 8 84 1 4 30 1 9 76 1 2 57 1 7 87 1 3 59 
10 2 4 49 1 49 1 7 50 1 1 15 1 8 13 1 0 93 1 6 50 1 9 32 1 5 59 1 3 10 1 2 35 
10 1 1 25 1 0 47 1 7 60 1 8 33 1 4 53 1 5 37 1 9 73 2 2 22 3 22 1 3 87 1 6 79 
10 1 0 84 1 6 83 2 1 71 5 71 1 5 68 1 9 89 1 8 11 1 3 60 1 4 50 1 2 33 1 7 97 
10 1 1 14 1 0 38 1 6 88 1 5 5 1 4 77 1 7 92 1 8 24 1 2 73 1 9 52 1 3 71 
10 1 7 62 1 9 19 1 6 38 1 3 15 1 8 64 1 2 64 1 4 8 1 1 61 1 0 19 1 5 33 
10 1 2 33 1 5 46 2 4 74 7 74 1 0 56 1 6 84 2 9 83 7 83 2 8 19 7 19 1 7 8 2 3 32 8 32 2 1 97 6 97 
10 1 4 50 1 3 71 1 6 50 1 2 97 1 9 8 1 0 17 1 7 19 1 8 92 2 5 54 1 54 1 1 52 
10 1 8 32 1 1 79 1 3 97 1 5 38 1 9 49 1 4 76 1 6 76 1 0 56 2 2 78 1 78 1 7 54 
10 1 5 13 1 3 5 1 2 25 1 0 86 1 1 95 1 9 28 1 6 78 1 8 24 1 7 10 1 4 39 
10 1 7 48 1 2 59 2 0 20 9 20 2 9 7 6 7 1 5 31 1 6 97 1 1 89 1 4 32 1 3 25 1 8 41 
10 1 5 87 2 0 18 3 18 1 9 48 1 2 43 1 1 30 1 6 97 1 7 47 1 8 65 1 3 69 1 4 27 
10 1 6 71 1 5 20 1 8 20 1 1 78 1 3 39 1 0 17 1 7 50 2 2 44 1 44 1 9 42 1 4 38 
10 2 0 50 7 50 1 9 42 1 3 72 1 5 7 1 1 77 1 7 58 1 4 78 1 2 89 1 6 70 1 8 36 
10 1 3 32 1 9 95 1 2 13 1 0 73 1 6 97 1 8 24 2 4 49 6 49 1 5 57 1 1 68 1 7 94 

Dynamic Events

# Machine Breakdowns (machine_id start_time end_time)
Machine Breakdowns
1 1346 1384
6 162 193

# Added Jobs (arrival_time: num_ops num_alts_op1 m1 p1 ... num_alts_op2 m1 p1 ...)
Added Jobs
134: 10 1 9 44 2 4 12 8 19 1 2 85 2 4 81 1 15 2 6 49 8 79 1 6 67 2 7 42 8 14 2 4 61 1 87 1 3 14 1 1 76 
225: 10 2 2 48 6 87 1 9 60 1 2 67 2 3 72 9 93 1 8 77 1 1 7 2 8 78 6 73 2 4 53 6 68 2 9 41 4 27 1 1 83 
291: 10 1 1 62 1 9 88 1 0 52 2 7 42 3 52 1 5 42 1 5 84 2 9 20 3 12 1 7 52 1 6 16 2 4 52 3 30 
476: 10 1 0 46 2 8 46 3 90 1 5 52 2 3 81 5 77 1 6 49 2 6 41 0 93 1 4 60 1 7 49 2 0 46 6 48 2 6 29 3 41 
597: 10 1 1 36 2 7 72 1 63 2 0 26 5 82 1 9 67 1 3 30 2 4 34 3 41 2 2 61 1 35 2 5 83 8 68 1 6 55 2 9 49 7 38 
706: 10 2 1 46 0 31 1 0 59 2 0 79 8 24 2 3 8 2 96 1 5 91 1 0 39 2 1 8 4 10 2 4 5 7 11 2 8 19 7 8 2 8 61 2 56 

# Cancelled Jobs (cancel_time initial_job_sim_idx_to_cancel)
Cancelled Jobs
15 18
406 6
416 1
931 21

# ETPC Constraints (fore_job_sim_idx fore_op_idx hind_job_sim_idx hind_op_idx time_lapse)
ETPC Constraints
33 9 1 4 17
14 4 9 7 4
19 8 21 6 8
17 8 5 7 6
10 7 2 0 18
27 6 19 6 6
30 9 27 0 16
7 5 14 0 5
7 1 0 6 8
17 0 26 1 17
13 6 1 4 16
35 4 16 8 12
33 7 2 1 7
8 2 7 2 5
27 0 6 6 18
18 0 14 1 11
21 2 2 2 15
27 8 11 4 10
21 9 19 7 18
27 9 11 6 18
6 8 17 5 10
8 6 21 8 10
0 9 28 2 19
32 2 2 7 4
27 7 33 5 20
14 0 25 1 10
5 6 8 0 6
28 2 24 2 5
15 4 20 2 6
11 4 1 6 16
17 3 34 4 18
9 0 1 8 15
12 7 1 7 19
1 1 22 5 5
15 9 8 9 7
5 7 6 3 3
6 8 34 5 15
12 8 35 8 20
0 8 13 1 6
15 4 21 5 20
22 8 13 9 19
24 5 28 9 13
28 4 33 7 6
8 0 31 8 12
5 5 17 9 8
20 8 15 8 14
24 4 0 5 6
28 7 29 1 13
21 5 34 3 15
7 2 11 7 5
34 9 13 5 11
27 2 0 6 6
14 5 23 0 8
4 9 24 9 20
25 6 17 3 9
10 4 24 3 6
29 7 21 6 5
5 7 28 3 3
16 4 11 7 6
1 7 29 1 16
23 0 4 7 16
35 4 15 3 6
20 4 23 9 6
4 8 0 4 12
24 5 22 9 14
29 2 14 9 5
10 5 1 2 12
0 9 30 9 13
21 3 22 7 12
8 1 18 7 3
18 3 8 9 9
31 0 4 3 9
