15 15
15 1 4 21 1 3 55 1 6 71 1 14 98 2 10 12 12 12 1 2 34 1 9 16 1 1 21 1 0 53 1 7 26 1 8 52 1 5 95 2 12 31 5 31 1 11 42 1 13 39 
15 1 11 54 2 4 83 5 83 1 1 77 1 7 64 1 8 34 1 14 79 2 12 43 9 43 1 0 55 1 3 77 1 6 19 1 9 37 1 5 79 1 10 92 2 13 62 3 62 1 2 66 
15 1 9 83 2 5 77 2 77 1 2 87 1 7 38 1 4 60 1 12 98 1 0 93 1 13 17 1 6 41 1 10 44 1 3 69 1 11 49 2 8 24 10 24 1 1 87 1 14 25 
15 2 5 77 2 77 1 0 96 1 9 28 2 6 7 0 7 2 4 95 7 95 2 13 35 12 35 1 7 35 1 8 76 1 11 9 1 12 95 1 2 43 1 1 75 1 10 61 1 14 10 1 3 79 
15 1 10 87 1 4 28 1 8 50 1 2 59 1 0 46 1 11 45 1 14 9 1 9 43 1 6 52 1 7 27 1 1 91 2 13 41 2 41 1 3 16 1 5 59 1 12 39 
15 1 0 20 1 2 71 1 4 78 1 13 66 1 3 14 1 12 8 2 14 42 9 42 1 6 28 1 1 54 1 9 33 1 11 89 1 8 26 1 7 37 1 10 33 1 5 43 
15 1 8 69 1 4 96 2 12 17 9 17 1 0 69 1 7 45 1 11 31 1 6 78 1 10 20 1 3 27 1 13 87 1 1 74 1 5 84 1 14 76 1 2 94 2 9 81 7 81 
15 1 4 58 1 13 90 1 11 76 1 3 81 1 7 23 2 9 28 8 28 1 1 18 1 2 32 1 12 86 1 8 99 1 14 97 1 0 24 1 10 45 1 6 72 1 5 25 
15 1 5 27 1 1 46 3 6 67 8 67 3 67 1 8 27 2 13 19 6 19 1 10 80 1 2 17 2 3 48 10 48 1 7 62 1 11 12 1 14 28 2 4 98 7 98 1 0 42 1 9 48 1 12 50 
15 1 11 37 1 5 80 2 4 75 9 75 1 8 55 1 7 50 1 0 94 1 9 14 2 6 41 12 41 1 14 72 1 3 50 1 10 61 1 13 79 1 2 98 1 12 18 1 1 63 
15 2 7 65 8 65 1 3 96 1 0 47 1 4 75 1 12 69 1 14 58 1 10 33 1 1 71 1 9 22 1 13 32 1 5 57 2 8 79 13 79 1 2 14 1 11 31 1 6 60 
15 1 1 34 1 2 47 1 3 58 1 5 51 1 4 62 1 6 44 1 9 8 1 7 17 1 10 97 1 8 29 1 11 15 1 13 66 1 12 40 3 0 44 2 44 4 44 1 14 38 
15 1 3 50 1 7 57 2 13 61 10 61 1 5 20 1 11 85 1 12 90 1 2 58 1 4 63 1 10 84 1 1 39 1 9 87 1 6 21 1 14 56 1 8 32 1 0 57 
15 1 9 84 1 7 45 1 5 15 1 14 41 1 10 18 1 4 82 1 11 29 1 2 70 1 1 67 1 3 30 1 13 50 1 6 23 1 0 20 1 12 21 1 8 38 
15 1 9 37 1 10 81 2 11 61 12 61 1 14 57 1 8 57 2 0 52 2 52 2 7 74 12 74 1 6 62 2 12 30 8 30 2 1 52 6 52 1 2 38 1 13 68 1 4 54 1 3 54 1 5 16 

Dynamic Events

# Machine Breakdowns (machine_id start_time end_time)
Machine Breakdowns
0 504 542
1 490 529
5 565 600

# Added Jobs (arrival_time: num_ops num_alts_op1 m1 p1 ... num_alts_op2 m1 p1 ...)
Added Jobs
117: 15 3 5 67 7 32 2 84 3 6 66 0 20 12 78 3 7 28 8 45 0 73 1 9 82 2 4 40 12 51 1 2 31 2 8 97 9 77 1 12 64 1 14 44 1 8 28 1 0 47 1 12 16 3 13 71 3 34 2 66 2 8 88 6 40 1 13 88 
224: 15 1 1 77 2 6 29 0 21 3 11 40 13 20 2 57 1 2 86 1 9 82 1 12 66 1 4 38 1 5 76 1 1 72 2 3 60 14 52 2 10 80 12 90 1 8 99 1 4 98 3 0 62 13 18 10 89 2 9 24 12 86 
227: 15 1 8 75 2 13 89 10 62 1 8 70 3 8 67 0 89 11 45 2 13 47 7 64 3 4 39 1 57 14 77 1 12 83 3 4 52 14 90 11 74 1 8 93 3 5 34 11 39 10 60 3 12 17 9 87 6 32 3 0 83 3 76 4 79 3 6 13 1 88 14 89 2 14 75 5 48 2 0 75 7 25 
260: 15 3 2 63 9 39 12 59 3 12 52 9 39 2 38 3 13 34 3 82 9 12 2 4 68 5 70 2 4 69 14 37 2 11 65 1 29 1 14 85 2 9 45 10 73 3 9 15 11 81 1 22 2 12 57 13 65 3 1 91 7 47 5 92 1 1 52 3 7 33 1 29 3 50 1 8 73 2 12 80 1 57 
368: 15 1 2 90 1 14 20 3 10 51 14 17 0 86 1 6 41 1 14 94 3 9 40 7 74 14 20 3 14 9 8 67 12 19 2 12 64 6 28 2 1 39 12 9 3 2 16 12 26 13 64 3 7 42 11 70 2 38 1 0 36 1 12 28 3 4 36 13 90 8 71 2 6 49 10 71 

# Cancelled Jobs (cancel_time initial_job_sim_idx_to_cancel)
Cancelled Jobs
608 4

# ETPC Constraints (fore_job_sim_idx fore_op_idx hind_job_sim_idx hind_op_idx time_lapse)
ETPC Constraints
6 12 14 13 17
9 5 6 11 15
3 9 13 13 18
1 10 3 8 16
14 7 18 13 7
1 7 14 0 5
16 10 11 4 8
18 13 7 1 5
18 5 19 10 6
12 9 2 5 14
15 12 11 5 7
8 9 14 6 9
10 11 14 4 12
17 0 10 14 17
18 8 12 8 8
5 14 9 14 11
1 2 6 4 5
12 2 17 6 18
4 12 7 12 18
5 8 4 11 3
6 1 18 0 3
16 9 10 0 13
18 8 16 13 12
15 11 7 4 14
1 0 7 3 20
4 2 3 5 5
5 8 1 0 15
13 14 3 1 10
17 6 9 8 3
13 1 17 14 6
4 2 15 14 9
13 12 19 12 9
11 4 1 11 20
6 8 19 11 20
16 6 14 6 16
1 2 10 9 5
0 1 3 2 17
10 14 4 10 15
