15 15
15 1 5 19 1 6 64 1 11 73 1 9 13 2 2 84 12 84 1 14 88 1 3 85 1 10 41 1 12 53 1 13 80 1 1 66 1 7 46 2 8 59 5 59 1 4 25 1 0 62 
15 1 1 67 2 3 74 5 74 1 7 41 1 2 57 1 14 52 1 0 14 2 9 64 12 64 1 8 84 1 6 78 1 5 47 1 13 28 1 4 84 2 10 63 4 63 1 12 26 1 11 46 
15 2 6 97 2 97 1 8 95 1 0 64 1 9 38 1 10 59 1 12 95 1 2 17 1 11 65 1 13 93 1 3 10 1 5 73 2 1 11 10 11 1 4 85 1 14 46 2 7 67 2 67 
15 1 10 23 1 12 49 2 3 32 0 32 2 4 66 7 66 2 2 43 12 43 1 0 60 1 8 41 1 7 61 1 13 70 1 9 49 1 11 17 1 6 90 1 1 85 1 14 99 1 5 85 
15 1 9 98 1 8 57 1 3 73 1 6 9 1 0 73 1 7 7 1 1 98 1 4 13 1 13 41 1 5 40 2 11 85 2 85 1 10 37 1 2 68 1 14 79 1 12 17 
15 1 11 66 1 7 53 1 5 86 1 6 40 1 0 14 2 3 19 9 19 1 13 96 1 4 95 1 2 54 1 10 84 1 12 97 1 8 16 1 14 52 1 1 76 1 9 87 
15 1 4 77 2 2 55 9 55 1 9 42 1 5 74 1 14 91 1 13 33 1 10 16 1 12 54 1 0 18 1 3 87 1 7 60 1 8 13 1 6 33 2 1 33 7 33 1 11 61 
15 1 6 41 1 5 39 1 11 82 1 9 64 2 14 47 8 47 1 10 28 1 7 78 1 13 49 1 1 79 1 4 58 1 2 92 1 3 79 1 12 6 1 0 69 1 8 76 
15 1 11 21 3 5 42 8 42 3 42 1 9 91 2 2 28 6 28 1 0 52 1 6 88 2 12 76 10 76 1 13 86 1 10 23 1 1 35 2 7 52 1 52 1 4 91 1 3 47 1 14 82 1 8 24 
15 1 11 42 2 1 93 0 93 1 3 95 1 13 45 1 9 28 2 14 77 12 77 1 0 84 1 10 8 1 7 45 1 4 70 1 5 37 1 6 86 1 12 64 2 8 67 10 67 1 2 38 
15 1 4 97 1 12 81 1 1 58 1 7 84 1 5 58 1 0 9 1 11 87 1 3 5 2 2 44 13 44 1 13 85 1 6 89 1 10 77 1 9 96 1 14 39 1 8 77 
15 1 12 80 1 1 21 1 10 10 1 5 73 1 8 70 1 6 49 1 2 31 1 13 34 1 4 40 1 11 22 3 0 15 2 15 4 15 1 14 82 1 3 57 1 9 71 2 7 48 10 48 
15 1 2 17 1 7 62 1 5 75 1 9 35 1 1 91 1 14 50 1 3 7 1 10 64 1 13 75 1 12 94 1 0 55 1 6 72 1 8 47 1 4 11 1 11 90 
15 1 11 93 1 6 57 1 1 71 1 12 70 1 9 93 1 5 20 1 3 15 1 13 77 1 10 58 1 0 12 1 2 67 1 8 68 1 14 7 1 7 29 2 4 52 12 52 
15 1 13 76 1 3 27 2 4 26 2 26 2 9 36 12 36 1 11 8 2 10 36 8 36 2 0 95 6 95 1 8 48 1 2 82 1 6 87 1 5 6 1 1 63 1 7 56 1 12 36 1 14 15 

Dynamic Events

# Machine Breakdowns (machine_id start_time end_time)
Machine Breakdowns
2 861 892
3 812 848
4 369 408
6 558 585
13 509 543
14 811 844

# Added Jobs (arrival_time: num_ops num_alts_op1 m1 p1 ... num_alts_op2 m1 p1 ...)
Added Jobs
55: 15 2 7 52 11 76 3 4 96 6 74 3 35 3 8 58 9 83 5 22 3 10 11 8 30 4 46 1 12 90 3 11 28 1 23 12 54 3 10 78 0 13 9 56 2 2 46 1 95 2 10 26 6 52 3 3 58 8 47 1 15 2 2 15 8 90 2 5 9 10 76 1 14 42 2 9 58 13 82 3 14 24 0 83 11 8 
56: 15 3 4 61 13 71 0 13 1 0 31 2 6 78 4 72 2 5 68 2 21 3 3 62 8 23 6 58 1 10 72 2 5 67 13 91 2 14 75 12 63 3 10 51 5 77 14 94 2 9 37 10 37 1 1 73 1 10 61 1 10 15 2 4 72 9 29 2 2 59 7 53 
195: 15 2 9 67 7 46 2 1 92 9 23 2 9 73 1 67 3 1 11 0 47 2 52 1 6 51 2 5 29 8 26 3 0 71 11 64 14 39 3 8 90 2 40 12 96 2 8 51 6 47 1 14 93 1 1 78 3 1 78 9 57 0 76 1 6 10 3 3 71 4 83 11 57 3 10 36 6 45 14 33 
214: 15 3 10 35 8 61 0 89 2 3 49 1 51 1 5 81 2 12 65 13 63 2 12 69 4 76 1 10 55 2 14 90 10 12 2 7 41 3 14 1 5 71 1 5 50 3 9 35 10 42 13 29 1 3 75 2 7 74 12 52 1 5 80 2 11 47 8 21 
276: 15 1 13 36 2 6 94 4 75 3 14 59 6 64 11 87 2 8 23 10 83 1 4 65 2 8 14 10 53 3 1 75 2 66 10 10 1 8 31 1 7 10 2 0 29 1 30 3 14 35 3 95 1 53 2 11 66 2 27 2 13 52 1 76 1 5 62 3 9 92 3 20 10 60 

# Cancelled Jobs (cancel_time initial_job_sim_idx_to_cancel)
Cancelled Jobs
97 13
414 10

# ETPC Constraints (fore_job_sim_idx fore_op_idx hind_job_sim_idx hind_op_idx time_lapse)
ETPC Constraints
9 1 0 14 8
13 10 3 0 7
18 11 5 4 3
1 7 14 12 20
0 13 2 7 9
0 9 16 1 5
17 8 18 5 19
9 11 12 7 10
4 8 6 6 7
12 9 9 7 7
4 5 9 13 15
8 11 2 8 12
7 6 4 14 3
11 9 10 14 7
19 14 5 5 10
17 0 18 11 20
1 8 18 1 16
6 1 7 3 4
14 11 19 7 8
6 12 7 14 8
1 13 13 1 4
11 8 9 1 10
1 2 14 12 13
19 11 0 10 14
18 11 4 12 20
14 2 12 0 17
9 14 11 1 8
14 2 7 6 7
19 12 5 7 11
14 14 9 4 10
0 12 13 3 6
8 4 9 14 7
6 2 19 10 7
2 0 9 2 4
11 4 8 14 11
10 1 15 7 3
12 11 9 7 6
9 0 18 12 8
