15 15
15 1 5 19 1 6 64 1 11 73 1 9 13 2 2 84 12 84 1 14 88 1 3 85 1 10 41 1 12 53 1 13 80 1 1 66 1 7 46 2 8 59 5 59 1 4 25 1 0 62 
15 1 1 67 2 3 74 5 74 1 7 41 1 2 57 1 14 52 1 0 14 2 9 64 12 64 1 8 84 1 6 78 1 5 47 1 13 28 1 4 84 2 10 63 4 63 1 12 26 1 11 46 
15 2 6 97 2 97 1 8 95 1 0 64 1 9 38 1 10 59 1 12 95 1 2 17 1 11 65 1 13 93 1 3 10 1 5 73 2 1 11 10 11 1 4 85 1 14 46 2 7 67 2 67 
15 1 10 23 1 12 49 2 3 32 0 32 2 4 66 7 66 2 2 43 12 43 1 0 60 1 8 41 1 7 61 1 13 70 1 9 49 1 11 17 1 6 90 1 1 85 1 14 99 1 5 85 
15 1 9 98 1 8 57 1 3 73 1 6 9 1 0 73 1 7 7 1 1 98 1 4 13 1 13 41 1 5 40 2 11 85 2 85 1 10 37 1 2 68 1 14 79 1 12 17 
15 1 11 66 1 7 53 1 5 86 1 6 40 1 0 14 2 3 19 9 19 1 13 96 1 4 95 1 2 54 1 10 84 1 12 97 1 8 16 1 14 52 1 1 76 1 9 87 
15 1 4 77 2 2 55 9 55 1 9 42 1 5 74 1 14 91 1 13 33 1 10 16 1 12 54 1 0 18 1 3 87 1 7 60 1 8 13 1 6 33 2 1 33 7 33 1 11 61 
15 1 6 41 1 5 39 1 11 82 1 9 64 2 14 47 8 47 1 10 28 1 7 78 1 13 49 1 1 79 1 4 58 1 2 92 1 3 79 1 12 6 1 0 69 1 8 76 
15 1 11 21 3 5 42 8 42 3 42 1 9 91 2 2 28 6 28 1 0 52 1 6 88 2 12 76 10 76 1 13 86 1 10 23 1 1 35 2 7 52 1 52 1 4 91 1 3 47 1 14 82 1 8 24 
15 1 11 42 2 1 93 0 93 1 3 95 1 13 45 1 9 28 2 14 77 12 77 1 0 84 1 10 8 1 7 45 1 4 70 1 5 37 1 6 86 1 12 64 2 8 67 10 67 1 2 38 
15 1 4 97 1 12 81 1 1 58 1 7 84 1 5 58 1 0 9 1 11 87 1 3 5 2 2 44 13 44 1 13 85 1 6 89 1 10 77 1 9 96 1 14 39 1 8 77 
15 1 12 80 1 1 21 1 10 10 1 5 73 1 8 70 1 6 49 1 2 31 1 13 34 1 4 40 1 11 22 3 0 15 2 15 4 15 1 14 82 1 3 57 1 9 71 2 7 48 10 48 
15 1 2 17 1 7 62 1 5 75 1 9 35 1 1 91 1 14 50 1 3 7 1 10 64 1 13 75 1 12 94 1 0 55 1 6 72 1 8 47 1 4 11 1 11 90 
15 1 11 93 1 6 57 1 1 71 1 12 70 1 9 93 1 5 20 1 3 15 1 13 77 1 10 58 1 0 12 1 2 67 1 8 68 1 14 7 1 7 29 2 4 52 12 52 
15 1 13 76 1 3 27 2 4 26 2 26 2 9 36 12 36 1 11 8 2 10 36 8 36 2 0 95 6 95 1 8 48 1 2 82 1 6 87 1 5 6 1 1 63 1 7 56 1 12 36 1 14 15 

Dynamic Events

# Machine Breakdowns (machine_id start_time end_time)
Machine Breakdowns
0 817 846
1 791 832
4 841 880
12 837 878

# Added Jobs (arrival_time: num_ops num_alts_op1 m1 p1 ... num_alts_op2 m1 p1 ...)
Added Jobs
128: 15 3 2 49 12 95 14 16 2 10 22 8 64 1 11 54 2 13 51 12 46 1 12 89 1 10 20 3 12 40 7 40 11 48 3 7 29 11 29 0 88 1 2 87 3 5 64 10 19 6 53 3 1 93 7 17 0 50 1 10 26 1 2 90 2 10 40 7 48 1 6 63 
136: 15 1 10 12 1 8 29 2 12 86 2 60 2 14 28 2 77 2 1 58 6 82 2 1 14 5 81 3 14 32 2 35 5 22 1 0 53 1 9 22 2 2 82 8 71 2 8 29 12 84 2 12 72 4 48 1 11 78 2 12 37 6 34 2 2 66 11 29 
239: 15 1 7 21 3 11 84 8 32 14 87 1 13 80 1 14 72 1 6 53 2 14 59 7 12 1 2 42 3 3 29 12 65 9 39 1 0 39 3 11 8 7 65 4 53 2 10 57 9 63 3 13 77 1 43 8 28 1 1 53 2 11 11 8 67 2 13 45 3 74 
279: 15 2 13 54 12 35 1 11 73 3 12 31 3 43 2 41 1 12 18 2 1 97 10 82 2 7 18 3 9 3 7 76 3 71 5 85 1 11 36 1 6 28 3 4 16 5 79 0 66 3 1 54 7 12 2 78 3 1 54 3 45 0 90 3 3 82 9 28 13 89 3 1 63 8 30 2 53 1 12 81 
311: 15 2 6 56 14 67 2 3 50 5 52 1 8 87 2 1 87 7 12 3 1 62 6 41 0 94 1 9 15 2 13 57 12 86 2 11 25 10 75 1 4 92 2 6 37 4 67 2 6 48 7 84 1 4 22 3 7 13 11 38 2 69 3 11 27 9 42 4 11 2 8 66 10 81 
341: 15 3 4 21 1 24 14 32 2 8 77 0 15 2 0 35 14 49 1 4 35 3 0 59 3 49 12 63 2 10 68 8 16 1 1 77 3 13 77 2 91 11 47 2 4 76 6 94 2 3 89 9 79 1 5 17 2 1 57 4 34 2 1 51 2 17 1 3 73 3 14 77 9 73 6 45 

# Cancelled Jobs (cancel_time initial_job_sim_idx_to_cancel)
Cancelled Jobs
196 3

# ETPC Constraints (fore_job_sim_idx fore_op_idx hind_job_sim_idx hind_op_idx time_lapse)
ETPC Constraints
6 12 20 11 17
16 0 10 5 7
18 14 7 8 17
2 0 0 6 9
8 9 19 4 10
19 9 11 0 19
6 5 5 1 5
11 8 2 14 6
17 14 13 11 18
17 1 8 4 16
7 2 8 6 12
6 8 14 4 5
0 0 3 11 20
19 2 20 11 12
15 11 1 12 4
9 3 1 6 11
18 12 13 5 16
14 14 10 3 6
14 14 1 9 13
19 7 8 2 17
9 7 20 2 18
18 11 15 7 14
9 5 16 14 3
8 3 12 6 3
8 9 3 10 3
5 10 16 1 17
14 4 6 8 12
1 6 12 3 13
0 11 11 2 8
8 12 5 13 6
14 14 12 3 13
5 1 13 4 19
0 10 3 4 7
8 12 2 3 20
2 5 20 7 15
9 6 17 4 4
4 11 5 9 10
8 13 10 13 19
18 7 6 5 3
2 8 18 4 13
17 0 4 12 19
4 10 20 14 10
