15 15
15 1 1 26 1 12 67 1 0 72 1 6 74 2 14 13 12 13 1 8 43 1 4 30 1 3 19 1 10 23 1 11 85 1 5 98 1 13 43 2 2 38 5 38 1 7 8 1 9 75 
15 1 14 42 2 0 39 5 39 1 4 55 1 12 46 1 1 19 1 8 93 2 9 80 12 80 1 5 26 1 10 7 1 6 50 1 11 57 1 3 73 2 2 9 4 9 1 7 61 1 13 72 
15 2 3 96 6 96 1 4 99 1 12 34 1 6 60 1 7 43 1 14 7 1 13 12 1 8 11 1 11 70 1 10 43 1 0 91 2 1 68 7 68 1 9 11 1 5 68 2 2 72 4 72 
15 1 14 63 1 11 45 1 4 49 2 1 74 8 74 1 8 27 2 0 30 12 30 1 9 72 1 7 9 1 12 99 1 13 60 1 5 69 1 6 69 1 2 84 1 3 40 1 10 59 
15 1 2 91 1 0 75 1 9 98 1 3 17 1 10 72 1 13 31 1 11 9 1 14 98 1 7 50 1 5 37 1 4 8 2 8 65 2 65 1 1 90 1 12 91 1 6 71 
15 1 11 35 1 6 80 1 4 39 1 3 62 1 14 74 1 5 72 2 10 35 9 35 1 9 25 1 1 49 1 8 52 1 7 63 1 2 90 1 13 21 1 12 47 1 0 38 
15 1 14 19 1 7 57 2 10 24 9 24 1 13 91 1 3 50 1 0 5 1 11 49 1 12 18 1 9 58 1 5 24 1 8 52 1 1 88 1 2 68 1 6 20 2 4 53 7 53 
15 1 7 77 1 14 72 1 5 35 1 11 90 1 4 68 2 6 18 8 18 1 3 9 1 0 33 1 8 60 1 10 18 1 12 10 1 13 60 1 1 38 1 2 99 1 9 15 
15 1 13 6 1 8 86 3 2 40 8 40 3 40 1 9 79 2 12 92 6 92 1 11 23 1 5 89 2 10 95 14 95 1 6 91 1 7 72 2 0 80 6 80 1 1 60 1 3 56 1 4 51 1 14 23 
15 1 1 46 1 6 28 2 5 34 0 34 1 11 77 1 4 47 1 0 10 2 14 49 12 49 1 8 77 1 10 48 1 7 24 1 12 8 1 2 72 1 13 55 1 9 29 2 3 40 8 40 
15 1 10 22 1 4 89 1 12 79 1 0 7 1 9 15 1 1 6 1 11 30 1 6 38 1 5 11 1 8 52 2 3 20 13 20 1 7 5 1 14 9 1 2 20 1 13 28 
15 1 5 73 1 14 56 1 2 37 1 3 22 1 13 25 1 6 58 1 1 8 1 7 93 1 4 88 1 8 17 1 12 9 1 11 69 3 10 71 2 71 4 71 1 9 85 1 0 55 
15 1 9 85 2 14 58 10 58 1 3 46 1 8 64 1 2 49 1 6 37 1 1 33 1 4 30 1 5 26 1 0 20 1 13 74 1 10 77 1 12 99 1 11 56 1 7 21 
15 1 10 17 1 3 24 1 4 89 1 5 15 1 11 60 1 1 42 1 8 98 1 2 64 1 13 92 1 0 63 1 7 52 1 12 54 1 6 75 1 14 23 1 9 38 
15 1 3 8 2 5 17 12 17 1 11 56 1 7 93 2 14 26 2 26 2 9 62 12 62 1 6 7 2 10 88 8 88 2 0 97 6 97 1 1 7 1 2 43 1 8 29 1 13 35 1 12 87 1 4 57 

Dynamic Events

# Machine Breakdowns (machine_id start_time end_time)
Machine Breakdowns
0 56 81
1 763 794
2 620 645
3 760 791
6 774 804
8 474 505
12 195 227
14 227 252

# Added Jobs (arrival_time: num_ops num_alts_op1 m1 p1 ... num_alts_op2 m1 p1 ...)
Added Jobs
67: 15 3 6 8 12 69 2 69 1 7 41 1 6 62 3 9 64 11 38 6 96 2 7 51 14 20 3 12 9 3 50 9 18 2 5 51 8 38 3 13 64 10 32 1 72 3 11 58 9 61 0 56 3 12 77 9 75 6 42 3 4 99 5 48 2 69 3 11 49 5 38 1 57 3 7 24 14 43 13 15 3 13 24 12 72 11 13 3 6 92 0 39 7 49 
97: 15 1 1 58 2 12 55 3 17 1 1 33 3 3 90 13 30 7 87 2 8 73 11 44 1 2 76 3 9 30 4 42 12 56 3 13 84 2 28 14 69 1 7 50 1 12 61 2 5 23 9 13 2 10 28 14 31 1 2 37 1 3 85 3 14 32 13 82 8 56 
144: 15 2 10 64 2 94 1 9 47 1 9 64 1 7 27 3 12 40 4 65 13 30 2 0 48 13 27 3 9 52 5 64 6 66 1 7 88 1 12 99 1 5 27 3 4 8 8 81 12 72 3 3 56 14 10 9 21 1 11 40 2 10 90 2 56 3 2 54 10 94 7 11 
186: 15 2 14 7 8 89 2 5 38 7 64 3 12 50 11 69 6 49 1 14 47 1 1 36 3 10 89 0 69 7 46 1 10 45 1 5 30 2 5 81 4 54 1 5 25 2 4 63 2 26 1 2 60 1 12 60 2 6 31 1 12 1 11 63 
281: 15 1 5 23 1 0 73 1 9 38 3 5 12 14 92 8 57 1 8 70 1 1 20 2 7 44 1 54 3 7 7 14 12 9 94 2 9 85 7 15 3 5 56 1 72 4 9 1 12 34 1 5 18 1 5 42 3 5 80 12 28 10 90 1 6 84 

# ETPC Constraints (fore_job_sim_idx fore_op_idx hind_job_sim_idx hind_op_idx time_lapse)
ETPC Constraints
14 14 0 10 6
0 14 19 4 17
5 8 6 10 7
11 7 6 0 7
7 8 12 5 17
1 5 11 6 13
7 13 15 12 16
14 8 1 9 13
3 8 15 11 16
6 13 15 3 9
8 4 13 8 15
0 0 8 11 13
3 8 2 4 12
3 0 7 6 16
6 0 3 13 20
11 0 0 4 9
4 4 10 9 14
1 2 10 6 12
6 0 13 12 18
10 9 6 9 9
1 5 9 2 7
13 6 1 14 11
5 2 13 13 4
17 7 9 10 14
0 9 15 10 9
3 3 14 10 13
7 8 8 4 18
4 8 14 0 11
4 2 0 7 9
10 7 1 11 19
10 14 14 1 19
14 6 18 2 6
2 12 3 10 17
15 1 12 3 8
9 5 3 13 10
3 10 8 5 11
13 0 6 12 15
16 8 19 7 9
