15 15
15 1 1 26 1 12 67 1 0 72 1 6 74 2 14 13 12 13 1 8 43 1 4 30 1 3 19 1 10 23 1 11 85 1 5 98 1 13 43 2 2 38 5 38 1 7 8 1 9 75 
15 1 14 42 2 0 39 5 39 1 4 55 1 12 46 1 1 19 1 8 93 2 9 80 12 80 1 5 26 1 10 7 1 6 50 1 11 57 1 3 73 2 2 9 4 9 1 7 61 1 13 72 
15 2 3 96 6 96 1 4 99 1 12 34 1 6 60 1 7 43 1 14 7 1 13 12 1 8 11 1 11 70 1 10 43 1 0 91 2 1 68 7 68 1 9 11 1 5 68 2 2 72 4 72 
15 1 14 63 1 11 45 1 4 49 2 1 74 8 74 1 8 27 2 0 30 12 30 1 9 72 1 7 9 1 12 99 1 13 60 1 5 69 1 6 69 1 2 84 1 3 40 1 10 59 
15 1 2 91 1 0 75 1 9 98 1 3 17 1 10 72 1 13 31 1 11 9 1 14 98 1 7 50 1 5 37 1 4 8 2 8 65 2 65 1 1 90 1 12 91 1 6 71 
15 1 11 35 1 6 80 1 4 39 1 3 62 1 14 74 1 5 72 2 10 35 9 35 1 9 25 1 1 49 1 8 52 1 7 63 1 2 90 1 13 21 1 12 47 1 0 38 
15 1 14 19 1 7 57 2 10 24 9 24 1 13 91 1 3 50 1 0 5 1 11 49 1 12 18 1 9 58 1 5 24 1 8 52 1 1 88 1 2 68 1 6 20 2 4 53 7 53 
15 1 7 77 1 14 72 1 5 35 1 11 90 1 4 68 2 6 18 8 18 1 3 9 1 0 33 1 8 60 1 10 18 1 12 10 1 13 60 1 1 38 1 2 99 1 9 15 
15 1 13 6 1 8 86 3 2 40 8 40 3 40 1 9 79 2 12 92 6 92 1 11 23 1 5 89 2 10 95 14 95 1 6 91 1 7 72 2 0 80 6 80 1 1 60 1 3 56 1 4 51 1 14 23 
15 1 1 46 1 6 28 2 5 34 0 34 1 11 77 1 4 47 1 0 10 2 14 49 12 49 1 8 77 1 10 48 1 7 24 1 12 8 1 2 72 1 13 55 1 9 29 2 3 40 8 40 
15 1 10 22 1 4 89 1 12 79 1 0 7 1 9 15 1 1 6 1 11 30 1 6 38 1 5 11 1 8 52 2 3 20 13 20 1 7 5 1 14 9 1 2 20 1 13 28 
15 1 5 73 1 14 56 1 2 37 1 3 22 1 13 25 1 6 58 1 1 8 1 7 93 1 4 88 1 8 17 1 12 9 1 11 69 3 10 71 2 71 4 71 1 9 85 1 0 55 
15 1 9 85 2 14 58 10 58 1 3 46 1 8 64 1 2 49 1 6 37 1 1 33 1 4 30 1 5 26 1 0 20 1 13 74 1 10 77 1 12 99 1 11 56 1 7 21 
15 1 10 17 1 3 24 1 4 89 1 5 15 1 11 60 1 1 42 1 8 98 1 2 64 1 13 92 1 0 63 1 7 52 1 12 54 1 6 75 1 14 23 1 9 38 
15 1 3 8 2 5 17 12 17 1 11 56 1 7 93 2 14 26 2 26 2 9 62 12 62 1 6 7 2 10 88 8 88 2 0 97 6 97 1 1 7 1 2 43 1 8 29 1 13 35 1 12 87 1 4 57 

Dynamic Events

# Machine Breakdowns (machine_id start_time end_time)
Machine Breakdowns
0 219 253
1 159 188
12 508 544
13 82 118

# Added Jobs (arrival_time: num_ops num_alts_op1 m1 p1 ... num_alts_op2 m1 p1 ...)
Added Jobs
73: 15 1 10 32 2 5 22 14 86 3 13 84 0 78 11 21 3 7 9 10 47 6 48 3 10 31 6 22 9 77 2 13 38 6 84 1 13 16 3 3 91 6 82 11 40 1 8 69 2 13 67 14 11 3 13 65 3 27 11 9 1 14 17 2 14 82 13 56 1 9 86 2 11 43 0 59 
112: 15 1 13 53 1 5 72 1 4 90 1 5 86 3 5 81 11 31 6 48 3 3 76 10 89 9 79 3 3 44 0 8 9 47 1 2 65 1 1 70 3 0 30 3 79 2 33 1 7 83 3 5 23 14 16 6 94 3 10 14 4 71 7 88 3 11 35 3 61 12 38 2 8 19 4 52 
129: 15 2 3 71 8 57 1 12 86 3 12 48 1 13 10 23 3 1 78 6 85 7 28 2 14 66 3 49 1 4 31 2 7 48 10 8 3 3 10 10 90 5 68 1 1 40 3 2 30 0 11 14 95 2 10 19 14 94 1 9 35 2 5 20 14 87 3 5 98 12 67 11 82 2 14 74 12 88 
175: 15 1 2 80 2 10 72 7 57 1 9 30 2 13 7 8 58 1 10 28 3 9 69 8 86 10 12 1 14 64 1 0 58 3 5 17 2 38 0 96 3 14 25 6 21 9 56 3 1 82 14 71 8 14 2 14 69 12 86 3 3 84 5 27 1 43 2 14 62 4 82 1 14 72 
239: 15 3 7 8 14 20 8 72 1 14 79 3 4 53 8 90 10 48 2 1 29 9 46 2 13 73 10 25 1 1 39 1 8 88 3 11 20 4 34 13 50 3 8 70 12 64 5 57 1 9 23 3 1 34 4 12 11 43 3 3 43 13 64 5 48 2 11 47 13 28 1 6 59 2 14 45 12 47 

# Cancelled Jobs (cancel_time initial_job_sim_idx_to_cancel)
Cancelled Jobs
312 14
383 4

# ETPC Constraints (fore_job_sim_idx fore_op_idx hind_job_sim_idx hind_op_idx time_lapse)
ETPC Constraints
18 9 0 12 9
16 5 15 13 16
8 8 7 0 7
13 0 7 13 5
17 13 13 6 4
3 2 14 6 5
8 10 5 1 20
5 13 11 0 11
11 10 13 12 11
0 12 7 4 5
11 9 9 5 15
17 6 14 0 4
16 8 17 4 14
19 12 14 6 15
8 6 13 6 16
7 1 11 10 14
9 6 11 8 5
18 4 8 14 6
19 4 8 1 18
14 14 12 13 20
15 4 14 12 14
18 7 2 13 14
1 11 14 4 19
3 10 8 3 18
13 1 19 2 8
16 11 4 9 12
2 8 13 11 13
9 11 6 4 20
18 14 16 7 9
16 7 4 9 9
14 8 16 6 11
9 2 2 8 4
13 9 10 7 7
13 12 8 8 19
5 5 4 13 16
6 14 8 8 13
9 7 10 7 6
10 7 16 6 12
