15 15
15 1 10 51 1 14 43 1 7 80 1 4 18 2 6 38 12 38 1 3 24 1 2 67 1 12 15 1 11 24 1 13 72 1 8 45 1 5 80 2 9 64 5 64 1 1 44 1 0 88 
15 1 6 40 2 9 88 5 88 1 10 77 1 5 59 1 11 20 1 3 52 2 8 70 9 70 1 0 40 1 4 32 1 13 76 1 12 43 1 7 31 1 2 21 2 14 5 3 5 1 1 47 
15 1 0 32 2 3 49 2 49 1 10 5 1 5 64 1 7 58 1 8 80 1 6 94 1 11 11 1 1 26 1 13 26 1 14 59 1 9 85 2 4 47 10 47 1 12 96 1 2 14 
15 2 5 23 2 23 1 6 9 1 0 75 2 12 37 0 37 2 11 43 7 43 2 2 79 12 79 1 4 75 1 3 34 1 7 20 1 13 10 1 14 83 1 10 68 1 9 52 1 8 66 1 1 9 
15 1 12 69 1 9 59 1 3 28 1 14 62 1 13 36 1 1 26 1 6 84 1 11 16 1 8 54 1 5 42 1 2 54 2 0 6 2 6 1 10 40 1 7 88 1 4 79 
15 1 13 78 1 12 53 1 11 17 1 5 29 1 4 82 1 2 23 2 9 12 7 12 1 8 64 1 1 86 1 7 59 1 6 5 1 3 68 1 14 59 1 10 13 1 0 56 
15 1 10 83 2 13 46 9 46 1 9 7 1 12 65 1 11 69 1 6 62 1 0 16 1 2 58 1 8 66 1 5 83 1 7 90 1 14 42 1 4 81 2 3 69 2 69 1 1 85 
15 1 7 73 1 10 71 1 8 64 1 6 10 1 9 20 2 11 99 1 99 1 4 24 1 14 65 1 5 82 1 3 72 1 12 43 1 1 82 1 13 27 1 2 24 1 0 33 
15 1 4 82 2 1 34 13 34 1 3 92 1 2 8 2 0 38 6 38 1 8 45 1 6 21 2 5 35 10 35 1 12 52 1 9 35 1 11 15 2 14 23 7 23 1 10 6 1 13 83 1 7 30 
15 1 2 84 1 5 7 2 9 66 0 66 1 10 6 1 4 28 1 13 27 2 6 79 14 79 1 7 70 1 0 85 1 1 94 1 3 60 1 14 80 1 12 39 1 8 66 2 11 29 3 29 
15 1 3 44 1 6 58 1 13 14 1 8 65 1 1 72 1 5 14 1 12 52 1 4 21 1 9 25 1 0 5 2 11 51 13 51 1 7 61 1 14 55 1 10 42 1 2 36 
15 1 14 43 1 10 72 1 5 78 1 11 12 1 12 17 1 0 46 1 9 27 1 6 51 1 2 63 1 1 79 1 8 79 1 7 91 3 4 49 2 49 14 49 1 13 26 1 3 93 
15 2 7 49 12 49 1 0 49 1 4 71 1 5 78 1 9 44 1 10 41 1 12 91 1 13 84 1 8 91 1 6 21 1 11 47 1 14 28 1 3 61 1 2 70 1 1 93 
15 1 3 25 1 4 85 1 0 66 1 2 45 1 10 95 1 12 21 1 8 84 1 5 24 1 9 53 1 7 67 1 6 91 1 11 11 1 13 32 1 1 30 1 14 89 
15 1 3 92 2 7 93 2 93 1 0 99 1 1 40 2 10 37 14 37 2 12 69 2 69 2 5 66 1 66 1 6 57 2 14 22 4 22 1 9 44 1 8 73 1 13 97 1 11 18 1 2 69 1 4 41 

Dynamic Events

# Machine Breakdowns (machine_id start_time end_time)
Machine Breakdowns
2 116 146
6 509 534
8 776 811
9 810 848

# Added Jobs (arrival_time: num_ops num_alts_op1 m1 p1 ... num_alts_op2 m1 p1 ...)
Added Jobs
209: 15 1 4 23 1 6 83 3 7 19 13 78 14 45 1 11 33 2 10 23 6 63 1 9 56 2 3 40 9 65 3 0 46 4 65 7 36 1 2 73 1 0 54 3 2 8 8 72 12 96 2 10 25 4 63 2 1 31 11 31 3 7 51 11 95 1 40 3 10 72 9 25 3 5 
253: 15 3 5 24 2 48 9 24 2 7 57 12 20 3 9 38 11 43 4 28 3 2 71 6 12 5 26 1 4 70 1 0 72 3 4 29 11 43 13 40 3 12 71 13 33 10 11 3 12 68 10 45 7 29 1 10 67 2 4 68 10 74 2 1 26 12 74 1 14 66 1 11 19 2 5 21 0 44 
308: 15 2 10 92 3 28 2 13 49 4 25 2 11 63 9 35 1 3 48 1 5 9 3 8 72 7 30 2 21 1 11 38 2 10 38 12 72 3 10 80 9 46 13 49 3 5 56 3 75 12 87 2 3 34 12 37 3 1 92 7 46 6 55 1 4 37 3 10 47 13 21 4 21 3 0 91 4 77 7 88 
333: 15 3 10 55 7 90 8 89 3 9 34 1 96 10 24 2 8 88 11 95 1 14 5 3 8 80 11 56 10 20 3 0 81 7 44 13 56 1 3 79 1 11 90 3 10 21 1 86 0 86 2 7 70 13 56 3 1 63 7 68 13 22 2 9 59 0 91 3 12 25 8 45 6 17 3 7 59 11 81 3 70 3 13 73 5 16 6 64 
335: 15 3 10 66 7 39 6 47 1 14 86 2 1 9 13 97 1 12 43 2 13 34 10 12 3 9 27 8 60 1 91 1 3 89 3 10 61 14 70 3 12 3 4 49 2 32 3 10 2 12 80 8 53 2 3 38 13 68 2 9 23 4 52 3 8 60 1 19 0 10 2 7 44 4 82 3 12 34 6 87 13 64 
389: 15 1 6 86 2 0 76 10 12 1 9 85 1 9 78 1 12 94 1 0 79 3 4 23 9 45 3 33 2 5 62 12 75 3 6 67 3 50 13 87 2 12 17 1 77 2 12 58 3 60 2 14 87 10 32 1 7 16 3 8 47 13 97 12 23 1 4 22 

# Cancelled Jobs (cancel_time initial_job_sim_idx_to_cancel)
Cancelled Jobs
423 6

# ETPC Constraints (fore_job_sim_idx fore_op_idx hind_job_sim_idx hind_op_idx time_lapse)
ETPC Constraints
15 14 7 12 7
19 9 15 13 10
17 14 0 9 19
18 8 14 2 14
20 1 15 1 20
19 6 2 10 10
13 8 4 4 13
6 10 8 7 20
6 14 14 8 9
20 9 8 0 4
6 3 10 7 5
19 3 3 14 16
3 14 2 3 6
20 9 13 6 19
0 14 5 2 5
20 4 19 8 8
6 4 8 5 20
5 0 2 10 4
14 1 5 12 17
10 12 12 7 18
9 3 6 6 3
11 8 16 13 12
20 7 16 8 7
4 0 6 5 18
13 0 1 10 19
15 1 17 9 4
8 3 1 5 16
8 0 13 14 3
1 4 19 10 12
12 2 10 4 20
5 11 15 10 7
11 4 6 7 8
7 0 15 13 18
13 5 10 8 8
8 3 16 8 4
5 14 2 12 3
10 2 0 11 12
13 13 14 11 14
12 14 5 10 14
7 0 13 6 8
12 4 15 10 5
1 13 5 1 13
