15 15
15 1 10 51 1 14 43 1 7 80 1 4 18 2 6 38 12 38 1 3 24 1 2 67 1 12 15 1 11 24 1 13 72 1 8 45 1 5 80 2 9 64 5 64 1 1 44 1 0 88 
15 1 6 40 2 9 88 5 88 1 10 77 1 5 59 1 11 20 1 3 52 2 8 70 9 70 1 0 40 1 4 32 1 13 76 1 12 43 1 7 31 1 2 21 2 14 5 3 5 1 1 47 
15 1 0 32 2 3 49 2 49 1 10 5 1 5 64 1 7 58 1 8 80 1 6 94 1 11 11 1 1 26 1 13 26 1 14 59 1 9 85 2 4 47 10 47 1 12 96 1 2 14 
15 2 5 23 2 23 1 6 9 1 0 75 2 12 37 0 37 2 11 43 7 43 2 2 79 12 79 1 4 75 1 3 34 1 7 20 1 13 10 1 14 83 1 10 68 1 9 52 1 8 66 1 1 9 
15 1 12 69 1 9 59 1 3 28 1 14 62 1 13 36 1 1 26 1 6 84 1 11 16 1 8 54 1 5 42 1 2 54 2 0 6 2 6 1 10 40 1 7 88 1 4 79 
15 1 13 78 1 12 53 1 11 17 1 5 29 1 4 82 1 2 23 2 9 12 7 12 1 8 64 1 1 86 1 7 59 1 6 5 1 3 68 1 14 59 1 10 13 1 0 56 
15 1 10 83 2 13 46 9 46 1 9 7 1 12 65 1 11 69 1 6 62 1 0 16 1 2 58 1 8 66 1 5 83 1 7 90 1 14 42 1 4 81 2 3 69 2 69 1 1 85 
15 1 7 73 1 10 71 1 8 64 1 6 10 1 9 20 2 11 99 1 99 1 4 24 1 14 65 1 5 82 1 3 72 1 12 43 1 1 82 1 13 27 1 2 24 1 0 33 
15 1 4 82 2 1 34 13 34 1 3 92 1 2 8 2 0 38 6 38 1 8 45 1 6 21 2 5 35 10 35 1 12 52 1 9 35 1 11 15 2 14 23 7 23 1 10 6 1 13 83 1 7 30 
15 1 2 84 1 5 7 2 9 66 0 66 1 10 6 1 4 28 1 13 27 2 6 79 14 79 1 7 70 1 0 85 1 1 94 1 3 60 1 14 80 1 12 39 1 8 66 2 11 29 3 29 
15 1 3 44 1 6 58 1 13 14 1 8 65 1 1 72 1 5 14 1 12 52 1 4 21 1 9 25 1 0 5 2 11 51 13 51 1 7 61 1 14 55 1 10 42 1 2 36 
15 1 14 43 1 10 72 1 5 78 1 11 12 1 12 17 1 0 46 1 9 27 1 6 51 1 2 63 1 1 79 1 8 79 1 7 91 3 4 49 2 49 14 49 1 13 26 1 3 93 
15 2 7 49 12 49 1 0 49 1 4 71 1 5 78 1 9 44 1 10 41 1 12 91 1 13 84 1 8 91 1 6 21 1 11 47 1 14 28 1 3 61 1 2 70 1 1 93 
15 1 3 25 1 4 85 1 0 66 1 2 45 1 10 95 1 12 21 1 8 84 1 5 24 1 9 53 1 7 67 1 6 91 1 11 11 1 13 32 1 1 30 1 14 89 
15 1 3 92 2 7 93 2 93 1 0 99 1 1 40 2 10 37 14 37 2 12 69 2 69 2 5 66 1 66 1 6 57 2 14 22 4 22 1 9 44 1 8 73 1 13 97 1 11 18 1 2 69 1 4 41 

Dynamic Events

# Machine Breakdowns (machine_id start_time end_time)
Machine Breakdowns
1 873 909
5 484 514
8 525 554

# Added Jobs (arrival_time: num_ops num_alts_op1 m1 p1 ... num_alts_op2 m1 p1 ...)
Added Jobs
72: 15 2 9 84 4 64 1 4 66 3 6 26 2 60 12 21 3 5 79 8 73 1 75 2 5 14 10 37 3 1 13 4 38 9 15 2 12 23 0 27 2 3 84 11 28 3 2 53 1 49 0 7 2 14 55 0 69 1 12 61 2 1 13 13 26 1 14 72 1 9 84 2 8 89 6 88 
138: 15 3 11 57 3 90 13 41 1 2 14 3 1 67 10 92 4 81 2 13 73 2 21 3 7 28 9 82 14 44 3 8 70 0 62 4 78 2 13 62 14 43 1 5 67 1 5 56 3 9 85 8 62 5 23 2 14 64 6 67 2 3 80 7 87 2 3 64 1 52 3 12 29 14 68 13 33 1 9 86 
149: 15 3 7 33 5 58 2 55 1 1 74 1 5 86 1 11 81 1 9 15 2 13 33 12 93 2 11 55 13 60 1 3 41 3 1 48 4 56 11 41 1 11 96 2 1 69 3 92 3 0 86 10 42 12 65 3 2 33 1 86 3 6 3 3 69 12 22 7 30 2 2 41 8 79 
356: 15 2 12 45 8 88 3 7 45 14 23 11 80 1 4 53 1 13 83 2 11 69 1 36 3 14 31 9 72 8 46 1 9 20 2 12 58 8 88 1 4 20 2 14 7 3 10 2 3 63 12 20 2 10 32 9 41 1 11 64 1 4 49 1 7 54 
361: 15 1 5 71 1 5 17 2 8 67 9 22 2 9 68 12 25 1 2 62 2 9 75 14 76 2 6 82 13 35 2 0 45 13 72 3 14 44 8 82 0 35 2 6 63 12 36 2 14 7 12 42 1 13 67 3 8 65 9 62 14 75 1 5 82 1 11 41 

# Cancelled Jobs (cancel_time initial_job_sim_idx_to_cancel)
Cancelled Jobs
65 11
114 7
475 13

# ETPC Constraints (fore_job_sim_idx fore_op_idx hind_job_sim_idx hind_op_idx time_lapse)
ETPC Constraints
7 11 9 8 10
4 9 12 4 16
1 9 3 8 11
12 10 16 8 5
18 7 6 6 16
12 9 19 7 19
16 12 3 2 7
7 5 1 8 16
8 2 3 13 17
0 9 12 11 19
9 4 17 4 14
12 8 8 7 10
7 8 15 1 20
8 2 9 7 17
18 2 8 4 16
10 1 1 8 10
16 12 5 0 4
14 1 7 4 3
1 0 8 3 7
13 2 17 0 16
5 14 17 10 17
15 11 6 0 15
14 5 7 3 18
15 14 6 3 17
18 13 1 3 19
11 9 17 1 19
3 7 13 3 4
7 4 0 6 11
6 10 7 3 6
2 6 17 12 10
4 9 0 12 19
19 4 11 0 14
11 6 17 6 16
19 11 11 3 10
13 9 1 0 10
17 11 5 11 18
15 10 0 10 18
1 6 6 6 10
