15 15
15 1 9 65 1 10 28 1 4 74 1 12 33 2 2 51 12 51 1 14 75 1 5 73 1 8 32 1 6 13 1 3 81 1 1 35 1 7 59 2 13 38 5 38 1 11 55 1 0 27 
15 1 0 64 2 1 53 5 53 1 11 83 1 2 33 1 4 6 1 9 52 2 14 72 9 72 1 8 7 1 13 90 1 12 21 1 6 23 1 3 10 1 10 39 2 5 49 3 49 1 7 72 
15 1 14 73 2 3 82 2 82 1 1 23 1 12 62 1 6 88 1 5 21 1 8 65 1 11 70 1 7 53 1 10 81 1 2 93 1 13 77 2 0 61 10 61 1 9 28 1 4 78 
15 2 1 12 2 12 1 6 51 1 7 33 2 4 15 0 15 2 14 72 7 72 2 10 98 12 98 1 9 94 1 5 12 1 11 42 1 2 24 1 13 15 1 8 28 1 3 6 1 12 99 1 0 41 
15 1 12 97 1 5 7 1 9 96 1 4 15 1 14 73 1 13 43 1 0 32 1 8 22 1 11 42 1 1 94 1 2 23 2 7 86 2 86 1 6 78 1 10 24 1 3 31 
15 1 1 72 1 5 88 1 2 93 1 13 13 1 4 44 1 14 66 2 6 63 9 63 1 7 14 1 9 67 1 10 17 1 11 85 1 0 35 1 3 68 1 12 5 1 8 49 
15 1 9 15 1 7 82 2 6 21 9 21 1 14 53 1 3 72 1 13 49 1 2 99 1 4 26 1 12 56 1 8 45 1 1 68 1 10 51 1 0 8 1 5 27 2 11 96 7 96 
15 1 3 54 1 7 24 1 4 14 1 8 38 1 5 36 2 2 52 8 52 1 14 55 1 12 37 1 11 48 1 0 93 1 13 60 1 10 70 1 1 23 1 6 23 1 9 83 
15 1 3 12 1 8 69 3 6 26 8 26 3 26 1 9 23 2 14 28 6 28 1 1 82 1 5 33 2 4 45 10 45 1 13 64 1 7 15 1 11 9 2 12 73 7 73 1 10 59 1 2 37 1 0 62 
15 1 0 87 1 5 12 2 7 80 9 80 1 4 50 1 10 48 1 12 90 1 1 72 2 13 24 12 24 1 6 14 1 8 71 1 11 44 1 9 46 1 2 15 1 14 61 1 3 92 
15 2 2 54 8 54 1 0 22 1 6 61 1 4 46 1 3 73 1 5 16 1 12 6 1 9 94 1 14 93 1 13 67 1 8 54 2 7 75 13 75 1 11 32 1 10 40 1 1 97 
15 1 10 92 1 14 36 1 4 22 1 9 9 1 3 47 1 1 77 1 12 79 1 13 36 1 6 30 1 8 98 1 11 79 1 7 7 1 5 55 3 2 6 4 6 14 6 1 0 30 
15 1 0 49 2 13 83 12 83 1 3 73 1 6 82 1 1 82 1 14 92 1 11 73 1 4 31 1 10 35 1 9 54 1 5 7 1 8 37 1 7 72 1 2 52 1 12 76 
15 1 10 98 1 12 34 1 13 52 1 4 26 1 1 28 1 3 39 1 8 80 1 5 29 1 9 70 1 0 43 1 6 48 1 7 58 1 2 45 1 14 94 1 11 96 
15 1 1 70 1 10 17 2 6 90 2 90 1 12 67 1 4 14 2 8 23 14 23 2 3 21 2 21 2 7 18 1 18 1 13 43 2 11 84 4 84 1 5 26 1 9 36 1 2 93 1 14 84 1 0 42 

Dynamic Events

# Machine Breakdowns (machine_id start_time end_time)
Machine Breakdowns
2 401 426
4 220 250
7 843 878
14 110 143

# Added Jobs (arrival_time: num_ops num_alts_op1 m1 p1 ... num_alts_op2 m1 p1 ...)
Added Jobs
270: 15 1 5 18 2 11 58 0 89 2 10 50 3 78 3 3 51 7 42 8 70 2 7 56 10 37 2 5 59 11 12 2 7 8 4 56 1 11 14 1 2 80 1 3 47 3 4 35 1 91 5 54 1 0 88 1 0 35 1 3 38 1 11 95 
328: 15 3 5 26 2 93 3 90 1 6 60 2 1 17 14 15 3 10 34 7 7 14 91 2 8 18 7 29 1 0 47 1 12 39 1 14 20 1 0 84 2 0 57 3 58 3 8 84 9 75 1 40 1 2 50 2 6 55 13 21 1 5 26 2 4 25 3 76 
341: 15 2 13 28 0 28 3 8 58 2 61 13 24 1 0 86 2 14 61 1 40 3 9 62 1 52 4 18 2 5 58 3 45 1 6 64 1 2 12 2 14 41 10 27 3 14 28 2 76 1 35 2 7 30 1 74 3 1 44 2 20 11 95 1 4 49 1 13 51 3 4 41 8 47 3 35 
347: 15 1 8 64 1 1 62 1 14 83 1 9 49 1 7 71 3 2 93 0 85 7 52 3 6 78 8 94 13 13 3 5 54 14 35 10 61 1 3 21 1 2 12 1 9 33 1 2 98 2 0 38 14 36 1 13 88 2 0 74 1 65 
375: 15 1 7 69 3 12 59 2 94 3 65 3 10 26 14 82 6 82 3 5 76 13 51 10 75 3 14 8 12 86 4 71 3 1 85 12 66 4 21 1 14 48 3 11 9 5 80 10 76 1 14 59 3 3 46 6 60 2 66 2 5 35 6 35 2 5 88 0 87 1 7 79 3 5 29 8 67 2 64 3 3 76 6 71 12 91 
396: 15 3 10 35 12 34 4 7 1 6 29 2 14 91 8 72 3 10 39 14 76 0 51 3 5 37 3 25 0 81 2 1 29 6 73 1 5 70 1 14 55 2 11 75 6 42 3 9 16 13 78 0 8 2 2 52 11 55 2 8 64 13 80 2 3 53 6 35 2 0 81 13 58 3 11 77 9 48 3 58 

# Cancelled Jobs (cancel_time initial_job_sim_idx_to_cancel)
Cancelled Jobs
274 5
284 9
376 1

# ETPC Constraints (fore_job_sim_idx fore_op_idx hind_job_sim_idx hind_op_idx time_lapse)
ETPC Constraints
15 8 20 0 10
19 2 17 0 14
7 0 11 3 3
16 14 3 8 7
8 3 9 10 16
19 10 10 12 10
15 4 20 14 19
10 6 12 14 17
14 14 13 8 5
19 9 17 6 6
8 12 0 0 9
8 1 16 13 7
16 8 18 8 20
0 7 14 3 15
4 10 1 11 20
10 7 5 13 20
2 14 18 14 7
14 10 8 3 11
15 3 3 1 11
10 9 12 7 15
1 7 19 6 18
5 7 0 13 6
20 12 3 13 16
18 1 19 13 18
20 6 3 12 13
7 3 15 11 16
6 10 13 8 20
3 9 6 1 16
2 7 11 14 14
0 10 11 1 17
17 2 13 13 4
11 7 9 5 10
19 13 7 1 3
6 12 20 1 8
20 5 9 3 6
5 5 12 5 7
7 3 2 10 16
2 0 3 7 20
20 8 7 3 9
18 5 14 0 5
9 8 13 10 7
12 7 16 6 3
