15 15
15 1 9 65 1 10 28 1 4 74 1 12 33 2 2 51 12 51 1 14 75 1 5 73 1 8 32 1 6 13 1 3 81 1 1 35 1 7 59 2 13 38 5 38 1 11 55 1 0 27 
15 1 0 64 2 1 53 5 53 1 11 83 1 2 33 1 4 6 1 9 52 2 14 72 9 72 1 8 7 1 13 90 1 12 21 1 6 23 1 3 10 1 10 39 2 5 49 3 49 1 7 72 
15 1 14 73 2 3 82 2 82 1 1 23 1 12 62 1 6 88 1 5 21 1 8 65 1 11 70 1 7 53 1 10 81 1 2 93 1 13 77 2 0 61 10 61 1 9 28 1 4 78 
15 2 1 12 2 12 1 6 51 1 7 33 2 4 15 0 15 2 14 72 7 72 2 10 98 12 98 1 9 94 1 5 12 1 11 42 1 2 24 1 13 15 1 8 28 1 3 6 1 12 99 1 0 41 
15 1 12 97 1 5 7 1 9 96 1 4 15 1 14 73 1 13 43 1 0 32 1 8 22 1 11 42 1 1 94 1 2 23 2 7 86 2 86 1 6 78 1 10 24 1 3 31 
15 1 1 72 1 5 88 1 2 93 1 13 13 1 4 44 1 14 66 2 6 63 9 63 1 7 14 1 9 67 1 10 17 1 11 85 1 0 35 1 3 68 1 12 5 1 8 49 
15 1 9 15 1 7 82 2 6 21 9 21 1 14 53 1 3 72 1 13 49 1 2 99 1 4 26 1 12 56 1 8 45 1 1 68 1 10 51 1 0 8 1 5 27 2 11 96 7 96 
15 1 3 54 1 7 24 1 4 14 1 8 38 1 5 36 2 2 52 8 52 1 14 55 1 12 37 1 11 48 1 0 93 1 13 60 1 10 70 1 1 23 1 6 23 1 9 83 
15 1 3 12 1 8 69 3 6 26 8 26 3 26 1 9 23 2 14 28 6 28 1 1 82 1 5 33 2 4 45 10 45 1 13 64 1 7 15 1 11 9 2 12 73 7 73 1 10 59 1 2 37 1 0 62 
15 1 0 87 1 5 12 2 7 80 9 80 1 4 50 1 10 48 1 12 90 1 1 72 2 13 24 12 24 1 6 14 1 8 71 1 11 44 1 9 46 1 2 15 1 14 61 1 3 92 
15 2 2 54 8 54 1 0 22 1 6 61 1 4 46 1 3 73 1 5 16 1 12 6 1 9 94 1 14 93 1 13 67 1 8 54 2 7 75 13 75 1 11 32 1 10 40 1 1 97 
15 1 10 92 1 14 36 1 4 22 1 9 9 1 3 47 1 1 77 1 12 79 1 13 36 1 6 30 1 8 98 1 11 79 1 7 7 1 5 55 3 2 6 4 6 14 6 1 0 30 
15 1 0 49 2 13 83 12 83 1 3 73 1 6 82 1 1 82 1 14 92 1 11 73 1 4 31 1 10 35 1 9 54 1 5 7 1 8 37 1 7 72 1 2 52 1 12 76 
15 1 10 98 1 12 34 1 13 52 1 4 26 1 1 28 1 3 39 1 8 80 1 5 29 1 9 70 1 0 43 1 6 48 1 7 58 1 2 45 1 14 94 1 11 96 
15 1 1 70 1 10 17 2 6 90 2 90 1 12 67 1 4 14 2 8 23 14 23 2 3 21 2 21 2 7 18 1 18 1 13 43 2 11 84 4 84 1 5 26 1 9 36 1 2 93 1 14 84 1 0 42 

Dynamic Events

# Machine Breakdowns (machine_id start_time end_time)
Machine Breakdowns
0 412 446
2 68 97
5 393 427
8 388 418
12 310 336

# Added Jobs (arrival_time: num_ops num_alts_op1 m1 p1 ... num_alts_op2 m1 p1 ...)
Added Jobs
133: 15 3 3 27 14 92 8 69 1 11 62 1 4 72 1 6 21 2 14 66 4 12 1 10 64 3 12 34 10 23 9 67 1 7 38 3 7 75 13 25 11 84 1 7 61 3 4 49 13 82 14 58 3 6 70 1 28 11 76 3 0 16 9 26 1 17 1 14 69 3 3 70 14 74 7 52 
151: 15 1 12 34 3 11 70 0 82 9 93 2 6 72 2 95 3 10 31 4 46 3 26 3 4 40 12 98 11 20 2 14 12 7 7 2 13 53 1 91 1 14 54 3 8 87 1 32 3 31 2 2 19 7 37 1 8 88 3 3 8 6 79 1 49 2 1 62 3 81 1 1 21 1 13 44 
203: 15 2 10 93 4 51 1 2 12 1 0 93 3 10 34 4 57 14 23 1 10 82 3 0 20 3 80 7 85 3 0 63 2 76 13 48 3 0 77 8 38 13 67 1 3 92 1 14 19 2 3 32 5 66 2 10 22 0 8 1 9 79 3 3 56 1 79 10 93 2 5 33 0 48 
209: 15 1 9 36 1 8 60 1 4 48 1 10 17 2 14 56 8 60 3 11 92 5 15 8 35 2 14 16 9 78 1 8 39 2 13 52 12 63 2 7 31 8 29 3 9 81 10 21 6 34 3 10 84 4 26 0 60 2 3 53 1 43 2 0 24 7 42 2 3 23 5 32 
225: 15 2 13 39 3 6 3 5 83 6 68 12 36 1 7 52 1 11 16 2 0 77 1 22 2 5 26 12 79 1 4 27 3 10 94 9 55 11 19 1 11 69 2 10 94 3 27 1 8 22 2 14 78 11 33 2 0 65 3 85 2 11 10 9 47 3 4 81 3 13 13 28 
245: 15 1 8 17 3 11 74 5 8 6 56 3 8 62 0 13 11 82 1 0 37 2 14 24 11 43 3 0 73 12 72 14 91 2 4 82 8 31 2 9 44 2 88 1 2 55 2 4 72 13 31 2 14 61 5 88 2 9 64 4 27 2 5 42 7 18 1 14 31 2 3 54 2 72 
375: 15 2 7 22 8 10 1 14 54 2 6 15 2 66 3 3 74 13 56 11 90 1 12 9 1 4 79 3 8 17 13 25 0 86 3 1 39 12 71 5 54 1 7 9 3 10 65 0 18 6 81 3 8 70 12 58 9 23 1 5 64 2 8 14 3 22 1 12 61 2 13 58 11 77 

# Cancelled Jobs (cancel_time initial_job_sim_idx_to_cancel)
Cancelled Jobs
218 8
389 6
502 9

# ETPC Constraints (fore_job_sim_idx fore_op_idx hind_job_sim_idx hind_op_idx time_lapse)
ETPC Constraints
6 5 13 12 6
3 4 21 11 6
14 10 16 9 18
1 2 21 2 11
21 3 17 0 5
1 10 3 1 20
12 7 16 6 12
3 7 14 0 4
10 3 13 1 9
5 12 10 11 10
8 1 19 6 8
14 2 12 4 6
10 5 1 9 10
0 11 5 9 7
1 2 14 11 17
16 8 9 8 20
8 13 14 4 17
15 10 0 7 12
5 5 18 5 12
21 8 6 2 9
15 10 1 12 16
5 12 6 3 16
18 6 7 4 15
10 14 17 8 12
16 5 1 9 8
13 6 2 2 6
0 10 12 9 9
15 12 20 1 5
10 0 20 4 7
7 13 5 13 12
8 5 0 13 10
7 2 6 11 10
21 13 16 13 9
7 11 9 14 19
3 8 0 7 16
9 3 21 4 7
18 0 17 6 14
8 14 7 2 17
13 10 5 5 14
14 6 13 9 8
15 4 6 9 4
7 7 17 0 4
19 13 21 1 18
18 1 13 9 16
