10 60
5 4 0 11 1 22 2 29 3 26 40 4 21 5 20 6 24 7 22 12 11 13 28 14 19 15 21 16 25 17 10 18 28 19 25 20 28 21 15 22 16 23 19 24 12 25 30 26 12 27 10 28 17 29 18 30 24 31 11 40 25 41 17 42 18 43 13 44 19 45 21 46 24 47 25 48 18 49 13 50 27 51 20 52 14 53 29 54 24 55 23 52 4 22 5 19 6 14 7 11 8 25 9 25 10 11 11 13 12 19 13 12 14 28 15 19 16 16 17 26 18 19 19 20 20 25 21 20 22 27 23 11 24 19 25 26 26 24 27 24 28 15 29 16 30 22 31 27 32 12 33 20 34 21 35 30 36 24 37 30 38 28 39 26 40 18 41 21 42 10 43 30 44 13 45 29 46 14 47 25 48 21 49 22 50 10 51 19 52 15 53 17 54 14 55 24 16 4 29 5 27 6 12 7 30 12 21 13 12 14 12 15 30 28 24 29 26 30 14 31 15 40 14 41 27 42 24 43 21 4 56 15 57 16 58 21 59 23 
5 4 0 13 1 26 2 19 3 25 4 8 25 9 23 10 22 11 25 48 4 17 5 18 6 13 7 29 8 20 9 21 10 21 11 26 16 27 17 10 18 13 19 19 20 16 21 13 22 18 23 14 24 27 25 23 26 29 27 21 28 17 29 29 30 19 31 29 32 15 33 14 34 30 35 15 36 11 37 26 38 12 39 20 40 28 41 25 42 20 43 26 44 14 45 19 46 26 47 16 48 18 49 20 50 12 51 22 52 17 53 24 54 21 55 12 44 4 15 5 18 6 15 7 23 8 16 9 14 10 19 11 22 12 17 13 15 14 21 15 20 16 11 17 12 18 22 19 13 20 20 21 12 22 15 23 23 28 17 29 24 30 14 31 13 32 25 33 13 34 11 35 10 36 29 37 11 38 19 39 26 40 14 41 25 42 24 43 12 48 26 49 24 50 20 51 20 52 23 53 11 54 18 55 16 4 56 24 57 28 58 13 59 27 
5 4 0 19 1 20 2 18 3 14 24 12 30 13 26 14 30 15 10 16 29 17 11 18 18 19 25 20 12 21 23 22 13 23 28 24 29 25 15 26 30 27 19 40 25 41 17 42 18 43 17 44 10 45 15 46 16 47 24 52 4 28 5 27 6 19 7 15 8 14 9 28 10 11 11 18 12 23 13 27 14 17 15 21 16 28 17 28 18 11 19 13 20 19 21 26 22 10 23 24 24 13 25 12 26 22 27 15 28 10 29 15 30 20 31 10 32 13 33 29 34 29 35 13 36 10 37 12 38 22 39 10 40 22 41 13 42 22 43 14 44 22 45 20 46 30 47 14 48 30 49 22 50 21 51 19 52 15 53 15 54 19 55 21 36 8 20 9 11 10 19 11 19 16 20 17 29 18 22 19 16 20 21 21 13 22 28 23 26 32 29 33 30 34 18 35 24 36 19 37 13 38 22 39 30 40 21 41 23 42 20 43 25 44 25 45 26 46 14 47 24 48 27 49 30 50 22 51 14 52 19 53 15 54 25 55 30 4 56 28 57 28 58 21 59 20 
5 4 0 27 1 27 2 26 3 16 44 4 14 5 18 6 19 7 17 8 14 9 25 10 24 11 12 12 10 13 14 14 30 15 28 16 12 17 12 18 24 19 30 20 26 21 20 22 13 23 26 24 20 25 21 26 10 27 22 28 24 29 14 30 14 31 15 36 11 37 12 38 29 39 19 40 17 41 26 42 25 43 13 44 27 45 22 46 21 47 28 52 29 53 22 54 27 55 20 24 4 18 5 30 6 28 7 24 12 25 13 11 14 20 15 12 16 29 17 29 18 19 19 17 28 26 29 10 30 13 31 17 40 26 41 30 42 11 43 30 44 30 45 27 46 13 47 24 4 28 11 29 25 30 17 31 19 4 56 24 57 15 58 24 59 15 
5 4 0 11 1 13 2 30 3 20 8 16 13 17 14 18 29 19 20 32 18 33 12 34 11 35 20 28 4 29 5 18 6 27 7 24 8 15 9 12 10 10 11 25 16 13 17 17 18 30 19 15 24 12 25 27 26 15 27 13 36 16 37 22 38 11 39 15 48 29 49 22 50 28 51 28 52 25 53 28 54 13 55 10 40 4 17 5 28 6 22 7 17 16 29 17 22 18 10 19 10 20 14 21 13 22 30 23 15 24 19 25 16 26 21 27 30 28 13 29 30 30 13 31 20 32 16 33 25 34 21 35 20 36 29 37 18 38 27 39 22 44 29 45 15 46 25 47 25 48 12 49 25 50 25 51 29 52 17 53 26 54 22 55 17 4 56 20 57 28 58 28 59 14 
5 4 0 18 1 12 2 26 3 19 24 4 16 5 27 6 28 7 29 8 20 9 14 10 25 11 17 16 16 17 23 18 18 19 30 28 26 29 11 30 21 31 19 32 30 33 21 34 14 35 19 44 22 45 19 46 29 47 16 20 8 16 9 20 10 13 11 12 28 30 29 16 30 30 31 24 36 21 37 21 38 27 39 22 40 18 41 21 42 19 43 18 44 19 45 15 46 25 47 17 16 20 10 21 18 22 25 23 19 28 14 29 23 30 28 31 25 44 29 45 20 46 23 47 22 48 21 49 27 50 16 51 22 4 56 10 57 20 58 11 59 25 
5 4 0 30 1 22 2 13 3 12 40 4 25 5 29 6 18 7 28 12 27 13 23 14 30 15 19 20 16 21 23 22 18 23 26 24 19 25 25 26 19 27 18 28 11 29 30 30 14 31 19 32 11 33 26 34 20 35 23 36 22 37 10 38 29 39 21 40 26 41 10 42 18 43 11 48 21 49 11 50 27 51 27 52 10 53 30 54 29 55 16 32 4 13 5 14 6 12 7 26 8 11 9 28 10 28 11 11 16 23 17 12 18 14 19 21 20 15 21 22 22 17 23 15 24 21 25 27 26 24 27 21 36 21 37 22 38 23 39 21 40 21 41 26 42 20 43 18 52 21 53 29 54 29 55 10 28 8 26 9 30 10 30 11 15 16 13 17 12 18 14 19 26 24 29 25 19 26 18 27 27 28 23 29 20 30 29 31 22 32 22 33 12 34 30 35 11 36 25 37 20 38 15 39 30 44 18 45 20 46 13 47 16 4 56 16 57 20 58 27 59 14 
5 4 0 23 1 20 2 18 3 27 44 8 25 9 15 10 23 11 12 12 28 13 28 14 19 15 25 16 10 17 21 18 30 19 15 24 16 25 29 26 30 27 24 28 10 29 28 30 28 31 29 32 23 33 23 34 27 35 19 36 28 37 15 38 25 39 15 40 23 41 12 42 17 43 18 44 24 45 21 46 23 47 29 48 22 49 12 50 30 51 23 52 30 53 14 54 11 55 21 24 4 25 5 17 6 17 7 26 12 25 13 28 14 20 15 22 20 25 21 20 22 15 23 20 32 26 33 12 34 12 35 11 48 18 49 21 50 15 51 21 52 20 53 24 54 28 55 23 36 8 23 9 21 10 11 11 18 16 10 17 29 18 16 19 17 20 22 21 21 22 16 23 10 24 12 25 27 26 22 27 20 28 23 29 20 30 25 31 18 36 10 37 12 38 18 39 23 40 20 41 21 42 15 43 10 44 23 45 25 46 11 47 30 52 20 53 22 54 11 55 14 4 56 26 57 19 58 17 59 13 
5 4 0 29 1 18 2 21 3 12 20 8 16 9 14 10 29 11 20 12 16 13 12 14 19 15 17 20 22 21 14 22 25 23 14 24 11 25 25 26 12 27 16 52 14 53 16 54 20 55 24 20 8 15 9 15 10 30 11 23 12 16 13 13 14 28 15 25 16 17 17 19 18 13 19 12 48 11 49 23 50 23 51 21 52 18 53 28 54 21 55 15 8 8 20 9 10 10 21 11 15 36 17 37 17 38 24 39 21 4 56 17 57 21 58 18 59 23 
5 4 0 21 1 25 2 10 3 13 28 8 25 9 19 10 30 11 14 20 26 21 28 22 18 23 21 24 24 25 29 26 20 27 11 28 16 29 14 30 22 31 29 32 14 33 16 34 14 35 29 48 20 49 21 50 11 51 23 52 27 53 13 54 16 55 18 36 4 22 5 19 6 26 7 21 8 29 9 22 10 21 11 16 12 11 13 18 14 25 15 15 16 15 17 15 18 18 19 14 20 30 21 28 22 24 23 18 32 15 33 28 34 26 35 22 36 25 37 22 38 13 39 27 48 20 49 20 50 29 51 30 52 14 53 10 54 13 55 22 44 4 14 5 23 6 24 7 26 8 17 9 27 10 25 11 13 12 13 13 19 14 20 15 23 16 19 17 25 18 15 19 23 20 30 21 18 22 27 23 16 24 23 25 30 26 24 27 23 28 12 29 26 30 21 31 11 32 28 33 19 34 16 35 17 40 19 41 29 42 17 43 24 48 14 49 27 50 21 51 27 52 28 53 11 54 12 55 15 4 56 28 57 13 58 27 59 10 

Dynamic Events

# Machine Breakdowns (machine_id start_time end_time)
Machine Breakdowns
6 286 299
7 229 240
12 179 189
13 205 218
15 171 185
19 278 289
21 28 41
24 168 181
28 189 201
31 28 38
34 236 247
40 241 253
47 138 153
49 106 120
50 101 116
56 82 93

# Added Jobs (arrival_time: num_ops num_alts_op1 m1 p1 ... num_alts_op2 m1 p1 ...)
Added Jobs
21: 5 25 31 28 17 23 49 30 12 23 6 16 2 11 36 28 33 13 53 19 57 25 38 14 10 24 46 12 15 15 9 14 39 30 25 21 32 13 51 14 5 25 42 14 35 16 47 27 28 28 13 24 13 36 26 22 10 38 21 21 28 43 22 16 28 37 26 31 20 47 22 11 23 8 13 29 19 6 20 51 21 25 9 20 33 27 12 24 6 18 46 15 52 28 0 24 32 11 40 18 35 24 55 24 41 18 53 25 4 18 28 21 42 13 13 17 45 21 3 25 54 11 17 28 19 26 22 19 59 19 27 29 30 17 2 13 58 22 25 21 15 11 8 21 11 25 23 21 14 25 31 28 5 25 43 16 56 19 16 18 57 15 1 13 18 30 10 19 20 23 48 14 50 10 24 25 34 26 26 25 36 16 32 55 24 13 20 20 20 24 18 15 12 45 28 40 21 25 29 34 22 1 16 57 19 54 19 21 19 29 23 44 11 16 24 53 23 36 10 26 12 8 27 52 29 48 13 6 17 12 21 17 14 19 25 22 29 23 23 11 13 47 29 39 22 9 20 6 23 28 33 28 7 15 36 23 54 18 14 27 
31: 5 10 40 25 59 24 11 12 32 20 46 15 1 17 16 21 18 16 5 21 23 10 50 16 26 21 12 14 21 56 13 24 22 4 24 37 17 39 10 31 25 6 23 38 26 49 25 52 18 30 30 42 17 44 26 25 17 0 11 1 19 53 20 45 24 12 12 19 13 11 15 18 11 5 23 41 30 29 11 58 11 59 25 10 27 8 22 17 16 43 18 9 14 57 16 35 21 48 11 27 20 50 15 47 26 33 28 13 21 7 27 46 18 3 27 40 25 54 23 55 13 2 15 8 43 24 50 21 53 14 57 27 44 25 30 15 49 14 51 17 46 20 12 24 26 41 23 17 21 12 17 10 29 30 29 36 27 11 18 40 24 5 19 3 14 8 27 55 29 19 11 50 13 48 30 0 13 59 27 31 26 43 24 27 27 45 22 4 15 29 22 16 27 14 16 46 12 32 22 58 19 33 21 56 17 44 17 53 23 25 29 47 23 37 30 21 27 13 13 38 16 1 13 39 16 34 26 51 27 54 12 9 24 46 41 25 40 17 16 14 8 27 20 24 1 17 19 25 30 16 14 20 36 29 48 13 45 20 27 18 52 23 0 28 24 17 28 16 10 16 31 20 39 18 49 20 26 13 37 11 6 13 12 29 13 22 2 16 46 26 9 18 21 28 15 14 33 15 59 13 57 18 53 22 51 21 18 30 38 15 29 13 22 16 34 19 3 15 32 28 50 14 47 27 42 10 
51: 5 31 32 12 11 26 16 18 59 22 9 19 13 11 39 16 57 25 48 25 15 22 51 14 55 19 49 24 7 16 28 13 20 30 46 15 26 12 38 28 35 17 3 17 0 12 47 27 1 14 41 10 25 14 54 18 56 20 34 21 2 14 50 15 20 36 16 30 14 23 21 14 17 28 20 41 14 8 26 9 30 40 18 54 14 55 11 51 25 21 17 15 10 53 24 20 24 13 18 58 13 18 15 11 22 33 14 26 26 25 58 19 6 14 7 18 57 15 41 18 5 19 18 29 21 15 22 21 15 28 35 15 33 15 3 19 49 20 36 21 11 19 9 25 37 10 56 21 39 28 1 14 19 18 40 21 16 23 43 21 12 22 51 22 54 14 34 11 31 25 59 27 50 46 30 57 21 18 22 34 30 17 11 21 13 7 30 29 18 35 15 39 29 2 29 36 13 31 27 50 29 30 27 25 16 19 10 37 21 23 26 40 15 51 16 55 11 59 11 16 21 53 13 28 17 10 24 11 24 38 26 33 26 41 17 3 16 9 24 13 16 24 13 44 18 5 17 14 27 54 27 1 23 26 15 0 25 43 29 49 26 8 17 47 18 45 16 22 20 15 20 20 30 23 55 14 22 15 38 27 34 14 13 15 59 10 9 25 16 15 40 24 44 16 27 10 8 17 19 21 58 24 54 28 56 18 1 19 47 26 23 23 21 22 25 22 26 10 53 22 
70: 5 46 9 10 2 21 17 23 27 28 43 27 59 17 4 27 29 26 46 26 55 24 7 15 38 23 54 13 40 25 36 18 50 14 1 22 39 14 47 21 44 17 8 12 52 27 53 10 33 24 13 24 15 24 24 13 26 23 14 29 12 21 34 11 16 16 22 19 35 29 21 21 18 18 11 11 20 25 10 20 3 17 28 17 37 23 19 14 58 18 49 25 5 23 51 25 28 18 19 27 28 21 28 23 22 33 19 10 13 43 14 6 20 35 26 56 26 7 13 40 20 3 14 1 18 52 20 45 25 54 23 48 13 20 19 46 28 37 24 12 30 9 29 34 20 16 17 15 25 57 17 42 17 30 26 38 19 11 19 8 17 47 27 39 24 49 13 28 22 51 27 26 24 55 29 17 29 31 12 22 19 44 11 50 12 58 22 0 22 19 30 4 19 13 19 59 11 19 29 28 19 17 50 13 18 12 0 25 3 15 40 28 33 30 28 15 27 14 59 19 38 18 42 11 57 19 32 15 55 28 56 16 23 26 12 15 16 26 10 12 29 10 11 36 14 35 22 19 11 28 21 23 10 43 23 44 12 49 26 55 14 40 20 15 15 31 15 1 15 51 10 20 46 24 30 18 23 24 22 29 18 10 15 14 48 15 55 29 31 26 33 15 34 28 38 29 14 22 27 22 40 21 7 14 13 25 45 19 51 25 28 11 25 29 2 30 6 19 37 23 52 13 50 22 32 16 39 22 21 23 1 20 29 29 36 12 43 20 20 26 9 30 0 14 11 25 59 17 49 16 3 17 19 23 54 26 57 21 5 26 24 22 41 17 53 12 26 25 35 16 16 29 
91: 5 49 11 19 43 11 29 15 18 16 36 10 20 26 49 15 35 19 24 17 26 13 27 12 6 28 19 22 13 28 51 19 14 19 5 25 7 28 47 17 17 11 32 25 48 25 39 18 23 13 1 14 30 29 33 13 41 23 34 20 56 10 21 21 50 30 28 29 40 16 12 29 44 15 59 12 46 29 31 16 2 30 15 17 38 21 37 11 16 27 0 27 45 21 57 23 42 17 3 21 15 8 27 39 27 13 17 56 28 49 11 9 18 58 18 5 25 43 22 35 11 16 18 55 26 33 17 28 25 27 12 31 41 22 33 12 59 19 51 23 28 26 38 23 6 28 0 26 13 21 58 16 43 27 8 12 35 15 40 18 34 22 23 15 55 20 54 14 4 29 46 24 11 24 2 18 9 20 36 27 10 28 22 14 12 13 31 27 26 25 15 16 37 28 49 16 24 53 29 32 22 33 18 35 20 8 29 29 21 2 12 58 22 19 19 44 25 9 29 52 15 26 18 37 19 59 23 36 23 51 27 20 12 45 27 12 15 40 27 0 27 46 28 27 22 48 13 28 11 1 12 31 16 21 12 22 28 3 16 56 10 50 27 30 22 7 24 18 29 49 19 25 24 15 30 14 26 54 11 4 20 10 25 42 10 47 18 11 17 39 27 43 22 7 3 24 54 11 0 16 36 17 5 25 9 15 18 25 
129: 5 33 16 21 43 27 12 28 6 28 53 23 30 30 46 18 34 22 32 16 8 29 26 13 1 27 13 20 52 12 50 21 31 18 18 18 27 30 48 22 3 14 19 19 38 20 47 18 21 23 9 15 0 19 58 27 22 18 25 15 7 28 37 23 39 11 10 12 50 26 18 36 16 1 17 51 28 39 30 45 20 20 13 17 19 28 14 40 14 2 13 43 16 19 17 11 11 4 13 38 24 54 18 5 18 31 20 42 17 0 21 30 24 8 22 25 13 24 15 3 24 58 26 52 14 13 25 50 16 37 22 59 15 27 20 41 30 35 11 48 11 47 19 23 16 53 12 57 16 34 13 15 30 14 23 44 25 21 16 22 20 56 28 12 23 7 24 32 23 51 53 22 39 15 17 28 3 15 45 29 15 11 32 19 25 27 38 12 48 24 56 16 40 20 51 19 11 26 19 15 20 28 59 17 55 23 2 30 52 28 37 22 35 13 41 25 42 20 8 16 16 20 23 18 7 29 58 15 14 24 13 19 27 10 29 18 0 26 36 15 30 18 34 29 49 17 44 10 6 25 9 27 31 22 12 15 21 15 33 27 1 25 50 19 18 11 43 24 47 18 57 22 32 26 12 3 13 37 25 41 16 43 20 45 24 57 20 28 19 2 20 31 18 15 27 1 21 8 14 0 30 50 28 48 21 59 24 24 19 13 18 27 15 47 18 42 22 25 18 53 23 52 23 5 16 39 17 10 15 54 27 30 15 51 23 33 18 20 11 13 3 16 6 27 57 18 0 12 1 25 59 21 33 22 34 14 29 15 43 30 14 16 20 16 31 16 41 11 48 20 15 27 47 20 17 14 39 11 

# Cancelled Jobs (cancel_time initial_job_sim_idx_to_cancel)
Cancelled Jobs
131 1

# ETPC Constraints (fore_job_sim_idx fore_op_idx hind_job_sim_idx hind_op_idx time_lapse)
ETPC Constraints
0 0 12 2 4
10 1 4 4 6
7 2 6 2 9
12 1 3 1 6
4 1 3 0 14
2 1 14 0 13
10 2 15 1 7
10 4 13 3 19
10 0 3 4 5
13 4 4 3 14
5 1 1 0 11
11 4 7 3 14
1 1 13 4 12
0 3 14 2 19
7 2 12 2 14
6 2 15 4 20
13 3 2 1 6
15 4 9 2 5
8 4 10 0 5
3 1 8 3 4
8 1 2 2 4
5 4 12 2 3
12 2 14 0 3
7 0 13 4 14
