20 60
5 4 0 28 1 24 2 16 3 28 20 4 17 5 28 6 18 7 20 16 16 17 12 18 17 19 21 24 16 25 13 26 20 27 19 28 29 29 11 30 28 31 21 32 15 33 29 34 24 35 10 20 4 16 5 28 6 20 7 25 24 12 25 14 26 29 27 26 28 30 29 24 30 30 31 23 32 18 33 22 34 14 35 21 48 17 49 30 50 20 51 22 28 4 14 5 15 6 29 7 20 8 15 9 19 10 14 11 27 12 18 13 22 14 10 15 18 16 11 17 21 18 26 19 23 24 12 25 22 26 21 27 16 36 20 37 19 38 23 39 23 48 25 49 17 50 12 51 25 4 56 28 57 28 58 20 59 24 
5 4 0 21 1 16 2 19 3 23 52 4 23 5 14 6 21 7 10 8 26 9 29 10 17 11 29 12 19 13 18 14 13 15 29 16 22 17 26 18 13 19 26 20 18 21 22 22 30 23 29 24 17 25 12 26 14 27 19 28 20 29 15 30 10 31 20 32 30 33 30 34 29 35 29 36 26 37 13 38 19 39 29 40 10 41 12 42 18 43 17 44 27 45 22 46 16 47 28 48 10 49 30 50 16 51 19 52 28 53 11 54 21 55 21 36 12 29 13 21 14 10 15 10 16 29 17 11 18 18 19 27 20 11 21 22 22 11 23 11 24 13 25 25 26 23 27 22 32 16 33 24 34 12 35 26 36 26 37 15 38 30 39 10 40 26 41 18 42 15 43 21 48 17 49 13 50 25 51 26 52 14 53 19 54 22 55 19 36 4 16 5 28 6 12 7 27 12 18 13 28 14 18 15 19 24 14 25 18 26 28 27 29 32 18 33 18 34 14 35 24 36 24 37 14 38 22 39 30 40 13 41 10 42 30 43 11 44 19 45 23 46 27 47 16 48 29 49 27 50 26 51 13 52 27 53 30 54 25 55 17 4 56 19 57 17 58 21 59 12 
5 4 0 30 1 23 2 18 3 20 20 32 24 33 30 34 30 35 25 40 13 41 10 42 18 43 21 44 21 45 30 46 15 47 28 48 24 49 11 50 13 51 12 52 12 53 10 54 17 55 13 28 4 22 5 28 6 29 7 19 8 18 9 19 10 25 11 14 28 22 29 26 30 19 31 16 40 24 41 26 42 27 43 30 44 19 45 28 46 11 47 22 48 16 49 19 50 27 51 25 52 18 53 17 54 17 55 11 28 8 13 9 29 10 21 11 20 12 10 13 20 14 30 15 18 16 18 17 29 18 11 19 19 20 30 21 24 22 24 23 28 28 11 29 24 30 30 31 15 44 28 45 30 46 28 47 17 48 30 49 14 50 11 51 19 4 56 24 57 21 58 15 59 17 
5 4 0 28 1 24 2 22 3 29 24 8 13 9 18 10 29 11 20 16 21 17 27 18 19 19 29 32 20 33 24 34 27 35 11 40 20 41 27 42 19 43 21 44 27 45 26 46 10 47 12 48 21 49 13 50 28 51 30 40 4 25 5 24 6 19 7 26 8 23 9 30 10 13 11 16 12 27 13 18 14 20 15 15 20 20 21 28 22 10 23 15 24 24 25 19 26 11 27 26 36 19 37 16 38 19 39 13 40 18 41 22 42 20 43 24 44 21 45 30 46 26 47 28 48 14 49 20 50 15 51 17 52 12 53 28 54 26 55 26 36 4 28 5 14 6 13 7 21 8 12 9 25 10 19 11 29 12 16 13 30 14 27 15 29 20 18 21 24 22 18 23 24 24 12 25 28 26 23 27 16 40 30 41 19 42 26 43 19 44 16 45 28 46 23 47 30 48 13 49 11 50 14 51 19 52 11 53 23 54 26 55 29 4 56 21 57 24 58 29 59 22 
5 4 0 17 1 10 2 20 3 17 12 8 15 9 19 10 10 11 16 12 11 13 11 14 12 15 17 40 13 41 28 42 13 43 22 16 16 10 17 20 18 23 19 19 40 29 41 18 42 22 43 10 48 13 49 17 50 22 51 12 52 29 53 23 54 18 55 11 20 12 29 13 10 14 18 15 15 36 12 37 13 38 12 39 29 40 10 41 26 42 12 43 13 44 18 45 16 46 22 47 14 52 13 53 17 54 27 55 15 4 56 26 57 30 58 30 59 20 
5 4 0 22 1 16 2 16 3 10 20 4 17 5 30 6 13 7 24 28 11 29 29 30 24 31 28 32 11 33 11 34 14 35 30 36 21 37 13 38 20 39 16 52 26 53 29 54 25 55 13 28 8 25 9 13 10 15 11 12 12 24 13 18 14 28 15 29 20 15 21 30 22 30 23 28 24 15 25 10 26 28 27 28 32 19 33 23 34 17 35 21 36 17 37 18 38 12 39 25 44 29 45 28 46 21 47 12 8 12 28 13 19 14 15 15 18 28 15 29 10 30 20 31 28 4 56 22 57 27 58 20 59 23 
5 4 0 30 1 25 2 24 3 17 40 4 18 5 19 6 15 7 22 8 14 9 16 10 18 11 19 20 20 21 27 22 24 23 24 24 15 25 14 26 11 27 30 28 20 29 10 30 18 31 26 32 21 33 16 34 25 35 30 36 26 37 16 38 15 39 18 40 29 41 20 42 16 43 25 44 30 45 11 46 13 47 17 48 21 49 21 50 25 51 30 28 8 22 9 16 10 24 11 20 12 26 13 25 14 25 15 29 20 18 21 10 22 20 23 24 32 13 33 29 34 22 35 14 40 23 41 23 42 23 43 15 44 22 45 10 46 26 47 11 48 15 49 17 50 20 51 20 36 4 20 5 13 6 10 7 28 12 26 13 22 14 19 15 24 20 11 21 29 22 11 23 12 24 27 25 22 26 17 27 11 28 24 29 15 30 21 31 17 36 15 37 25 38 23 39 29 44 13 45 23 46 20 47 12 48 16 49 27 50 25 51 18 52 19 53 29 54 20 55 22 4 56 10 57 12 58 14 59 12 
5 4 0 28 1 12 2 25 3 26 12 24 18 25 28 26 26 27 28 40 24 41 29 42 16 43 27 52 19 53 25 54 16 55 15 32 4 30 5 21 6 22 7 26 20 24 21 15 22 21 23 21 24 17 25 23 26 16 27 20 32 21 33 29 34 23 35 26 36 10 37 24 38 23 39 25 44 11 45 29 46 20 47 10 48 13 49 15 50 30 51 23 52 10 53 30 54 19 55 26 16 12 30 13 26 14 21 15 19 20 10 21 19 22 24 23 23 36 14 37 30 38 18 39 12 40 20 41 29 42 13 43 10 4 56 24 57 12 58 21 59 21 
5 4 0 17 1 18 2 19 3 27 8 16 19 17 20 18 14 19 12 44 22 45 26 46 30 47 25 16 4 11 5 27 6 21 7 18 12 11 13 11 14 15 15 17 40 29 41 29 42 21 43 12 52 17 53 22 54 30 55 26 20 8 30 9 26 10 27 11 24 12 24 13 20 14 19 15 16 28 23 29 21 30 16 31 16 48 22 49 20 50 29 51 23 52 17 53 21 54 18 55 17 4 56 16 57 18 58 26 59 16 
5 4 0 20 1 16 2 21 3 18 52 4 17 5 24 6 22 7 29 8 10 9 16 10 13 11 12 12 21 13 22 14 13 15 10 16 29 17 20 18 22 19 24 20 14 21 16 22 29 23 13 24 30 25 11 26 11 27 27 28 16 29 18 30 18 31 18 32 27 33 16 34 21 35 21 36 30 37 21 38 30 39 23 40 22 41 16 42 28 43 23 44 12 45 14 46 14 47 30 48 26 49 28 50 27 51 14 52 12 53 22 54 11 55 19 36 8 26 9 30 10 30 11 25 12 24 13 21 14 19 15 25 16 27 17 28 18 30 19 22 20 24 21 10 22 30 23 22 24 17 25 13 26 13 27 17 28 27 29 14 30 28 31 24 32 17 33 13 34 17 35 23 36 13 37 12 38 20 39 12 44 29 45 10 46 27 47 27 52 4 12 5 11 6 23 7 15 8 23 9 28 10 30 11 29 12 14 13 17 14 14 15 10 16 30 17 18 18 26 19 14 20 11 21 23 22 27 23 13 24 28 25 24 26 29 27 25 28 23 29 26 30 10 31 22 32 22 33 27 34 15 35 29 36 11 37 20 38 27 39 20 40 27 41 12 42 16 43 13 44 15 45 28 46 16 47 20 48 12 49 15 50 30 51 22 52 16 53 19 54 12 55 16 4 56 21 57 22 58 17 59 22 
5 4 0 26 1 24 2 26 3 21 8 28 29 29 10 30 21 31 26 32 14 33 10 34 12 35 19 44 4 10 5 19 6 28 7 28 8 29 9 14 10 29 11 16 12 24 13 26 14 16 15 18 20 26 21 24 22 19 23 16 24 24 25 19 26 28 27 27 28 10 29 27 30 21 31 12 32 14 33 24 34 11 35 13 36 21 37 15 38 23 39 17 40 25 41 25 42 20 43 20 44 11 45 10 46 25 47 17 48 13 49 15 50 12 51 23 16 20 28 21 30 22 17 23 30 24 27 25 17 26 13 27 14 40 20 41 15 42 24 43 10 44 21 45 24 46 28 47 29 4 56 20 57 28 58 30 59 15 
5 4 0 13 1 25 2 10 3 16 16 24 22 25 12 26 12 27 23 32 25 33 26 34 14 35 16 40 29 41 24 42 11 43 10 48 20 49 10 50 16 51 30 16 4 16 5 14 6 26 7 25 24 28 25 30 26 28 27 30 28 17 29 24 30 14 31 19 40 30 41 10 42 27 43 14 40 4 10 5 27 6 15 7 27 8 19 9 19 10 11 11 29 12 17 13 25 14 29 15 10 16 30 17 29 18 22 19 17 28 11 29 29 30 19 31 12 32 30 33 12 34 15 35 20 36 21 37 27 38 20 39 20 44 29 45 23 46 13 47 13 48 24 49 26 50 17 51 21 52 27 53 25 54 14 55 19 4 56 14 57 28 58 26 59 15 
5 4 0 12 1 21 2 10 3 14 40 4 30 5 20 6 19 7 27 16 21 17 25 18 25 19 20 20 30 21 21 22 23 23 20 24 16 25 13 26 26 27 12 28 28 29 12 30 15 31 14 32 25 33 30 34 24 35 30 36 29 37 10 38 27 39 26 40 28 41 11 42 29 43 30 48 22 49 29 50 14 51 13 52 27 53 11 54 23 55 26 12 4 14 5 12 6 12 7 25 40 18 41 28 42 25 43 16 52 22 53 21 54 23 55 25 8 28 23 29 18 30 22 31 18 52 19 53 12 54 30 55 19 4 56 15 57 15 58 30 59 28 
5 4 0 28 1 16 2 30 3 27 32 8 19 9 24 10 21 11 13 12 25 13 22 14 26 15 12 20 19 21 16 22 10 23 14 24 16 25 26 26 15 27 19 28 19 29 12 30 27 31 24 32 13 33 18 34 17 35 25 48 17 49 18 50 17 51 15 52 24 53 18 54 29 55 26 48 4 25 5 10 6 10 7 18 8 25 9 20 10 13 11 12 12 15 13 26 14 30 15 30 16 16 17 23 18 13 19 12 20 13 21 17 22 12 23 20 24 27 25 18 26 12 27 23 28 16 29 23 30 19 31 19 36 10 37 21 38 29 39 27 40 24 41 22 42 18 43 23 44 16 45 26 46 10 47 14 48 23 49 19 50 26 51 24 52 29 53 23 54 17 55 23 16 24 19 25 12 26 10 27 22 36 30 37 24 38 18 39 10 48 20 49 23 50 25 51 30 52 15 53 18 54 18 55 21 4 56 19 57 25 58 18 59 11 
5 4 0 24 1 19 2 21 3 13 8 32 27 33 25 34 27 35 28 52 12 53 30 54 19 55 29 4 8 22 9 16 10 10 11 19 16 8 11 9 14 10 17 11 12 16 12 17 11 18 16 19 26 24 13 25 14 26 12 27 27 48 21 49 13 50 11 51 26 4 56 12 57 25 58 21 59 20 
5 4 0 16 1 16 2 28 3 11 48 4 28 5 13 6 23 7 28 8 25 9 15 10 12 11 10 12 21 13 16 14 28 15 18 16 17 17 18 18 29 19 18 20 20 21 19 22 23 23 11 24 20 25 11 26 28 27 25 28 21 29 10 30 29 31 15 32 20 33 28 34 11 35 19 36 20 37 15 38 28 39 10 40 17 41 21 42 29 43 26 44 21 45 21 46 28 47 21 52 10 53 25 54 22 55 27 52 4 28 5 14 6 12 7 22 8 30 9 17 10 15 11 16 12 25 13 24 14 19 15 15 16 12 17 22 18 17 19 20 20 26 21 18 22 21 23 25 24 27 25 20 26 19 27 20 28 28 29 16 30 13 31 29 32 21 33 27 34 23 35 17 36 28 37 14 38 18 39 17 40 22 41 16 42 30 43 19 44 10 45 30 46 28 47 24 48 13 49 12 50 20 51 18 52 20 53 20 54 13 55 27 8 32 14 33 20 34 28 35 22 52 26 53 20 54 28 55 27 4 56 27 57 28 58 14 59 20 
5 4 0 12 1 20 2 20 3 13 44 4 27 5 11 6 22 7 19 8 16 9 15 10 14 11 14 12 19 13 21 14 29 15 25 16 14 17 28 18 28 19 10 20 26 21 26 22 23 23 26 24 15 25 18 26 17 27 17 28 29 29 22 30 11 31 15 32 27 33 25 34 19 35 15 36 15 37 12 38 14 39 27 40 24 41 28 42 21 43 11 52 11 53 16 54 11 55 26 20 12 25 13 11 14 28 15 19 16 15 17 12 18 15 19 10 20 12 21 27 22 26 23 29 36 15 37 25 38 23 39 19 52 20 53 16 54 15 55 19 40 4 16 5 25 6 24 7 15 12 17 13 13 14 23 15 24 16 27 17 16 18 27 19 26 20 27 21 17 22 25 23 14 24 24 25 25 26 14 27 15 36 14 37 17 38 26 39 21 40 17 41 10 42 30 43 27 44 29 45 23 46 15 47 21 48 21 49 15 50 14 51 20 52 12 53 18 54 30 55 22 4 56 12 57 18 58 20 59 19 
5 4 0 25 1 25 2 29 3 15 36 8 29 9 13 10 13 11 23 12 10 13 24 14 12 15 17 16 19 17 15 18 26 19 27 20 13 21 16 22 21 23 22 24 24 25 18 26 13 27 23 36 23 37 11 38 29 39 27 44 12 45 10 46 13 47 23 48 26 49 28 50 12 51 24 52 27 53 22 54 28 55 14 16 12 26 13 13 14 12 15 12 24 24 25 26 26 25 27 14 36 20 37 13 38 11 39 21 48 28 49 16 50 15 51 20 36 4 23 5 22 6 29 7 30 8 27 9 12 10 10 11 28 12 12 13 19 14 24 15 14 16 22 17 13 18 23 19 22 32 27 33 29 34 21 35 12 36 17 37 11 38 29 39 11 40 15 41 20 42 20 43 12 44 23 45 19 46 15 47 13 48 30 49 16 50 30 51 24 4 56 29 57 27 58 27 59 22 
5 4 0 29 1 29 2 10 3 14 4 52 22 53 28 54 18 55 30 20 4 11 5 20 6 17 7 15 24 19 25 23 26 23 27 26 28 30 29 26 30 26 31 24 36 25 37 11 38 20 39 10 48 25 49 25 50 14 51 20 36 4 18 5 21 6 30 7 22 8 21 9 30 10 13 11 26 16 29 17 11 18 23 19 21 20 12 21 23 22 21 23 28 24 22 25 14 26 12 27 18 28 23 29 29 30 12 31 23 32 23 33 14 34 30 35 22 36 24 37 22 38 14 39 25 48 21 49 16 50 30 51 18 4 56 26 57 25 58 19 59 20 
5 4 0 26 1 11 2 26 3 29 52 4 19 5 28 6 26 7 26 8 26 9 21 10 13 11 29 12 24 13 30 14 20 15 18 16 11 17 28 18 12 19 26 20 14 21 20 22 18 23 27 24 30 25 23 26 29 27 23 28 24 29 30 30 29 31 10 32 23 33 30 34 19 35 11 36 24 37 14 38 29 39 14 40 25 41 28 42 13 43 23 44 20 45 15 46 20 47 24 48 21 49 27 50 13 51 30 52 11 53 29 54 18 55 19 40 4 23 5 17 6 24 7 19 8 30 9 14 10 28 11 25 16 27 17 17 18 11 19 11 20 30 21 22 22 25 23 11 24 10 25 28 26 25 27 24 28 27 29 19 30 21 31 16 32 22 33 17 34 18 35 10 40 30 41 13 42 23 43 13 44 24 45 19 46 12 47 13 48 24 49 19 50 21 51 10 12 8 16 9 25 10 12 11 11 24 30 25 17 26 25 27 30 48 22 49 23 50 13 51 14 4 56 25 57 12 58 14 59 11 

Dynamic Events

# Machine Breakdowns (machine_id start_time end_time)
Machine Breakdowns
3 72 82
7 206 216
12 350 364
18 465 477
19 436 448
20 308 321
23 332 342
27 116 128
37 311 322
38 139 154
40 458 471
41 51 64
45 233 247
46 121 135
47 521 536
48 499 510
49 453 467
50 25 40
51 134 145
58 292 303

# Added Jobs (arrival_time: num_ops num_alts_op1 m1 p1 ... num_alts_op2 m1 p1 ...)
Added Jobs
29: 5 25 35 21 5 18 20 24 44 16 27 14 32 14 7 12 9 26 56 27 6 16 8 27 41 19 58 14 4 17 55 12 46 28 52 23 50 23 21 24 26 26 3 15 2 19 36 20 54 14 57 20 33 36 13 59 17 10 28 7 15 16 28 49 22 43 10 6 15 21 21 3 16 18 11 44 11 54 27 35 28 22 29 4 19 5 13 25 18 55 20 40 15 56 14 45 28 30 10 14 17 0 29 17 11 47 17 2 26 53 30 24 27 31 14 52 20 57 28 47 57 22 40 15 4 22 5 10 56 25 8 14 0 27 10 22 36 30 30 17 25 21 1 17 35 13 9 21 46 27 29 10 13 25 15 21 27 25 6 12 34 16 50 28 37 26 12 10 32 24 43 19 45 17 38 12 59 19 26 10 7 23 52 28 33 10 55 14 58 24 19 27 54 24 24 13 22 14 51 15 49 29 16 24 14 25 20 21 53 28 39 28 31 17 41 45 17 20 21 9 27 48 16 42 19 50 30 1 21 21 10 59 26 37 22 12 18 0 29 30 30 23 26 29 18 3 29 26 24 10 20 54 29 17 25 19 22 5 26 49 17 33 22 13 27 31 14 25 10 27 24 55 12 15 14 32 24 36 10 18 15 53 28 7 17 41 21 56 20 38 23 34 22 47 24 44 22 49 4 20 35 22 31 16 19 23 30 26 49 17 34 24 3 17 40 10 15 24 6 18 28 13 14 27 36 12 44 18 52 16 5 11 47 24 29 24 2 28 42 27 56 23 24 11 10 14 23 29 33 19 53 27 22 24 25 15 20 22 55 23 8 27 13 21 39 18 17 14 37 20 0 22 54 27 27 18 50 20 59 27 12 10 9 22 7 16 32 28 16 24 57 17 26 10 46 28 
54: 5 42 46 16 8 18 21 20 37 14 15 29 32 12 31 28 10 18 20 25 41 16 5 16 18 11 30 21 52 12 54 25 36 25 42 19 55 15 28 29 56 14 9 16 58 16 49 13 47 22 6 10 29 14 48 14 12 19 53 16 22 17 4 13 35 23 40 26 51 23 3 23 0 16 33 14 38 30 23 16 59 14 44 19 16 17 22 5 25 2 11 1 29 34 22 32 11 13 11 31 15 22 10 42 16 51 28 47 16 28 19 59 25 43 14 38 19 29 19 53 27 18 17 58 29 50 24 23 22 48 22 34 21 19 42 25 31 15 17 19 8 19 55 12 13 17 19 27 54 22 44 10 2 17 24 12 56 17 37 24 10 28 0 25 43 20 5 11 59 13 46 12 23 29 48 23 11 27 12 22 47 29 32 20 20 13 14 26 53 27 57 24 40 21 50 11 16 20 4 20 20 23 21 29 16 14 16 3 15 22 12 28 28 58 30 8 13 46 19 55 21 21 15 1 24 25 26 7 27 59 19 10 13 40 10 57 23 48 26 50 15 12 12 30 40 10 9 18 11 23 38 20 5 27 20 29 16 13 21 29 59 26 44 20 37 22 
89: 5 20 12 27 40 28 58 27 20 10 13 24 28 28 39 27 50 25 44 20 14 11 0 23 26 28 19 13 15 24 57 19 7 16 33 24 43 12 47 19 36 16 21 52 13 20 22 25 25 55 25 3 28 1 19 32 27 42 13 46 19 4 19 28 21 43 25 44 26 17 20 22 19 37 24 15 14 7 11 2 20 31 14 57 20 22 11 11 7 18 52 22 38 28 5 14 30 20 9 27 45 17 12 10 42 28 15 11 51 17 6 18 40 12 54 15 22 14 18 18 55 28 4 20 56 15 27 19 43 14 4 10 10 23 14 58 14 45 22 9 10 26 9 25 52 11 40 18 59 15 6 26 8 14 17 29 45 26 
121: 5 26 45 25 17 22 37 22 12 27 26 16 36 20 2 23 46 21 23 30 4 17 40 15 24 25 52 27 0 28 3 14 8 30 58 25 31 26 55 26 9 22 30 25 47 11 59 18 33 17 32 26 50 14 7 59 15 23 24 19 24 35 12 30 25 9 23 40 13 43 30 23 0 28 51 20 8 14 46 12 11 26 41 26 59 12 53 12 34 27 28 23 13 13 20 10 54 24 29 11 23 26 7 15 16 12 26 19 55 15 45 15 38 19 57 14 52 23 2 25 47 13 1 16 18 22 37 10 58 18 22 28 24 12 33 25 19 23 3 29 49 16 48 17 44 13 15 10 39 28 31 29 17 28 35 30 29 52 27 38 16 56 25 35 16 36 11 6 12 15 16 4 29 53 22 13 29 42 24 14 15 55 30 24 16 28 14 30 22 21 18 0 26 54 23 57 14 9 14 3 13 48 15 40 18 34 18 32 12 22 24 17 27 43 20 18 12 23 51 22 56 17 21 16 20 17 33 26 45 30 57 17 46 23 30 15 1 27 53 24 48 29 55 19 41 18 2 14 40 26 38 12 
150: 5 50 12 26 54 28 19 20 21 22 11 24 38 19 29 23 9 27 34 24 39 18 32 12 4 13 13 23 51 10 7 24 20 18 53 29 18 19 22 18 59 21 27 24 24 30 35 20 5 13 47 16 57 30 16 18 31 15 37 28 52 29 46 18 3 16 43 18 17 13 49 15 1 17 44 16 6 10 58 25 40 16 0 21 23 23 15 29 25 21 41 15 2 18 30 13 33 19 45 14 56 22 4 59 15 53 13 33 16 39 23 30 25 29 2 19 52 25 43 15 13 16 57 17 10 18 37 21 58 18 47 11 19 21 36 30 51 11 39 23 48 12 44 22 33 12 5 25 8 30 50 21 26 14 56 26 1 11 0 30 55 27 23 27 54 16 28 30 6 17 34 11 12 29 23 9 15 16 24 40 26 48 21 42 19 0 18 8 21 34 15 5 19 41 19 47 16 29 43 25 42 18 39 20 3 27 22 18 0 16 6 27 5 22 57 21 18 21 27 16 11 29 41 11 26 29 19 15 8 30 37 14 2 15 47 18 50 29 38 14 15 22 28 12 53 17 34 27 9 21 23 23 45 27 55 25 

# Cancelled Jobs (cancel_time initial_job_sim_idx_to_cancel)
Cancelled Jobs
113 8
240 13

# ETPC Constraints (fore_job_sim_idx fore_op_idx hind_job_sim_idx hind_op_idx time_lapse)
ETPC Constraints
21 0 7 2 13
7 4 13 0 15
9 2 0 0 8
22 1 16 2 19
2 1 8 3 7
10 0 15 3 8
12 1 2 4 8
14 2 15 2 10
21 3 9 2 6
1 3 20 4 14
14 1 18 2 6
12 1 21 3 12
22 1 0 0 7
23 0 8 0 20
13 0 2 3 14
18 0 20 2 18
17 0 1 2 7
7 2 3 1 17
20 3 11 2 13
1 2 20 0 9
18 3 12 2 14
23 1 18 4 17
1 4 2 3 17
5 1 13 1 5
22 3 4 3 17
19 4 13 1 9
3 1 20 4 18
12 2 4 0 4
19 1 16 4 10
16 2 17 4 12
22 4 20 2 13
9 3 19 4 6
1 2 4 4 11
13 1 18 4 4
9 0 13 2 6
14 0 23 4 16
13 2 12 2 15
1 3 9 2 17
12 4 15 2 12
11 2 21 3 6
11 0 15 1 8
17 1 10 0 9
20 2 1 2 20
1 1 6 2 6
18 1 0 1 10
18 2 4 2 19
19 3 20 0 18
19 0 4 4 19
5 3 21 0 11
2 3 1 3 9
