10 60
5 4 0 27 1 23 2 10 3 28 36 4 15 5 18 6 30 7 12 8 18 9 10 10 18 11 18 12 21 13 14 14 22 15 13 16 16 17 11 18 25 19 19 20 27 21 19 22 17 23 29 28 10 29 25 30 24 31 18 40 15 41 15 42 17 43 19 48 29 49 24 50 15 51 22 52 22 53 10 54 15 55 21 8 8 22 9 17 10 15 11 21 28 18 29 20 30 17 31 12 32 4 20 5 15 6 10 7 20 8 25 9 11 10 26 11 30 16 23 17 12 18 12 19 14 20 17 21 23 22 11 23 19 24 15 25 24 26 30 27 14 28 19 29 21 30 11 31 22 40 14 41 11 42 21 43 20 44 20 45 25 46 19 47 18 4 56 22 57 13 58 10 59 12 
5 4 0 23 1 29 2 20 3 24 12 20 16 21 19 22 20 23 26 36 29 37 28 38 15 39 12 48 15 49 20 50 13 51 30 44 4 19 5 19 6 12 7 17 8 28 9 25 10 14 11 25 12 17 13 27 14 16 15 18 16 21 17 16 18 25 19 21 20 30 21 12 22 25 23 22 28 19 29 21 30 23 31 20 32 10 33 25 34 24 35 22 40 17 41 12 42 10 43 11 44 30 45 15 46 24 47 23 48 18 49 22 50 30 51 19 52 21 53 28 54 20 55 28 24 12 19 13 29 14 18 15 16 24 25 25 21 26 14 27 27 28 26 29 11 30 10 31 25 44 27 45 30 46 17 47 26 48 11 49 13 50 20 51 20 52 25 53 13 54 15 55 28 4 56 28 57 23 58 26 59 28 
5 4 0 17 1 26 2 24 3 14 32 4 14 5 24 6 25 7 15 12 26 13 10 14 20 15 25 16 19 17 29 18 23 19 12 24 24 25 12 26 19 27 29 28 12 29 10 30 22 31 16 40 24 41 19 42 25 43 20 44 18 45 12 46 10 47 17 48 21 49 14 50 25 51 28 52 4 26 5 15 6 17 7 29 8 27 9 26 10 23 11 23 12 10 13 30 14 20 15 11 16 26 17 21 18 25 19 15 20 15 21 28 22 17 23 21 24 21 25 18 26 15 27 10 28 18 29 27 30 13 31 10 32 14 33 10 34 22 35 13 36 21 37 19 38 19 39 24 40 12 41 13 42 22 43 10 44 23 45 11 46 26 47 16 48 16 49 17 50 24 51 23 52 20 53 24 54 19 55 25 16 4 19 5 21 6 12 7 27 12 24 13 13 14 26 15 25 28 25 29 22 30 27 31 25 44 27 45 23 46 13 47 26 4 56 19 57 15 58 13 59 19 
5 4 0 23 1 20 2 13 3 15 44 8 14 9 29 10 26 11 24 12 22 13 24 14 12 15 16 16 16 17 19 18 11 19 22 20 23 21 11 22 22 23 27 24 15 25 21 26 13 27 21 28 21 29 12 30 17 31 13 36 14 37 12 38 25 39 14 40 10 41 18 42 21 43 23 44 13 45 10 46 21 47 14 48 30 49 15 50 20 51 10 52 18 53 15 54 25 55 15 20 4 12 5 18 6 13 7 30 12 13 13 29 14 23 15 18 28 11 29 15 30 19 31 19 32 22 33 16 34 28 35 28 48 30 49 28 50 14 51 29 32 4 22 5 26 6 27 7 17 12 23 13 28 14 17 15 24 16 29 17 13 18 27 19 15 36 12 37 17 38 15 39 18 40 17 41 26 42 22 43 17 44 18 45 26 46 21 47 15 48 12 49 18 50 18 51 16 52 18 53 16 54 23 55 22 4 56 10 57 27 58 27 59 30 
5 4 0 18 1 11 2 20 3 30 8 36 17 37 14 38 22 39 23 40 30 41 19 42 16 43 12 24 8 13 9 24 10 21 11 21 12 29 13 28 14 14 15 26 32 19 33 23 34 14 35 10 36 18 37 15 38 16 39 17 44 23 45 30 46 11 47 20 52 29 53 13 54 28 55 18 4 4 28 5 29 6 10 7 22 4 56 23 57 25 58 26 59 15 
5 4 0 23 1 13 2 23 3 17 4 4 15 5 16 6 24 7 30 8 8 10 9 24 10 16 11 13 28 18 29 19 30 21 31 18 24 4 12 5 15 6 12 7 13 28 10 29 17 30 25 31 24 32 30 33 25 34 13 35 29 40 11 41 10 42 26 43 30 44 24 45 25 46 20 47 28 52 28 53 26 54 28 55 21 4 56 18 57 11 58 23 59 20 
5 4 0 12 1 20 2 24 3 25 24 4 24 5 15 6 25 7 29 8 18 9 26 10 25 11 11 12 29 13 16 14 13 15 10 16 27 17 12 18 11 19 12 24 28 25 17 26 30 27 14 48 23 49 27 50 26 51 23 32 4 12 5 30 6 28 7 30 12 28 13 30 14 17 15 22 16 22 17 30 18 19 19 21 20 16 21 17 22 30 23 16 24 17 25 19 26 14 27 19 36 25 37 25 38 22 39 30 40 17 41 18 42 10 43 15 44 18 45 30 46 22 47 11 4 44 23 45 14 46 23 47 11 4 56 11 57 10 58 22 59 25 
5 4 0 11 1 15 2 11 3 22 8 4 15 5 19 6 30 7 23 24 20 25 12 26 17 27 30 52 4 20 5 23 6 14 7 28 8 20 9 19 10 23 11 20 12 29 13 27 14 10 15 12 16 20 17 23 18 10 19 28 20 12 21 16 22 13 23 23 24 16 25 26 26 28 27 22 28 13 29 28 30 26 31 18 32 18 33 24 34 10 35 29 36 23 37 19 38 28 39 18 40 20 41 25 42 12 43 13 44 19 45 30 46 11 47 13 48 11 49 17 50 23 51 28 52 18 53 29 54 12 55 25 16 12 26 13 17 14 16 15 12 16 19 17 13 18 17 19 18 20 20 21 14 22 15 23 18 48 17 49 20 50 24 51 29 4 56 11 57 21 58 16 59 26 
5 4 0 21 1 20 2 20 3 26 4 8 21 9 26 10 19 11 21 16 24 16 25 27 26 28 27 16 32 24 33 23 34 21 35 12 36 12 37 17 38 28 39 29 52 24 53 23 54 14 55 24 20 12 19 13 16 14 11 15 20 24 19 25 17 26 26 27 10 40 26 41 20 42 27 43 15 44 10 45 14 46 29 47 30 48 17 49 11 50 16 51 14 4 56 14 57 19 58 20 59 28 
5 4 0 22 1 11 2 26 3 28 48 4 28 5 14 6 30 7 19 8 18 9 27 10 30 11 16 12 11 13 24 14 21 15 25 16 16 17 17 18 22 19 11 20 17 21 24 22 21 23 24 24 16 25 16 26 27 27 28 28 14 29 16 30 18 31 16 32 27 33 14 34 29 35 14 40 20 41 14 42 13 43 17 44 18 45 17 46 11 47 19 48 14 49 19 50 10 51 25 52 16 53 11 54 14 55 23 20 12 24 13 12 14 29 15 16 20 25 21 14 22 12 23 23 28 22 29 18 30 25 31 14 36 20 37 13 38 28 39 26 40 12 41 14 42 17 43 23 36 8 21 9 19 10 12 11 27 12 26 13 28 14 22 15 21 16 29 17 11 18 23 19 11 20 16 21 24 22 21 23 25 24 26 25 17 26 24 27 18 28 26 29 19 30 29 31 28 32 12 33 20 34 29 35 10 44 21 45 13 46 27 47 17 48 14 49 20 50 11 51 29 4 56 11 57 20 58 16 59 26 

Dynamic Events

# Machine Breakdowns (machine_id start_time end_time)
Machine Breakdowns
1 260 273
2 121 133
6 104 115
13 232 246
14 137 151
17 177 189
21 20 29
26 138 147
33 86 97
36 209 221
37 165 175
51 182 193
52 147 156
53 33 43
56 124 138

# Added Jobs (arrival_time: num_ops num_alts_op1 m1 p1 ... num_alts_op2 m1 p1 ...)
Added Jobs
22: 5 50 13 18 28 23 58 23 19 21 20 13 41 22 8 16 14 18 46 22 12 21 17 12 56 20 36 18 22 22 23 18 53 28 24 20 54 17 47 30 49 12 57 17 42 27 2 17 34 15 39 24 9 29 45 16 27 23 50 24 30 24 44 30 55 22 25 16 6 16 43 18 48 22 26 28 15 21 3 24 29 16 5 29 33 10 59 30 16 16 0 16 18 19 11 20 1 19 38 23 51 23 50 45 18 16 16 42 13 47 23 4 24 32 24 54 26 44 14 7 27 43 11 50 15 56 15 21 20 59 24 55 26 26 26 33 15 13 27 18 25 8 14 31 21 46 18 34 29 12 27 17 29 38 21 41 24 2 16 1 14 9 17 0 19 57 18 25 22 14 11 37 13 58 17 51 23 49 18 30 24 40 27 19 19 22 14 52 16 10 14 29 28 48 11 5 24 24 21 3 26 27 25 7 55 28 18 19 34 20 54 22 59 26 6 30 40 16 32 32 27 16 29 54 23 19 18 25 13 58 17 28 24 44 23 11 18 24 19 42 13 33 13 6 21 46 14 37 16 43 23 47 18 22 28 27 20 0 24 23 27 13 15 59 19 31 22 3 18 40 13 35 28 10 26 48 25 9 17 18 15 56 10 9 32 23 47 25 20 15 26 13 14 28 49 21 30 27 33 13 34 25 
34: 5 48 40 25 54 12 59 16 51 22 20 29 6 10 7 25 19 24 30 11 34 27 1 24 28 17 25 12 2 11 27 19 56 12 57 23 12 15 5 20 42 23 29 15 10 30 3 26 4 12 48 28 22 26 21 19 0 24 47 12 58 25 53 23 24 21 36 15 11 27 26 15 23 16 33 12 44 18 43 24 31 25 46 15 37 19 15 13 35 28 32 22 17 22 45 15 49 14 30 35 13 5 24 56 22 25 25 29 20 4 19 34 17 48 24 49 20 16 26 22 14 27 25 43 20 23 29 10 12 15 21 40 12 39 13 42 19 17 21 30 22 46 12 12 18 20 16 59 23 32 27 38 15 57 18 51 30 14 27 29 39 19 25 24 51 14 6 22 12 11 55 28 23 21 47 19 31 25 0 22 42 14 16 25 24 28 46 27 18 25 21 20 56 26 40 19 33 18 14 14 38 23 59 25 29 23 8 13 32 22 13 15 27 30 22 15 2 19 50 55 15 27 20 47 21 9 18 37 26 32 18 29 21 58 15 0 18 51 14 41 24 20 27 16 17 8 22 57 19 24 22 13 10 44 17 1 28 18 14 17 26 42 16 54 19 12 19 5 30 45 15 53 21 40 13 39 15 43 21 35 27 38 21 52 26 46 27 14 28 11 29 19 13 15 20 23 23 3 24 10 28 6 16 59 17 56 27 34 24 36 24 26 13 25 12 30 11 31 10 47 45 24 7 14 11 27 9 10 51 24 46 13 52 26 36 12 17 19 30 27 58 15 5 29 57 11 21 22 24 22 26 20 49 28 23 23 15 12 4 21 10 22 6 18 22 22 42 27 44 10 13 10 34 19 12 29 19 24 40 26 8 17 3 19 48 17 39 24 50 15 55 23 28 21 32 25 33 23 54 27 41 20 59 25 43 25 16 25 37 18 47 19 20 14 
44: 5 35 43 10 15 24 45 24 33 17 47 20 51 12 5 24 2 17 6 19 48 16 53 26 40 29 16 29 23 24 24 21 29 20 13 18 46 21 7 15 11 22 54 28 52 26 59 20 20 22 58 16 44 30 41 22 55 24 38 19 25 26 0 12 19 17 31 23 57 18 56 19 6 40 14 0 19 18 14 27 28 15 17 37 12 41 28 22 26 22 54 26 33 22 9 28 35 17 40 30 56 12 14 22 29 24 5 19 49 21 8 24 47 16 25 26 12 15 20 30 3 26 1 28 37 27 53 24 11 21 13 14 36 25 38 26 45 15 7 27 16 16 39 30 41 14 51 28 46 15 43 27 22 23 58 17 50 11 52 22 30 25 55 17 21 21 17 13 28 39 28 37 24 13 26 58 26 5 25 48 15 8 18 14 29 16 16 31 22 17 13 6 17 27 13 1 23 40 11 42 17 32 25 25 17 4 18 15 23 29 23 24 21 53 15 19 26 49 28 43 10 26 13 33 10 48 23 24 46 26 5 18 47 24 11 28 26 16 36 20 49 14 45 23 50 10 6 21 38 28 16 18 43 30 9 29 29 27 4 13 24 24 58 27 41 16 35 27 53 16 32 20 28 19 33 12 2 13 17 13 8 10 51 29 22 24 13 26 48 16 19 23 54 19 1 24 14 23 27 10 21 23 37 28 20 28 12 18 57 22 25 23 30 17 31 14 3 20 42 22 44 23 
48: 5 5 25 22 9 15 10 27 46 24 40 15 6 4 20 13 19 27 17 34 19 45 21 6 21 14 58 25 35 17 28 18 45 21 10 14 29 26 27 29 21 22 48 29 37 25 25 13 42 19 32 20 30 10 19 39 17 26 30 33 12 9 29 34 18 4 26 43 30 56 22 24 21 5 23 12 10 16 19 44 15 51 24 25 24 1 29 45 10 19 27 30 18 43 32 15 22 15 38 20 58 14 16 29 33 22 5 14 25 22 24 25 9 17 42 18 7 22 4 26 11 25 27 15 45 26 3 17 29 21 44 23 35 21 36 26 49 21 26 13 19 19 28 10 57 24 20 25 43 14 17 27 34 11 15 25 51 24 39 14 37 28 18 17 48 18 56 10 21 19 12 26 52 24 13 24 0 13 41 22 
65: 5 40 30 23 20 30 22 23 36 18 57 27 5 16 37 20 0 23 54 23 38 21 19 24 35 25 51 19 17 25 40 11 32 25 33 11 39 25 42 17 9 24 7 15 2 16 46 11 44 29 49 24 10 25 56 12 41 22 11 30 53 27 13 11 59 19 24 17 43 27 34 16 18 19 26 24 55 15 21 17 14 21 6 1 19 12 20 48 22 43 16 56 23 4 14 36 59 26 7 25 58 25 53 17 48 12 22 15 21 27 15 22 35 11 27 27 5 19 14 20 10 18 9 25 1 21 11 22 23 25 40 30 38 24 25 12 45 11 24 21 19 20 13 27 3 30 57 11 43 18 17 24 6 13 20 23 2 14 56 22 44 14 30 22 42 13 51 20 28 47 15 26 23 49 11 3 17 13 17 23 23 30 15 10 23 39 26 38 28 28 22 45 30 21 20 42 21 2 25 6 10 11 18 0 24 44 13 36 18 57 17 5 16 33 11 35 22 51 20 27 27 52 23 25 15 5 15 24 29 16 11 24 14 24 4 23 
76: 5 10 50 10 24 27 26 15 19 24 23 21 49 24 2 21 4 24 39 19 0 20 15 34 25 5 22 30 13 33 19 43 20 55 18 29 16 32 18 37 21 46 14 18 23 19 18 14 12 10 16 51 10 17 50 21 17 29 43 24 38 27 40 14 42 19 35 11 30 28 48 21 51 11 46 17 31 23 9 13 22 11 5 28 36 25 18 18 51 17 25 30 24 48 28 31 10 8 19 12 29 27 20 50 13 37 25 51 27 16 26 2 22 35 11 39 16 10 29 25 20 5 17 59 15 18 10 53 27 36 22 11 20 28 18 57 12 34 24 0 15 19 16 52 21 14 18 58 11 40 29 21 25 47 27 42 27 26 14 44 11 41 24 1 19 56 12 43 10 45 17 29 10 33 25 20 27 3 29 46 14 4 15 38 26 24 22 6 24 32 16 31 39 12 8 19 44 24 51 29 48 30 29 19 22 16 1 13 17 17 2 25 56 17 21 27 26 19 42 15 35 12 57 10 52 27 40 24 50 10 37 18 31 22 14 25 6 13 5 23 46 13 13 30 16 20 10 14 36 22 58 10 0 27 

# Cancelled Jobs (cancel_time initial_job_sim_idx_to_cancel)
Cancelled Jobs
106 5
178 9

# ETPC Constraints (fore_job_sim_idx fore_op_idx hind_job_sim_idx hind_op_idx time_lapse)
ETPC Constraints
8 0 12 0 8
7 4 14 1 10
9 3 0 4 14
14 3 9 1 7
14 3 5 0 20
5 2 8 3 5
4 4 12 1 20
15 2 14 1 4
5 3 7 4 18
8 0 10 2 18
0 0 8 1 16
7 2 8 2 13
11 4 13 0 4
2 0 13 4 17
15 4 1 0 12
6 0 1 1 6
14 3 7 2 12
11 2 15 2 10
5 4 7 3 3
6 3 0 3 11
9 4 3 1 13
4 4 6 0 15
1 0 6 2 9
11 2 3 2 5
