50 60
5 4 0 30 1 11 2 18 3 24 12 4 12 5 27 6 25 7 18 12 29 13 24 14 18 15 23 44 20 45 17 46 25 47 12 40 4 13 5 19 6 19 7 15 8 18 9 10 10 17 11 30 16 20 17 20 18 14 19 17 24 19 25 12 26 28 27 17 28 26 29 13 30 21 31 14 32 30 33 23 34 16 35 20 36 13 37 19 38 30 39 22 40 24 41 29 42 21 43 12 48 23 49 14 50 16 51 28 52 25 53 23 54 29 55 23 28 4 26 5 26 6 13 7 23 8 13 9 12 10 22 11 25 12 29 13 25 14 15 15 23 24 16 25 16 26 24 27 21 32 23 33 26 34 18 35 14 44 10 45 16 46 20 47 25 48 23 49 29 50 11 51 20 4 56 23 57 30 58 13 59 20 
5 4 0 26 1 21 2 19 3 21 4 28 27 29 30 30 10 31 28 44 4 17 5 12 6 10 7 13 12 12 13 20 14 24 15 10 16 27 17 23 18 18 19 26 20 12 21 20 22 30 23 28 24 22 25 10 26 15 27 14 28 26 29 14 30 29 31 10 32 20 33 22 34 18 35 28 36 19 37 15 38 29 39 25 40 26 41 20 42 27 43 27 48 14 49 24 50 29 51 19 52 29 53 22 54 10 55 21 28 4 10 5 18 6 18 7 25 8 16 9 23 10 22 11 29 12 11 13 19 14 24 15 26 20 12 21 11 22 22 23 27 24 16 25 10 26 21 27 30 28 28 29 30 30 25 31 19 52 20 53 20 54 10 55 25 4 56 15 57 26 58 13 59 26 
5 4 0 22 1 17 2 26 3 29 48 4 22 5 30 6 11 7 19 8 13 9 10 10 26 11 25 16 25 17 11 18 15 19 19 20 20 21 23 22 30 23 21 24 29 25 15 26 12 27 10 28 23 29 19 30 13 31 24 32 16 33 17 34 17 35 11 36 19 37 30 38 26 39 16 40 19 41 25 42 11 43 21 44 14 45 21 46 17 47 24 48 29 49 14 50 18 51 25 52 22 53 21 54 29 55 17 4 48 21 49 28 50 30 51 12 20 4 22 5 28 6 16 7 28 32 11 33 22 34 20 35 14 36 21 37 13 38 10 39 29 40 25 41 12 42 24 43 23 48 28 49 11 50 13 51 21 4 56 22 57 15 58 16 59 29 
5 4 0 10 1 13 2 29 3 11 44 8 18 9 23 10 24 11 20 12 10 13 21 14 13 15 12 16 19 17 25 18 30 19 20 20 21 21 28 22 10 23 22 24 22 25 22 26 27 27 27 28 26 29 28 30 28 31 19 32 19 33 22 34 20 35 12 36 25 37 21 38 26 39 26 40 25 41 15 42 28 43 30 44 23 45 21 46 15 47 12 52 21 53 17 54 26 55 17 4 16 13 17 13 18 30 19 11 24 4 14 5 21 6 16 7 22 8 19 9 27 10 12 11 15 12 10 13 20 14 18 15 22 28 17 29 24 30 24 31 21 40 26 41 20 42 16 43 29 48 12 49 22 50 24 51 29 4 56 18 57 11 58 26 59 17 
5 4 0 29 1 13 2 10 3 29 4 20 15 21 15 22 29 23 11 52 4 14 5 23 6 15 7 21 8 14 9 26 10 19 11 26 12 21 13 28 14 13 15 13 16 30 17 12 18 26 19 11 20 13 21 13 22 22 23 20 24 30 25 12 26 18 27 16 28 25 29 27 30 14 31 27 32 20 33 19 34 18 35 23 36 18 37 10 38 18 39 14 40 23 41 23 42 28 43 12 44 22 45 14 46 18 47 12 48 24 49 24 50 14 51 20 52 14 53 27 54 27 55 29 16 4 22 5 10 6 17 7 20 24 27 25 16 26 11 27 19 32 20 33 11 34 25 35 18 44 27 45 30 46 30 47 25 4 56 13 57 14 58 19 59 23 
5 4 0 20 1 18 2 30 3 28 20 4 16 5 16 6 23 7 15 8 28 9 24 10 28 11 29 12 11 13 18 14 19 15 21 16 16 17 12 18 19 19 19 20 25 21 19 22 30 23 23 24 16 11 17 22 18 26 19 24 20 20 21 13 22 13 23 23 28 23 29 29 30 23 31 17 32 19 33 26 34 22 35 22 44 29 45 15 46 30 47 15 48 24 49 21 50 28 51 26 16 8 17 9 12 10 16 11 23 16 16 17 14 18 28 19 27 36 12 37 28 38 29 39 29 44 15 45 24 46 13 47 23 4 56 12 57 24 58 15 59 18 
5 4 0 30 1 23 2 18 3 16 48 4 19 5 11 6 11 7 19 8 20 9 28 10 23 11 29 12 25 13 27 14 29 15 23 16 21 17 17 18 24 19 20 20 19 21 27 22 17 23 28 28 10 29 11 30 15 31 26 32 18 33 13 34 11 35 13 36 22 37 20 38 11 39 27 40 12 41 10 42 29 43 19 44 16 45 14 46 10 47 17 48 23 49 26 50 24 51 30 52 21 53 11 54 11 55 22 40 4 28 5 19 6 26 7 25 12 23 13 11 14 24 15 12 16 13 17 11 18 17 19 26 20 19 21 20 22 15 23 22 28 28 29 28 30 21 31 25 32 13 33 13 34 14 35 16 36 20 37 11 38 20 39 11 40 14 41 18 42 12 43 19 44 29 45 18 46 22 47 18 48 15 49 16 50 14 51 20 12 4 26 5 10 6 18 7 27 12 17 13 19 14 14 15 30 16 13 17 14 18 10 19 24 4 56 27 57 30 58 25 59 16 
5 4 0 24 1 10 2 30 3 10 48 4 27 5 29 6 16 7 16 8 26 9 22 10 10 11 29 12 13 13 28 14 25 15 11 16 26 17 21 18 21 19 28 20 29 21 10 22 21 23 17 24 27 25 23 26 29 27 20 28 14 29 15 30 13 31 19 36 10 37 18 38 12 39 14 40 21 41 21 42 13 43 16 44 29 45 12 46 25 47 19 48 23 49 25 50 20 51 14 52 27 53 14 54 13 55 10 48 8 17 9 13 10 13 11 30 12 23 13 27 14 14 15 21 16 20 17 27 18 10 19 25 20 18 21 23 22 22 23 25 24 16 25 15 26 14 27 11 28 23 29 21 30 26 31 17 32 20 33 29 34 12 35 14 36 27 37 25 38 18 39 19 40 24 41 19 42 18 43 30 44 29 45 24 46 14 47 20 48 20 49 12 50 23 51 30 52 27 53 24 54 30 55 10 36 4 15 5 16 6 19 7 18 16 26 17 19 18 10 19 26 20 16 21 11 22 28 23 15 28 13 29 13 30 29 31 18 32 17 33 24 34 26 35 16 40 15 41 14 42 30 43 10 44 24 45 30 46 13 47 19 48 17 49 14 50 13 51 28 52 26 53 28 54 29 55 28 4 56 18 57 22 58 10 59 29 
5 4 0 22 1 24 2 17 3 14 12 4 15 5 29 6 29 7 20 20 30 21 26 22 24 23 16 52 12 53 23 54 13 55 24 8 32 24 33 10 34 19 35 13 48 30 49 28 50 25 51 23 40 4 23 5 30 6 19 7 28 8 23 9 18 10 28 11 19 12 14 13 12 14 25 15 18 20 24 21 26 22 25 23 18 24 21 25 27 26 20 27 12 28 23 29 18 30 15 31 23 32 13 33 26 34 27 35 13 36 10 37 15 38 11 39 14 44 19 45 27 46 17 47 15 48 26 49 17 50 18 51 13 4 56 11 57 23 58 20 59 14 
5 4 0 23 1 25 2 24 3 29 20 8 10 9 20 10 11 11 13 12 16 13 13 14 30 15 19 24 15 25 10 26 13 27 24 32 21 33 30 34 25 35 13 40 29 41 12 42 27 43 26 40 4 16 5 25 6 15 7 13 8 12 9 22 10 22 11 16 12 30 13 16 14 19 15 23 16 11 17 29 18 12 19 15 20 12 21 11 22 11 23 20 24 28 25 13 26 20 27 28 28 30 29 14 30 25 31 17 32 25 33 16 34 26 35 17 44 14 45 24 46 30 47 26 48 17 49 28 50 28 51 10 16 16 25 17 19 18 30 19 26 28 11 29 13 30 26 31 22 36 26 37 23 38 26 39 26 52 11 53 16 54 16 55 27 4 56 30 57 16 58 27 59 15 
5 4 0 23 1 15 2 21 3 18 12 4 28 5 12 6 28 7 21 44 22 45 13 46 18 47 14 52 25 53 19 54 23 55 19 32 12 29 13 16 14 19 15 20 20 11 21 20 22 10 23 18 24 19 25 28 26 12 27 11 28 10 29 13 30 27 31 11 32 13 33 14 34 18 35 12 44 12 45 24 46 18 47 14 48 15 49 13 50 20 51 25 52 20 53 21 54 13 55 16 36 12 13 13 27 14 15 15 20 16 17 17 26 18 13 19 28 20 14 21 28 22 27 23 11 28 18 29 19 30 30 31 17 32 10 33 17 34 25 35 18 36 12 37 17 38 10 39 26 40 22 41 25 42 23 43 29 48 19 49 27 50 21 51 27 52 22 53 12 54 22 55 10 4 56 28 57 23 58 27 59 29 
5 4 0 18 1 17 2 23 3 10 20 8 21 9 30 10 11 11 24 32 13 33 25 34 18 35 10 40 15 41 23 42 11 43 28 44 20 45 23 46 12 47 28 48 21 49 16 50 23 51 25 40 8 11 9 21 10 14 11 22 12 14 13 30 14 27 15 20 16 27 17 13 18 22 19 26 24 26 25 16 26 27 27 21 28 28 29 30 30 18 31 23 32 25 33 22 34 13 35 25 36 16 37 29 38 19 39 13 40 15 41 19 42 25 43 27 48 24 49 16 50 15 51 24 52 21 53 16 54 17 55 22 24 4 22 5 27 6 12 7 22 16 21 17 20 18 25 19 13 36 22 37 12 38 19 39 14 40 14 41 13 42 16 43 20 48 16 49 25 50 20 51 23 52 16 53 19 54 23 55 23 4 56 22 57 20 58 11 59 22 
5 4 0 15 1 17 2 10 3 16 36 4 23 5 19 6 18 7 13 16 24 17 24 18 10 19 10 20 27 21 14 22 27 23 26 28 17 29 20 30 26 31 24 32 30 33 19 34 14 35 23 40 18 41 23 42 12 43 30 44 27 45 19 46 11 47 21 48 11 49 27 50 23 51 30 52 17 53 24 54 25 55 16 8 40 26 41 17 42 25 43 14 44 27 45 25 46 15 47 27 32 4 24 5 21 6 20 7 10 8 11 9 21 10 15 11 27 12 18 13 21 14 12 15 21 16 13 17 17 18 21 19 12 24 18 25 12 26 14 27 15 32 17 33 26 34 21 35 21 44 28 45 19 46 11 47 14 48 21 49 19 50 10 51 24 4 56 21 57 24 58 21 59 20 
5 4 0 18 1 12 2 27 3 21 24 4 10 5 29 6 12 7 13 8 20 9 29 10 25 11 17 20 15 21 23 22 14 23 28 28 10 29 29 30 17 31 30 32 17 33 30 34 16 35 16 52 30 53 29 54 14 55 14 16 8 17 9 28 10 10 11 29 12 23 13 18 14 20 15 10 44 28 45 15 46 24 47 21 48 11 49 14 50 23 51 21 16 16 30 17 10 18 18 19 24 20 22 21 23 22 29 23 28 36 21 37 12 38 11 39 20 52 21 53 24 54 30 55 29 4 56 18 57 15 58 23 59 22 
5 4 0 15 1 14 2 27 3 16 36 4 29 5 14 6 21 7 30 8 22 9 10 10 29 11 27 12 24 13 20 14 17 15 14 16 22 17 30 18 14 19 19 24 16 25 29 26 15 27 28 28 12 29 19 30 11 31 28 32 15 33 10 34 14 35 14 36 25 37 28 38 16 39 23 44 13 45 19 46 14 47 14 24 12 27 13 15 14 16 15 22 16 20 17 26 18 19 19 19 20 14 21 22 22 18 23 25 36 20 37 15 38 15 39 27 48 20 49 18 50 29 51 13 52 13 53 13 54 21 55 30 36 12 24 13 26 14 14 15 13 20 19 21 27 22 20 23 16 24 22 25 25 26 25 27 11 28 29 29 26 30 19 31 19 32 24 33 26 34 26 35 21 40 13 41 15 42 30 43 23 44 27 45 20 46 29 47 21 48 22 49 22 50 17 51 11 52 14 53 20 54 12 55 17 4 56 11 57 27 58 28 59 24 
5 4 0 13 1 21 2 11 3 16 52 4 24 5 15 6 16 7 11 8 16 9 16 10 13 11 13 12 25 13 13 14 25 15 23 16 18 17 27 18 18 19 21 20 17 21 21 22 25 23 10 24 18 25 21 26 29 27 16 28 11 29 29 30 13 31 17 32 17 33 28 34 25 35 28 36 12 37 25 38 16 39 20 40 25 41 13 42 16 43 21 44 24 45 24 46 23 47 29 48 15 49 29 50 23 51 17 52 28 53 14 54 12 55 26 52 4 20 5 11 6 24 7 24 8 15 9 12 10 30 11 25 12 30 13 14 14 22 15 11 16 23 17 10 18 13 19 20 20 13 21 28 22 14 23 21 24 20 25 13 26 20 27 14 28 17 29 22 30 29 31 19 32 12 33 29 34 15 35 22 36 18 37 22 38 20 39 12 40 24 41 25 42 23 43 21 44 26 45 17 46 14 47 26 48 13 49 20 50 12 51 30 52 29 53 20 54 20 55 15 32 4 28 5 13 6 28 7 13 12 19 13 19 14 10 15 30 20 28 21 11 22 25 23 17 32 18 33 23 34 14 35 30 36 12 37 20 38 20 39 13 40 16 41 12 42 19 43 18 44 12 45 11 46 24 47 22 52 13 53 18 54 24 55 27 4 56 26 57 15 58 10 59 15 
5 4 0 18 1 28 2 14 3 24 24 12 30 13 24 14 11 15 19 16 16 17 17 18 11 19 20 28 10 29 27 30 19 31 18 40 20 41 14 42 11 43 22 48 10 49 13 50 18 51 25 52 10 53 11 54 17 55 18 4 16 28 17 14 18 14 19 29 40 4 13 5 17 6 20 7 21 8 20 9 10 10 12 11 11 12 13 13 21 14 20 15 25 24 23 25 22 26 13 27 19 28 25 29 29 30 10 31 30 32 15 33 30 34 16 35 14 40 10 41 14 42 18 43 25 44 12 45 14 46 16 47 20 48 20 49 22 50 26 51 11 52 16 53 16 54 10 55 15 4 56 28 57 27 58 23 59 13 
5 4 0 25 1 15 2 17 3 28 32 12 11 13 16 14 30 15 19 16 29 17 16 18 14 19 28 20 18 21 16 22 18 23 18 28 18 29 16 30 10 31 11 32 21 33 20 34 28 35 20 36 20 37 23 38 22 39 30 48 18 49 16 50 12 51 21 52 16 53 21 54 25 55 29 40 4 10 5 28 6 23 7 10 8 16 9 16 10 29 11 30 12 30 13 25 14 28 15 29 16 26 17 22 18 11 19 20 20 11 21 18 22 27 23 30 28 25 29 30 30 14 31 14 32 11 33 22 34 28 35 11 40 14 41 26 42 22 43 16 44 27 45 14 46 25 47 25 48 25 49 24 50 11 51 30 12 4 25 5 29 6 15 7 12 24 19 25 16 26 29 27 11 36 10 37 30 38 25 39 18 4 56 11 57 28 58 27 59 10 
5 4 0 28 1 27 2 15 3 11 52 4 19 5 27 6 15 7 28 8 18 9 27 10 12 11 30 12 20 13 29 14 23 15 25 16 27 17 26 18 13 19 25 20 20 21 26 22 23 23 15 24 19 25 12 26 30 27 18 28 25 29 30 30 11 31 21 32 25 33 10 34 18 35 29 36 11 37 25 38 29 39 17 40 30 41 27 42 20 43 16 44 14 45 22 46 15 47 16 48 19 49 14 50 13 51 25 52 28 53 28 54 26 55 29 4 24 25 25 11 26 26 27 20 44 4 18 5 14 6 15 7 15 8 15 9 24 10 20 11 18 12 17 13 11 14 13 15 24 16 14 17 28 18 30 19 24 20 12 21 24 22 13 23 18 28 18 29 14 30 23 31 21 32 18 33 16 34 26 35 19 40 17 41 22 42 16 43 21 44 15 45 28 46 14 47 29 48 26 49 22 50 13 51 26 52 29 53 19 54 10 55 10 4 56 19 57 30 58 14 59 16 
5 4 0 21 1 26 2 30 3 30 32 4 13 5 27 6 29 7 28 8 20 9 16 10 30 11 13 24 15 25 24 26 29 27 11 28 11 29 16 30 25 31 17 32 11 33 11 34 21 35 16 44 24 45 26 46 18 47 18 48 22 49 14 50 10 51 12 52 20 53 10 54 23 55 23 36 8 15 9 19 10 29 11 15 12 18 13 17 14 26 15 17 16 21 17 22 18 16 19 25 20 30 21 15 22 30 23 14 24 21 25 10 26 28 27 22 28 25 29 12 30 22 31 10 32 27 33 15 34 22 35 19 40 11 41 11 42 16 43 12 52 18 53 24 54 29 55 24 16 8 18 9 14 10 26 11 17 16 20 17 10 18 25 19 29 28 28 29 19 30 28 31 25 48 19 49 15 50 28 51 14 4 56 26 57 27 58 25 59 27 
5 4 0 10 1 30 2 11 3 13 36 8 27 9 26 10 16 11 30 12 21 13 15 14 12 15 11 16 22 17 28 18 29 19 10 32 12 33 26 34 11 35 26 36 12 37 21 38 27 39 18 40 11 41 19 42 28 43 12 44 15 45 26 46 29 47 19 48 21 49 25 50 23 51 25 52 22 53 11 54 12 55 29 28 4 13 5 15 6 25 7 21 12 11 13 26 14 13 15 28 28 14 29 10 30 21 31 23 32 25 33 18 34 14 35 10 36 23 37 29 38 13 39 28 44 14 45 17 46 13 47 21 52 23 53 26 54 18 55 15 20 12 20 13 10 14 12 15 26 16 28 17 27 18 10 19 20 32 18 33 16 34 24 35 19 48 10 49 14 50 27 51 28 52 19 53 14 54 23 55 11 4 56 12 57 14 58 26 59 17 
5 4 0 13 1 26 2 11 3 19 12 16 23 17 16 18 20 19 30 24 18 25 20 26 12 27 11 28 24 29 26 30 28 31 25 52 4 29 5 19 6 17 7 26 8 21 9 11 10 29 11 19 12 13 13 14 14 17 15 15 16 22 17 11 18 26 19 27 20 22 21 19 22 27 23 30 24 27 25 28 26 10 27 14 28 30 29 19 30 16 31 14 32 16 33 25 34 17 35 16 36 14 37 22 38 27 39 20 40 10 41 15 42 12 43 16 44 21 45 25 46 28 47 26 48 30 49 22 50 12 51 28 52 11 53 11 54 29 55 16 44 4 12 5 11 6 25 7 22 12 12 13 11 14 30 15 30 16 19 17 12 18 22 19 14 20 15 21 29 22 18 23 23 28 22 29 21 30 19 31 17 32 20 33 25 34 28 35 10 36 15 37 27 38 22 39 10 40 28 41 21 42 22 43 20 44 12 45 29 46 15 47 29 48 14 49 20 50 13 51 23 52 14 53 24 54 15 55 26 4 56 30 57 22 58 24 59 10 
5 4 0 13 1 25 2 22 3 25 44 4 28 5 16 6 22 7 15 8 29 9 19 10 12 11 27 12 17 13 30 14 22 15 27 16 27 17 24 18 27 19 23 24 11 25 25 26 23 27 22 28 11 29 16 30 20 31 30 32 17 33 29 34 12 35 17 36 16 37 21 38 30 39 21 40 20 41 14 42 13 43 15 44 10 45 22 46 21 47 10 52 16 53 30 54 23 55 16 52 4 27 5 20 6 11 7 17 8 29 9 22 10 23 11 11 12 11 13 19 14 11 15 22 16 12 17 28 18 30 19 17 20 22 21 13 22 20 23 10 24 14 25 25 26 16 27 28 28 23 29 14 30 20 31 19 32 18 33 15 34 25 35 28 36 15 37 14 38 21 39 23 40 29 41 18 42 20 43 18 44 18 45 24 46 20 47 24 48 21 49 27 50 30 51 11 52 27 53 18 54 21 55 20 48 4 25 5 20 6 17 7 21 8 13 9 24 10 22 11 14 12 25 13 10 14 24 15 23 16 18 17 21 18 13 19 22 20 19 21 16 22 13 23 22 28 12 29 15 30 16 31 14 32 29 33 18 34 24 35 11 36 17 37 20 38 14 39 14 40 11 41 15 42 20 43 21 44 19 45 28 46 13 47 16 48 23 49 21 50 30 51 24 52 15 53 21 54 30 55 11 4 56 13 57 22 58 10 59 30 
5 4 0 16 1 24 2 29 3 13 12 8 16 9 10 10 14 11 13 32 16 33 26 34 21 35 12 36 19 37 11 38 12 39 21 4 8 24 9 10 10 21 11 12 12 4 13 5 30 6 17 7 29 24 23 25 21 26 16 27 22 44 30 45 19 46 10 47 14 4 56 24 57 11 58 15 59 13 
5 4 0 14 1 25 2 27 3 15 4 32 17 33 10 34 28 35 10 8 28 16 29 19 30 10 31 18 40 17 41 10 42 14 43 19 32 8 22 9 21 10 22 11 17 12 24 13 29 14 14 15 21 16 12 17 19 18 30 19 18 20 28 21 29 22 15 23 18 36 21 37 20 38 11 39 22 40 13 41 11 42 29 43 10 44 18 45 13 46 18 47 23 48 11 49 22 50 15 51 30 4 56 20 57 20 58 18 59 22 
5 4 0 20 1 18 2 21 3 17 12 4 28 5 21 6 29 7 16 24 23 25 19 26 17 27 12 52 29 53 14 54 18 55 12 24 4 29 5 11 6 13 7 27 12 22 13 10 14 29 15 13 24 18 25 23 26 11 27 28 28 25 29 16 30 20 31 17 36 16 37 10 38 20 39 19 48 28 49 26 50 28 51 22 48 4 19 5 11 6 14 7 23 12 26 13 29 14 12 15 19 16 17 17 12 18 19 19 10 20 13 21 24 22 30 23 11 24 15 25 22 26 22 27 11 28 24 29 23 30 27 31 30 32 12 33 30 34 25 35 11 36 20 37 27 38 10 39 22 40 15 41 29 42 29 43 23 44 22 45 23 46 25 47 16 48 28 49 25 50 13 51 20 52 17 53 14 54 28 55 29 4 56 23 57 14 58 13 59 24 
5 4 0 24 1 21 2 10 3 21 20 12 30 13 24 14 16 15 11 16 25 17 15 18 20 19 24 36 22 37 30 38 18 39 19 48 18 49 18 50 16 51 12 52 15 53 16 54 26 55 18 48 4 21 5 17 6 16 7 17 8 22 9 24 10 27 11 21 12 20 13 30 14 13 15 29 16 29 17 25 18 24 19 23 20 17 21 24 22 27 23 12 24 19 25 24 26 10 27 12 28 16 29 10 30 14 31 25 32 27 33 22 34 25 35 11 36 15 37 27 38 21 39 19 40 13 41 25 42 13 43 19 44 28 45 25 46 28 47 17 48 26 49 20 50 21 51 17 20 4 25 5 27 6 22 7 26 8 26 9 22 10 10 11 24 24 27 25 15 26 28 27 13 40 19 41 12 42 24 43 30 48 26 49 30 50 17 51 10 4 56 21 57 24 58 22 59 29 
5 4 0 20 1 23 2 13 3 20 36 12 20 13 18 14 22 15 17 20 21 21 28 22 27 23 27 24 15 25 11 26 20 27 26 32 18 33 20 34 12 35 21 36 25 37 12 38 26 39 20 40 19 41 15 42 21 43 21 44 13 45 15 46 30 47 27 48 14 49 25 50 10 51 27 52 16 53 12 54 25 55 23 36 8 20 9 29 10 16 11 17 12 18 13 16 14 30 15 13 16 29 17 23 18 29 19 15 20 26 21 19 22 16 23 23 28 17 29 10 30 16 31 11 36 28 37 19 38 15 39 25 40 21 41 12 42 10 43 30 48 18 49 21 50 13 51 21 52 20 53 25 54 21 55 10 36 4 24 5 16 6 21 7 13 8 23 9 20 10 24 11 26 12 28 13 23 14 30 15 14 16 10 17 22 18 20 19 11 20 27 21 11 22 18 23 13 32 11 33 29 34 22 35 25 40 20 41 20 42 18 43 24 48 23 49 11 50 19 51 19 52 11 53 12 54 28 55 12 4 56 18 57 13 58 23 59 27 
5 4 0 17 1 12 2 29 3 14 4 36 14 37 16 38 29 39 23 28 4 13 5 27 6 20 7 19 16 29 17 10 18 15 19 16 32 19 33 12 34 11 35 20 36 20 37 18 38 15 39 29 44 18 45 15 46 19 47 24 48 29 49 27 50 14 51 10 52 19 53 24 54 11 55 23 36 4 14 5 15 6 29 7 23 12 12 13 24 14 22 15 15 16 10 17 16 18 12 19 14 20 29 21 16 22 22 23 20 28 22 29 16 30 13 31 26 32 18 33 17 34 18 35 30 36 23 37 24 38 20 39 19 44 28 45 22 46 17 47 24 48 11 49 16 50 24 51 18 4 56 29 57 28 58 13 59 16 
5 4 0 10 1 30 2 26 3 27 32 8 20 9 17 10 23 11 10 12 19 13 15 14 27 15 10 24 14 25 21 26 26 27 15 28 20 29 24 30 10 31 13 40 26 41 10 42 19 43 22 44 21 45 15 46 13 47 14 48 24 49 29 50 16 51 23 52 21 53 18 54 27 55 25 4 40 25 41 20 42 17 43 13 24 4 29 5 25 6 23 7 11 12 27 13 12 14 16 15 28 16 14 17 29 18 11 19 18 32 28 33 16 34 13 35 19 40 11 41 30 42 17 43 16 48 20 49 28 50 11 51 11 4 56 10 57 27 58 25 59 25 
5 4 0 21 1 14 2 27 3 17 8 28 25 29 21 30 30 31 20 52 16 53 12 54 30 55 30 4 48 25 49 25 50 22 51 15 28 4 14 5 11 6 14 7 13 8 29 9 15 10 14 11 11 16 29 17 17 18 30 19 15 20 14 21 28 22 16 23 19 36 26 37 25 38 25 39 28 44 29 45 10 46 10 47 26 48 23 49 29 50 16 51 11 4 56 11 57 21 58 23 59 19 
5 4 0 26 1 11 2 21 3 24 52 4 26 5 20 6 30 7 22 8 13 9 19 10 12 11 15 12 19 13 28 14 18 15 15 16 22 17 28 18 18 19 27 20 10 21 29 22 10 23 13 24 27 25 17 26 13 27 21 28 13 29 22 30 20 31 14 32 19 33 25 34 13 35 13 36 26 37 16 38 17 39 20 40 27 41 21 42 30 43 10 44 19 45 30 46 28 47 26 48 16 49 29 50 30 51 13 52 17 53 11 54 21 55 16 40 4 11 5 28 6 22 7 23 8 30 9 17 10 25 11 26 12 23 13 18 14 19 15 12 20 23 21 11 22 17 23 23 28 11 29 22 30 19 31 10 32 18 33 15 34 20 35 30 36 14 37 19 38 19 39 25 40 30 41 29 42 21 43 11 48 17 49 27 50 19 51 18 52 17 53 15 54 21 55 12 52 4 16 5 18 6 16 7 22 8 22 9 28 10 15 11 15 12 22 13 10 14 18 15 24 16 21 17 14 18 16 19 23 20 19 21 18 22 18 23 24 24 26 25 25 26 25 27 24 28 29 29 13 30 11 31 30 32 27 33 23 34 11 35 28 36 12 37 14 38 13 39 13 40 13 41 15 42 25 43 23 44 28 45 26 46 18 47 13 48 11 49 27 50 15 51 17 52 14 53 11 54 30 55 20 4 56 19 57 28 58 25 59 15 
5 4 0 12 1 27 2 22 3 29 24 4 19 5 10 6 14 7 25 12 27 13 11 14 20 15 20 16 20 17 26 18 16 19 24 24 24 25 13 26 19 27 17 36 25 37 16 38 23 39 18 40 11 41 22 42 27 43 21 12 12 25 13 26 14 21 15 13 40 24 41 21 42 17 43 23 44 10 45 23 46 16 47 26 48 4 14 5 21 6 10 7 30 8 11 9 19 10 30 11 14 12 20 13 15 14 11 15 19 16 17 17 20 18 24 19 11 24 19 25 22 26 12 27 17 28 30 29 12 30 30 31 20 32 25 33 27 34 28 35 23 36 12 37 10 38 26 39 27 40 27 41 22 42 21 43 12 44 15 45 21 46 11 47 13 48 18 49 19 50 20 51 24 52 30 53 18 54 24 55 10 4 56 18 57 22 58 26 59 13 
5 4 0 10 1 10 2 21 3 30 28 4 26 5 10 6 26 7 10 8 27 9 21 10 18 11 23 12 28 13 27 14 16 15 29 20 25 21 18 22 18 23 16 24 21 25 10 26 23 27 24 40 15 41 30 42 17 43 27 48 13 49 19 50 23 51 26 12 8 22 9 29 10 14 11 16 12 26 13 14 14 19 15 14 24 28 25 22 26 30 27 17 28 4 12 5 19 6 15 7 16 16 17 17 16 18 18 19 29 36 22 37 22 38 17 39 17 40 27 41 30 42 16 43 29 44 21 45 21 46 16 47 21 48 30 49 19 50 14 51 13 52 27 53 27 54 23 55 23 4 56 11 57 27 58 21 59 29 
5 4 0 12 1 19 2 23 3 17 20 8 11 9 28 10 14 11 18 20 22 21 11 22 28 23 13 24 27 25 15 26 11 27 26 28 24 29 21 30 24 31 24 32 29 33 29 34 16 35 21 4 40 19 41 21 42 14 43 15 12 16 10 17 27 18 17 19 29 36 20 37 13 38 18 39 10 48 20 49 18 50 13 51 23 4 56 22 57 20 58 22 59 11 
5 4 0 28 1 12 2 12 3 20 44 4 25 5 19 6 20 7 26 8 21 9 28 10 10 11 16 12 13 13 30 14 18 15 25 16 23 17 27 18 22 19 21 24 24 25 23 26 20 27 26 28 30 29 16 30 14 31 10 32 20 33 19 34 25 35 21 40 23 41 23 42 28 43 28 44 28 45 20 46 26 47 28 48 19 49 20 50 15 51 16 52 13 53 10 54 20 55 29 24 12 15 13 17 14 30 15 25 20 10 21 14 22 22 23 30 24 22 25 15 26 21 27 14 32 14 33 24 34 28 35 20 40 20 41 26 42 12 43 25 44 26 45 13 46 15 47 13 8 16 15 17 24 18 26 19 11 32 10 33 19 34 29 35 15 4 56 28 57 15 58 25 59 14 
5 4 0 30 1 20 2 17 3 16 44 4 13 5 24 6 29 7 19 8 28 9 20 10 23 11 13 12 14 13 30 14 19 15 21 16 18 17 16 18 19 19 13 20 23 21 30 22 22 23 19 28 17 29 29 30 10 31 10 32 15 33 12 34 21 35 30 36 27 37 10 38 25 39 13 44 15 45 12 46 20 47 15 48 13 49 15 50 23 51 13 52 30 53 21 54 11 55 15 20 16 28 17 21 18 17 19 25 20 29 21 16 22 25 23 15 32 30 33 27 34 23 35 16 40 12 41 13 42 14 43 25 44 29 45 20 46 17 47 18 52 4 20 5 12 6 27 7 13 8 29 9 18 10 20 11 24 12 29 13 26 14 14 15 16 16 11 17 18 18 27 19 24 20 13 21 10 22 23 23 18 24 16 25 29 26 22 27 13 28 29 29 17 30 29 31 29 32 22 33 28 34 15 35 19 36 11 37 14 38 13 39 17 40 26 41 19 42 12 43 16 44 15 45 14 46 29 47 16 48 30 49 24 50 13 51 12 52 22 53 22 54 15 55 24 4 56 15 57 13 58 14 59 11 
5 4 0 14 1 26 2 19 3 27 12 12 15 13 30 14 18 15 22 44 15 45 14 46 16 47 22 48 17 49 28 50 24 51 20 32 12 21 13 25 14 29 15 11 16 16 17 11 18 25 19 23 20 28 21 12 22 26 23 21 24 12 25 19 26 16 27 28 28 25 29 11 30 30 31 15 36 29 37 12 38 13 39 11 40 13 41 10 42 29 43 20 52 11 53 30 54 11 55 17 20 12 22 13 15 14 11 15 21 20 24 21 13 22 23 23 29 32 29 33 16 34 28 35 16 40 23 41 20 42 22 43 30 48 20 49 22 50 20 51 22 4 56 14 57 14 58 29 59 16 
5 4 0 12 1 19 2 23 3 11 24 20 17 21 23 22 12 23 17 28 28 29 10 30 22 31 26 36 24 37 17 38 23 39 24 40 21 41 18 42 23 43 10 44 19 45 12 46 28 47 25 52 22 53 11 54 16 55 19 32 4 10 5 23 6 29 7 11 12 23 13 26 14 17 15 12 16 24 17 21 18 13 19 29 20 13 21 19 22 15 23 11 32 28 33 13 34 20 35 19 40 16 41 20 42 21 43 14 44 12 45 30 46 15 47 30 48 21 49 30 50 30 51 24 44 4 29 5 10 6 16 7 25 12 20 13 24 14 24 15 27 20 20 21 29 22 30 23 21 24 11 25 25 26 14 27 20 28 10 29 23 30 16 31 22 32 12 33 21 34 10 35 16 36 27 37 21 38 19 39 20 40 27 41 18 42 22 43 11 44 30 45 16 46 13 47 27 48 25 49 10 50 12 51 28 52 23 53 17 54 20 55 14 4 56 12 57 15 58 26 59 11 
5 4 0 15 1 23 2 30 3 25 52 4 10 5 21 6 29 7 16 8 22 9 24 10 16 11 18 12 20 13 17 14 11 15 20 16 30 17 24 18 30 19 18 20 12 21 27 22 19 23 28 24 29 25 27 26 23 27 15 28 23 29 17 30 16 31 24 32 14 33 28 34 19 35 24 36 28 37 15 38 26 39 28 40 13 41 15 42 10 43 12 44 24 45 27 46 29 47 18 48 22 49 17 50 16 51 10 52 16 53 26 54 16 55 14 48 4 23 5 21 6 13 7 22 12 25 13 14 14 22 15 17 16 12 17 28 18 26 19 21 20 21 21 12 22 27 23 23 24 10 25 16 26 16 27 10 28 12 29 25 30 22 31 29 32 10 33 16 34 29 35 30 36 19 37 14 38 16 39 28 40 25 41 17 42 10 43 25 44 27 45 15 46 30 47 30 48 25 49 23 50 13 51 10 52 26 53 27 54 18 55 23 16 4 24 5 26 6 24 7 28 36 17 37 19 38 13 39 26 44 15 45 16 46 26 47 17 48 29 49 24 50 19 51 20 4 56 23 57 17 58 23 59 16 
5 4 0 11 1 25 2 12 3 28 24 8 26 9 29 10 15 11 24 12 20 13 30 14 23 15 26 16 22 17 16 18 13 19 18 24 19 25 29 26 28 27 22 28 29 29 28 30 20 31 27 36 10 37 30 38 17 39 14 48 4 19 5 25 6 12 7 17 8 10 9 26 10 18 11 25 12 18 13 18 14 15 15 17 16 26 17 15 18 21 19 18 20 20 21 20 22 25 23 14 24 15 25 12 26 10 27 25 28 16 29 29 30 16 31 23 32 20 33 11 34 27 35 10 36 23 37 13 38 29 39 25 40 17 41 17 42 25 43 17 44 21 45 27 46 30 47 23 48 11 49 22 50 26 51 24 24 4 16 5 28 6 20 7 29 20 19 21 11 22 19 23 20 24 16 25 22 26 22 27 18 28 16 29 27 30 11 31 11 40 17 41 23 42 17 43 26 52 12 53 11 54 28 55 19 4 56 15 57 22 58 15 59 13 
5 4 0 27 1 28 2 12 3 22 4 4 27 5 23 6 25 7 16 4 48 30 49 17 50 27 51 27 16 12 23 13 24 14 28 15 24 28 20 29 17 30 15 31 23 40 22 41 17 42 17 43 13 48 15 49 12 50 12 51 28 4 56 21 57 29 58 25 59 13 
5 4 0 11 1 26 2 14 3 19 4 16 22 17 26 18 22 19 11 12 20 23 21 14 22 13 23 20 32 20 33 29 34 28 35 13 52 12 53 23 54 20 55 26 48 4 30 5 26 6 26 7 30 8 20 9 10 10 19 11 18 12 22 13 18 14 10 15 20 16 24 17 16 18 24 19 30 20 21 21 22 22 30 23 27 24 13 25 15 26 26 27 15 28 18 29 28 30 10 31 20 32 10 33 19 34 15 35 10 40 15 41 11 42 17 43 30 44 24 45 18 46 27 47 13 48 30 49 16 50 10 51 30 52 28 53 25 54 27 55 14 4 56 19 57 20 58 17 59 30 
5 4 0 14 1 12 2 29 3 25 28 8 20 9 11 10 24 11 30 16 24 17 21 18 18 19 28 24 19 25 14 26 20 27 17 32 21 33 21 34 26 35 26 36 14 37 28 38 12 39 30 44 12 45 23 46 22 47 26 48 12 49 22 50 25 51 13 48 4 26 5 12 6 21 7 18 8 22 9 27 10 28 11 22 12 26 13 20 14 20 15 20 16 19 17 13 18 24 19 19 20 24 21 15 22 13 23 29 24 11 25 15 26 13 27 23 32 22 33 10 34 21 35 25 36 16 37 18 38 20 39 22 40 12 41 29 42 16 43 18 44 19 45 28 46 28 47 18 48 11 49 26 50 22 51 26 52 16 53 27 54 23 55 24 44 4 17 5 10 6 15 7 28 8 21 9 24 10 23 11 27 12 29 13 21 14 30 15 30 16 24 17 25 18 14 19 27 24 23 25 25 26 26 27 29 28 18 29 21 30 25 31 21 32 17 33 16 34 22 35 17 36 20 37 30 38 18 39 25 40 12 41 13 42 13 43 11 44 19 45 30 46 10 47 15 52 17 53 19 54 27 55 30 4 56 11 57 26 58 27 59 29 
5 4 0 27 1 12 2 17 3 23 20 8 14 9 19 10 22 11 14 16 27 17 20 18 22 19 27 20 22 21 17 22 21 23 19 24 13 25 29 26 22 27 21 28 12 29 20 30 21 31 24 20 4 20 5 21 6 17 7 12 8 26 9 13 10 21 11 13 16 15 17 18 18 18 19 18 28 19 29 12 30 12 31 17 48 24 49 11 50 22 51 14 20 8 11 9 29 10 16 11 13 12 28 13 15 14 22 15 29 24 10 25 25 26 15 27 30 36 13 37 29 38 16 39 15 52 28 53 24 54 12 55 12 4 56 10 57 13 58 14 59 14 
5 4 0 22 1 25 2 17 3 13 24 8 10 9 20 10 23 11 14 12 16 13 28 14 23 15 25 16 18 17 23 18 25 19 27 40 23 41 16 42 17 43 15 44 24 45 25 46 17 47 13 48 24 49 30 50 17 51 24 52 4 26 5 13 6 23 7 28 8 22 9 12 10 28 11 29 12 16 13 22 14 20 15 14 16 16 17 18 18 24 19 24 20 11 21 18 22 20 23 14 24 15 25 17 26 17 27 29 28 15 29 17 30 28 31 16 32 27 33 28 34 23 35 28 36 25 37 23 38 29 39 20 40 15 41 21 42 16 43 22 44 30 45 16 46 18 47 15 48 18 49 16 50 15 51 28 52 22 53 17 54 21 55 12 40 8 27 9 17 10 11 11 19 12 25 13 30 14 28 15 11 16 15 17 14 18 17 19 17 24 26 25 15 26 19 27 14 28 17 29 10 30 11 31 15 32 17 33 28 34 17 35 14 36 25 37 28 38 16 39 26 40 13 41 22 42 12 43 18 48 19 49 22 50 29 51 15 52 15 53 19 54 13 55 21 4 56 19 57 26 58 24 59 12 
5 4 0 25 1 24 2 26 3 19 20 4 22 5 10 6 14 7 12 12 22 13 18 14 28 15 30 20 18 21 29 22 11 23 26 40 13 41 18 42 14 43 21 44 24 45 16 46 23 47 18 44 4 29 5 24 6 15 7 12 8 13 9 10 10 14 11 24 12 27 13 20 14 27 15 29 16 16 17 25 18 28 19 10 24 24 25 22 26 19 27 16 32 26 33 20 34 11 35 18 36 25 37 22 38 29 39 23 40 23 41 30 42 25 43 16 44 21 45 23 46 27 47 11 48 28 49 27 50 22 51 17 52 22 53 12 54 21 55 19 12 20 16 21 10 22 29 23 16 32 17 33 17 34 13 35 21 48 28 49 21 50 19 51 12 4 56 17 57 15 58 22 59 27 
5 4 0 16 1 14 2 23 3 10 24 16 10 17 18 18 27 19 14 20 12 21 17 22 30 23 13 40 16 41 27 42 30 43 21 44 15 45 21 46 23 47 23 48 24 49 22 50 14 51 22 52 20 53 19 54 18 55 13 40 12 11 13 17 14 25 15 22 20 29 21 26 22 30 23 30 24 18 25 18 26 25 27 19 28 15 29 11 30 17 31 14 32 16 33 15 34 24 35 16 36 23 37 30 38 21 39 30 40 11 41 29 42 13 43 10 44 28 45 18 46 27 47 27 48 21 49 28 50 19 51 25 52 28 53 23 54 24 55 17 44 4 25 5 30 6 21 7 23 8 27 9 23 10 22 11 14 12 28 13 30 14 18 15 24 16 19 17 17 18 16 19 12 24 23 25 16 26 24 27 12 28 12 29 20 30 22 31 15 36 14 37 28 38 26 39 12 40 19 41 23 42 17 43 30 44 19 45 20 46 24 47 29 48 30 49 13 50 25 51 11 52 22 53 23 54 16 55 24 4 56 22 57 21 58 16 59 21 
5 4 0 20 1 21 2 21 3 12 20 20 14 21 25 22 20 23 18 32 10 33 29 34 18 35 28 36 16 37 11 38 28 39 21 40 11 41 10 42 10 43 28 44 12 45 16 46 18 47 22 32 4 12 5 30 6 18 7 30 8 11 9 11 10 11 11 21 24 15 25 18 26 16 27 12 28 13 29 29 30 29 31 26 32 17 33 10 34 16 35 18 44 22 45 20 46 15 47 14 48 11 49 15 50 26 51 20 52 19 53 17 54 14 55 28 20 24 13 25 11 26 22 27 22 28 28 29 18 30 25 31 11 32 19 33 30 34 27 35 10 36 27 37 20 38 28 39 27 52 20 53 20 54 25 55 21 4 56 26 57 30 58 23 59 14 
5 4 0 16 1 12 2 12 3 27 40 8 13 9 18 10 26 11 19 16 28 17 16 18 27 19 13 24 21 25 21 26 10 27 13 28 28 29 24 30 17 31 16 32 23 33 12 34 12 35 27 36 15 37 22 38 22 39 29 40 16 41 21 42 14 43 17 44 11 45 12 46 23 47 19 48 21 49 17 50 27 51 13 52 25 53 13 54 17 55 15 8 12 11 13 30 14 27 15 22 36 19 37 18 38 11 39 15 24 12 22 13 15 14 24 15 19 16 18 17 18 18 13 19 27 20 22 21 20 22 26 23 15 24 19 25 27 26 24 27 14 28 19 29 21 30 14 31 15 40 16 41 15 42 29 43 26 4 56 22 57 20 58 11 59 12 

Dynamic Events

# Machine Breakdowns (machine_id start_time end_time)
Machine Breakdowns
1 1049 1061
4 1319 1328
5 1369 1383
6 95 106
9 399 411
10 1335 1348
12 207 217
16 1239 1253
17 968 982
18 78 87
23 1376 1389
27 629 642
35 416 430
38 1264 1278
42 185 194
44 232 245
46 688 698
58 1200 1211

# Added Jobs (arrival_time: num_ops num_alts_op1 m1 p1 ... num_alts_op2 m1 p1 ...)
Added Jobs
398: 5 19 32 30 0 12 6 24 26 26 29 27 52 28 44 29 30 25 59 13 47 27 48 19 14 16 39 23 31 11 54 29 18 24 9 19 56 22 50 28 7 29 23 54 12 49 18 34 11 52 15 17 19 53 15 30 52 15 0 27 14 29 55 20 33 24 40 27 25 12 7 14 27 27 20 21 17 12 48 29 35 20 43 20 59 17 18 16 5 16 54 28 28 15 21 20 58 15 41 11 47 15 29 20 38 13 36 16 37 18 9 30 51 24 45 26 28 4 10 24 27 34 22 17 19 33 14 14 27 30 12 29 19 50 24 42 29 38 13 54 22 10 24 16 24 52 21 18 30 48 22 23 20 22 10 40 26 51 17 3 14 43 25 39 21 55 11 44 14 0 24 21 16 42 55 25 51 18 3 17 18 17 2 14 27 21 23 12 35 19 11 26 31 15 50 28 4 14 37 17 17 27 41 11 7 29 22 19 29 23 56 19 54 10 28 27 26 21 5 12 53 15 52 29 42 26 1 22 25 13 59 18 45 30 49 18 15 26 9 10 58 21 39 25 40 12 30 12 57 22 14 22 46 18 47 16 13 18 
445: 5 25 27 30 44 25 3 29 26 16 9 18 25 15 53 30 23 13 52 22 39 16 46 22 21 19 20 22 17 25 33 30 29 14 13 16 30 13 34 14 48 15 43 11 2 10 36 12 4 18 28 20 10 0 12 41 22 38 12 17 22 54 12 46 26 20 10 11 16 29 13 44 26 49 3 15 38 26 10 18 0 27 34 18 33 16 5 18 20 22 15 25 31 21 53 20 7 14 27 21 26 12 54 21 43 13 52 25 25 25 28 12 2 16 18 22 40 15 32 17 29 17 47 21 55 26 59 16 22 30 46 29 50 20 44 23 39 22 49 21 13 15 37 23 45 28 23 21 56 18 4 20 11 30 16 22 30 30 48 12 58 25 1 22 42 27 9 30 14 23 57 22 12 36 25 8 16 47 12 19 14 46 18 24 17 58 15 50 26 41 13 44 19 18 17 0 25 41 51 27 42 14 41 28 52 24 22 16 13 23 50 29 12 24 30 29 2 19 35 22 28 25 0 16 17 22 36 11 8 23 16 15 43 21 27 18 9 27 25 24 38 28 45 20 47 15 55 19 24 15 31 12 20 14 59 19 56 19 39 20 33 26 54 13 5 23 58 29 32 17 49 26 53 26 7 23 34 13 21 17 
534: 5 48 4 18 33 28 45 21 43 12 7 19 18 18 38 27 20 11 50 12 25 15 8 26 3 14 47 16 5 16 55 10 35 27 51 11 17 19 11 29 52 16 36 16 46 30 22 12 10 12 32 24 28 17 40 23 48 27 31 14 1 18 23 20 13 29 57 28 54 16 6 15 59 17 42 18 44 12 37 15 29 29 21 25 24 11 34 18 56 25 9 28 49 28 58 23 12 30 18 8 20 27 24 45 19 41 20 4 18 0 15 16 19 32 21 14 16 42 10 24 24 40 27 56 26 52 11 21 24 17 11 5 14 2 30 52 40 28 28 15 47 15 48 11 13 25 32 14 9 17 58 21 25 13 49 21 22 28 55 19 2 12 56 15 15 20 45 11 11 15 31 30 30 15 5 23 59 22 4 10 52 15 41 14 18 24 7 30 24 24 19 23 6 15 14 13 51 17 20 14 54 10 3 10 35 20 26 23 0 24 21 26 8 28 46 26 36 25 34 23 12 16 43 28 57 18 42 27 37 11 27 11 39 14 23 15 1 10 10 27 38 30 17 49 26 57 11 37 12 28 30 39 30 58 11 7 23 20 16 8 25 5 11 56 19 19 30 59 14 26 19 55 20 45 22 51 30 4 14 50 19 35 29 27 20 40 28 34 12 41 27 38 28 18 15 53 20 0 20 2 27 11 29 13 14 10 13 32 29 44 10 14 26 16 19 47 26 36 49 10 28 12 59 25 48 26 1 17 56 16 17 10 41 20 58 13 3 17 38 10 14 18 22 11 57 28 55 22 25 22 13 26 10 18 5 12 47 29 23 28 15 15 31 30 43 27 18 10 8 24 33 30 7 20 26 30 29 17 19 12 9 26 42 30 24 26 27 30 4 11 
544: 5 11 27 30 42 23 19 22 20 23 49 26 22 19 38 14 18 22 21 20 30 11 25 22 44 3 28 22 19 31 19 18 14 13 19 14 26 23 28 43 11 17 20 20 12 49 10 24 11 6 18 7 18 59 27 33 14 32 27 57 15 51 28 36 21 40 16 25 23 19 30 39 19 55 24 0 11 10 25 52 10 42 18 30 14 53 12 4 11 47 22 26 16 54 24 37 19 28 25 1 27 50 30 58 21 48 21 29 12 21 23 41 18 20 1 20 27 17 58 26 44 30 19 17 24 21 35 26 34 19 41 13 15 10 12 12 38 13 7 20 53 16 46 18 28 21 18 12 25 24 52 23 48 27 20 30 30 57 15 19 22 59 12 25 22 46 25 5 17 7 10 39 27 36 23 11 13 44 26 54 10 52 14 42 26 50 20 47 28 41 28 13 18 9 23 37 8 21 38 29 20 26 32 23 11 20 34 22 27 30 4 10 54 24 44 27 28 28 23 18 17 26 24 26 37 14 49 24 9 15 56 18 52 12 50 23 47 29 14 26 40 27 12 14 15 22 3 13 19 30 7 29 45 28 53 18 0 17 42 20 55 27 41 16 30 11 58 22 13 24 

# Cancelled Jobs (cancel_time initial_job_sim_idx_to_cancel)
Cancelled Jobs
477 32

# ETPC Constraints (fore_job_sim_idx fore_op_idx hind_job_sim_idx hind_op_idx time_lapse)
ETPC Constraints
36 1 5 1 9
48 1 9 3 7
12 4 37 1 18
24 2 25 4 10
15 0 20 4 8
34 4 32 4 7
10 1 12 2 17
9 4 49 1 14
13 2 4 3 14
18 3 32 2 5
21 0 53 3 16
31 4 3 1 13
45 3 38 2 6
14 0 18 1 18
17 2 0 3 11
3 1 21 0 14
36 0 46 1 8
6 0 1 1 9
23 3 28 4 15
26 4 32 4 13
5 3 20 1 9
5 4 14 3 18
50 1 5 3 9
14 4 10 0 17
46 0 32 2 6
53 2 22 1 19
52 1 48 4 11
53 4 42 0 4
33 1 20 0 13
35 4 52 1 6
5 2 35 2 18
9 2 35 1 10
1 1 35 2 20
43 3 35 2 17
48 3 33 2 8
41 0 24 3 18
41 4 28 2 17
30 1 19 0 13
36 3 17 2 19
47 4 13 4 10
43 0 14 2 8
7 3 28 4 5
40 4 32 2 3
11 0 31 3 15
41 4 23 0 20
7 3 33 2 5
47 3 22 2 17
39 4 49 4 9
29 0 33 1 14
17 1 11 2 6
23 1 18 4 16
2 0 21 3 10
24 2 0 2 6
41 2 25 3 13
40 3 27 0 15
4 3 29 3 3
13 3 46 2 20
8 3 31 4 17
23 0 34 2 8
33 0 50 1 11
14 3 41 4 6
39 0 7 3 16
2 1 39 3 9
32 0 7 4 11
48 0 47 3 5
37 4 40 3 9
24 1 14 0 14
32 0 3 2 5
50 4 13 4 16
50 4 1 4 11
31 0 10 2 10
51 1 49 0 17
6 2 37 4 13
49 4 25 0 12
2 0 32 1 20
9 3 43 2 9
2 4 34 3 16
26 0 3 2 6
45 0 4 1 16
20 1 28 4 18
14 4 33 1 8
50 0 44 4 15
45 0 16 4 16
16 1 49 3 11
26 3 2 3 13
34 0 52 4 13
27 4 2 1 20
46 0 29 1 10
43 4 31 4 19
20 2 30 3 18
9 0 11 0 13
24 3 34 4 18
35 0 4 3 13
50 0 34 3 3
47 2 17 0 14
43 2 51 1 17
7 4 39 4 16
1 2 26 4 17
17 0 4 3 14
50 3 28 3 7
41 1 24 3 19
26 3 16 4 17
21 2 5 4 6
50 1 43 0 10
16 2 18 0 10
23 2 25 1 3
12 4 21 1 18
35 2 18 2 5
