20 60
5 4 0 11 1 15 2 25 3 29 12 32 21 33 22 34 26 35 15 40 10 41 23 42 19 43 30 44 23 45 23 46 10 47 22 48 4 25 5 28 6 25 7 17 8 11 9 20 10 16 11 22 12 11 13 13 14 13 15 11 16 25 17 21 18 27 19 28 20 17 21 14 22 19 23 15 24 17 25 10 26 15 27 25 28 27 29 18 30 21 31 18 32 18 33 11 34 29 35 22 36 22 37 28 38 25 39 29 40 15 41 16 42 28 43 28 48 17 49 17 50 23 51 28 52 25 53 28 54 12 55 20 40 8 22 9 17 10 21 11 30 12 24 13 25 14 19 15 29 16 15 17 16 18 26 19 23 20 23 21 13 22 11 23 15 24 12 25 30 26 13 27 22 28 15 29 29 30 26 31 10 40 19 41 18 42 16 43 20 44 11 45 16 46 27 47 24 48 11 49 24 50 25 51 10 52 25 53 23 54 30 55 29 4 56 13 57 28 58 17 59 20 
5 4 0 14 1 12 2 30 3 29 28 4 29 5 15 6 17 7 12 28 28 29 11 30 12 31 15 32 11 33 18 34 29 35 28 36 15 37 30 38 13 39 27 44 30 45 22 46 13 47 14 48 27 49 14 50 12 51 19 52 27 53 11 54 12 55 28 28 4 20 5 13 6 18 7 28 8 29 9 17 10 12 11 28 12 27 13 10 14 22 15 17 20 13 21 21 22 20 23 11 24 26 25 16 26 10 27 13 40 21 41 26 42 30 43 29 48 30 49 27 50 24 51 21 20 4 28 5 10 6 23 7 17 20 14 21 16 22 15 23 16 28 30 29 19 30 24 31 15 36 21 37 27 38 24 39 15 52 11 53 28 54 17 55 27 4 56 24 57 19 58 10 59 10 
5 4 0 15 1 15 2 10 3 23 12 4 12 5 21 6 19 7 22 12 10 13 28 14 13 15 13 20 11 21 20 22 23 23 15 12 16 19 17 10 18 13 19 24 24 28 25 27 26 23 27 25 40 21 41 10 42 30 43 15 28 4 21 5 24 6 25 7 29 20 20 21 20 22 19 23 28 24 21 25 24 26 25 27 15 28 22 29 10 30 13 31 15 32 26 33 27 34 21 35 25 36 28 37 15 38 23 39 10 44 12 45 18 46 23 47 28 4 56 15 57 19 58 16 59 12 
5 4 0 22 1 24 2 16 3 15 32 4 17 5 18 6 12 7 10 8 19 9 21 10 12 11 15 16 17 17 26 18 19 19 12 32 15 33 16 34 17 35 18 36 28 37 30 38 14 39 21 44 28 45 18 46 10 47 20 48 11 49 27 50 19 51 21 52 14 53 26 54 16 55 27 8 32 29 33 27 34 28 35 11 52 14 53 21 54 23 55 17 40 4 13 5 10 6 28 7 25 8 15 9 13 10 13 11 29 16 29 17 11 18 20 19 14 20 18 21 19 22 10 23 28 24 16 25 15 26 10 27 22 28 30 29 13 30 13 31 16 32 17 33 26 34 23 35 19 44 16 45 16 46 22 47 17 48 11 49 24 50 21 51 19 52 14 53 24 54 23 55 16 4 56 14 57 15 58 19 59 27 
5 4 0 16 1 24 2 16 3 17 32 4 10 5 27 6 26 7 24 12 14 13 25 14 28 15 18 16 23 17 28 18 22 19 28 24 18 25 26 26 26 27 19 32 27 33 19 34 10 35 13 36 20 37 24 38 14 39 14 44 28 45 26 46 13 47 29 48 28 49 14 50 23 51 29 28 12 30 13 26 14 19 15 16 24 28 25 16 26 28 27 22 28 21 29 16 30 30 31 17 32 20 33 28 34 13 35 15 40 16 41 28 42 14 43 16 48 15 49 25 50 13 51 20 52 22 53 29 54 18 55 21 52 4 19 5 29 6 21 7 17 8 29 9 13 10 29 11 24 12 24 13 20 14 12 15 29 16 11 17 26 18 30 19 12 20 29 21 12 22 25 23 29 24 15 25 17 26 15 27 28 28 17 29 16 30 18 31 16 32 20 33 12 34 16 35 13 36 11 37 19 38 25 39 12 40 11 41 28 42 15 43 15 44 18 45 11 46 30 47 17 48 28 49 18 50 30 51 16 52 23 53 19 54 11 55 28 4 56 23 57 25 58 16 59 28 
5 4 0 18 1 13 2 18 3 27 12 28 28 29 11 30 29 31 30 36 16 37 12 38 30 39 21 48 17 49 28 50 17 51 19 40 4 11 5 28 6 24 7 26 8 15 9 20 10 14 11 25 12 26 13 17 14 14 15 27 16 17 17 22 18 16 19 26 20 24 21 15 22 16 23 28 24 14 25 19 26 25 27 28 32 13 33 16 34 22 35 19 44 23 45 25 46 24 47 29 48 20 49 26 50 22 51 27 52 13 53 10 54 17 55 26 24 8 18 9 18 10 22 11 21 20 22 21 16 22 24 23 13 24 27 25 30 26 20 27 15 44 15 45 13 46 23 47 26 48 15 49 10 50 18 51 23 52 15 53 10 54 13 55 23 4 56 28 57 11 58 16 59 16 
5 4 0 30 1 14 2 22 3 25 12 4 29 5 27 6 17 7 15 12 18 13 30 14 13 15 12 16 11 17 17 18 28 19 18 36 8 30 9 24 10 17 11 21 12 14 13 25 14 18 15 13 20 23 21 17 22 12 23 23 24 19 25 12 26 16 27 26 28 16 29 12 30 10 31 15 40 15 41 20 42 13 43 22 44 26 45 26 46 23 47 16 48 17 49 18 50 30 51 27 52 14 53 16 54 10 55 19 20 12 29 13 15 14 10 15 19 20 15 21 11 22 17 23 23 32 23 33 28 34 21 35 21 36 12 37 21 38 20 39 12 40 10 41 24 42 22 43 20 4 56 17 57 14 58 10 59 29 
5 4 0 20 1 28 2 14 3 10 12 24 14 25 23 26 23 27 13 28 14 29 29 30 19 31 11 36 24 37 24 38 15 39 18 24 8 18 9 22 10 11 11 19 12 13 13 21 14 14 15 19 20 28 21 23 22 27 23 17 28 17 29 13 30 24 31 30 40 24 41 27 42 14 43 20 52 19 53 17 54 26 55 24 16 12 22 13 15 14 24 15 29 20 22 21 17 22 16 23 26 28 27 29 22 30 25 31 29 44 27 45 23 46 29 47 11 4 56 14 57 19 58 21 59 17 
5 4 0 20 1 23 2 12 3 12 48 4 18 5 17 6 28 7 14 8 30 9 23 10 11 11 17 12 17 13 26 14 18 15 25 16 11 17 14 18 20 19 19 20 10 21 24 22 27 23 26 24 26 25 24 26 25 27 10 28 23 29 21 30 10 31 30 32 11 33 21 34 11 35 18 36 18 37 26 38 13 39 15 40 12 41 23 42 11 43 26 44 19 45 24 46 18 47 14 48 13 49 29 50 19 51 18 16 16 18 17 28 18 26 19 20 28 26 29 21 30 20 31 18 32 13 33 20 34 11 35 30 40 25 41 27 42 25 43 29 4 8 14 9 25 10 21 11 27 4 56 30 57 12 58 15 59 22 
5 4 0 18 1 20 2 28 3 23 48 4 14 5 26 6 29 7 13 8 18 9 15 10 23 11 29 12 10 13 18 14 21 15 17 16 24 17 17 18 22 19 22 20 10 21 29 22 11 23 25 24 15 25 29 26 13 27 12 28 23 29 29 30 30 31 22 32 23 33 25 34 17 35 14 36 16 37 10 38 20 39 26 40 12 41 11 42 10 43 11 44 30 45 30 46 22 47 22 52 26 53 10 54 23 55 16 4 24 27 25 30 26 12 27 30 52 4 29 5 22 6 15 7 13 8 28 9 14 10 27 11 14 12 16 13 15 14 16 15 25 16 19 17 22 18 30 19 16 20 27 21 13 22 18 23 14 24 22 25 14 26 14 27 26 28 21 29 24 30 25 31 14 32 29 33 13 34 30 35 11 36 14 37 22 38 12 39 26 40 17 41 15 42 21 43 11 44 10 45 19 46 22 47 11 48 25 49 18 50 22 51 27 52 19 53 10 54 25 55 19 4 56 16 57 12 58 25 59 28 
5 4 0 19 1 11 2 24 3 18 16 4 27 5 18 6 18 7 21 12 11 13 21 14 10 15 18 36 19 37 19 38 11 39 30 40 19 41 27 42 27 43 23 20 12 14 13 27 14 21 15 25 16 20 17 27 18 17 19 20 20 20 21 28 22 21 23 14 24 27 25 12 26 22 27 14 40 12 41 30 42 11 43 13 28 8 27 9 28 10 27 11 27 12 12 13 23 14 16 15 29 24 13 25 26 26 25 27 23 28 24 29 11 30 15 31 30 36 16 37 25 38 13 39 24 44 10 45 11 46 19 47 30 48 26 49 25 50 14 51 10 4 56 29 57 26 58 18 59 25 
5 4 0 13 1 23 2 22 3 26 32 4 24 5 21 6 29 7 25 12 16 13 10 14 25 15 20 20 18 21 14 22 23 23 17 28 26 29 28 30 27 31 10 32 26 33 14 34 24 35 26 36 11 37 19 38 24 39 22 40 18 41 28 42 29 43 30 52 18 53 20 54 15 55 13 44 4 15 5 17 6 26 7 14 8 24 9 13 10 13 11 25 12 13 13 22 14 23 15 10 16 27 17 26 18 12 19 17 20 21 21 24 22 28 23 29 24 27 25 20 26 20 27 18 28 17 29 15 30 15 31 29 32 10 33 13 34 21 35 25 36 11 37 10 38 18 39 10 40 18 41 27 42 30 43 10 48 10 49 25 50 18 51 30 52 4 14 5 13 6 29 7 20 8 22 9 15 10 15 11 13 12 17 13 21 14 19 15 16 16 15 17 15 18 10 19 14 20 28 21 21 22 18 23 16 24 30 25 23 26 20 27 20 28 21 29 13 30 29 31 22 32 29 33 14 34 19 35 21 36 30 37 21 38 22 39 27 40 14 41 29 42 18 43 11 44 28 45 28 46 17 47 16 48 29 49 18 50 20 51 21 52 24 53 12 54 19 55 20 4 56 30 57 27 58 11 59 27 
5 4 0 20 1 12 2 14 3 11 20 4 16 5 15 6 26 7 16 16 11 17 28 18 21 19 24 32 16 33 20 34 29 35 16 36 28 37 12 38 25 39 15 48 28 49 29 50 20 51 30 12 16 16 17 16 18 16 19 24 32 15 33 23 34 16 35 20 48 27 49 13 50 15 51 18 8 4 12 5 22 6 27 7 16 48 21 49 22 50 13 51 18 4 56 15 57 25 58 13 59 25 
5 4 0 21 1 25 2 11 3 17 12 8 13 9 17 10 24 11 11 24 22 25 24 26 13 27 20 36 13 37 25 38 20 39 27 40 4 27 5 11 6 24 7 13 8 26 9 15 10 28 11 23 12 14 13 25 14 21 15 17 20 25 21 28 22 27 23 13 24 16 25 11 26 13 27 10 28 24 29 11 30 20 31 29 32 17 33 13 34 30 35 17 40 20 41 30 42 27 43 27 48 21 49 24 50 27 51 17 52 12 53 14 54 17 55 14 4 8 11 9 28 10 27 11 23 4 56 21 57 16 58 11 59 27 
5 4 0 30 1 24 2 28 3 20 20 12 22 13 27 14 16 15 20 16 14 17 21 18 18 19 21 24 27 25 21 26 12 27 27 28 25 29 22 30 23 31 10 40 16 41 26 42 24 43 22 32 8 25 9 12 10 24 11 26 12 28 13 27 14 23 15 12 16 24 17 18 18 12 19 17 20 30 21 28 22 20 23 17 28 17 29 16 30 14 31 29 40 29 41 17 42 13 43 14 44 16 45 23 46 18 47 21 52 28 53 18 54 26 55 19 40 4 15 5 11 6 21 7 25 8 15 9 25 10 18 11 16 12 12 13 23 14 11 15 30 16 20 17 13 18 20 19 23 24 22 25 28 26 21 27 11 28 14 29 10 30 30 31 17 40 27 41 18 42 22 43 15 44 11 45 24 46 27 47 25 48 29 49 27 50 19 51 28 52 26 53 13 54 19 55 23 4 56 10 57 20 58 16 59 21 
5 4 0 30 1 12 2 14 3 13 20 8 30 9 13 10 11 11 17 12 27 13 11 14 11 15 13 32 10 33 27 34 16 35 17 36 11 37 23 38 14 39 28 52 18 53 15 54 20 55 21 40 4 17 5 27 6 21 7 18 8 15 9 28 10 22 11 16 12 21 13 11 14 11 15 11 16 29 17 10 18 14 19 10 20 14 21 22 22 25 23 16 28 14 29 26 30 29 31 27 32 25 33 22 34 12 35 13 36 16 37 15 38 13 39 24 44 11 45 29 46 26 47 23 52 28 53 24 54 29 55 28 8 12 14 13 11 14 20 15 17 28 29 29 30 30 29 31 12 4 56 26 57 28 58 23 59 20 
5 4 0 17 1 12 2 19 3 15 52 4 16 5 19 6 10 7 18 8 11 9 14 10 28 11 20 12 18 13 26 14 15 15 30 16 27 17 30 18 20 19 28 20 25 21 18 22 14 23 16 24 12 25 27 26 26 27 23 28 11 29 12 30 27 31 10 32 15 33 23 34 13 35 17 36 27 37 18 38 24 39 26 40 12 41 11 42 19 43 23 44 18 45 13 46 21 47 20 48 18 49 16 50 19 51 20 52 22 53 12 54 18 55 27 4 12 24 13 12 14 14 15 10 16 8 22 9 26 10 15 11 24 28 16 29 24 30 12 31 10 32 12 33 24 34 22 35 28 48 29 49 25 50 18 51 10 4 56 10 57 14 58 28 59 24 
5 4 0 18 1 23 2 14 3 29 8 12 21 13 17 14 15 15 17 24 25 25 15 26 24 27 21 48 4 18 5 22 6 24 7 15 8 20 9 21 10 14 11 23 12 11 13 28 14 12 15 14 16 15 17 23 18 24 19 25 20 22 21 29 22 16 23 29 24 27 25 13 26 27 27 26 28 25 29 25 30 21 31 19 32 10 33 19 34 17 35 11 36 29 37 14 38 18 39 19 40 12 41 28 42 13 43 23 44 16 45 28 46 21 47 20 48 17 49 15 50 19 51 10 52 4 10 5 16 6 14 7 10 8 10 9 16 10 25 11 29 12 29 13 12 14 15 15 16 16 23 17 28 18 21 19 28 20 12 21 18 22 24 23 12 24 28 25 18 26 26 27 17 28 24 29 15 30 27 31 29 32 10 33 22 34 12 35 14 36 10 37 21 38 21 39 22 40 30 41 13 42 23 43 26 44 19 45 10 46 11 47 18 48 30 49 23 50 26 51 25 52 15 53 26 54 26 55 29 4 56 30 57 19 58 24 59 17 
5 4 0 20 1 14 2 10 3 22 48 4 28 5 12 6 23 7 11 8 15 9 13 10 14 11 17 12 12 13 29 14 23 15 26 16 20 17 27 18 20 19 16 20 20 21 29 22 26 23 15 24 23 25 25 26 13 27 13 28 25 29 18 30 22 31 11 32 29 33 14 34 11 35 14 36 11 37 25 38 15 39 30 40 23 41 22 42 16 43 14 44 23 45 19 46 20 47 22 52 21 53 19 54 24 55 27 20 8 24 9 13 10 27 11 10 20 10 21 24 22 17 23 22 24 23 25 10 26 13 27 16 32 14 33 27 34 16 35 14 52 10 53 25 54 28 55 28 32 4 12 5 15 6 18 7 10 12 10 13 14 14 15 15 11 16 14 17 14 18 23 19 24 32 29 33 23 34 29 35 24 36 22 37 18 38 27 39 19 40 12 41 12 42 22 43 21 44 21 45 12 46 16 47 26 48 17 49 11 50 18 51 23 4 56 28 57 24 58 21 59 23 
5 4 0 14 1 29 2 18 3 25 52 4 12 5 13 6 20 7 11 8 13 9 26 10 29 11 30 12 10 13 22 14 20 15 27 16 21 17 15 18 14 19 13 20 20 21 17 22 24 23 10 24 16 25 20 26 28 27 13 28 26 29 24 30 28 31 28 32 23 33 10 34 25 35 12 36 19 37 16 38 10 39 16 40 19 41 30 42 15 43 11 44 27 45 28 46 25 47 20 48 25 49 29 50 29 51 13 52 16 53 16 54 29 55 21 44 4 30 5 21 6 30 7 12 8 17 9 30 10 22 11 22 12 14 13 18 14 17 15 14 16 17 17 11 18 28 19 26 20 17 21 26 22 29 23 16 24 28 25 12 26 15 27 19 28 11 29 24 30 19 31 20 32 16 33 14 34 21 35 23 40 27 41 15 42 15 43 20 44 20 45 27 46 26 47 29 48 22 49 13 50 18 51 28 48 4 26 5 27 6 13 7 22 8 21 9 13 10 18 11 30 12 12 13 28 14 16 15 25 16 10 17 22 18 13 19 10 24 29 25 16 26 20 27 19 28 17 29 18 30 11 31 23 32 23 33 14 34 30 35 11 36 30 37 25 38 20 39 26 40 15 41 13 42 30 43 27 44 26 45 10 46 30 47 10 48 11 49 11 50 25 51 13 52 18 53 10 54 26 55 16 4 56 11 57 30 58 10 59 27 

Dynamic Events

# Machine Breakdowns (machine_id start_time end_time)
Machine Breakdowns
1 524 536
4 61 70
7 469 481
9 341 350
12 73 85
16 75 85
18 274 283
19 502 516
24 540 554
25 458 472
34 63 73
36 262 271
39 286 297
43 295 307
44 422 431
47 222 235
48 483 497
49 344 353
50 462 473
56 181 191
57 505 516

# Added Jobs (arrival_time: num_ops num_alts_op1 m1 p1 ... num_alts_op2 m1 p1 ...)
Added Jobs
43: 5 11 40 11 43 26 6 14 54 18 9 28 39 14 31 12 2 26 41 26 8 10 28 17 44 28 13 34 25 36 10 53 20 59 12 13 16 16 17 7 27 5 24 52 17 57 29 15 25 14 27 9 27 23 27 6 21 22 19 39 26 37 23 24 15 42 13 17 14 12 16 40 29 46 21 48 19 11 28 47 27 56 27 0 29 49 10 27 19 30 21 50 24 25 16 21 12 58 28 19 13 29 25 45 21 55 26 1 21 44 28 51 22 42 26 23 41 26 58 15 22 29 10 23 5 23 48 21 32 20 45 29 55 25 4 28 27 27 29 12 46 30 42 11 53 27 0 18 28 17 52 27 18 16 8 10 9 30 47 20 13 27 3 15 34 21 39 17 49 21 37 15 25 15 36 26 14 22 6 19 19 10 51 24 40 22 24 27 56 26 35 29 59 16 57 22 33 18 44 2 20 58 12 4 15 34 19 35 21 29 20 43 25 1 26 50 15 7 19 38 14 31 10 23 26 32 16 33 11 9 29 24 20 44 16 48 29 52 26 5 23 19 23 59 16 39 12 51 20 36 21 57 11 11 12 6 17 21 15 18 16 12 27 46 17 16 17 42 28 27 28 37 15 28 24 13 16 41 25 25 10 40 10 10 19 47 13 46 41 28 56 10 59 21 50 17 57 24 34 15 55 23 16 24 19 24 5 11 54 12 13 10 8 26 47 27 9 24 33 23 24 21 22 27 1 16 15 21 6 14 27 10 52 16 43 17 7 14 32 15 39 17 30 29 46 16 58 22 36 12 35 29 42 20 45 22 31 20 44 20 0 15 49 22 2 19 40 28 23 27 17 19 48 21 3 16 37 11 38 20 
98: 5 40 55 23 44 17 32 15 25 18 2 18 50 27 35 24 23 22 28 20 58 15 51 12 10 14 42 17 9 25 34 25 26 14 47 24 38 27 24 26 45 24 4 16 21 24 5 29 40 12 1 28 56 30 29 26 13 22 12 28 22 16 31 26 53 25 57 11 59 22 30 30 18 18 11 13 48 23 0 17 6 12 21 23 15 9 25 53 11 38 30 2 23 5 27 43 22 3 10 14 28 52 11 13 22 55 14 41 10 56 21 37 20 21 21 35 30 39 10 1 13 19 17 31 15 47 31 12 46 13 36 16 17 26 56 21 49 22 52 18 13 25 10 26 50 24 55 14 16 14 28 24 18 12 6 17 5 15 58 14 7 29 59 18 48 25 39 10 38 10 22 29 37 19 12 27 51 20 41 27 53 19 3 26 26 18 9 16 57 11 4 26 27 22 30 24 42 22 45 25 1 12 0 15 8 27 15 30 33 20 14 27 19 16 23 16 44 22 43 23 18 36 11 27 13 6 16 32 10 10 17 53 18 21 27 4 19 29 13 25 28 16 15 24 20 17 20 35 18 49 23 0 16 14 27 50 28 26 36 14 46 24 9 19 58 24 5 17 28 13 32 23 16 11 3 17 11 12 15 13 57 19 14 14 40 24 52 19 55 27 42 30 39 20 21 14 29 20 27 18 26 13 47 25 0 15 56 20 34 22 
119: 5 37 7 25 8 20 22 16 54 20 39 17 17 12 30 17 35 13 58 15 10 16 49 21 20 22 34 30 23 15 1 29 6 29 19 22 53 16 38 11 55 26 4 10 15 10 48 20 27 24 46 27 52 17 36 14 57 12 31 18 21 27 13 21 32 13 3 18 16 22 59 28 42 15 37 23 9 47 18 37 17 56 10 24 29 51 26 45 22 54 12 57 14 41 22 40 40 26 0 18 3 25 10 12 5 12 22 27 49 24 14 19 31 18 1 12 30 23 29 20 44 17 16 14 41 27 59 11 4 24 42 28 50 30 8 20 6 30 28 11 20 20 46 12 53 26 9 20 33 25 39 22 21 17 27 25 19 10 58 12 57 17 23 25 38 30 35 29 51 19 45 12 56 19 18 13 51 14 22 37 29 34 26 17 11 42 13 20 25 54 28 43 10 22 13 3 18 27 12 28 23 57 30 13 15 32 24 23 16 24 13 26 26 52 10 6 16 45 24 0 30 5 12 31 15 16 14 53 29 7 28 48 16 12 20 44 19 19 13 29 22 1 14 47 29 21 29 35 23 33 16 39 27 8 30 18 10 38 27 15 19 46 14 11 15 4 20 2 25 40 13 59 11 10 12 9 30 50 24 11 58 17 35 19 40 10 43 22 54 28 18 27 36 20 52 27 33 20 14 10 41 29 
120: 5 47 21 23 2 30 19 16 51 25 17 23 4 15 0 19 57 20 5 25 23 15 28 29 27 15 13 13 26 12 29 14 39 25 14 16 56 11 10 29 9 22 44 14 45 19 7 25 53 21 37 10 36 18 47 23 35 30 6 27 32 13 48 27 42 23 30 22 11 23 15 27 22 23 54 17 1 21 52 17 41 14 18 25 58 26 33 12 24 24 20 10 59 23 46 11 4 37 20 35 30 49 13 45 19 8 4 23 14 28 51 18 34 15 7 19 52 25 40 22 56 21 47 22 19 54 18 43 30 18 13 48 21 0 21 9 28 20 14 35 23 12 14 52 18 10 25 45 23 51 15 1 24 38 22 50 20 47 30 3 10 41 15 32 12 16 19 21 27 23 20 14 13 7 15 15 20 42 14 59 15 31 11 5 13 58 16 44 28 49 13 19 23 27 14 36 16 8 10 56 14 29 15 40 22 33 15 39 18 17 18 30 21 57 12 6 23 46 18 28 57 17 9 19 39 28 49 14 33 28 50 25 3 25 53 23 8 20 35 14 13 10 31 15 7 10 54 25 0 13 37 11 4 11 11 18 52 13 59 28 56 26 55 24 38 29 24 27 48 30 26 10 36 28 21 18 29 26 6 27 15 20 58 27 2 26 17 27 30 28 43 24 22 11 25 30 20 21 51 29 41 13 34 22 23 16 16 28 12 16 
121: 5 48 50 14 47 17 16 15 57 30 40 29 5 10 18 22 42 13 22 15 39 16 31 18 28 18 51 11 15 21 38 12 48 16 33 19 10 14 54 19 19 27 1 26 44 26 14 23 53 15 56 19 29 18 27 19 20 17 55 22 49 27 32 12 43 25 3 16 26 11 0 22 9 24 46 22 12 21 21 26 52 15 59 23 45 20 6 15 7 21 23 20 37 28 58 26 36 28 48 21 20 56 21 2 17 54 23 34 12 30 26 22 10 14 24 9 27 55 22 8 26 35 16 33 15 7 21 11 25 19 14 39 15 58 28 1 22 36 30 15 30 20 12 59 12 25 12 37 20 27 18 51 18 52 24 16 22 50 13 5 28 28 27 0 14 46 24 17 28 12 13 24 15 49 16 10 18 57 27 4 26 6 16 45 13 26 11 32 20 48 30 38 15 47 17 38 51 17 45 24 15 17 57 28 13 10 16 27 42 14 44 10 5 15 55 16 8 10 17 26 35 27 10 21 11 18 53 20 58 15 3 29 39 28 54 17 31 22 40 10 21 21 19 18 18 26 37 25 52 25 2 19 22 21 43 10 1 22 38 11 50 22 6 14 36 29 56 24 25 24 12 12 7 33 24 1 16 15 21 9 21 48 20 21 11 50 18 36 11 10 57 17 24 20 21 29 41 13 45 22 48 24 26 15 1 11 4 10 25 11 40 13 47 22 5 16 59 19 50 22 0 11 13 21 14 13 8 13 36 16 3 10 35 26 49 26 44 19 42 25 6 20 29 15 55 19 38 13 37 23 43 17 2 16 28 13 54 21 10 28 
166: 5 11 18 22 17 26 42 24 38 25 6 19 48 18 3 29 58 14 27 18 32 18 19 10 45 19 28 6 17 15 12 45 14 43 14 37 10 10 20 11 14 39 16 16 25 31 24 17 10 59 15 18 22 42 18 35 24 26 28 25 24 7 19 34 25 56 27 55 13 22 17 53 24 20 14 33 16 30 22 21 13 9 14 49 10 46 11 58 26 47 11 13 27 12 25 52 13 48 26 24 24 14 13 23 21 32 11 40 12 5 17 2 19 8 23 36 58 23 12 28 13 17 25 24 47 14 37 29 29 16 19 13 17 10 33 18 10 12 15 11 40 27 49 19 8 15 57 17 28 30 11 12 21 24 31 11 27 30 18 20 51 11 20 23 32 21 46 26 42 26 50 29 44 14 4 13 1 15 45 12 23 28 56 26 30 27 0 26 34 41 24 25 14 15 27 53 15 44 22 19 14 9 20 35 19 46 22 0 30 21 27 22 15 43 19 11 15 13 16 47 21 30 21 14 11 29 30 38 19 4 10 45 11 7 12 2 10 23 18 1 11 39 12 50 19 48 27 16 23 56 26 12 20 5 12 31 25 46 38 28 19 20 50 25 11 16 57 26 29 11 39 11 48 12 3 22 12 21 43 21 1 16 36 20 55 18 5 25 21 27 30 10 20 18 27 27 9 27 32 26 23 18 44 27 8 27 26 10 13 24 16 16 53 11 17 11 22 27 40 14 0 27 42 10 52 13 34 28 10 17 46 18 49 18 33 14 35 27 41 16 6 23 18 10 58 25 59 28 7 16 
245: 5 7 20 19 18 26 19 17 28 18 7 22 56 18 57 21 30 9 20 40 23 19 26 56 30 37 11 25 11 4 13 38 26 48 15 34 18 26 19 0 21 46 19 7 29 13 20 27 14 6 18 31 18 45 30 16 21 58 28 59 11 32 15 35 24 47 23 15 29 22 27 41 13 43 24 49 20 23 37 25 19 23 54 21 22 11 14 26 4 16 58 11 32 29 28 20 42 21 49 17 9 16 7 11 30 24 1 22 41 30 13 19 27 25 47 17 43 22 59 17 45 27 38 16 52 13 14 21 16 55 23 56 28 25 27 37 17 58 16 26 26 3 18 27 18 31 28 32 22 33 17 48 19 22 17 1 23 45 12 44 23 4 22 38 13 30 24 18 25 23 13 19 17 15 29 54 15 7 28 36 16 51 16 35 25 9 22 17 25 42 20 43 22 6 12 49 29 24 13 40 23 59 23 14 10 2 18 0 16 53 10 47 28 16 19 20 23 11 26 12 15 28 19 34 21 10 16 29 10 7 46 23 42 30 2 10 20 26 21 19 15 25 36 21 

# Cancelled Jobs (cancel_time initial_job_sim_idx_to_cancel)
Cancelled Jobs
15 18
40 12
164 10
234 1

# ETPC Constraints (fore_job_sim_idx fore_op_idx hind_job_sim_idx hind_op_idx time_lapse)
ETPC Constraints
22 4 12 2 19
3 1 8 2 18
12 2 13 4 3
17 1 25 3 8
11 2 14 1 14
2 0 18 0 3
15 1 20 4 3
8 4 14 4 4
19 1 3 1 18
22 0 16 0 18
17 1 21 1 11
24 1 21 1 5
14 4 1 3 19
26 4 25 3 7
0 3 2 4 20
1 1 4 1 7
16 0 22 0 5
18 1 15 2 17
23 0 10 2 8
14 4 12 1 15
25 0 10 1 13
17 3 9 3 8
19 3 22 3 5
7 3 22 3 19
4 3 3 2 19
2 0 11 1 11
2 0 15 2 13
8 2 25 0 12
22 1 1 0 11
0 2 3 2 20
10 4 6 2 20
21 4 19 2 10
26 1 0 1 3
12 3 20 2 8
16 2 4 1 18
2 1 0 3 15
20 1 17 0 20
10 0 9 0 11
3 4 1 2 19
10 0 24 1 7
3 0 11 1 5
19 3 1 3 8
25 4 4 1 10
26 1 11 3 12
21 1 7 3 5
20 3 5 0 13
6 1 4 2 4
18 1 4 1 8
10 2 21 1 13
24 2 9 4 14
14 3 8 2 5
4 2 3 1 9
2 1 6 2 19
23 4 24 4 5
