10 60
5 4 0 11 1 22 2 29 3 26 40 4 21 5 20 6 24 7 22 12 11 13 28 14 19 15 21 16 25 17 10 18 28 19 25 20 28 21 15 22 16 23 19 24 12 25 30 26 12 27 10 28 17 29 18 30 24 31 11 40 25 41 17 42 18 43 13 44 19 45 21 46 24 47 25 48 18 49 13 50 27 51 20 52 14 53 29 54 24 55 23 52 4 22 5 19 6 14 7 11 8 25 9 25 10 11 11 13 12 19 13 12 14 28 15 19 16 16 17 26 18 19 19 20 20 25 21 20 22 27 23 11 24 19 25 26 26 24 27 24 28 15 29 16 30 22 31 27 32 12 33 20 34 21 35 30 36 24 37 30 38 28 39 26 40 18 41 21 42 10 43 30 44 13 45 29 46 14 47 25 48 21 49 22 50 10 51 19 52 15 53 17 54 14 55 24 16 4 29 5 27 6 12 7 30 12 21 13 12 14 12 15 30 28 24 29 26 30 14 31 15 40 14 41 27 42 24 43 21 4 56 15 57 16 58 21 59 23 
5 4 0 13 1 26 2 19 3 25 4 8 25 9 23 10 22 11 25 48 4 17 5 18 6 13 7 29 8 20 9 21 10 21 11 26 16 27 17 10 18 13 19 19 20 16 21 13 22 18 23 14 24 27 25 23 26 29 27 21 28 17 29 29 30 19 31 29 32 15 33 14 34 30 35 15 36 11 37 26 38 12 39 20 40 28 41 25 42 20 43 26 44 14 45 19 46 26 47 16 48 18 49 20 50 12 51 22 52 17 53 24 54 21 55 12 44 4 15 5 18 6 15 7 23 8 16 9 14 10 19 11 22 12 17 13 15 14 21 15 20 16 11 17 12 18 22 19 13 20 20 21 12 22 15 23 23 28 17 29 24 30 14 31 13 32 25 33 13 34 11 35 10 36 29 37 11 38 19 39 26 40 14 41 25 42 24 43 12 48 26 49 24 50 20 51 20 52 23 53 11 54 18 55 16 4 56 24 57 28 58 13 59 27 
5 4 0 19 1 20 2 18 3 14 24 12 30 13 26 14 30 15 10 16 29 17 11 18 18 19 25 20 12 21 23 22 13 23 28 24 29 25 15 26 30 27 19 40 25 41 17 42 18 43 17 44 10 45 15 46 16 47 24 52 4 28 5 27 6 19 7 15 8 14 9 28 10 11 11 18 12 23 13 27 14 17 15 21 16 28 17 28 18 11 19 13 20 19 21 26 22 10 23 24 24 13 25 12 26 22 27 15 28 10 29 15 30 20 31 10 32 13 33 29 34 29 35 13 36 10 37 12 38 22 39 10 40 22 41 13 42 22 43 14 44 22 45 20 46 30 47 14 48 30 49 22 50 21 51 19 52 15 53 15 54 19 55 21 36 8 20 9 11 10 19 11 19 16 20 17 29 18 22 19 16 20 21 21 13 22 28 23 26 32 29 33 30 34 18 35 24 36 19 37 13 38 22 39 30 40 21 41 23 42 20 43 25 44 25 45 26 46 14 47 24 48 27 49 30 50 22 51 14 52 19 53 15 54 25 55 30 4 56 28 57 28 58 21 59 20 
5 4 0 27 1 27 2 26 3 16 44 4 14 5 18 6 19 7 17 8 14 9 25 10 24 11 12 12 10 13 14 14 30 15 28 16 12 17 12 18 24 19 30 20 26 21 20 22 13 23 26 24 20 25 21 26 10 27 22 28 24 29 14 30 14 31 15 36 11 37 12 38 29 39 19 40 17 41 26 42 25 43 13 44 27 45 22 46 21 47 28 52 29 53 22 54 27 55 20 24 4 18 5 30 6 28 7 24 12 25 13 11 14 20 15 12 16 29 17 29 18 19 19 17 28 26 29 10 30 13 31 17 40 26 41 30 42 11 43 30 44 30 45 27 46 13 47 24 4 28 11 29 25 30 17 31 19 4 56 24 57 15 58 24 59 15 
5 4 0 11 1 13 2 30 3 20 8 16 13 17 14 18 29 19 20 32 18 33 12 34 11 35 20 28 4 29 5 18 6 27 7 24 8 15 9 12 10 10 11 25 16 13 17 17 18 30 19 15 24 12 25 27 26 15 27 13 36 16 37 22 38 11 39 15 48 29 49 22 50 28 51 28 52 25 53 28 54 13 55 10 40 4 17 5 28 6 22 7 17 16 29 17 22 18 10 19 10 20 14 21 13 22 30 23 15 24 19 25 16 26 21 27 30 28 13 29 30 30 13 31 20 32 16 33 25 34 21 35 20 36 29 37 18 38 27 39 22 44 29 45 15 46 25 47 25 48 12 49 25 50 25 51 29 52 17 53 26 54 22 55 17 4 56 20 57 28 58 28 59 14 
5 4 0 18 1 12 2 26 3 19 24 4 16 5 27 6 28 7 29 8 20 9 14 10 25 11 17 16 16 17 23 18 18 19 30 28 26 29 11 30 21 31 19 32 30 33 21 34 14 35 19 44 22 45 19 46 29 47 16 20 8 16 9 20 10 13 11 12 28 30 29 16 30 30 31 24 36 21 37 21 38 27 39 22 40 18 41 21 42 19 43 18 44 19 45 15 46 25 47 17 16 20 10 21 18 22 25 23 19 28 14 29 23 30 28 31 25 44 29 45 20 46 23 47 22 48 21 49 27 50 16 51 22 4 56 10 57 20 58 11 59 25 
5 4 0 30 1 22 2 13 3 12 40 4 25 5 29 6 18 7 28 12 27 13 23 14 30 15 19 20 16 21 23 22 18 23 26 24 19 25 25 26 19 27 18 28 11 29 30 30 14 31 19 32 11 33 26 34 20 35 23 36 22 37 10 38 29 39 21 40 26 41 10 42 18 43 11 48 21 49 11 50 27 51 27 52 10 53 30 54 29 55 16 32 4 13 5 14 6 12 7 26 8 11 9 28 10 28 11 11 16 23 17 12 18 14 19 21 20 15 21 22 22 17 23 15 24 21 25 27 26 24 27 21 36 21 37 22 38 23 39 21 40 21 41 26 42 20 43 18 52 21 53 29 54 29 55 10 28 8 26 9 30 10 30 11 15 16 13 17 12 18 14 19 26 24 29 25 19 26 18 27 27 28 23 29 20 30 29 31 22 32 22 33 12 34 30 35 11 36 25 37 20 38 15 39 30 44 18 45 20 46 13 47 16 4 56 16 57 20 58 27 59 14 
5 4 0 23 1 20 2 18 3 27 44 8 25 9 15 10 23 11 12 12 28 13 28 14 19 15 25 16 10 17 21 18 30 19 15 24 16 25 29 26 30 27 24 28 10 29 28 30 28 31 29 32 23 33 23 34 27 35 19 36 28 37 15 38 25 39 15 40 23 41 12 42 17 43 18 44 24 45 21 46 23 47 29 48 22 49 12 50 30 51 23 52 30 53 14 54 11 55 21 24 4 25 5 17 6 17 7 26 12 25 13 28 14 20 15 22 20 25 21 20 22 15 23 20 32 26 33 12 34 12 35 11 48 18 49 21 50 15 51 21 52 20 53 24 54 28 55 23 36 8 23 9 21 10 11 11 18 16 10 17 29 18 16 19 17 20 22 21 21 22 16 23 10 24 12 25 27 26 22 27 20 28 23 29 20 30 25 31 18 36 10 37 12 38 18 39 23 40 20 41 21 42 15 43 10 44 23 45 25 46 11 47 30 52 20 53 22 54 11 55 14 4 56 26 57 19 58 17 59 13 
5 4 0 29 1 18 2 21 3 12 20 8 16 9 14 10 29 11 20 12 16 13 12 14 19 15 17 20 22 21 14 22 25 23 14 24 11 25 25 26 12 27 16 52 14 53 16 54 20 55 24 20 8 15 9 15 10 30 11 23 12 16 13 13 14 28 15 25 16 17 17 19 18 13 19 12 48 11 49 23 50 23 51 21 52 18 53 28 54 21 55 15 8 8 20 9 10 10 21 11 15 36 17 37 17 38 24 39 21 4 56 17 57 21 58 18 59 23 
5 4 0 21 1 25 2 10 3 13 28 8 25 9 19 10 30 11 14 20 26 21 28 22 18 23 21 24 24 25 29 26 20 27 11 28 16 29 14 30 22 31 29 32 14 33 16 34 14 35 29 48 20 49 21 50 11 51 23 52 27 53 13 54 16 55 18 36 4 22 5 19 6 26 7 21 8 29 9 22 10 21 11 16 12 11 13 18 14 25 15 15 16 15 17 15 18 18 19 14 20 30 21 28 22 24 23 18 32 15 33 28 34 26 35 22 36 25 37 22 38 13 39 27 48 20 49 20 50 29 51 30 52 14 53 10 54 13 55 22 44 4 14 5 23 6 24 7 26 8 17 9 27 10 25 11 13 12 13 13 19 14 20 15 23 16 19 17 25 18 15 19 23 20 30 21 18 22 27 23 16 24 23 25 30 26 24 27 23 28 12 29 26 30 21 31 11 32 28 33 19 34 16 35 17 40 19 41 29 42 17 43 24 48 14 49 27 50 21 51 27 52 28 53 11 54 12 55 15 4 56 28 57 13 58 27 59 10 

Dynamic Events

# Machine Breakdowns (machine_id start_time end_time)
Machine Breakdowns
1 44 54
2 151 166
4 96 111
7 208 218
10 199 210
14 66 81
21 262 276
24 241 254
31 200 215
32 55 67
35 242 256
38 233 246
39 41 53
41 248 259
45 67 79
47 269 279
48 125 137
51 181 195
55 280 290
56 49 59
58 271 283
59 124 139

# Added Jobs (arrival_time: num_ops num_alts_op1 m1 p1 ... num_alts_op2 m1 p1 ...)
Added Jobs
23: 5 13 19 25 26 24 52 11 11 11 12 27 7 24 55 26 43 15 4 22 57 25 20 12 33 19 8 25 43 1 20 34 17 47 20 30 27 19 30 49 27 42 17 53 26 16 24 8 11 29 15 51 15 40 22 23 27 56 25 32 12 27 17 15 29 59 27 54 28 25 20 39 11 21 14 18 25 37 10 7 23 10 22 43 11 41 20 9 26 55 26 57 28 24 20 31 20 50 10 2 16 5 27 4 16 17 20 48 24 13 25 38 11 52 28 16 4 18 49 25 20 28 28 11 41 13 34 16 55 18 22 18 14 19 3 13 58 17 51 15 54 20 0 26 35 27 44 11 34 36 21 6 22 38 13 25 25 46 24 27 11 20 12 4 22 21 28 24 21 54 23 16 28 11 23 7 25 22 20 13 25 49 24 37 23 55 16 26 15 32 11 34 17 59 24 1 16 28 27 30 16 14 13 42 17 52 28 58 13 12 10 10 14 0 15 39 17 50 39 22 8 18 57 21 16 28 4 17 19 11 21 22 35 25 14 23 12 29 26 22 28 21 30 26 20 15 3 22 13 17 41 20 45 24 31 20 5 26 59 26 49 22 43 14 18 24 56 24 58 11 50 10 22 27 17 17 42 18 1 21 32 16 37 18 46 13 47 24 23 10 52 27 11 21 38 16 33 29 7 13 27 22 54 12 2 15 10 12 36 12 6 25 53 23 0 28 24 27 
72: 5 39 4 22 6 13 37 10 25 12 11 13 16 27 17 15 59 15 26 15 21 22 49 18 41 20 13 25 48 18 51 22 52 10 35 25 58 14 54 16 1 16 24 22 38 29 9 30 23 20 55 29 40 20 31 20 5 17 36 18 19 10 28 28 34 14 57 17 44 14 50 13 42 18 12 17 18 18 8 23 39 31 21 24 14 41 24 15 16 39 24 53 18 13 27 45 16 6 18 26 17 21 18 50 12 16 13 49 28 12 24 22 16 2 20 29 13 58 24 37 21 42 23 8 13 0 23 1 14 56 19 11 12 46 22 33 17 20 30 30 25 4 29 43 30 3 21 7 27 19 16 51 14 25 19 28 20 59 23 25 17 22 21 23 50 12 33 24 30 14 45 28 59 13 0 25 58 11 16 16 12 19 44 17 26 29 53 23 1 26 43 11 31 27 54 16 32 20 8 11 55 12 27 21 29 30 24 20 7 22 16 53 28 18 18 15 20 19 25 30 26 5 15 22 25 43 30 23 13 34 14 57 16 31 10 21 18 3 16 49 11 54 22 44 32 23 11 21 0 21 35 25 17 14 38 25 39 21 56 28 31 18 9 14 6 12 27 13 54 16 49 30 46 20 3 23 55 22 2 10 53 22 25 19 59 13 52 27 44 18 1 23 15 27 43 13 58 27 19 18 51 16 40 21 36 20 23 26 22 29 47 27 4 16 26 26 5 30 14 17 16 22 34 17 20 21 13 11 41 23 45 15 
90: 5 47 59 11 7 25 20 24 39 25 54 18 37 13 1 12 26 15 0 28 18 22 38 19 2 21 17 16 41 17 10 10 28 12 9 19 52 10 14 13 31 18 6 28 57 13 4 13 53 11 22 25 19 14 36 12 43 23 15 29 32 22 40 25 48 24 58 16 27 19 16 16 21 15 45 26 11 23 25 16 3 12 29 30 50 24 13 15 46 22 49 29 34 23 23 11 9 46 16 2 24 58 12 59 16 28 17 32 25 0 19 54 19 29 29 26 10 14 16 23 25 19 27 29 31 11 41 16 14 17 54 24 59 10 56 16 39 21 11 12 3 13 8 24 47 29 9 19 44 28 42 13 53 30 34 19 23 26 5 18 51 30 49 29 20 19 50 27 38 13 13 39 22 1 21 56 15 31 18 9 25 42 24 14 23 44 11 10 18 37 29 0 14 33 29 58 23 22 11 16 14 2 20 48 19 49 30 52 29 36 11 6 19 51 15 47 26 26 27 8 28 25 23 28 17 53 30 59 22 20 15 4 13 54 23 27 12 11 16 12 28 19 17 7 25 13 41 16 42 10 37 26 20 20 6 26 49 27 43 10 48 18 31 15 54 29 34 25 23 21 35 26 

# Cancelled Jobs (cancel_time initial_job_sim_idx_to_cancel)
Cancelled Jobs
76 8
119 2

# ETPC Constraints (fore_job_sim_idx fore_op_idx hind_job_sim_idx hind_op_idx time_lapse)
ETPC Constraints
5 0 9 1 12
8 4 4 0 9
1 1 11 1 14
11 4 8 1 17
6 0 1 3 9
0 1 2 4 17
9 2 5 4 17
9 2 11 1 9
7 3 4 4 14
1 4 7 0 19
4 3 1 2 15
12 3 2 1 4
9 3 12 2 8
2 1 1 2 20
1 2 7 4 12
