10 60
5 4 0 27 1 23 2 10 3 28 36 4 15 5 18 6 30 7 12 8 18 9 10 10 18 11 18 12 21 13 14 14 22 15 13 16 16 17 11 18 25 19 19 20 27 21 19 22 17 23 29 28 10 29 25 30 24 31 18 40 15 41 15 42 17 43 19 48 29 49 24 50 15 51 22 52 22 53 10 54 15 55 21 8 8 22 9 17 10 15 11 21 28 18 29 20 30 17 31 12 32 4 20 5 15 6 10 7 20 8 25 9 11 10 26 11 30 16 23 17 12 18 12 19 14 20 17 21 23 22 11 23 19 24 15 25 24 26 30 27 14 28 19 29 21 30 11 31 22 40 14 41 11 42 21 43 20 44 20 45 25 46 19 47 18 4 56 22 57 13 58 10 59 12 
5 4 0 23 1 29 2 20 3 24 12 20 16 21 19 22 20 23 26 36 29 37 28 38 15 39 12 48 15 49 20 50 13 51 30 44 4 19 5 19 6 12 7 17 8 28 9 25 10 14 11 25 12 17 13 27 14 16 15 18 16 21 17 16 18 25 19 21 20 30 21 12 22 25 23 22 28 19 29 21 30 23 31 20 32 10 33 25 34 24 35 22 40 17 41 12 42 10 43 11 44 30 45 15 46 24 47 23 48 18 49 22 50 30 51 19 52 21 53 28 54 20 55 28 24 12 19 13 29 14 18 15 16 24 25 25 21 26 14 27 27 28 26 29 11 30 10 31 25 44 27 45 30 46 17 47 26 48 11 49 13 50 20 51 20 52 25 53 13 54 15 55 28 4 56 28 57 23 58 26 59 28 
5 4 0 17 1 26 2 24 3 14 32 4 14 5 24 6 25 7 15 12 26 13 10 14 20 15 25 16 19 17 29 18 23 19 12 24 24 25 12 26 19 27 29 28 12 29 10 30 22 31 16 40 24 41 19 42 25 43 20 44 18 45 12 46 10 47 17 48 21 49 14 50 25 51 28 52 4 26 5 15 6 17 7 29 8 27 9 26 10 23 11 23 12 10 13 30 14 20 15 11 16 26 17 21 18 25 19 15 20 15 21 28 22 17 23 21 24 21 25 18 26 15 27 10 28 18 29 27 30 13 31 10 32 14 33 10 34 22 35 13 36 21 37 19 38 19 39 24 40 12 41 13 42 22 43 10 44 23 45 11 46 26 47 16 48 16 49 17 50 24 51 23 52 20 53 24 54 19 55 25 16 4 19 5 21 6 12 7 27 12 24 13 13 14 26 15 25 28 25 29 22 30 27 31 25 44 27 45 23 46 13 47 26 4 56 19 57 15 58 13 59 19 
5 4 0 23 1 20 2 13 3 15 44 8 14 9 29 10 26 11 24 12 22 13 24 14 12 15 16 16 16 17 19 18 11 19 22 20 23 21 11 22 22 23 27 24 15 25 21 26 13 27 21 28 21 29 12 30 17 31 13 36 14 37 12 38 25 39 14 40 10 41 18 42 21 43 23 44 13 45 10 46 21 47 14 48 30 49 15 50 20 51 10 52 18 53 15 54 25 55 15 20 4 12 5 18 6 13 7 30 12 13 13 29 14 23 15 18 28 11 29 15 30 19 31 19 32 22 33 16 34 28 35 28 48 30 49 28 50 14 51 29 32 4 22 5 26 6 27 7 17 12 23 13 28 14 17 15 24 16 29 17 13 18 27 19 15 36 12 37 17 38 15 39 18 40 17 41 26 42 22 43 17 44 18 45 26 46 21 47 15 48 12 49 18 50 18 51 16 52 18 53 16 54 23 55 22 4 56 10 57 27 58 27 59 30 
5 4 0 18 1 11 2 20 3 30 8 36 17 37 14 38 22 39 23 40 30 41 19 42 16 43 12 24 8 13 9 24 10 21 11 21 12 29 13 28 14 14 15 26 32 19 33 23 34 14 35 10 36 18 37 15 38 16 39 17 44 23 45 30 46 11 47 20 52 29 53 13 54 28 55 18 4 4 28 5 29 6 10 7 22 4 56 23 57 25 58 26 59 15 
5 4 0 23 1 13 2 23 3 17 4 4 15 5 16 6 24 7 30 8 8 10 9 24 10 16 11 13 28 18 29 19 30 21 31 18 24 4 12 5 15 6 12 7 13 28 10 29 17 30 25 31 24 32 30 33 25 34 13 35 29 40 11 41 10 42 26 43 30 44 24 45 25 46 20 47 28 52 28 53 26 54 28 55 21 4 56 18 57 11 58 23 59 20 
5 4 0 12 1 20 2 24 3 25 24 4 24 5 15 6 25 7 29 8 18 9 26 10 25 11 11 12 29 13 16 14 13 15 10 16 27 17 12 18 11 19 12 24 28 25 17 26 30 27 14 48 23 49 27 50 26 51 23 32 4 12 5 30 6 28 7 30 12 28 13 30 14 17 15 22 16 22 17 30 18 19 19 21 20 16 21 17 22 30 23 16 24 17 25 19 26 14 27 19 36 25 37 25 38 22 39 30 40 17 41 18 42 10 43 15 44 18 45 30 46 22 47 11 4 44 23 45 14 46 23 47 11 4 56 11 57 10 58 22 59 25 
5 4 0 11 1 15 2 11 3 22 8 4 15 5 19 6 30 7 23 24 20 25 12 26 17 27 30 52 4 20 5 23 6 14 7 28 8 20 9 19 10 23 11 20 12 29 13 27 14 10 15 12 16 20 17 23 18 10 19 28 20 12 21 16 22 13 23 23 24 16 25 26 26 28 27 22 28 13 29 28 30 26 31 18 32 18 33 24 34 10 35 29 36 23 37 19 38 28 39 18 40 20 41 25 42 12 43 13 44 19 45 30 46 11 47 13 48 11 49 17 50 23 51 28 52 18 53 29 54 12 55 25 16 12 26 13 17 14 16 15 12 16 19 17 13 18 17 19 18 20 20 21 14 22 15 23 18 48 17 49 20 50 24 51 29 4 56 11 57 21 58 16 59 26 
5 4 0 21 1 20 2 20 3 26 4 8 21 9 26 10 19 11 21 16 24 16 25 27 26 28 27 16 32 24 33 23 34 21 35 12 36 12 37 17 38 28 39 29 52 24 53 23 54 14 55 24 20 12 19 13 16 14 11 15 20 24 19 25 17 26 26 27 10 40 26 41 20 42 27 43 15 44 10 45 14 46 29 47 30 48 17 49 11 50 16 51 14 4 56 14 57 19 58 20 59 28 
5 4 0 22 1 11 2 26 3 28 48 4 28 5 14 6 30 7 19 8 18 9 27 10 30 11 16 12 11 13 24 14 21 15 25 16 16 17 17 18 22 19 11 20 17 21 24 22 21 23 24 24 16 25 16 26 27 27 28 28 14 29 16 30 18 31 16 32 27 33 14 34 29 35 14 40 20 41 14 42 13 43 17 44 18 45 17 46 11 47 19 48 14 49 19 50 10 51 25 52 16 53 11 54 14 55 23 20 12 24 13 12 14 29 15 16 20 25 21 14 22 12 23 23 28 22 29 18 30 25 31 14 36 20 37 13 38 28 39 26 40 12 41 14 42 17 43 23 36 8 21 9 19 10 12 11 27 12 26 13 28 14 22 15 21 16 29 17 11 18 23 19 11 20 16 21 24 22 21 23 25 24 26 25 17 26 24 27 18 28 26 29 19 30 29 31 28 32 12 33 20 34 29 35 10 44 21 45 13 46 27 47 17 48 14 49 20 50 11 51 29 4 56 11 57 20 58 16 59 26 

Dynamic Events

# Machine Breakdowns (machine_id start_time end_time)
Machine Breakdowns
1 147 157
2 50 60
3 151 161
4 154 167
5 69 83
10 219 231
12 36 45
17 37 46
21 268 281
23 159 168
36 146 157
37 129 143
38 46 59
39 259 269
42 81 90
43 95 105
49 90 99
54 145 156
58 163 174

# Added Jobs (arrival_time: num_ops num_alts_op1 m1 p1 ... num_alts_op2 m1 p1 ...)
Added Jobs
41: 5 25 56 23 22 24 14 12 26 20 47 11 52 25 5 30 24 21 42 18 49 11 20 29 23 29 30 16 21 19 12 17 10 20 44 23 16 29 35 10 41 18 36 22 57 26 48 27 9 25 7 14 8 45 28 3 19 30 12 53 15 11 12 40 27 13 15 50 30 18 46 16 25 22 49 26 57 13 36 25 18 10 37 18 26 22 10 12 56 23 11 16 48 13 19 22 34 25 59 26 30 29 58 14 14 17 6 9 19 51 26 19 15 27 24 8 10 57 15 23 33 21 51 13 46 10 54 25 10 18 42 27 17 14 18 18 31 25 52 22 29 19 21 12 9 17 59 27 32 18 43 16 30 16 44 28 1 17 56 16 14 14 50 20 47 16 
41: 5 38 34 10 40 21 45 10 43 18 5 29 32 26 57 20 20 25 28 17 24 26 1 14 22 13 30 23 21 11 51 30 58 18 6 23 7 23 47 28 18 21 46 11 14 12 10 26 19 17 17 11 36 19 52 28 13 27 35 14 15 25 38 24 31 28 33 16 37 20 42 27 44 13 55 19 3 28 23 56 20 8 23 22 18 44 21 20 17 41 17 4 25 3 24 45 15 35 17 38 28 40 24 11 24 51 20 52 19 1 22 0 26 15 10 32 10 34 16 53 19 23 22 24 28 41 31 18 19 22 12 13 48 18 57 15 33 12 18 23 21 28 29 12 5 23 9 27 16 29 15 15 24 16 42 15 6 27 8 12 39 24 14 12 40 25 13 25 17 19 30 16 10 29 59 26 11 11 2 23 47 14 0 23 38 16 4 21 43 12 20 12 28 15 27 20 46 22 49 16 36 29 51 11 23 21 41 26 39 12 17 46 23 17 23 32 25 57 25 33 21 22 13 10 16 34 16 53 15 36 18 50 23 6 20 41 13 5 21 35 14 58 12 44 21 15 15 40 14 7 22 24 21 29 28 18 21 42 24 16 19 11 17 4 12 9 22 49 12 51 11 27 29 59 23 0 12 1 27 37 16 43 18 45 12 14 10 25 18 25 5 27 44 15 51 25 55 21 49 13 8 13 35 27 6 30 30 14 13 25 4 23 41 16 27 29 40 13 12 18 52 29 34 26 56 21 20 27 29 13 19 23 32 21 54 24 1 18 
82: 5 51 24 23 16 25 20 19 13 15 6 13 12 14 57 17 19 19 44 30 9 14 21 17 53 25 4 19 29 11 10 17 1 13 25 18 38 22 51 18 11 11 17 25 50 26 46 21 15 26 32 11 26 17 37 27 27 20 28 22 42 18 58 21 56 27 40 30 35 18 39 30 55 15 22 26 54 23 36 18 30 27 18 14 14 17 31 14 2 11 59 17 8 10 5 28 3 24 34 12 49 17 43 22 19 28 21 1 13 26 19 27 30 48 22 32 20 45 10 20 18 14 13 52 26 49 14 47 14 13 14 6 29 17 29 38 22 35 22 58 20 29 10 5 5 22 59 19 20 24 28 21 29 28 19 42 27 37 19 56 15 11 28 50 16 23 16 22 29 7 24 20 20 16 19 38 23 40 30 14 21 9 12 4 16 26 25 51 25 35 23 15 16 27 46 27 5 24 35 20 13 11 1 17 22 29 32 10 8 23 41 25 28 21 30 13 19 13 11 16 10 16 57 14 51 21 21 25 42 10 15 24 4 26 43 22 50 15 58 11 37 24 0 12 2 13 17 16 
94: 5 4 52 21 45 13 24 20 53 19 34 59 19 26 13 9 28 2 24 14 19 50 10 53 22 33 10 12 24 21 23 0 20 11 29 39 28 15 11 51 13 17 13 38 20 7 21 10 14 56 17 25 21 23 25 49 24 16 27 44 29 6 17 31 22 41 24 54 28 5 25 52 19 30 18 42 14 36 29 23 34 24 17 22 41 26 4 16 56 27 55 22 50 30 44 15 33 11 14 26 22 20 45 18 32 17 48 16 57 24 25 16 7 28 42 13 51 24 27 16 37 27 23 20 10 21 34 14 16 26 14 38 19 4 22 43 13 16 25 58 16 23 26 44 13 39 22 19 24 18 18 25 16 6 11 30 10 32 24 36 18 42 13 21 20 15 25 3 24 22 29 12 28 56 17 29 11 27 14 5 30 7 17 37 19 24 16 59 29 53 14 20 24 48 19 38 24 19 4 17 30 23 5 25 46 10 35 24 2 16 53 22 58 13 31 19 27 21 44 27 8 24 7 12 51 13 16 23 12 12 20 16 54 27 37 21 42 11 55 19 13 20 43 10 34 18 21 25 40 24 22 26 36 19 25 15 50 17 28 26 45 26 3 27 38 16 9 22 48 17 32 22 
100: 5 31 12 11 55 21 39 15 6 28 3 17 47 26 29 14 0 22 14 26 19 20 13 12 20 22 22 27 32 19 5 30 37 20 15 15 1 18 43 29 31 25 53 27 42 25 35 21 49 14 34 24 9 10 16 22 21 20 45 20 18 12 2 17 41 3 18 29 14 9 20 48 27 26 27 23 28 25 14 19 23 49 15 24 28 36 29 27 13 1 11 28 25 57 26 55 24 52 22 17 20 35 22 16 17 15 15 21 23 38 17 54 24 56 26 7 29 5 26 51 14 4 24 22 29 12 10 42 24 46 19 0 14 40 28 30 21 39 14 8 10 43 20 33 17 11 30 40 53 16 38 26 27 25 48 16 58 25 0 24 42 21 31 20 51 25 5 24 52 17 43 10 2 24 56 11 46 23 8 28 18 22 13 22 36 29 12 21 10 27 57 25 40 28 30 11 50 24 17 29 19 17 45 26 9 10 20 19 39 22 11 23 49 20 34 17 55 27 32 12 25 25 21 15 22 14 28 18 24 54 12 27 26 42 23 4 14 33 22 52 24 15 19 51 12 48 17 29 24 59 22 47 30 50 16 45 15 19 18 28 13 37 25 3 25 9 14 35 11 30 11 20 24 13 15 40 18 30 28 17 47 18 31 23 35 28 21 28 5 25 14 27 46 27 12 27 15 24 45 25 9 20 11 13 36 20 40 17 26 13 51 28 29 10 1 22 50 29 7 28 19 24 8 28 49 19 37 18 17 20 44 23 30 27 25 27 41 19 
113: 5 4 30 20 15 23 24 16 9 20 25 22 14 7 25 0 13 28 20 2 18 55 28 59 27 15 23 35 22 25 19 49 14 36 14 38 18 9 23 6 13 17 28 52 20 41 11 56 24 33 14 54 12 37 18 27 13 4 19 45 18 49 19 26 35 13 36 20 45 23 54 24 43 27 31 21 23 25 37 20 52 19 13 18 29 11 24 26 5 26 1 19 2 14 46 20 25 19 47 23 30 23 34 21 27 21 40 28 22 22 16 19 55 15 42 23 21 24 7 19 10 26 32 23 49 18 11 30 0 11 18 10 58 10 48 23 4 17 41 14 44 10 12 16 39 21 26 30 8 17 14 18 38 25 51 20 57 19 53 10 28 57 16 5 27 39 22 52 27 24 21 12 26 38 27 40 23 32 10 58 18 4 20 56 22 55 25 27 18 14 11 35 13 21 14 53 18 42 11 8 10 25 22 30 25 2 23 37 27 48 15 3 15 18 14 28 20 12 1 28 8 27 51 25 29 19 31 22 50 19 4 24 12 11 11 15 54 22 18 22 33 18 

# ETPC Constraints (fore_job_sim_idx fore_op_idx hind_job_sim_idx hind_op_idx time_lapse)
ETPC Constraints
8 3 13 4 13
7 4 15 3 15
7 4 13 1 15
11 1 13 1 3
7 3 14 2 12
12 0 4 1 11
5 0 6 4 15
4 3 3 1 9
11 4 8 4 8
12 4 0 1 6
14 1 7 1 3
15 2 1 0 13
8 0 6 4 19
11 0 5 1 9
11 2 3 3 13
3 0 15 2 13
0 2 1 4 11
3 3 5 3 17
4 0 12 1 4
7 0 1 4 7
1 2 14 3 8
3 3 8 2 6
4 1 1 0 13
12 1 5 2 14
