10 60
5 4 0 14 1 23 2 22 3 27 40 4 24 5 19 6 24 7 18 8 25 9 14 10 17 11 15 16 30 17 30 18 17 19 19 20 27 21 12 22 15 23 29 24 10 25 24 26 21 27 20 32 27 33 17 34 24 35 14 40 23 41 28 42 30 43 21 44 24 45 15 46 12 47 29 48 10 49 16 50 22 51 20 52 24 53 21 54 15 55 24 20 8 28 9 12 10 24 11 29 12 23 13 18 14 18 15 17 24 12 25 21 26 28 27 28 36 15 37 28 38 22 39 13 48 15 49 19 50 24 51 17 28 4 19 5 28 6 25 7 18 12 11 13 21 14 12 15 10 20 20 21 12 22 15 23 22 24 15 25 20 26 23 27 14 28 19 29 18 30 10 31 19 32 15 33 24 34 19 35 20 52 21 53 11 54 29 55 28 4 56 22 57 28 58 18 59 18 
5 4 0 18 1 10 2 18 3 27 16 4 22 5 24 6 29 7 21 32 25 33 15 34 17 35 11 40 20 41 22 42 13 43 25 44 28 45 13 46 11 47 25 12 12 24 13 29 14 30 15 22 28 20 29 11 30 22 31 21 44 11 45 17 46 16 47 13 4 40 21 41 17 42 10 43 13 4 56 27 57 16 58 17 59 15 
5 4 0 22 1 10 2 15 3 28 48 4 24 5 20 6 11 7 11 8 12 9 22 10 13 11 14 12 25 13 19 14 27 15 22 16 30 17 19 18 29 19 21 20 27 21 11 22 18 23 30 24 21 25 11 26 18 27 15 28 10 29 20 30 15 31 11 36 19 37 14 38 17 39 20 40 15 41 18 42 13 43 13 44 18 45 19 46 22 47 12 48 29 49 27 50 16 51 10 52 24 53 15 54 20 55 24 20 24 27 25 18 26 29 27 29 28 22 29 10 30 26 31 29 36 17 37 21 38 17 39 16 48 27 49 12 50 13 51 25 52 24 53 25 54 10 55 14 48 4 29 5 26 6 18 7 24 8 23 9 11 10 20 11 26 12 16 13 17 14 26 15 19 16 14 17 25 18 16 19 27 24 28 25 11 26 18 27 15 28 28 29 24 30 10 31 15 32 22 33 29 34 21 35 21 36 20 37 17 38 28 39 21 40 20 41 26 42 17 43 28 44 17 45 20 46 23 47 15 48 27 49 25 50 11 51 22 52 21 53 27 54 10 55 15 4 56 10 57 30 58 28 59 16 
5 4 0 12 1 21 2 12 3 14 52 4 12 5 18 6 30 7 17 8 25 9 24 10 22 11 10 12 26 13 26 14 24 15 23 16 12 17 21 18 21 19 14 20 29 21 21 22 21 23 22 24 25 25 12 26 17 27 30 28 21 29 19 30 29 31 19 32 14 33 28 34 20 35 15 36 26 37 28 38 24 39 15 40 24 41 26 42 24 43 29 44 29 45 27 46 20 47 24 48 14 49 18 50 27 51 14 52 30 53 16 54 24 55 28 4 12 15 13 11 14 21 15 12 44 4 17 5 11 6 11 7 10 12 20 13 29 14 29 15 17 16 16 17 21 18 21 19 20 20 28 21 11 22 22 23 26 24 15 25 10 26 10 27 20 28 19 29 26 30 11 31 27 36 13 37 14 38 25 39 19 40 17 41 18 42 30 43 17 44 21 45 11 46 28 47 22 48 27 49 16 50 25 51 12 52 13 53 28 54 14 55 29 4 56 28 57 23 58 20 59 10 
5 4 0 22 1 16 2 26 3 24 52 4 22 5 24 6 16 7 11 8 18 9 29 10 14 11 11 12 25 13 21 14 14 15 17 16 18 17 12 18 21 19 25 20 26 21 16 22 17 23 25 24 13 25 15 26 27 27 27 28 30 29 11 30 24 31 15 32 30 33 26 34 27 35 16 36 30 37 17 38 26 39 13 40 14 41 11 42 22 43 28 44 26 45 30 46 28 47 12 48 23 49 30 50 27 51 26 52 13 53 26 54 30 55 22 24 20 18 21 30 22 24 23 26 24 10 25 30 26 10 27 27 28 10 29 14 30 21 31 21 32 21 33 13 34 27 35 26 40 14 41 26 42 24 43 28 48 28 49 24 50 17 51 21 16 16 22 17 14 18 16 19 19 28 11 29 27 30 23 31 17 32 23 33 16 34 17 35 18 44 14 45 17 46 23 47 23 4 56 18 57 23 58 21 59 16 
5 4 0 25 1 14 2 22 3 10 8 12 27 13 24 14 26 15 23 24 30 25 11 26 18 27 23 32 4 15 5 12 6 22 7 10 8 15 9 16 10 17 11 19 20 23 21 19 22 10 23 17 24 18 25 10 26 18 27 20 28 22 29 28 30 19 31 16 44 21 45 21 46 26 47 15 48 25 49 25 50 27 51 12 52 26 53 22 54 11 55 10 12 4 27 5 27 6 14 7 25 40 25 41 18 42 28 43 10 48 11 49 14 50 20 51 17 4 56 18 57 30 58 16 59 16 
5 4 0 16 1 16 2 29 3 14 8 40 14 41 28 42 19 43 24 48 21 49 28 50 14 51 30 48 4 10 5 18 6 21 7 18 8 24 9 29 10 17 11 11 12 14 13 18 14 17 15 16 16 23 17 30 18 27 19 30 24 23 25 21 26 12 27 28 28 20 29 18 30 13 31 29 32 10 33 12 34 17 35 18 36 25 37 19 38 18 39 17 40 25 41 11 42 10 43 27 44 26 45 12 46 26 47 16 48 13 49 26 50 15 51 18 52 27 53 15 54 20 55 25 48 4 22 5 28 6 27 7 17 8 10 9 21 10 13 11 22 12 17 13 18 14 22 15 28 20 24 21 22 22 12 23 26 24 10 25 23 26 28 27 29 28 13 29 25 30 20 31 22 32 24 33 26 34 21 35 29 36 21 37 21 38 19 39 13 40 16 41 10 42 13 43 26 44 24 45 22 46 27 47 10 48 18 49 19 50 23 51 27 52 30 53 23 54 12 55 15 4 56 23 57 18 58 17 59 18 
5 4 0 22 1 18 2 26 3 21 12 4 16 5 12 6 27 7 16 28 17 29 30 30 18 31 17 40 16 41 21 42 30 43 28 48 8 19 9 29 10 19 11 25 12 27 13 23 14 15 15 11 16 30 17 17 18 11 19 15 20 18 21 26 22 17 23 11 24 22 25 14 26 18 27 15 28 10 29 12 30 20 31 30 32 27 33 21 34 19 35 19 36 19 37 21 38 10 39 10 40 23 41 12 42 20 43 24 44 13 45 28 46 22 47 21 48 24 49 27 50 22 51 19 52 15 53 28 54 17 55 18 36 8 20 9 16 10 25 11 30 12 16 13 16 14 30 15 16 16 26 17 23 18 18 19 15 28 24 29 12 30 22 31 10 32 21 33 10 34 10 35 10 36 19 37 21 38 12 39 12 40 20 41 20 42 21 43 16 44 24 45 26 46 29 47 21 52 24 53 30 54 24 55 11 4 56 18 57 18 58 19 59 24 
5 4 0 13 1 27 2 30 3 27 48 4 23 5 30 6 26 7 10 8 26 9 19 10 21 11 30 12 26 13 23 14 22 15 14 20 29 21 16 22 14 23 18 24 18 25 12 26 17 27 18 28 17 29 14 30 19 31 14 32 14 33 13 34 30 35 20 36 13 37 30 38 11 39 14 40 24 41 15 42 15 43 30 44 14 45 19 46 26 47 22 48 27 49 25 50 27 51 16 52 30 53 30 54 22 55 20 52 4 23 5 11 6 29 7 13 8 21 9 14 10 28 11 21 12 26 13 21 14 11 15 20 16 30 17 29 18 30 19 20 20 10 21 24 22 22 23 21 24 12 25 23 26 20 27 10 28 27 29 27 30 13 31 21 32 21 33 21 34 18 35 22 36 20 37 15 38 23 39 29 40 14 41 29 42 29 43 27 44 29 45 25 46 27 47 15 48 21 49 13 50 12 51 13 52 19 53 27 54 12 55 14 16 8 23 9 27 10 22 11 15 12 22 13 13 14 16 15 19 20 25 21 11 22 13 23 21 48 21 49 21 50 23 51 29 4 56 13 57 16 58 22 59 30 
5 4 0 11 1 22 2 10 3 19 40 8 19 9 17 10 16 11 20 12 27 13 22 14 15 15 18 16 30 17 13 18 24 19 23 20 21 21 28 22 19 23 12 28 11 29 29 30 16 31 14 32 26 33 25 34 11 35 20 40 12 41 23 42 15 43 22 44 30 45 17 46 21 47 26 48 21 49 29 50 17 51 12 52 17 53 13 54 27 55 23 16 12 29 13 12 14 24 15 20 16 10 17 18 18 18 19 13 24 24 25 10 26 29 27 21 32 14 33 14 34 10 35 19 48 4 21 5 10 6 10 7 14 8 29 9 18 10 24 11 10 12 13 13 12 14 30 15 17 16 26 17 14 18 12 19 27 20 28 21 21 22 21 23 21 24 29 25 12 26 30 27 11 28 23 29 14 30 11 31 11 32 14 33 28 34 13 35 26 40 25 41 14 42 10 43 11 44 14 45 16 46 21 47 20 48 18 49 15 50 21 51 14 52 30 53 21 54 21 55 23 4 56 16 57 16 58 18 59 27 

Dynamic Events

# Machine Breakdowns (machine_id start_time end_time)
Machine Breakdowns
2 110 122
3 216 230
6 238 248
7 241 254
20 41 51
23 74 83
25 186 195
32 186 195
33 117 129
34 66 78
37 133 143
38 82 93
40 136 145
51 99 109
55 220 231
56 103 113
57 153 167
59 39 53

# Added Jobs (arrival_time: num_ops num_alts_op1 m1 p1 ... num_alts_op2 m1 p1 ...)
Added Jobs
24: 5 20 17 15 42 24 10 19 30 20 25 16 40 23 58 21 7 19 13 28 24 19 50 14 15 17 55 25 16 28 35 16 34 13 20 29 44 26 36 30 19 26 25 40 14 21 13 53 27 4 27 26 17 33 25 25 12 32 29 17 14 7 15 48 28 58 20 0 19 9 19 15 27 24 27 16 19 6 19 37 14 54 30 39 19 34 10 11 28 52 28 14 30 18 6 17 58 17 17 20 18 23 29 13 24 30 42 16 7 22 27 12 53 29 20 23 13 24 40 23 14 30 3 11 19 26 4 25 57 27 26 58 27 50 27 23 19 15 10 6 10 18 17 2 19 29 16 4 13 5 30 41 18 21 11 59 15 9 15 55 29 40 19 53 18 8 20 30 23 14 11 36 18 54 17 12 19 11 25 16 20 48 28 6 30 26 7 20 46 25 40 16 4 26 24 17 
53: 5 13 37 20 30 10 47 10 20 10 32 11 1 10 41 20 42 10 57 18 29 20 26 27 16 26 8 19 19 14 27 59 14 47 21 26 23 3 17 32 16 45 13 56 23 27 13 28 22 23 20 12 17 19 14 6 20 9 16 58 27 25 29 0 14 4 21 18 10 21 53 23 34 15 43 15 58 28 54 17 38 24 20 10 41 23 2 14 56 22 11 13 26 26 55 15 27 27 51 11 29 28 30 21 39 54 14 23 15 48 10 51 19 0 14 31 19 10 21 57 29 16 10 4 25 33 19 11 28 21 15 5 11 32 20 42 18 56 18 20 12 50 17 55 21 18 13 25 25 15 26 9 23 2 11 17 17 26 28 44 23 49 21 45 25 19 27 59 27 1 21 43 23 28 20 37 19 30 18 40 12 22 11 51 23 11 7 10 4 29 44 11 22 21 51 29 57 28 15 24 38 22 54 26 59 12 33 19 41 12 36 22 39 12 24 22 32 19 43 19 9 28 45 15 42 11 17 28 48 24 30 29 5 10 28 11 14 23 0 21 58 19 34 12 47 10 16 11 21 14 18 20 40 18 1 25 55 29 31 27 25 21 52 19 12 11 2 22 49 23 27 21 37 27 35 26 29 18 26 30 3 11 8 12 20 21 
63: 5 19 4 27 44 23 31 28 20 16 3 18 56 14 37 16 23 16 15 15 41 26 32 10 9 20 12 27 1 10 54 14 34 28 42 30 18 15 13 17 28 37 27 33 27 29 22 19 25 2 14 18 22 6 15 26 13 13 20 28 15 52 23 5 22 3 24 49 24 27 20 10 13 16 18 50 17 51 28 57 19 58 20 48 24 31 16 1 11 53 29 59 14 34 25 32 29 38 13 18 23 25 45 24 15 10 0 23 28 15 56 14 24 15 29 21 16 16 44 13 42 29 38 28 30 25 52 13 17 30 31 11 1 17 26 15 59 18 37 20 35 19 58 25 41 17 57 17 36 13 2 28 55 20 39 26 51 14 19 20 22 11 12 21 47 23 27 15 34 21 54 23 6 13 11 1 10 42 13 9 27 47 14 24 13 58 22 46 16 29 19 33 12 40 24 32 24 4 10 20 13 24 49 22 30 24 
78: 5 26 41 16 23 26 50 18 19 24 38 23 5 15 56 12 59 19 21 14 44 13 45 20 4 17 24 26 26 25 37 23 27 23 31 19 10 18 32 13 18 17 54 13 14 27 16 23 48 19 2 18 52 21 20 22 20 48 28 10 26 18 28 40 19 28 28 50 20 35 21 49 18 19 24 54 10 45 28 1 10 2 10 31 21 14 20 33 25 11 26 43 22 21 12 22 37 16 40 24 56 23 52 23 49 29 9 15 0 21 55 10 46 27 36 13 58 23 22 21 19 23 4 13 13 14 57 28 23 20 3 18 45 20 53 11 30 26 16 26 50 13 19 36 29 7 22 35 25 8 21 52 13 14 19 19 22 59 12 42 29 33 11 41 18 2 11 22 21 5 10 4 20 20 22 21 26 54 27 30 21 44 28 58 27 53 18 57 26 51 12 6 23 12 20 37 21 28 25 1 27 49 12 55 19 40 15 46 20 25 30 48 15 34 27 15 12 45 12 31 22 16 11 3 13 47 11 32 19 43 20 0 12 27 17 29 27 18 23 39 18 8 19 15 42 28 51 17 5 25 39 25 29 13 31 24 18 29 
95: 5 28 58 16 1 20 32 20 4 25 51 20 54 25 7 21 23 24 21 20 59 12 47 25 20 27 29 29 27 15 35 24 36 16 5 15 24 20 18 29 17 24 9 23 49 28 38 12 52 14 10 20 42 25 55 21 46 20 48 47 29 14 13 21 13 25 27 12 11 3 12 8 28 46 15 51 28 35 21 50 26 13 23 57 19 2 15 54 17 18 14 37 17 48 11 15 14 27 22 24 19 45 30 9 24 4 15 5 29 29 23 1 27 38 24 55 18 30 13 7 13 16 13 33 15 6 13 49 28 42 23 28 26 20 14 59 30 31 24 52 15 22 24 10 20 58 23 17 18 23 29 40 13 41 29 26 8 23 35 17 34 15 52 28 43 14 14 22 45 12 33 21 13 14 19 25 55 17 29 23 36 19 57 30 47 12 44 17 5 26 58 26 7 12 42 29 6 13 15 13 39 29 37 14 38 17 31 19 31 52 30 25 19 21 13 31 20 12 18 38 16 45 17 1 24 5 28 18 19 28 28 49 15 35 26 23 25 22 18 27 13 14 30 20 14 15 15 40 19 55 21 11 28 51 29 39 16 32 19 44 12 54 11 37 17 16 17 57 16 58 24 20 31 29 8 13 58 16 19 24 51 13 7 12 50 23 48 14 1 26 6 29 59 29 37 22 25 13 45 28 33 23 18 30 12 13 5 26 35 23 42 17 

# Cancelled Jobs (cancel_time initial_job_sim_idx_to_cancel)
Cancelled Jobs
9 2

# ETPC Constraints (fore_job_sim_idx fore_op_idx hind_job_sim_idx hind_op_idx time_lapse)
ETPC Constraints
4 4 11 0 18
14 4 9 1 10
4 0 6 0 11
11 3 3 0 6
0 2 3 2 20
6 4 0 4 15
4 1 14 3 10
7 4 13 3 12
0 3 5 3 13
0 3 10 1 4
4 0 9 3 15
12 1 8 4 19
9 4 6 0 8
0 0 8 4 13
10 4 7 0 6
9 1 7 2 3
4 2 11 1 4
8 4 0 4 9
6 4 2 1 10
11 0 9 0 8
3 2 2 2 8
