10 60
5 4 0 14 1 23 2 22 3 27 40 4 24 5 19 6 24 7 18 8 25 9 14 10 17 11 15 16 30 17 30 18 17 19 19 20 27 21 12 22 15 23 29 24 10 25 24 26 21 27 20 32 27 33 17 34 24 35 14 40 23 41 28 42 30 43 21 44 24 45 15 46 12 47 29 48 10 49 16 50 22 51 20 52 24 53 21 54 15 55 24 20 8 28 9 12 10 24 11 29 12 23 13 18 14 18 15 17 24 12 25 21 26 28 27 28 36 15 37 28 38 22 39 13 48 15 49 19 50 24 51 17 28 4 19 5 28 6 25 7 18 12 11 13 21 14 12 15 10 20 20 21 12 22 15 23 22 24 15 25 20 26 23 27 14 28 19 29 18 30 10 31 19 32 15 33 24 34 19 35 20 52 21 53 11 54 29 55 28 4 56 22 57 28 58 18 59 18 
5 4 0 18 1 10 2 18 3 27 16 4 22 5 24 6 29 7 21 32 25 33 15 34 17 35 11 40 20 41 22 42 13 43 25 44 28 45 13 46 11 47 25 12 12 24 13 29 14 30 15 22 28 20 29 11 30 22 31 21 44 11 45 17 46 16 47 13 4 40 21 41 17 42 10 43 13 4 56 27 57 16 58 17 59 15 
5 4 0 22 1 10 2 15 3 28 48 4 24 5 20 6 11 7 11 8 12 9 22 10 13 11 14 12 25 13 19 14 27 15 22 16 30 17 19 18 29 19 21 20 27 21 11 22 18 23 30 24 21 25 11 26 18 27 15 28 10 29 20 30 15 31 11 36 19 37 14 38 17 39 20 40 15 41 18 42 13 43 13 44 18 45 19 46 22 47 12 48 29 49 27 50 16 51 10 52 24 53 15 54 20 55 24 20 24 27 25 18 26 29 27 29 28 22 29 10 30 26 31 29 36 17 37 21 38 17 39 16 48 27 49 12 50 13 51 25 52 24 53 25 54 10 55 14 48 4 29 5 26 6 18 7 24 8 23 9 11 10 20 11 26 12 16 13 17 14 26 15 19 16 14 17 25 18 16 19 27 24 28 25 11 26 18 27 15 28 28 29 24 30 10 31 15 32 22 33 29 34 21 35 21 36 20 37 17 38 28 39 21 40 20 41 26 42 17 43 28 44 17 45 20 46 23 47 15 48 27 49 25 50 11 51 22 52 21 53 27 54 10 55 15 4 56 10 57 30 58 28 59 16 
5 4 0 12 1 21 2 12 3 14 52 4 12 5 18 6 30 7 17 8 25 9 24 10 22 11 10 12 26 13 26 14 24 15 23 16 12 17 21 18 21 19 14 20 29 21 21 22 21 23 22 24 25 25 12 26 17 27 30 28 21 29 19 30 29 31 19 32 14 33 28 34 20 35 15 36 26 37 28 38 24 39 15 40 24 41 26 42 24 43 29 44 29 45 27 46 20 47 24 48 14 49 18 50 27 51 14 52 30 53 16 54 24 55 28 4 12 15 13 11 14 21 15 12 44 4 17 5 11 6 11 7 10 12 20 13 29 14 29 15 17 16 16 17 21 18 21 19 20 20 28 21 11 22 22 23 26 24 15 25 10 26 10 27 20 28 19 29 26 30 11 31 27 36 13 37 14 38 25 39 19 40 17 41 18 42 30 43 17 44 21 45 11 46 28 47 22 48 27 49 16 50 25 51 12 52 13 53 28 54 14 55 29 4 56 28 57 23 58 20 59 10 
5 4 0 22 1 16 2 26 3 24 52 4 22 5 24 6 16 7 11 8 18 9 29 10 14 11 11 12 25 13 21 14 14 15 17 16 18 17 12 18 21 19 25 20 26 21 16 22 17 23 25 24 13 25 15 26 27 27 27 28 30 29 11 30 24 31 15 32 30 33 26 34 27 35 16 36 30 37 17 38 26 39 13 40 14 41 11 42 22 43 28 44 26 45 30 46 28 47 12 48 23 49 30 50 27 51 26 52 13 53 26 54 30 55 22 24 20 18 21 30 22 24 23 26 24 10 25 30 26 10 27 27 28 10 29 14 30 21 31 21 32 21 33 13 34 27 35 26 40 14 41 26 42 24 43 28 48 28 49 24 50 17 51 21 16 16 22 17 14 18 16 19 19 28 11 29 27 30 23 31 17 32 23 33 16 34 17 35 18 44 14 45 17 46 23 47 23 4 56 18 57 23 58 21 59 16 
5 4 0 25 1 14 2 22 3 10 8 12 27 13 24 14 26 15 23 24 30 25 11 26 18 27 23 32 4 15 5 12 6 22 7 10 8 15 9 16 10 17 11 19 20 23 21 19 22 10 23 17 24 18 25 10 26 18 27 20 28 22 29 28 30 19 31 16 44 21 45 21 46 26 47 15 48 25 49 25 50 27 51 12 52 26 53 22 54 11 55 10 12 4 27 5 27 6 14 7 25 40 25 41 18 42 28 43 10 48 11 49 14 50 20 51 17 4 56 18 57 30 58 16 59 16 
5 4 0 16 1 16 2 29 3 14 8 40 14 41 28 42 19 43 24 48 21 49 28 50 14 51 30 48 4 10 5 18 6 21 7 18 8 24 9 29 10 17 11 11 12 14 13 18 14 17 15 16 16 23 17 30 18 27 19 30 24 23 25 21 26 12 27 28 28 20 29 18 30 13 31 29 32 10 33 12 34 17 35 18 36 25 37 19 38 18 39 17 40 25 41 11 42 10 43 27 44 26 45 12 46 26 47 16 48 13 49 26 50 15 51 18 52 27 53 15 54 20 55 25 48 4 22 5 28 6 27 7 17 8 10 9 21 10 13 11 22 12 17 13 18 14 22 15 28 20 24 21 22 22 12 23 26 24 10 25 23 26 28 27 29 28 13 29 25 30 20 31 22 32 24 33 26 34 21 35 29 36 21 37 21 38 19 39 13 40 16 41 10 42 13 43 26 44 24 45 22 46 27 47 10 48 18 49 19 50 23 51 27 52 30 53 23 54 12 55 15 4 56 23 57 18 58 17 59 18 
5 4 0 22 1 18 2 26 3 21 12 4 16 5 12 6 27 7 16 28 17 29 30 30 18 31 17 40 16 41 21 42 30 43 28 48 8 19 9 29 10 19 11 25 12 27 13 23 14 15 15 11 16 30 17 17 18 11 19 15 20 18 21 26 22 17 23 11 24 22 25 14 26 18 27 15 28 10 29 12 30 20 31 30 32 27 33 21 34 19 35 19 36 19 37 21 38 10 39 10 40 23 41 12 42 20 43 24 44 13 45 28 46 22 47 21 48 24 49 27 50 22 51 19 52 15 53 28 54 17 55 18 36 8 20 9 16 10 25 11 30 12 16 13 16 14 30 15 16 16 26 17 23 18 18 19 15 28 24 29 12 30 22 31 10 32 21 33 10 34 10 35 10 36 19 37 21 38 12 39 12 40 20 41 20 42 21 43 16 44 24 45 26 46 29 47 21 52 24 53 30 54 24 55 11 4 56 18 57 18 58 19 59 24 
5 4 0 13 1 27 2 30 3 27 48 4 23 5 30 6 26 7 10 8 26 9 19 10 21 11 30 12 26 13 23 14 22 15 14 20 29 21 16 22 14 23 18 24 18 25 12 26 17 27 18 28 17 29 14 30 19 31 14 32 14 33 13 34 30 35 20 36 13 37 30 38 11 39 14 40 24 41 15 42 15 43 30 44 14 45 19 46 26 47 22 48 27 49 25 50 27 51 16 52 30 53 30 54 22 55 20 52 4 23 5 11 6 29 7 13 8 21 9 14 10 28 11 21 12 26 13 21 14 11 15 20 16 30 17 29 18 30 19 20 20 10 21 24 22 22 23 21 24 12 25 23 26 20 27 10 28 27 29 27 30 13 31 21 32 21 33 21 34 18 35 22 36 20 37 15 38 23 39 29 40 14 41 29 42 29 43 27 44 29 45 25 46 27 47 15 48 21 49 13 50 12 51 13 52 19 53 27 54 12 55 14 16 8 23 9 27 10 22 11 15 12 22 13 13 14 16 15 19 20 25 21 11 22 13 23 21 48 21 49 21 50 23 51 29 4 56 13 57 16 58 22 59 30 
5 4 0 11 1 22 2 10 3 19 40 8 19 9 17 10 16 11 20 12 27 13 22 14 15 15 18 16 30 17 13 18 24 19 23 20 21 21 28 22 19 23 12 28 11 29 29 30 16 31 14 32 26 33 25 34 11 35 20 40 12 41 23 42 15 43 22 44 30 45 17 46 21 47 26 48 21 49 29 50 17 51 12 52 17 53 13 54 27 55 23 16 12 29 13 12 14 24 15 20 16 10 17 18 18 18 19 13 24 24 25 10 26 29 27 21 32 14 33 14 34 10 35 19 48 4 21 5 10 6 10 7 14 8 29 9 18 10 24 11 10 12 13 13 12 14 30 15 17 16 26 17 14 18 12 19 27 20 28 21 21 22 21 23 21 24 29 25 12 26 30 27 11 28 23 29 14 30 11 31 11 32 14 33 28 34 13 35 26 40 25 41 14 42 10 43 11 44 14 45 16 46 21 47 20 48 18 49 15 50 21 51 14 52 30 53 21 54 21 55 23 4 56 16 57 16 58 18 59 27 

Dynamic Events

# Machine Breakdowns (machine_id start_time end_time)
Machine Breakdowns
1 150 159
2 79 91
7 98 110
17 247 261
18 23 37
32 54 63
33 23 36
35 129 140
39 152 162
40 23 35
50 280 292
51 139 153
53 72 83

# Added Jobs (arrival_time: num_ops num_alts_op1 m1 p1 ... num_alts_op2 m1 p1 ...)
Added Jobs
23: 5 34 14 19 9 14 44 23 25 20 54 14 16 12 36 20 20 13 26 28 24 20 15 10 13 22 32 10 38 21 34 20 12 14 46 22 51 29 42 30 28 21 4 22 33 17 48 23 41 28 40 15 39 23 7 13 5 22 21 23 57 29 6 29 49 22 50 25 11 18 43 1 13 31 20 25 22 32 20 35 16 18 11 53 11 13 19 11 11 38 11 33 27 48 18 12 12 57 18 43 17 17 26 26 14 6 22 46 13 0 13 22 14 23 24 27 26 2 21 51 15 10 25 21 20 59 26 39 10 56 21 24 20 58 26 50 21 54 19 19 27 41 17 29 15 42 22 30 19 40 19 20 17 8 24 7 23 38 0 12 50 22 59 11 23 24 14 23 48 20 18 19 33 27 26 25 31 16 57 16 27 19 21 27 13 11 40 13 39 17 41 17 8 22 37 27 46 15 35 19 11 16 52 29 9 18 42 12 38 23 3 12 43 23 45 13 34 10 2 19 30 21 58 21 29 18 10 16 1 22 36 23 12 23 31 46 22 6 23 26 11 43 12 55 17 19 25 1 17 29 19 47 11 17 15 8 21 38 27 20 22 41 23 39 28 40 20 21 30 4 20 27 11 45 16 28 10 37 19 44 16 15 24 36 24 24 26 12 25 42 10 34 26 56 19 13 28 24 51 12 35 26 59 23 33 23 27 21 17 28 11 23 16 10 39 19 30 21 47 10 53 19 50 12 32 20 38 26 44 14 36 16 10 21 52 21 58 24 37 28 18 26 13 19 55 12 
61: 5 38 56 24 2 19 50 18 5 22 45 25 13 11 36 22 6 22 10 27 46 18 52 18 41 25 23 19 58 25 12 11 14 13 22 23 39 19 11 12 28 26 16 20 57 24 7 16 9 11 51 28 38 25 47 23 42 17 31 18 4 27 48 23 21 15 15 12 20 27 55 29 43 22 26 26 59 30 22 4 10 57 16 41 28 6 28 5 30 51 20 28 17 16 25 55 23 3 19 45 24 18 11 32 13 48 23 42 16 17 26 12 18 44 25 23 22 33 12 0 19 46 16 18 32 23 15 20 30 26 14 15 57 24 47 27 4 22 13 25 20 19 18 25 52 19 6 12 56 18 10 16 48 16 11 29 50 11 49 26 10 16 25 41 23 38 25 39 29 37 15 27 26 20 23 21 17 49 13 36 19 50 57 17 48 17 20 10 19 24 4 16 16 28 11 23 44 16 17 12 59 29 9 15 13 23 25 20 7 22 51 30 45 20 37 20 6 30 18 16 35 24 31 15 49 28 3 23 41 16 24 20 26 16 38 14 39 27 14 16 53 13 29 21 40 23 15 21 0 23 10 26 5 16 54 27 8 11 34 19 55 18 36 14 50 23 32 13 27 17 2 10 47 11 52 15 22 13 12 19 28 30 
65: 5 50 40 17 24 26 3 22 47 13 46 20 58 24 51 12 37 24 56 16 8 13 30 10 33 18 48 16 28 15 18 29 41 13 2 20 12 17 14 30 27 27 43 15 38 19 19 28 5 15 42 11 0 13 6 21 13 29 31 26 11 19 32 16 20 25 10 18 49 14 21 12 7 10 15 28 52 18 17 13 55 10 50 27 59 28 23 14 9 20 22 10 36 14 44 26 35 10 45 14 26 16 36 21 14 55 23 44 14 30 15 48 26 10 22 56 18 35 28 24 23 27 28 53 23 34 24 28 29 52 25 18 26 0 11 19 28 6 28 58 20 39 10 1 16 25 11 7 14 40 21 12 27 36 13 32 26 46 29 13 26 2 25 23 22 31 19 38 23 3 24 59 28 14 26 29 22 16 53 26 17 30 24 19 46 21 9 19 38 21 42 15 33 20 59 11 0 14 32 13 29 14 4 12 15 25 34 29 23 24 21 13 41 18 14 26 18 20 50 24 27 19 40 20 25 18 45 21 26 14 16 27 37 19 39 15 23 28 17 29 26 19 22 11 13 23 18 7 14 40 15 16 24 52 30 46 29 48 11 9 17 39 20 27 28 18 19 36 30 50 16 31 27 25 18 24 20 59 26 38 14 3 17 51 11 35 15 17 20 56 15 14 29 2 18 47 16 45 23 21 16 22 22 53 14 5 29 0 15 12 21 33 14 44 34 23 58 28 57 29 50 21 35 16 3 24 45 18 51 17 53 20 15 10 13 17 29 24 52 18 8 24 1 23 33 27 47 29 36 19 9 28 6 28 0 19 42 29 38 14 18 27 40 22 21 27 12 23 54 15 16 26 20 22 5 14 56 24 17 27 49 30 55 22 39 28 31 23 41 19 11 17 43 23 25 21 19 20 7 13 10 15 
101: 5 33 39 13 35 29 53 19 18 25 55 24 8 18 36 16 1 20 58 19 15 11 47 20 20 28 13 25 0 20 59 16 4 10 56 23 57 16 25 16 7 21 24 28 19 24 46 23 44 24 26 23 41 11 37 21 23 13 51 16 14 27 32 26 11 29 50 21 34 13 18 29 30 47 20 7 13 40 20 0 23 42 17 25 13 43 21 4 19 45 29 15 26 35 23 2 28 52 28 48 14 19 23 14 29 8 10 26 30 1 15 39 14 28 29 44 21 11 12 27 26 55 14 32 13 36 28 31 18 38 21 33 11 56 13 59 23 49 13 21 46 11 5 16 2 12 20 27 44 19 43 20 28 26 54 22 50 14 34 20 26 27 31 28 4 12 53 30 59 10 9 17 35 25 39 16 30 12 57 26 29 16 27 11 10 15 42 26 23 26 49 16 58 18 32 10 56 26 18 30 15 14 36 16 3 18 38 13 45 30 0 24 16 20 1 11 14 23 55 13 48 21 12 29 47 11 51 11 52 20 37 25 19 25 41 14 36 47 28 39 28 44 14 7 15 40 15 25 19 9 25 46 20 13 15 37 30 49 28 29 25 16 12 20 20 23 13 18 17 57 24 0 13 55 24 14 30 17 29 30 20 54 18 4 16 6 17 1 21 36 15 59 14 51 29 22 15 41 20 5 29 38 21 50 19 10 24 8 27 17 58 17 22 13 43 22 0 25 20 16 15 20 14 23 56 17 37 29 6 30 17 23 33 23 42 22 45 26 7 20 26 28 29 17 
111: 5 41 44 27 5 28 49 15 2 19 12 25 42 13 45 16 22 24 56 21 43 27 24 26 1 14 35 24 46 27 50 21 23 14 48 28 53 12 11 14 7 12 26 17 38 26 17 24 57 25 28 30 18 25 59 13 3 13 27 21 16 19 31 19 4 28 33 12 55 24 30 27 9 29 58 22 0 14 40 24 10 14 32 15 36 12 29 26 23 55 24 39 11 10 28 59 19 48 28 4 10 32 25 22 20 57 25 2 11 50 16 18 19 37 16 6 27 11 11 36 15 7 18 46 26 24 29 31 26 1 15 47 25 28 20 44 23 38 25 0 20 14 30 23 20 52 14 43 10 25 15 13 22 41 20 9 21 21 30 19 8 23 39 17 27 30 33 14 41 15 35 24 20 21 24 15 57 20 18 23 54 26 3 26 12 28 17 14 1 20 52 13 6 15 15 10 46 24 42 25 37 45 29 34 11 50 20 49 19 26 11 9 26 53 15 20 23 42 29 32 15 0 20 36 15 44 19 41 28 39 17 25 19 6 11 35 25 1 16 30 15 46 23 57 30 47 20 22 13 59 29 4 18 15 17 37 26 3 14 27 22 31 29 11 27 24 23 2 15 23 14 17 30 56 14 43 59 10 12 27 48 28 18 17 54 30 31 20 26 22 25 14 47 15 11 29 30 21 53 22 16 28 42 24 43 24 13 13 55 13 15 19 27 21 22 18 58 27 50 19 8 16 23 28 3 19 37 23 19 20 32 19 9 12 57 23 34 27 35 19 52 23 51 27 49 21 1 21 24 28 14 23 45 20 0 17 4 19 10 14 2 25 

# Cancelled Jobs (cancel_time initial_job_sim_idx_to_cancel)
Cancelled Jobs
72 0

# ETPC Constraints (fore_job_sim_idx fore_op_idx hind_job_sim_idx hind_op_idx time_lapse)
ETPC Constraints
11 2 4 4 16
4 4 11 0 19
5 3 13 2 13
10 4 6 2 8
3 3 2 1 15
7 4 14 2 11
6 4 5 0 12
8 4 2 3 15
12 4 8 4 11
4 0 5 1 5
13 1 12 3 18
7 2 10 4 15
10 3 12 4 4
6 0 12 0 7
6 1 2 4 19
10 0 3 0 5
0 0 4 1 13
0 3 8 0 14
4 3 0 4 5
9 3 11 4 3
12 0 2 3 7
