50 40
5 4 0 27 1 27 2 13 3 11 24 4 11 5 15 6 11 7 27 8 16 9 23 10 11 11 27 16 11 17 29 18 19 19 27 20 11 21 18 22 14 23 16 28 15 29 20 30 27 31 13 32 21 33 29 34 29 35 22 12 20 23 21 14 22 12 23 23 24 22 25 10 26 29 27 24 32 13 33 15 34 29 35 15 16 4 22 5 18 6 28 7 12 16 10 17 13 18 16 19 24 20 24 21 12 22 10 23 16 32 18 33 14 34 16 35 27 4 36 14 37 27 38 30 39 14 
5 4 0 26 1 17 2 17 3 23 4 4 17 5 21 6 20 7 30 28 4 11 5 12 6 17 7 25 8 11 9 16 10 24 11 25 12 20 13 16 14 14 15 26 20 21 21 24 22 26 23 11 24 25 25 27 26 16 27 22 28 15 29 15 30 22 31 26 32 25 33 14 34 15 35 10 4 12 11 13 26 14 21 15 15 4 36 12 37 13 38 19 39 13 
5 4 0 10 1 21 2 21 3 11 4 24 27 25 24 26 15 27 11 16 8 17 9 27 10 24 11 24 24 19 25 19 26 23 27 29 28 14 29 25 30 13 31 17 32 12 33 24 34 25 35 23 28 4 10 5 24 6 10 7 28 12 16 13 17 14 30 15 18 16 22 17 23 18 21 19 22 20 28 21 20 22 21 23 16 24 18 25 10 26 30 27 20 28 24 29 26 30 23 31 17 32 28 33 29 34 24 35 15 4 36 12 37 14 38 13 39 14 
5 4 0 14 1 23 2 13 3 12 8 12 21 13 19 14 28 15 23 32 13 33 12 34 30 35 20 28 4 14 5 25 6 29 7 22 8 29 9 18 10 24 11 16 12 27 13 30 14 14 15 10 16 23 17 24 18 17 19 19 24 11 25 30 26 11 27 16 28 14 29 21 30 25 31 16 32 11 33 15 34 22 35 21 24 4 23 5 11 6 11 7 18 8 26 9 17 10 19 11 25 20 24 21 23 22 10 23 14 24 14 25 15 26 21 27 13 28 24 29 13 30 24 31 13 32 30 33 12 34 23 35 30 4 36 14 37 28 38 12 39 11 
5 4 0 21 1 16 2 19 3 15 20 4 19 5 17 6 12 7 15 8 28 9 30 10 16 11 15 16 24 17 25 18 10 19 23 24 19 25 12 26 10 27 16 32 24 33 20 34 17 35 25 16 8 28 9 14 10 30 11 22 12 30 13 18 14 18 15 23 28 22 29 13 30 15 31 26 32 15 33 22 34 15 35 18 12 4 24 5 17 6 25 7 18 12 10 13 25 14 30 15 16 28 17 29 15 30 16 31 15 4 36 22 37 20 38 21 39 22 
5 4 0 24 1 30 2 13 3 25 20 4 16 5 26 6 24 7 16 8 26 9 15 10 25 11 15 12 19 13 29 14 30 15 23 16 25 17 10 18 29 19 17 20 18 21 17 22 20 23 24 28 4 28 5 23 6 23 7 23 8 18 9 10 10 10 11 11 12 26 13 20 14 19 15 10 20 17 21 24 22 12 23 13 24 10 25 20 26 22 27 20 28 28 29 19 30 25 31 20 32 26 33 14 34 23 35 28 24 4 16 5 11 6 24 7 22 8 17 9 18 10 24 11 25 12 12 13 18 14 13 15 21 16 29 17 17 18 24 19 11 28 20 29 23 30 30 31 30 32 24 33 21 34 15 35 21 4 36 20 37 12 38 21 39 12 
5 4 0 13 1 25 2 18 3 15 8 4 21 5 11 6 28 7 18 28 19 29 10 30 17 31 15 12 8 14 9 25 10 12 11 13 24 13 25 19 26 27 27 14 32 26 33 24 34 12 35 22 32 4 28 5 14 6 10 7 17 8 25 9 13 10 27 11 14 12 16 13 16 14 21 15 19 16 18 17 13 18 13 19 20 20 20 21 28 22 11 23 28 24 27 25 12 26 10 27 11 28 30 29 21 30 23 31 12 32 14 33 25 34 15 35 24 4 36 24 37 23 38 11 39 12 
5 4 0 22 1 14 2 15 3 24 32 4 14 5 18 6 26 7 26 8 17 9 24 10 24 11 23 12 20 13 21 14 24 15 22 16 23 17 26 18 18 19 22 20 27 21 10 22 18 23 19 24 29 25 27 26 23 27 18 28 14 29 22 30 12 31 18 32 10 33 24 34 30 35 15 4 8 20 9 26 10 24 11 13 24 4 16 5 10 6 14 7 27 12 22 13 10 14 20 15 13 16 27 17 12 18 12 19 25 20 14 21 12 22 24 23 21 24 25 25 18 26 24 27 15 32 22 33 23 34 21 35 26 4 36 24 37 14 38 12 39 24 
5 4 0 19 1 30 2 24 3 18 24 4 11 5 12 6 17 7 11 8 25 9 19 10 30 11 30 16 10 17 16 18 18 19 27 20 18 21 13 22 16 23 16 24 26 25 12 26 17 27 18 28 10 29 11 30 29 31 29 32 4 18 5 19 6 23 7 17 8 14 9 29 10 16 11 29 12 15 13 12 14 23 15 15 16 17 17 12 18 20 19 29 20 30 21 16 22 25 23 18 24 26 25 28 26 27 27 26 28 24 29 21 30 26 31 30 32 23 33 13 34 28 35 19 20 4 22 5 24 6 19 7 10 8 26 9 21 10 24 11 29 24 18 25 24 26 22 27 19 28 29 29 22 30 27 31 12 32 16 33 26 34 29 35 28 4 36 26 37 17 38 29 39 18 
5 4 0 16 1 22 2 13 3 23 28 4 22 5 27 6 19 7 23 8 27 9 25 10 16 11 30 12 19 13 18 14 17 15 19 16 10 17 30 18 10 19 15 20 21 21 28 22 12 23 27 24 22 25 13 26 16 27 21 28 13 29 25 30 19 31 11 20 4 12 5 12 6 23 7 24 8 27 9 27 10 17 11 19 12 15 13 15 14 13 15 27 16 14 17 12 18 14 19 21 20 15 21 12 22 27 23 13 24 4 16 5 15 6 25 7 18 8 28 9 20 10 13 11 24 16 13 17 20 18 12 19 21 24 17 25 13 26 19 27 24 28 10 29 13 30 16 31 12 32 20 33 21 34 25 35 21 4 36 15 37 25 38 23 39 17 
5 4 0 22 1 22 2 23 3 20 12 16 23 17 30 18 18 19 17 20 20 21 27 22 20 23 11 28 21 29 16 30 30 31 21 8 4 27 5 14 6 26 7 15 32 21 33 11 34 15 35 25 16 4 23 5 12 6 17 7 14 8 22 9 22 10 16 11 21 12 14 13 13 14 22 15 30 32 12 33 30 34 16 35 12 4 36 24 37 23 38 11 39 26 
5 4 0 24 1 26 2 12 3 13 16 12 19 13 11 14 28 15 17 16 15 17 24 18 20 19 30 20 19 21 17 22 21 23 12 24 28 25 19 26 20 27 14 20 4 25 5 16 6 26 7 13 8 17 9 22 10 26 11 29 24 12 25 14 26 24 27 18 28 29 29 20 30 17 31 23 32 13 33 17 34 25 35 12 32 4 17 5 12 6 26 7 11 8 18 9 10 10 15 11 24 12 30 13 30 14 16 15 21 16 15 17 13 18 26 19 14 20 20 21 13 22 15 23 30 24 29 25 23 26 17 27 29 28 19 29 26 30 26 31 10 32 27 33 17 34 15 35 13 4 36 13 37 19 38 19 39 22 
5 4 0 29 1 22 2 20 3 24 16 4 22 5 27 6 23 7 13 12 20 13 27 14 28 15 15 20 24 21 13 22 28 23 26 32 13 33 23 34 26 35 22 28 4 29 5 12 6 29 7 13 8 16 9 25 10 20 11 10 12 14 13 10 14 13 15 28 16 22 17 19 18 16 19 11 20 19 21 10 22 10 23 24 24 30 25 28 26 19 27 27 28 23 29 25 30 18 31 20 28 4 15 5 11 6 15 7 23 8 20 9 28 10 21 11 27 16 11 17 28 18 20 19 11 20 29 21 28 22 26 23 18 24 25 25 26 26 26 27 30 28 11 29 27 30 29 31 12 32 24 33 27 34 24 35 25 4 36 28 37 23 38 14 39 12 
5 4 0 27 1 19 2 25 3 25 4 4 30 5 18 6 13 7 29 24 4 27 5 25 6 14 7 18 8 20 9 10 10 22 11 27 20 24 21 24 22 23 23 11 24 25 25 25 26 27 27 17 28 26 29 14 30 19 31 15 32 19 33 11 34 29 35 17 12 12 25 13 13 14 18 15 20 28 27 29 22 30 16 31 25 32 17 33 22 34 23 35 24 4 36 17 37 28 38 10 39 10 
5 4 0 26 1 27 2 12 3 18 16 4 14 5 24 6 20 7 23 12 15 13 16 14 22 15 23 16 22 17 24 18 26 19 20 32 11 33 19 34 12 35 28 8 20 24 21 28 22 16 23 14 28 13 29 30 30 25 31 11 20 4 18 5 15 6 18 7 19 12 20 13 10 14 25 15 20 16 27 17 29 18 13 19 19 24 10 25 13 26 20 27 25 32 15 33 12 34 25 35 11 4 36 14 37 20 38 20 39 21 
5 4 0 13 1 29 2 13 3 28 20 8 11 9 29 10 26 11 29 12 16 13 12 14 18 15 18 16 30 17 30 18 20 19 24 20 12 21 22 22 20 23 12 32 11 33 26 34 11 35 14 32 4 11 5 18 6 22 7 23 8 18 9 17 10 19 11 14 12 27 13 17 14 25 15 24 16 19 17 14 18 14 19 21 20 25 21 15 22 13 23 10 24 27 25 21 26 10 27 25 28 25 29 16 30 12 31 10 32 28 33 12 34 14 35 22 16 16 22 17 28 18 24 19 30 20 12 21 13 22 20 23 24 24 18 25 24 26 12 27 21 32 27 33 17 34 28 35 19 4 36 17 37 22 38 29 39 13 
5 4 0 25 1 30 2 16 3 13 12 8 20 9 14 10 17 11 25 16 28 17 20 18 18 19 13 32 20 33 14 34 26 35 19 4 32 16 33 18 34 16 35 17 8 8 30 9 20 10 19 11 10 20 12 21 26 22 22 23 27 4 36 19 37 26 38 24 39 27 
5 4 0 30 1 15 2 28 3 27 16 4 17 5 11 6 25 7 25 8 28 9 19 10 14 11 12 16 11 17 17 18 14 19 18 32 21 33 29 34 15 35 23 24 8 27 9 28 10 25 11 10 12 29 13 29 14 14 15 18 16 24 17 28 18 21 19 18 24 25 25 17 26 29 27 13 28 27 29 28 30 27 31 22 32 30 33 24 34 24 35 12 24 4 30 5 18 6 18 7 22 8 19 9 28 10 11 11 11 12 25 13 27 14 11 15 15 16 15 17 10 18 16 19 27 28 24 29 24 30 15 31 27 32 28 33 16 34 17 35 16 4 36 23 37 14 38 13 39 24 
5 4 0 22 1 29 2 10 3 14 24 4 16 5 10 6 17 7 22 12 19 13 22 14 29 15 19 16 19 17 18 18 26 19 25 24 11 25 28 26 13 27 23 28 29 29 14 30 20 31 10 32 15 33 12 34 16 35 16 20 4 18 5 14 6 16 7 29 12 12 13 17 14 21 15 21 20 15 21 20 22 19 23 13 28 30 29 20 30 15 31 18 32 18 33 14 34 12 35 24 20 4 25 5 11 6 20 7 12 8 25 9 14 10 27 11 28 20 27 21 22 22 28 23 22 24 20 25 19 26 16 27 20 32 22 33 18 34 15 35 11 4 36 27 37 20 38 25 39 13 
5 4 0 14 1 18 2 20 3 27 4 32 10 33 25 34 27 35 20 16 8 22 9 17 10 30 11 16 16 18 17 18 18 25 19 24 20 13 21 25 22 23 23 29 32 29 33 22 34 17 35 21 28 4 14 5 10 6 20 7 10 8 12 9 12 10 20 11 13 12 30 13 15 14 24 15 16 16 20 17 28 18 18 19 25 20 14 21 16 22 25 23 10 28 26 29 30 30 25 31 18 32 23 33 23 34 17 35 11 4 36 13 37 22 38 14 39 23 
5 4 0 25 1 25 2 13 3 28 32 4 17 5 11 6 21 7 20 8 20 9 27 10 20 11 28 12 23 13 21 14 30 15 22 16 13 17 28 18 13 19 13 20 10 21 12 22 26 23 30 24 11 25 25 26 21 27 29 28 12 29 10 30 16 31 25 32 15 33 21 34 14 35 30 12 8 12 9 10 10 15 11 25 28 16 29 12 30 12 31 11 32 28 33 10 34 29 35 23 20 8 14 9 14 10 14 11 12 16 25 17 24 18 15 19 14 20 24 21 13 22 26 23 25 28 13 29 23 30 22 31 19 32 24 33 21 34 10 35 23 4 36 15 37 24 38 30 39 29 
5 4 0 24 1 27 2 30 3 14 16 4 21 5 17 6 29 7 18 16 17 17 16 18 21 19 15 28 15 29 25 30 15 31 16 32 29 33 27 34 11 35 12 4 20 13 21 29 22 16 23 15 8 20 30 21 14 22 30 23 11 32 22 33 24 34 11 35 23 4 36 28 37 23 38 18 39 12 
5 4 0 16 1 29 2 16 3 16 20 4 22 5 18 6 18 7 22 8 29 9 19 10 21 11 22 12 21 13 22 14 12 15 22 20 28 21 15 22 18 23 10 24 27 25 17 26 29 27 28 20 8 20 9 12 10 25 11 16 16 14 17 30 18 22 19 25 20 27 21 28 22 26 23 27 24 11 25 12 26 13 27 15 32 30 33 11 34 25 35 21 12 8 22 9 25 10 19 11 23 16 19 17 24 18 12 19 11 20 10 21 14 22 16 23 28 4 36 18 37 23 38 12 39 11 
5 4 0 21 1 14 2 14 3 24 20 4 28 5 14 6 24 7 15 8 13 9 24 10 19 11 22 20 30 21 20 22 13 23 10 24 22 25 21 26 25 27 14 32 16 33 17 34 21 35 19 28 4 12 5 18 6 17 7 24 8 14 9 12 10 10 11 13 12 19 13 28 14 13 15 14 16 25 17 28 18 19 19 16 20 13 21 17 22 13 23 16 24 19 25 27 26 27 27 11 28 24 29 25 30 20 31 14 12 16 24 17 29 18 23 19 11 24 14 25 30 26 13 27 27 28 28 29 19 30 10 31 13 4 36 29 37 11 38 14 39 26 
5 4 0 18 1 26 2 19 3 27 8 4 22 5 29 6 18 7 27 16 24 17 22 18 22 19 29 8 16 25 17 27 18 28 19 10 32 30 33 28 34 11 35 28 20 4 23 5 22 6 17 7 10 8 23 9 19 10 24 11 23 16 12 17 30 18 26 19 30 24 27 25 22 26 26 27 19 28 30 29 10 30 17 31 10 4 36 25 37 28 38 23 39 14 
5 4 0 29 1 13 2 30 3 12 4 4 21 5 16 6 20 7 26 4 20 30 21 19 22 11 23 25 16 8 11 9 15 10 22 11 22 16 25 17 22 18 24 19 26 24 30 25 25 26 10 27 29 28 10 29 12 30 20 31 22 4 36 12 37 25 38 15 39 25 
5 4 0 14 1 21 2 14 3 29 4 8 17 9 20 10 11 11 19 8 12 21 13 13 14 28 15 12 24 10 25 29 26 29 27 23 24 4 28 5 10 6 20 7 26 8 27 9 10 10 14 11 29 12 24 13 19 14 10 15 14 16 17 17 13 18 11 19 27 20 27 21 21 22 13 23 23 24 23 25 20 26 29 27 12 4 36 24 37 26 38 27 39 17 
5 4 0 17 1 28 2 20 3 17 28 4 18 5 28 6 29 7 28 8 20 9 13 10 11 11 19 12 29 13 16 14 15 15 29 16 24 17 19 18 16 19 28 20 27 21 25 22 17 23 12 28 11 29 15 30 23 31 17 32 27 33 27 34 29 35 29 24 8 16 9 13 10 28 11 22 12 13 13 30 14 10 15 29 20 10 21 12 22 10 23 18 24 22 25 11 26 10 27 28 28 10 29 24 30 15 31 20 32 22 33 12 34 24 35 17 4 24 10 25 27 26 27 27 23 4 36 11 37 23 38 13 39 25 
5 4 0 26 1 30 2 16 3 18 4 4 16 5 15 6 10 7 26 12 16 29 17 25 18 23 19 26 20 18 21 24 22 13 23 20 24 15 25 28 26 28 27 28 24 4 22 5 16 6 22 7 13 8 14 9 16 10 17 11 12 20 14 21 10 22 22 23 20 24 27 25 14 26 26 27 18 28 30 29 15 30 26 31 29 32 30 33 14 34 26 35 26 4 36 16 37 14 38 28 39 11 
5 4 0 27 1 24 2 25 3 28 24 8 29 9 21 10 11 11 29 12 13 13 12 14 17 15 29 16 17 17 12 18 22 19 12 20 30 21 18 22 19 23 10 24 19 25 22 26 27 27 20 32 10 33 22 34 13 35 14 24 4 13 5 22 6 28 7 27 8 22 9 24 10 22 11 24 12 28 13 27 14 20 15 22 16 27 17 25 18 23 19 29 20 11 21 26 22 23 23 29 32 11 33 18 34 17 35 12 8 4 28 5 27 6 30 7 11 32 28 33 30 34 19 35 17 4 36 19 37 20 38 24 39 29 
5 4 0 29 1 11 2 10 3 16 20 8 30 9 24 10 28 11 24 12 28 13 12 14 30 15 10 16 20 17 11 18 28 19 29 28 27 29 13 30 13 31 14 32 21 33 28 34 11 35 11 20 4 13 5 20 6 29 7 20 12 19 13 28 14 20 15 18 24 11 25 20 26 10 27 19 28 11 29 13 30 11 31 17 32 13 33 17 34 17 35 16 4 16 15 17 28 18 23 19 14 4 36 23 37 19 38 18 39 20 
5 4 0 20 1 19 2 10 3 20 8 24 25 25 16 26 17 27 23 28 29 29 11 30 10 31 11 20 4 19 5 21 6 21 7 20 12 18 13 22 14 29 15 29 16 12 17 15 18 30 19 28 20 12 21 20 22 20 23 29 28 29 29 27 30 21 31 28 32 4 20 5 16 6 17 7 30 8 14 9 27 10 17 11 29 12 19 13 25 14 13 15 18 16 18 17 11 18 10 19 22 20 28 21 28 22 10 23 15 24 18 25 17 26 28 27 20 28 11 29 15 30 23 31 26 32 12 33 25 34 13 35 14 4 36 25 37 13 38 15 39 16 
5 4 0 25 1 26 2 11 3 25 12 16 22 17 11 18 23 19 17 20 10 21 20 22 25 23 16 32 27 33 15 34 19 35 12 20 4 21 5 14 6 16 7 30 8 15 9 27 10 23 11 26 12 18 13 17 14 30 15 26 16 16 17 29 18 24 19 28 20 14 21 27 22 24 23 12 20 4 10 5 22 6 16 7 25 8 21 9 26 10 19 11 10 12 30 13 27 14 28 15 24 16 24 17 25 18 27 19 23 28 30 29 18 30 22 31 21 4 36 13 37 20 38 17 39 18 
5 4 0 11 1 23 2 26 3 11 12 12 24 13 30 14 23 15 28 24 27 25 17 26 25 27 18 28 26 29 24 30 17 31 24 20 12 26 13 18 14 22 15 15 16 14 17 26 18 24 19 17 24 26 25 18 26 30 27 17 28 11 29 17 30 30 31 18 32 17 33 29 34 22 35 28 16 12 23 13 27 14 19 15 27 20 27 21 14 22 19 23 17 24 12 25 18 26 17 27 25 32 24 33 19 34 27 35 15 4 36 26 37 18 38 28 39 12 
5 4 0 16 1 12 2 16 3 17 28 4 22 5 20 6 21 7 18 8 17 9 14 10 22 11 17 12 14 13 21 14 22 15 23 16 17 17 30 18 17 19 10 20 27 21 19 22 20 23 18 28 19 29 23 30 22 31 21 32 29 33 19 34 14 35 18 16 4 19 5 26 6 23 7 14 12 26 13 16 14 12 15 18 16 12 17 26 18 28 19 25 24 12 25 18 26 18 27 20 24 4 18 5 30 6 24 7 16 8 22 9 23 10 15 11 10 16 28 17 25 18 24 19 13 20 28 21 25 22 21 23 26 24 25 25 21 26 21 27 12 32 29 33 11 34 27 35 29 4 36 20 37 25 38 13 39 25 
5 4 0 13 1 23 2 30 3 18 24 4 12 5 13 6 29 7 14 12 12 13 25 14 15 15 27 20 16 21 14 22 21 23 26 24 16 25 10 26 22 27 13 28 13 29 13 30 13 31 21 32 16 33 14 34 10 35 15 12 4 28 5 28 6 10 7 26 8 12 9 19 10 12 11 22 16 21 17 30 18 23 19 20 16 4 23 5 21 6 24 7 15 8 13 9 24 10 23 11 28 16 21 17 12 18 21 19 19 32 25 33 24 34 21 35 25 4 36 27 37 21 38 16 39 14 
5 4 0 17 1 20 2 25 3 28 28 4 10 5 28 6 30 7 11 8 28 9 21 10 19 11 24 16 22 17 24 18 29 19 11 20 19 21 16 22 19 23 13 24 14 25 16 26 24 27 30 28 15 29 30 30 28 31 24 32 17 33 24 34 19 35 16 32 4 25 5 11 6 28 7 17 8 25 9 21 10 22 11 29 12 12 13 10 14 14 15 11 16 25 17 23 18 18 19 27 20 19 21 25 22 18 23 13 24 12 25 24 26 17 27 22 28 22 29 27 30 22 31 15 32 28 33 25 34 26 35 13 20 4 20 5 29 6 17 7 15 16 25 17 13 18 27 19 15 20 10 21 12 22 16 23 23 24 27 25 16 26 17 27 16 32 12 33 19 34 19 35 10 4 36 10 37 29 38 21 39 10 
5 4 0 22 1 12 2 12 3 17 8 8 22 9 26 10 17 11 23 32 30 33 29 34 19 35 11 32 4 18 5 23 6 17 7 28 8 14 9 30 10 18 11 29 12 26 13 25 14 28 15 21 16 23 17 18 18 11 19 16 20 10 21 10 22 25 23 24 24 17 25 22 26 21 27 26 28 10 29 11 30 14 31 27 32 28 33 21 34 11 35 27 20 8 25 9 21 10 18 11 13 12 26 13 15 14 29 15 30 16 23 17 18 18 25 19 10 20 30 21 18 22 26 23 25 32 10 33 20 34 29 35 20 4 36 10 37 24 38 27 39 19 
5 4 0 23 1 13 2 14 3 28 28 4 29 5 26 6 17 7 27 8 23 9 13 10 18 11 30 12 11 13 12 14 16 15 10 16 25 17 30 18 20 19 17 20 13 21 23 22 21 23 19 28 26 29 21 30 18 31 10 32 19 33 11 34 30 35 12 4 4 21 5 17 6 16 7 10 8 8 26 9 13 10 12 11 21 28 14 29 24 30 13 31 27 4 36 22 37 21 38 14 39 18 
5 4 0 20 1 15 2 29 3 15 8 16 22 17 17 18 26 19 10 20 25 21 18 22 27 23 11 28 4 10 5 16 6 11 7 24 8 28 9 17 10 29 11 12 12 21 13 10 14 26 15 11 20 21 21 18 22 12 23 15 24 19 25 26 26 24 27 28 28 22 29 13 30 30 31 10 32 22 33 13 34 13 35 12 12 12 14 13 21 14 10 15 20 20 14 21 16 22 15 23 11 28 17 29 17 30 15 31 13 4 36 17 37 17 38 28 39 25 
5 4 0 25 1 19 2 16 3 18 28 4 17 5 21 6 26 7 21 8 25 9 10 10 28 11 26 12 22 13 29 14 13 15 19 16 11 17 10 18 14 19 12 20 25 21 30 22 15 23 29 24 18 25 30 26 27 27 16 32 12 33 15 34 26 35 11 8 12 17 13 11 14 17 15 26 20 30 21 14 22 17 23 11 8 12 10 13 28 14 26 15 23 24 29 25 15 26 26 27 26 4 36 21 37 29 38 10 39 12 
5 4 0 21 1 28 2 17 3 23 16 12 23 13 26 14 29 15 16 24 17 25 29 26 17 27 20 28 25 29 16 30 12 31 27 32 27 33 25 34 17 35 18 32 4 19 5 13 6 17 7 22 8 23 9 17 10 20 11 30 12 18 13 11 14 18 15 11 16 19 17 29 18 14 19 15 20 18 21 11 22 24 23 27 24 26 25 24 26 24 27 25 28 18 29 12 30 18 31 11 32 19 33 10 34 20 35 16 4 20 18 21 26 22 19 23 19 4 36 21 37 26 38 29 39 16 
5 4 0 25 1 20 2 28 3 20 32 4 13 5 28 6 10 7 15 8 29 9 22 10 25 11 16 12 10 13 29 14 21 15 10 16 17 17 13 18 23 19 26 20 10 21 12 22 10 23 17 24 28 25 29 26 19 27 13 28 29 29 15 30 17 31 17 32 30 33 23 34 23 35 28 4 8 16 9 28 10 24 11 26 12 4 21 5 28 6 20 7 21 12 22 13 13 14 24 15 14 20 29 21 25 22 28 23 25 4 36 30 37 12 38 17 39 23 
5 4 0 24 1 25 2 11 3 18 24 4 10 5 10 6 20 7 14 8 16 9 21 10 20 11 11 12 26 13 16 14 22 15 21 20 23 21 15 22 28 23 16 24 17 25 23 26 26 27 30 32 19 33 24 34 23 35 21 4 16 30 17 15 18 15 19 26 32 4 20 5 10 6 25 7 27 8 27 9 15 10 22 11 29 12 28 13 10 14 23 15 26 16 12 17 21 18 28 19 18 20 15 21 22 22 21 23 11 24 14 25 22 26 16 27 23 28 24 29 16 30 12 31 21 32 24 33 10 34 15 35 12 4 36 26 37 16 38 17 39 25 
5 4 0 28 1 23 2 23 3 18 24 8 24 9 30 10 26 11 17 12 28 13 20 14 22 15 14 16 15 17 13 18 22 19 30 24 28 25 28 26 27 27 12 28 23 29 28 30 17 31 12 32 10 33 24 34 19 35 25 28 4 15 5 28 6 21 7 17 8 21 9 13 10 26 11 29 12 18 13 17 14 14 15 13 16 15 17 17 18 13 19 26 24 21 25 21 26 16 27 11 28 20 29 24 30 12 31 14 32 18 33 23 34 10 35 28 4 24 23 25 17 26 10 27 19 4 36 25 37 16 38 18 39 16 
5 4 0 13 1 22 2 12 3 25 28 4 11 5 29 6 16 7 22 8 19 9 22 10 10 11 18 12 25 13 11 14 13 15 29 20 18 21 15 22 19 23 22 24 25 25 23 26 11 27 22 28 28 29 15 30 17 31 28 32 13 33 22 34 19 35 19 8 4 13 5 24 6 28 7 11 32 14 33 26 34 27 35 19 20 4 20 5 21 6 11 7 20 8 21 9 23 10 20 11 20 12 28 13 13 14 12 15 21 20 23 21 14 22 18 23 12 32 17 33 16 34 17 35 18 4 36 23 37 13 38 29 39 22 
5 4 0 25 1 21 2 19 3 14 8 4 19 5 25 6 29 7 27 8 22 9 13 10 17 11 23 8 8 21 9 17 10 25 11 20 16 22 17 21 18 11 19 21 12 4 12 5 25 6 16 7 29 20 14 21 20 22 17 23 15 32 23 33 16 34 28 35 12 4 36 23 37 22 38 19 39 19 
5 4 0 14 1 14 2 28 3 10 20 8 10 9 12 10 24 11 21 12 20 13 14 14 20 15 12 20 30 21 17 22 11 23 12 24 27 25 19 26 13 27 11 28 20 29 16 30 10 31 18 16 4 21 5 22 6 12 7 27 12 14 13 29 14 13 15 25 16 30 17 14 18 13 19 14 28 24 29 12 30 14 31 11 32 4 23 5 21 6 17 7 29 8 15 9 16 10 13 11 14 12 16 13 13 14 22 15 26 16 12 17 16 18 21 19 23 20 11 21 21 22 10 23 12 24 11 25 10 26 12 27 18 28 23 29 22 30 29 31 26 32 11 33 16 34 17 35 19 4 36 30 37 16 38 26 39 22 
5 4 0 29 1 23 2 11 3 14 20 4 29 5 12 6 16 7 24 8 25 9 14 10 28 11 26 12 16 13 15 14 27 15 13 16 11 17 15 18 30 19 18 28 26 29 13 30 27 31 26 12 12 12 13 12 14 26 15 22 24 17 25 18 26 28 27 13 32 10 33 18 34 22 35 11 28 8 13 9 27 10 25 11 10 12 24 13 14 14 11 15 11 16 22 17 22 18 21 19 30 20 28 21 14 22 25 23 25 24 21 25 12 26 10 27 23 28 14 29 14 30 30 31 14 32 22 33 11 34 22 35 16 4 36 23 37 20 38 30 39 17 
5 4 0 19 1 21 2 25 3 15 32 4 23 5 19 6 12 7 10 8 23 9 30 10 25 11 21 12 29 13 21 14 29 15 30 16 13 17 28 18 29 19 16 20 18 21 26 22 29 23 25 24 14 25 25 26 10 27 27 28 15 29 15 30 12 31 10 32 29 33 17 34 14 35 17 28 4 26 5 24 6 20 7 22 8 17 9 11 10 30 11 14 12 10 13 12 14 28 15 14 20 12 21 11 22 10 23 22 24 22 25 12 26 14 27 28 28 30 29 15 30 29 31 11 32 24 33 20 34 17 35 23 12 8 10 9 25 10 13 11 29 16 25 17 27 18 21 19 13 20 13 21 30 22 23 23 17 4 36 23 37 17 38 30 39 28 

Dynamic Events

# Machine Breakdowns (machine_id start_time end_time)
Machine Breakdowns
0 622 635
10 998 1007
19 110 123
24 183 197
25 1373 1383
29 988 1002
32 510 522
33 520 532
39 1111 1123

# Added Jobs (arrival_time: num_ops num_alts_op1 m1 p1 ... num_alts_op2 m1 p1 ...)
Added Jobs
159: 5 11 8 22 13 22 4 20 17 17 10 27 28 15 26 20 18 29 38 10 25 26 31 16 21 38 26 17 18 12 13 10 12 23 26 6 29 16 14 13 30 26 23 15 19 37 15 9 20 5 24 4 27 2 22 19 10 31 20 32 13 11 25 3 26 30 23 28 20 22 0 28 3 19 4 14 5 18 8 10 35 23 32 12 38 19 37 19 1 24 34 19 15 23 9 15 17 26 29 22 24 29 31 24 6 24 25 25 27 11 12 27 23 24 22 11 7 21 2 26 21 11 10 25 15 19 30 38 10 35 19 2 10 23 17 14 16 3 20 7 13 11 11 29 17 9 10 15 17 31 30 25 19 5 28 24 2 14 17 25 28 10 10 18 27 26 32 27 36 23 5 21 31 27 39 27 9 17 19 26 0 11 30 25 16 29 4 22 12 11 25 16 3 24 20 22 29 20 15 22 26 21 11 15 
332: 5 12 14 13 10 29 6 18 7 24 19 21 4 21 11 21 25 29 23 13 12 30 0 30 2 11 7 9 20 21 23 29 17 16 24 24 21 18 13 1 17 28 37 19 38 24 4 17 17 12 35 14 24 28 32 15 26 29 11 24 36 17 33 27 6 27 23 12 10 11 15 14 1 20 7 16 22 18 31 15 28 16 14 14 18 21 30 29 3 10 34 14 5 21 20 17 21 14 28 17 22 18 13 16 21 19 17 25 26 39 18 4 23 32 24 29 28 10 23 35 13 11 14 26 16 6 14 9 17 36 29 27 26 15 12 1 14 13 18 2 21 5 16 3 12 22 14 23 22 34 19 20 20 7 24 22 18 15 15 28 30 30 1 17 29 14 20 24 28 14 16 14 31 14 0 29 5 21 26 15 25 26 21 12 36 30 7 25 8 28 37 20 39 27 11 11 24 25 27 26 
466: 5 15 5 29 28 19 23 22 33 16 36 30 16 27 31 21 4 15 1 28 15 30 7 23 38 15 22 16 11 15 34 20 25 39 13 16 19 25 17 35 25 24 28 22 28 33 25 26 19 34 22 6 26 27 29 8 23 3 15 38 16 4 18 19 22 1 14 29 24 13 20 23 20 14 25 21 14 0 14 28 27 9 28 12 39 11 32 10 14 20 30 19 29 25 34 24 25 30 33 22 35 23 7 14 4 23 18 10 19 36 25 7 17 39 26 15 15 13 17 21 14 6 29 35 15 18 15 9 30 24 23 33 28 31 18 34 12 23 25 20 12 3 11 28 22 37 18 4 29 13 2 13 23 17 11 12 

# Cancelled Jobs (cancel_time initial_job_sim_idx_to_cancel)
Cancelled Jobs
65 15
151 24
221 3
255 44
360 49
521 9
543 25
681 4

# ETPC Constraints (fore_job_sim_idx fore_op_idx hind_job_sim_idx hind_op_idx time_lapse)
ETPC Constraints
13 2 5 3 12
17 1 20 0 19
41 2 3 4 9
0 3 17 4 19
20 1 36 3 17
27 0 47 1 8
0 2 47 4 13
34 2 27 1 4
8 2 20 2 7
21 3 28 1 20
43 1 51 0 5
17 0 37 4 11
52 0 12 3 11
10 1 9 0 17
3 4 17 1 3
11 4 29 3 14
0 2 49 2 3
47 4 46 4 6
8 0 32 1 7
27 2 40 2 16
23 4 1 4 11
22 2 25 3 14
20 3 11 3 19
50 1 33 2 8
3 1 15 3 16
43 3 47 0 3
50 0 5 0 12
3 2 39 0 4
47 0 12 0 18
46 1 9 4 9
30 0 22 4 17
32 4 13 1 15
51 2 35 4 17
24 2 0 2 7
32 2 39 1 19
0 3 22 1 20
15 0 49 4 8
37 0 7 4 20
25 0 8 0 19
36 2 20 1 13
25 3 31 0 19
18 1 5 1 10
19 3 51 2 18
19 2 51 4 3
11 3 29 2 7
12 3 14 0 9
17 3 46 2 5
32 3 1 3 10
30 0 38 3 4
36 2 47 0 5
4 0 31 1 3
36 2 40 4 4
13 2 7 3 16
6 3 49 4 7
38 1 41 2 14
19 4 31 3 14
3 1 26 3 11
42 2 44 0 14
32 4 41 1 11
20 0 51 3 7
13 2 6 1 4
32 0 5 3 20
35 2 10 4 15
39 0 28 0 3
38 4 52 3 6
10 3 13 4 19
26 4 29 1 4
2 4 24 3 17
33 1 16 2 9
32 1 41 0 7
5 2 23 0 6
5 3 15 0 12
0 2 34 0 16
36 4 42 0 3
10 3 49 2 19
22 0 50 4 4
14 0 18 3 12
42 1 3 1 9
10 3 9 4 9
52 4 8 2 11
38 4 10 2 13
45 3 46 1 15
23 4 42 0 9
14 3 32 1 19
33 3 40 2 18
35 2 3 3 14
52 2 48 3 20
2 0 41 3 16
9 1 40 2 7
26 0 43 4 17
41 2 25 2 17
9 4 40 0 14
28 4 30 0 13
19 0 44 4 18
24 0 8 4 8
51 2 23 4 13
24 4 20 2 7
36 2 34 2 12
42 1 15 4 5
5 0 36 4 18
39 3 1 3 14
17 1 31 0 14
42 3 37 4 19
17 2 20 3 11
21 0 13 3 5
9 3 37 2 6
