10 40
5 4 0 28 1 20 2 14 3 21 4 24 24 25 15 26 22 27 14 16 4 29 5 21 6 21 7 13 24 20 25 29 26 23 27 26 28 10 29 29 30 18 31 22 32 20 33 27 34 19 35 12 32 4 14 5 29 6 12 7 21 8 27 9 10 10 14 11 21 12 25 13 15 14 12 15 16 16 23 17 21 18 14 19 19 20 17 21 18 22 13 23 20 24 12 25 14 26 18 27 20 28 30 29 28 30 13 31 20 32 14 33 20 34 17 35 24 4 36 12 37 22 38 24 39 16 
5 4 0 17 1 27 2 30 3 26 32 4 21 5 19 6 17 7 23 8 10 9 28 10 19 11 29 12 26 13 23 14 18 15 27 16 19 17 13 18 10 19 13 20 13 21 19 22 23 23 22 24 14 25 20 26 26 27 28 28 25 29 30 30 10 31 19 32 22 33 11 34 28 35 16 24 4 17 5 25 6 15 7 17 12 13 13 30 14 24 15 10 16 29 17 26 18 18 19 26 20 16 21 24 22 25 23 29 24 20 25 18 26 26 27 14 28 10 29 23 30 17 31 16 20 4 20 5 13 6 30 7 12 8 26 9 22 10 25 11 25 12 10 13 16 14 17 15 24 16 19 17 14 18 15 19 14 20 14 21 13 22 29 23 26 4 36 21 37 15 38 14 39 18 
5 4 0 26 1 20 2 19 3 10 32 4 29 5 28 6 27 7 21 8 17 9 11 10 16 11 23 12 10 13 19 14 11 15 15 16 24 17 23 18 27 19 13 20 26 21 14 22 24 23 28 24 22 25 11 26 23 27 10 28 22 29 16 30 18 31 19 32 27 33 11 34 27 35 11 28 8 27 9 21 10 11 11 17 12 28 13 16 14 22 15 20 16 21 17 20 18 28 19 27 20 24 21 11 22 18 23 24 24 21 25 12 26 11 27 30 28 11 29 12 30 27 31 30 32 28 33 15 34 10 35 21 16 8 10 9 15 10 27 11 19 12 30 13 21 14 30 15 16 28 16 29 12 30 28 31 29 32 22 33 17 34 24 35 27 4 36 11 37 22 38 13 39 19 
5 4 0 16 1 19 2 10 3 11 32 4 10 5 22 6 15 7 17 8 13 9 15 10 17 11 10 12 30 13 25 14 24 15 14 16 23 17 14 18 17 19 19 20 30 21 21 22 21 23 18 24 21 25 14 26 18 27 22 28 20 29 11 30 23 31 16 32 24 33 13 34 28 35 15 32 4 10 5 18 6 11 7 21 8 25 9 19 10 14 11 12 12 24 13 26 14 16 15 16 16 12 17 30 18 24 19 19 20 15 21 28 22 17 23 25 24 17 25 28 26 24 27 10 28 26 29 14 30 28 31 10 32 17 33 10 34 15 35 22 28 8 27 9 26 10 26 11 13 12 18 13 24 14 26 15 27 16 10 17 27 18 10 19 23 20 13 21 26 22 11 23 27 24 28 25 23 26 19 27 10 28 18 29 26 30 21 31 27 32 10 33 28 34 28 35 15 4 36 19 37 19 38 28 39 14 
5 4 0 21 1 23 2 26 3 20 8 4 18 5 20 6 17 7 15 16 17 17 11 18 28 19 20 20 4 17 5 28 6 26 7 20 8 10 9 29 10 16 11 23 20 27 21 21 22 22 23 25 24 21 25 19 26 14 27 15 32 12 33 21 34 29 35 18 12 4 14 5 17 6 13 7 29 8 26 9 12 10 19 11 15 28 17 29 21 30 17 31 23 4 36 26 37 15 38 21 39 12 
5 4 0 13 1 12 2 24 3 23 24 4 19 5 26 6 18 7 30 8 12 9 18 10 30 11 10 12 29 13 30 14 27 15 11 16 30 17 26 18 17 19 26 24 10 25 23 26 30 27 11 28 26 29 30 30 28 31 27 28 4 15 5 30 6 22 7 19 8 17 9 24 10 15 11 26 16 22 17 17 18 24 19 10 20 15 21 17 22 16 23 23 24 23 25 19 26 17 27 16 28 25 29 29 30 22 31 11 32 14 33 30 34 26 35 11 4 12 20 13 23 14 11 15 24 4 36 28 37 26 38 26 39 24 
5 4 0 17 1 29 2 10 3 14 20 4 26 5 11 6 11 7 17 12 19 13 18 14 24 15 14 16 25 17 25 18 12 19 28 28 28 29 18 30 17 31 24 32 13 33 20 34 22 35 10 16 4 28 5 18 6 25 7 28 16 17 17 10 18 26 19 21 28 28 29 30 30 12 31 18 32 10 33 13 34 14 35 11 16 4 19 5 25 6 23 7 14 16 14 17 26 18 20 19 17 20 21 21 19 22 10 23 26 24 17 25 23 26 13 27 27 4 36 19 37 27 38 19 39 21 
5 4 0 27 1 24 2 30 3 11 32 4 24 5 17 6 18 7 16 8 19 9 16 10 28 11 12 12 11 13 20 14 29 15 30 16 29 17 19 18 29 19 12 20 14 21 22 22 22 23 18 24 18 25 27 26 26 27 25 28 22 29 25 30 17 31 27 32 14 33 22 34 25 35 23 12 8 15 9 18 10 29 11 12 20 28 21 19 22 15 23 24 28 21 29 22 30 11 31 12 8 4 17 5 21 6 15 7 20 20 12 21 30 22 15 23 26 4 36 10 37 22 38 20 39 10 
5 4 0 20 1 23 2 29 3 25 12 8 30 9 26 10 29 11 16 12 12 13 17 14 20 15 22 28 30 29 22 30 20 31 29 24 4 15 5 20 6 12 7 29 8 18 9 22 10 25 11 26 12 12 13 30 14 28 15 18 20 16 21 13 22 13 23 16 24 27 25 19 26 18 27 25 32 14 33 26 34 21 35 19 28 4 15 5 11 6 26 7 21 8 10 9 10 10 30 11 12 12 10 13 11 14 23 15 30 16 11 17 11 18 26 19 24 20 24 21 23 22 24 23 15 28 28 29 24 30 12 31 23 32 17 33 28 34 22 35 24 4 36 29 37 18 38 21 39 20 
5 4 0 11 1 12 2 23 3 17 28 4 20 5 14 6 21 7 30 8 11 9 25 10 10 11 10 12 14 13 18 14 22 15 22 16 28 17 22 18 24 19 21 20 18 21 29 22 18 23 22 28 28 29 29 30 16 31 13 32 24 33 17 34 27 35 29 24 4 14 5 29 6 13 7 18 8 17 9 18 10 23 11 10 16 29 17 11 18 25 19 12 20 28 21 18 22 22 23 25 24 22 25 28 26 27 27 23 28 18 29 23 30 26 31 29 4 16 30 17 17 18 27 19 11 4 36 17 37 27 38 17 39 23 

Dynamic Events

# Machine Breakdowns (machine_id start_time end_time)
Machine Breakdowns
1 141 155
2 105 117
4 157 166
7 82 92
9 114 127
11 220 234
15 136 147
20 210 220
23 81 92
26 283 292
30 116 130
37 268 280
38 278 290

# Added Jobs (arrival_time: num_ops num_alts_op1 m1 p1 ... num_alts_op2 m1 p1 ...)
Added Jobs
46: 5 4 30 15 16 13 36 23 34 14 30 10 10 30 20 2 22 24 25 15 19 37 27 23 22 25 21 34 17 13 23 21 22 5 24 4 19 38 19 8 20 14 30 39 13 9 26 1 19 36 29 17 30 27 21 11 28 22 13 32 23 26 22 16 27 19 21 6 12 18 22 32 17 15 19 22 18 13 11 22 15 24 22 28 12 10 2 30 23 22 16 16 8 28 30 10 33 23 21 12 6 11 25 12 28 15 0 28 39 17 13 20 10 25 37 15 14 27 29 16 27 26 24 21 34 19 35 18 5 14 26 12 7 14 38 18 24 20 20 26 13 37 22 38 19 35 13 8 26 34 12 12 28 5 23 18 15 32 17 17 27 0 27 30 15 27 12 21 22 13 26 25 19 4 12 9 18 19 11 33 19 1 17 3 20 23 8 22 9 20 7 29 4 12 36 28 39 13 23 17 20 26 30 20 28 27 31 23 0 27 19 27 14 29 5 24 26 26 16 24 3 10 27 29 29 15 21 22 10 28 2 26 
76: 5 23 33 30 38 15 18 13 37 21 35 21 10 15 34 25 13 19 12 12 26 16 8 22 1 17 15 28 4 12 7 20 27 18 9 21 36 16 21 24 19 26 29 26 5 11 31 17 6 9 26 21 13 20 13 12 11 0 28 33 23 18 3 23 34 22 29 28 39 12 32 22 14 15 11 25 0 21 12 18 17 19 25 29 6 13 2 22 36 10 23 27 35 27 19 21 30 27 12 25 19 22 14 2 22 26 14 24 23 19 21 16 21 23 25 5 18 39 19 13 16 20 12 20 23 19 34 22 4 17 3 25 31 10 25 11 18 10 5 27 21 13 35 12 16 29 7 19 11 19 13 28 12 26 10 14 17 28 37 25 36 17 32 11 
99: 5 27 10 18 1 29 17 23 34 26 39 12 25 21 31 23 4 25 36 18 35 29 12 18 20 13 19 12 8 18 38 17 15 24 27 15 18 29 7 26 3 13 29 16 30 18 32 18 22 22 16 26 14 14 11 28 28 31 24 14 20 8 28 9 29 21 26 34 17 24 10 23 28 4 27 39 15 15 17 19 14 1 18 10 25 26 27 33 25 27 12 25 14 17 11 30 25 11 19 16 15 36 26 28 15 7 30 20 30 35 11 29 29 15 12 17 2 27 39 20 9 11 24 18 7 15 29 25 14 13 20 27 33 13 17 24 34 20 35 11 15 27 21 16 29 2 12 21 20 30 18 33 27 4 19 5 21 28 20 36 13 12 19 26 13 34 24 31 21 16 18 11 11 27 15 37 26 3 10 24 16 38 17 25 14 35 17 18 12 20 16 32 23 13 22 6 14 1 26 10 17 39 24 15 6 21 5 22 22 26 11 12 13 17 0 14 9 19 14 25 39 16 10 26 3 23 24 23 4 12 18 16 36 29 
115: 5 17 17 23 7 12 31 12 9 16 1 27 4 10 19 19 11 26 13 21 23 19 35 14 37 21 36 27 16 27 27 22 38 15 3 19 30 36 15 19 26 32 26 35 29 21 17 27 19 23 28 17 23 31 23 15 19 22 17 24 22 2 15 8 22 10 23 0 24 5 11 4 27 3 14 9 12 29 25 30 24 14 17 18 25 13 16 33 12 39 16 12 11 26 11 6 29 22 8 16 9 23 21 27 11 17 23 27 1 18 6 18 10 21 30 12 38 22 3 11 36 22 35 13 17 26 39 13 34 12 26 25 15 25 25 16 24 25 29 19 4 24 22 24 23 5 19 36 17 20 15 27 11 4 29 33 13 26 13 32 12 2 23 35 17 22 20 3 21 12 25 39 10 23 28 10 25 11 19 6 28 1 19 14 20 25 18 23 34 24 35 21 4 13 12 12 18 27 9 12 5 28 13 17 30 14 22 12 21 28 37 17 26 27 36 27 1 23 8 25 2 11 33 29 32 13 28 24 17 19 7 29 16 24 
136: 5 17 22 18 3 26 36 17 15 24 25 16 16 14 5 16 12 19 33 21 26 24 13 19 35 21 17 14 1 17 7 25 37 17 38 24 8 9 28 25 18 3 25 24 21 13 21 1 18 35 21 11 10 18 28 28 33 18 23 24 7 19 14 28 34 21 24 14 16 17 10 21 17 24 31 15 4 29 25 24 3 19 30 19 5 21 21 17 27 17 28 11 22 13 26 31 17 12 21 26 14 30 12 36 21 3 12 9 21 28 22 7 29 32 28 16 17 34 18 22 26 27 11 1 27 4 28 10 22 20 19 29 29 19 24 6 29 21 21 23 21 17 24 15 13 14 22 25 33 17 37 17 14 12 7 12 19 10 10 22 26 26 29 27 36 14 11 26 16 22 2 12 6 11 1 16 20 24 31 15 38 25 28 30 12 28 4 25 23 25 13 19 17 21 8 14 5 17 
147: 5 32 24 10 29 30 21 24 2 24 20 20 4 23 33 23 27 26 25 19 11 29 9 24 10 25 35 24 13 27 18 29 8 28 38 27 26 24 23 22 37 22 6 21 16 10 32 16 1 15 15 10 7 18 31 22 0 13 5 11 19 24 28 15 36 19 4 7 23 9 25 13 13 25 14 18 37 16 3 22 21 20 15 17 31 19 25 27 13 15 11 13 19 18 39 13 23 28 29 15 33 30 38 19 9 27 24 13 36 14 4 12 9 18 16 24 14 14 19 3 26 16 18 28 15 0 16 33 20 31 28 14 6 29 19 22 33 18 1 18 38 20 18 18 35 24 34 17 27 10 12 28 13 25 14 11 17 12 29 18 

# Cancelled Jobs (cancel_time initial_job_sim_idx_to_cancel)
Cancelled Jobs
158 3

# ETPC Constraints (fore_job_sim_idx fore_op_idx hind_job_sim_idx hind_op_idx time_lapse)
ETPC Constraints
4 2 9 1 4
4 3 1 0 8
6 0 2 0 20
0 3 2 2 16
3 3 14 2 17
14 0 13 1 17
3 0 7 0 10
15 2 10 1 7
4 2 5 0 13
7 1 9 2 14
4 4 8 1 5
15 2 9 0 5
10 3 9 1 7
13 1 8 3 14
2 0 8 1 7
13 1 2 1 13
12 1 4 3 3
13 3 8 2 11
7 1 14 1 17
1 2 11 4 5
10 4 12 4 11
13 1 8 1 5
8 4 15 2 13
7 4 8 4 16
