10 40
5 4 0 22 1 19 2 29 3 19 32 4 19 5 16 6 21 7 18 8 11 9 20 10 10 11 28 12 27 13 19 14 29 15 23 16 14 17 21 18 28 19 30 20 11 21 22 22 30 23 26 24 16 25 24 26 30 27 25 28 12 29 13 30 21 31 26 32 15 33 24 34 20 35 25 24 8 11 9 14 10 17 11 14 16 25 17 12 18 10 19 19 20 28 21 24 22 26 23 11 24 27 25 27 26 15 27 17 28 27 29 24 30 12 31 24 32 28 33 30 34 13 35 12 20 4 15 5 20 6 28 7 20 12 14 13 20 14 26 15 19 20 12 21 19 22 17 23 13 24 26 25 23 26 10 27 13 32 30 33 13 34 11 35 21 4 36 12 37 23 38 26 39 26 
5 4 0 26 1 17 2 16 3 15 24 4 18 5 10 6 28 7 29 8 13 9 11 10 21 11 16 12 20 13 11 14 28 15 29 16 13 17 23 18 18 19 24 28 13 29 13 30 19 31 23 32 11 33 16 34 25 35 11 20 4 14 5 22 6 16 7 20 8 17 9 21 10 26 11 20 16 21 17 13 18 11 19 29 20 23 21 20 22 30 23 10 32 17 33 13 34 12 35 29 24 4 28 5 29 6 10 7 26 8 12 9 15 10 29 11 20 16 28 17 24 18 25 19 11 20 18 21 25 22 28 23 22 28 26 29 28 30 13 31 17 32 13 33 21 34 21 35 23 4 36 17 37 18 38 29 39 19 
5 4 0 20 1 14 2 14 3 15 16 4 17 5 19 6 24 7 26 16 11 17 27 18 26 19 15 20 14 21 30 22 19 23 30 24 12 25 17 26 20 27 22 28 4 25 5 10 6 28 7 17 8 17 9 27 10 26 11 17 12 17 13 13 14 13 15 22 20 19 21 12 22 17 23 23 24 11 25 20 26 17 27 25 28 27 29 29 30 21 31 17 32 23 33 15 34 12 35 25 20 4 29 5 25 6 23 7 20 8 30 9 18 10 23 11 21 12 22 13 13 14 16 15 24 16 29 17 16 18 30 19 25 32 30 33 27 34 22 35 22 4 36 28 37 27 38 17 39 22 
5 4 0 20 1 24 2 23 3 23 24 4 12 5 18 6 27 7 27 8 19 9 16 10 22 11 14 16 30 17 12 18 16 19 12 20 20 21 29 22 27 23 25 24 24 25 20 26 30 27 10 32 28 33 30 34 18 35 30 8 12 15 13 19 14 28 15 21 28 13 29 25 30 24 31 29 32 4 26 5 29 6 27 7 21 8 26 9 23 10 21 11 26 12 19 13 11 14 16 15 10 16 25 17 23 18 11 19 23 20 27 21 16 22 10 23 30 24 23 25 20 26 26 27 30 28 17 29 26 30 12 31 24 32 30 33 10 34 13 35 16 4 36 25 37 11 38 28 39 16 
5 4 0 23 1 17 2 22 3 18 12 12 15 13 27 14 11 15 14 20 16 21 22 22 19 23 17 24 24 25 20 26 30 27 15 32 4 29 5 19 6 14 7 22 8 20 9 16 10 30 11 15 12 22 13 17 14 10 15 28 16 23 17 12 18 25 19 21 20 24 21 28 22 20 23 30 24 28 25 11 26 21 27 20 28 17 29 25 30 30 31 21 32 26 33 25 34 16 35 15 8 8 23 9 16 10 13 11 17 12 17 13 21 14 24 15 19 4 36 19 37 27 38 18 39 24 
5 4 0 20 1 10 2 22 3 22 8 12 25 13 24 14 12 15 10 24 26 25 15 26 30 27 18 12 4 22 5 27 6 27 7 30 12 24 13 20 14 25 15 12 24 20 25 27 26 12 27 17 32 4 15 5 22 6 12 7 12 8 25 9 21 10 13 11 18 12 29 13 20 14 15 15 26 16 28 17 28 18 29 19 24 20 11 21 11 22 23 23 19 24 14 25 24 26 21 27 21 28 27 29 28 30 20 31 20 32 21 33 23 34 22 35 11 4 36 29 37 16 38 15 39 30 
5 4 0 30 1 16 2 28 3 12 8 8 20 9 22 10 25 11 29 16 24 17 29 18 11 19 10 12 4 11 5 13 6 12 7 22 8 17 9 13 10 22 11 25 12 27 13 15 14 18 15 30 12 12 16 13 20 14 27 15 18 20 15 21 12 22 14 23 11 28 25 29 26 30 23 31 20 4 36 17 37 10 38 13 39 14 
5 4 0 27 1 18 2 20 3 27 24 4 16 5 29 6 30 7 27 8 18 9 26 10 23 11 21 20 18 21 21 22 18 23 20 24 19 25 18 26 17 27 22 28 23 29 11 30 25 31 16 32 13 33 21 34 28 35 15 24 8 29 9 12 10 19 11 30 12 27 13 27 14 23 15 28 16 16 17 25 18 13 19 24 20 22 21 15 22 15 23 30 24 30 25 19 26 12 27 11 32 13 33 30 34 14 35 15 8 4 11 5 10 6 23 7 16 12 27 13 30 14 28 15 29 4 36 27 37 12 38 16 39 11 
5 4 0 22 1 16 2 24 3 22 28 4 29 5 14 6 23 7 26 8 28 9 15 10 24 11 25 12 17 13 21 14 12 15 11 16 27 17 30 18 28 19 15 20 23 21 10 22 24 23 22 28 18 29 16 30 14 31 25 32 25 33 12 34 11 35 30 8 20 30 21 12 22 25 23 24 24 25 25 21 26 10 27 23 24 4 11 5 15 6 12 7 24 8 26 9 28 10 29 11 11 16 22 17 24 18 21 19 23 20 12 21 14 22 13 23 28 24 21 25 16 26 15 27 29 28 27 29 18 30 24 31 29 4 36 26 37 28 38 29 39 10 
5 4 0 24 1 11 2 22 3 26 20 8 22 9 23 10 30 11 27 16 18 17 21 18 12 19 24 24 17 25 12 26 25 27 18 28 15 29 23 30 21 31 10 32 17 33 27 34 26 35 24 16 4 17 5 18 6 25 7 16 24 27 25 26 26 29 27 16 28 24 29 10 30 22 31 30 32 10 33 24 34 26 35 12 16 4 20 5 22 6 27 7 26 16 14 17 14 18 11 19 12 20 20 21 20 22 18 23 16 32 19 33 23 34 27 35 11 4 36 20 37 22 38 18 39 26 

Dynamic Events

# Machine Breakdowns (machine_id start_time end_time)
Machine Breakdowns
7 139 153
8 235 246
16 182 194
17 170 185
20 117 130
22 283 293
27 304 316
33 132 143
34 79 93
37 110 123
39 230 244

# Added Jobs (arrival_time: num_ops num_alts_op1 m1 p1 ... num_alts_op2 m1 p1 ...)
Added Jobs
53: 5 15 39 12 19 28 11 13 33 28 2 17 24 26 12 25 4 27 28 18 14 14 20 15 25 22 5 20 16 29 1 15 26 33 14 5 17 30 30 25 17 9 11 19 28 37 25 22 16 15 28 4 13 3 16 8 14 11 28 36 16 31 14 20 26 24 19 39 10 0 22 17 28 32 27 35 23 26 15 38 19 13 17 12 23 31 15 21 16 30 12 24 28 20 38 13 33 14 8 16 36 23 37 17 22 22 14 27 35 27 32 14 5 18 26 14 2 17 29 23 20 18 25 20 34 11 10 22 3 26 0 20 6 23 39 11 31 10 7 22 13 11 24 16 23 13 30 15 32 30 16 12 22 34 23 14 25 33 25 31 15 36 25 21 30 2 22 7 22 39 13 20 12 22 20 25 14 5 20 32 22 9 15 38 20 10 26 16 30 3 17 23 18 28 23 17 14 1 19 4 28 35 11 8 30 29 27 11 30 24 11 27 21 21 26 14 12 27 13 13 17 19 37 23 4 20 16 24 14 10 31 26 34 17 29 15 30 28 20 27 8 13 10 21 27 15 32 21 23 24 3 26 0 26 15 16 
54: 5 11 29 14 15 28 4 26 0 22 25 23 8 17 16 19 5 22 13 22 12 17 37 16 25 38 20 19 22 35 15 6 28 9 22 24 30 5 14 21 22 37 26 2 22 26 16 39 19 15 19 11 29 32 27 12 18 20 30 8 18 10 10 34 16 3 22 18 23 17 21 22 27 36 19 5 21 22 13 11 23 28 28 19 11 17 25 36 23 15 30 25 26 22 10 23 25 17 19 39 27 19 16 24 11 11 16 33 22 18 29 31 12 35 25 3 22 12 26 28 17 20 23 13 30 0 30 10 20 9 17 8 18 16 26 27 11 22 20 20 35 11 16 15 38 27 19 12 18 29 4 19 23 29 34 20 11 25 14 25 17 24 22 11 7 30 2 16 26 28 8 14 9 11 32 10 28 19 29 15 5 18 
62: 5 31 13 13 30 24 23 14 37 18 31 15 3 18 21 12 14 16 39 28 24 20 36 27 15 10 17 14 12 16 34 17 27 25 26 13 35 24 32 27 2 25 11 28 18 12 9 19 6 20 38 24 8 20 33 24 10 12 7 15 19 13 1 24 20 34 22 14 18 24 15 35 21 9 27 37 25 26 20 31 30 8 30 15 28 6 18 5 17 22 14 28 27 27 18 23 11 3 14 13 11 33 27 17 18 32 5 24 35 26 22 15 14 10 26 23 10 29 18 23 27 13 39 30 8 28 37 19 30 18 23 17 4 13 38 23 2 26 1 24 32 28 25 21 3 13 12 18 6 13 28 26 36 12 24 25 11 29 19 11 15 27 31 17 13 16 16 28 9 25 5 23 22 3 25 22 22 31 17 36 14 32 18 30 9 12 5 24 17 16 22 26 37 18 7 30 8 14 3 23 35 14 29 26 32 28 28 27 21 14 2 25 27 30 25 15 11 28 12 22 38 27 39 23 20 21 31 23 34 26 6 27 19 14 24 26 36 27 33 28 0 22 4 11 30 12 

# ETPC Constraints (fore_job_sim_idx fore_op_idx hind_job_sim_idx hind_op_idx time_lapse)
ETPC Constraints
8 0 6 4 16
7 3 3 3 6
12 4 9 1 18
9 1 1 3 5
6 3 7 4 17
7 1 5 1 19
4 3 12 2 10
11 0 12 4 16
2 1 8 4 13
2 2 1 1 7
12 1 1 3 5
0 3 11 2 12
4 3 5 0 13
2 1 12 3 20
6 1 9 1 18
