10 40
5 4 0 28 1 20 2 14 3 21 4 24 24 25 15 26 22 27 14 16 4 29 5 21 6 21 7 13 24 20 25 29 26 23 27 26 28 10 29 29 30 18 31 22 32 20 33 27 34 19 35 12 32 4 14 5 29 6 12 7 21 8 27 9 10 10 14 11 21 12 25 13 15 14 12 15 16 16 23 17 21 18 14 19 19 20 17 21 18 22 13 23 20 24 12 25 14 26 18 27 20 28 30 29 28 30 13 31 20 32 14 33 20 34 17 35 24 4 36 12 37 22 38 24 39 16 
5 4 0 17 1 27 2 30 3 26 32 4 21 5 19 6 17 7 23 8 10 9 28 10 19 11 29 12 26 13 23 14 18 15 27 16 19 17 13 18 10 19 13 20 13 21 19 22 23 23 22 24 14 25 20 26 26 27 28 28 25 29 30 30 10 31 19 32 22 33 11 34 28 35 16 24 4 17 5 25 6 15 7 17 12 13 13 30 14 24 15 10 16 29 17 26 18 18 19 26 20 16 21 24 22 25 23 29 24 20 25 18 26 26 27 14 28 10 29 23 30 17 31 16 20 4 20 5 13 6 30 7 12 8 26 9 22 10 25 11 25 12 10 13 16 14 17 15 24 16 19 17 14 18 15 19 14 20 14 21 13 22 29 23 26 4 36 21 37 15 38 14 39 18 
5 4 0 26 1 20 2 19 3 10 32 4 29 5 28 6 27 7 21 8 17 9 11 10 16 11 23 12 10 13 19 14 11 15 15 16 24 17 23 18 27 19 13 20 26 21 14 22 24 23 28 24 22 25 11 26 23 27 10 28 22 29 16 30 18 31 19 32 27 33 11 34 27 35 11 28 8 27 9 21 10 11 11 17 12 28 13 16 14 22 15 20 16 21 17 20 18 28 19 27 20 24 21 11 22 18 23 24 24 21 25 12 26 11 27 30 28 11 29 12 30 27 31 30 32 28 33 15 34 10 35 21 16 8 10 9 15 10 27 11 19 12 30 13 21 14 30 15 16 28 16 29 12 30 28 31 29 32 22 33 17 34 24 35 27 4 36 11 37 22 38 13 39 19 
5 4 0 16 1 19 2 10 3 11 32 4 10 5 22 6 15 7 17 8 13 9 15 10 17 11 10 12 30 13 25 14 24 15 14 16 23 17 14 18 17 19 19 20 30 21 21 22 21 23 18 24 21 25 14 26 18 27 22 28 20 29 11 30 23 31 16 32 24 33 13 34 28 35 15 32 4 10 5 18 6 11 7 21 8 25 9 19 10 14 11 12 12 24 13 26 14 16 15 16 16 12 17 30 18 24 19 19 20 15 21 28 22 17 23 25 24 17 25 28 26 24 27 10 28 26 29 14 30 28 31 10 32 17 33 10 34 15 35 22 28 8 27 9 26 10 26 11 13 12 18 13 24 14 26 15 27 16 10 17 27 18 10 19 23 20 13 21 26 22 11 23 27 24 28 25 23 26 19 27 10 28 18 29 26 30 21 31 27 32 10 33 28 34 28 35 15 4 36 19 37 19 38 28 39 14 
5 4 0 21 1 23 2 26 3 20 8 4 18 5 20 6 17 7 15 16 17 17 11 18 28 19 20 20 4 17 5 28 6 26 7 20 8 10 9 29 10 16 11 23 20 27 21 21 22 22 23 25 24 21 25 19 26 14 27 15 32 12 33 21 34 29 35 18 12 4 14 5 17 6 13 7 29 8 26 9 12 10 19 11 15 28 17 29 21 30 17 31 23 4 36 26 37 15 38 21 39 12 
5 4 0 13 1 12 2 24 3 23 24 4 19 5 26 6 18 7 30 8 12 9 18 10 30 11 10 12 29 13 30 14 27 15 11 16 30 17 26 18 17 19 26 24 10 25 23 26 30 27 11 28 26 29 30 30 28 31 27 28 4 15 5 30 6 22 7 19 8 17 9 24 10 15 11 26 16 22 17 17 18 24 19 10 20 15 21 17 22 16 23 23 24 23 25 19 26 17 27 16 28 25 29 29 30 22 31 11 32 14 33 30 34 26 35 11 4 12 20 13 23 14 11 15 24 4 36 28 37 26 38 26 39 24 
5 4 0 17 1 29 2 10 3 14 20 4 26 5 11 6 11 7 17 12 19 13 18 14 24 15 14 16 25 17 25 18 12 19 28 28 28 29 18 30 17 31 24 32 13 33 20 34 22 35 10 16 4 28 5 18 6 25 7 28 16 17 17 10 18 26 19 21 28 28 29 30 30 12 31 18 32 10 33 13 34 14 35 11 16 4 19 5 25 6 23 7 14 16 14 17 26 18 20 19 17 20 21 21 19 22 10 23 26 24 17 25 23 26 13 27 27 4 36 19 37 27 38 19 39 21 
5 4 0 27 1 24 2 30 3 11 32 4 24 5 17 6 18 7 16 8 19 9 16 10 28 11 12 12 11 13 20 14 29 15 30 16 29 17 19 18 29 19 12 20 14 21 22 22 22 23 18 24 18 25 27 26 26 27 25 28 22 29 25 30 17 31 27 32 14 33 22 34 25 35 23 12 8 15 9 18 10 29 11 12 20 28 21 19 22 15 23 24 28 21 29 22 30 11 31 12 8 4 17 5 21 6 15 7 20 20 12 21 30 22 15 23 26 4 36 10 37 22 38 20 39 10 
5 4 0 20 1 23 2 29 3 25 12 8 30 9 26 10 29 11 16 12 12 13 17 14 20 15 22 28 30 29 22 30 20 31 29 24 4 15 5 20 6 12 7 29 8 18 9 22 10 25 11 26 12 12 13 30 14 28 15 18 20 16 21 13 22 13 23 16 24 27 25 19 26 18 27 25 32 14 33 26 34 21 35 19 28 4 15 5 11 6 26 7 21 8 10 9 10 10 30 11 12 12 10 13 11 14 23 15 30 16 11 17 11 18 26 19 24 20 24 21 23 22 24 23 15 28 28 29 24 30 12 31 23 32 17 33 28 34 22 35 24 4 36 29 37 18 38 21 39 20 
5 4 0 11 1 12 2 23 3 17 28 4 20 5 14 6 21 7 30 8 11 9 25 10 10 11 10 12 14 13 18 14 22 15 22 16 28 17 22 18 24 19 21 20 18 21 29 22 18 23 22 28 28 29 29 30 16 31 13 32 24 33 17 34 27 35 29 24 4 14 5 29 6 13 7 18 8 17 9 18 10 23 11 10 16 29 17 11 18 25 19 12 20 28 21 18 22 22 23 25 24 22 25 28 26 27 27 23 28 18 29 23 30 26 31 29 4 16 30 17 17 18 27 19 11 4 36 17 37 27 38 17 39 23 

Dynamic Events

# Machine Breakdowns (machine_id start_time end_time)
Machine Breakdowns
0 227 241
2 322 336
3 20 31
5 106 116
6 85 99
7 174 185
9 263 272
10 163 176
12 245 256
13 268 280
15 317 326
16 263 275
22 223 232
26 328 342
29 137 148
30 254 264
31 312 326
36 75 88
38 91 102
39 327 337

# Added Jobs (arrival_time: num_ops num_alts_op1 m1 p1 ... num_alts_op2 m1 p1 ...)
Added Jobs
85: 5 21 17 25 23 19 24 24 14 24 30 27 15 30 2 25 34 29 22 22 8 24 20 24 33 28 31 10 5 21 1 26 26 17 29 29 13 20 18 20 3 24 35 25 10 6 14 20 13 4 19 19 11 2 29 35 29 23 26 38 20 36 13 13 29 9 27 20 11 27 1 22 21 17 16 28 7 15 20 29 30 28 36 24 6 22 26 12 30 26 18 10 16 7 28 35 23 16 6 19 7 30 33 23 12 19 13 16 16 25 15 17 28 20 22 20 34 10 10 14 17 17 11 22 32 16 24 14 14 29 
123: 5 15 33 24 3 24 18 24 11 26 17 21 37 25 24 11 14 13 25 14 15 23 12 10 23 15 34 13 10 16 4 13 24 5 30 19 11 28 22 29 28 0 23 8 13 18 21 24 20 16 26 14 19 31 25 26 20 2 28 38 22 9 22 35 23 23 28 21 21 4 11 10 10 1 24 12 17 39 17 30 13 9 15 23 16 21 32 21 38 26 5 11 35 18 7 15 14 29 19 10 7 3 10 23 24 36 15 37 25 11 15 14 22 19 14 30 7 13 28 15 22 20 16 10 25 28 19 18 15 28 21 26 14 15 24 17 10 11 18 14 38 22 13 14 2 22 39 13 20 24 6 23 5 20 8 22 3 15 0 19 11 20 17 30 34 21 35 15 27 16 4 21 29 14 23 22 
133: 5 13 35 14 13 22 4 23 34 24 2 23 0 26 37 17 27 19 33 28 10 16 23 24 20 22 39 16 6 13 12 6 27 29 21 9 27 20 15 31 26 23 10 17 34 26 14 12 13 19 24 23 31 21 3 13 9 24 23 15 25 29 15 29 21 12 28 16 19 11 2 29 35 16 7 24 1 18 18 15 26 21 16 21 0 28 11 12 8 10 10 11 19 20 28 22 20 23 21 18 12 25 15 16 20 9 19 15 4 17 34 24 28 14 2 17 14 16 37 26 31 29 24 24 
145: 5 11 7 19 14 19 37 26 20 14 15 11 16 25 2 21 6 23 17 24 33 29 4 10 13 21 19 32 18 25 28 31 16 36 28 14 12 22 26 18 12 17 22 20 17 9 22 3 18 26 26 22 32 10 17 19 26 11 30 12 3 16 18 26 37 25 22 20 10 13 33 15 5 21 23 25 34 14 7 28 19 16 38 28 24 27 0 20 28 21 2 15 12 21 21 16 21 11 12 8 16 12 15 25 29 10 19 14 15 18 27 31 30 0 13 3 11 20 24 33 22 13 27 34 10 19 28 16 21 9 18 36 20 7 25 38 16 29 20 18 24 25 32 16 7 23 19 12 21 19 27 23 18 25 16 22 3 20 23 29 1 27 0 12 8 19 14 22 5 17 17 11 33 20 6 23 
156: 5 9 38 20 21 11 3 10 9 25 36 23 27 20 15 22 13 23 10 20 8 18 14 38 14 6 22 17 22 28 19 3 14 13 13 34 28 24 16 18 32 28 26 13 2 20 12 12 8 25 1 29 11 19 20 21 38 26 33 11 28 25 39 14 36 16 30 13 5 30 29 30 15 10 23 16 25 20 22 16 35 11 3 18 31 25 4 1 24 8 12 32 19 25 12 15 18 10 17 20 12 19 30 13 26 29 13 21 20 20 3 19 1 14 28 15 32 25 34 28 6 11 10 23 11 16 
158: 5 7 23 16 26 26 15 24 11 26 39 24 37 27 33 18 31 0 13 38 22 2 22 11 27 6 26 26 14 3 18 35 22 16 22 5 21 21 29 29 22 9 20 4 18 31 23 1 22 13 25 19 26 14 24 17 22 36 26 22 18 37 18 20 16 39 12 8 13 7 18 30 25 32 26 34 13 10 18 10 39 17 16 16 0 26 37 20 23 23 4 12 2 13 3 11 17 16 5 11 13 24 25 4 20 15 29 21 29 13 15 17 14 28 30 1 20 10 11 11 12 5 23 18 14 22 17 28 4 10 30 19 18 27 16 26 20 21 11 18 36 27 9 28 17 16 28 27 2 22 13 15 29 28 26 13 23 19 31 15 8 19 24 19 3 18 33 22 19 11 1 16 6 26 25 27 0 16 15 21 10 15 32 12 

# Cancelled Jobs (cancel_time initial_job_sim_idx_to_cancel)
Cancelled Jobs
136 1
146 3

# ETPC Constraints (fore_job_sim_idx fore_op_idx hind_job_sim_idx hind_op_idx time_lapse)
ETPC Constraints
11 4 4 0 19
14 4 11 3 18
4 2 2 4 5
2 4 1 4 10
9 4 12 2 5
7 1 2 3 4
8 3 15 1 16
12 1 15 1 12
7 4 2 3 13
9 3 6 2 15
5 2 0 2 3
12 0 5 4 15
9 2 4 0 10
9 4 2 4 13
9 3 14 1 6
4 0 3 3 16
8 2 15 4 19
3 3 13 2 17
6 0 10 3 6
8 4 12 1 6
11 0 14 4 6
3 4 8 0 20
14 1 6 2 13
13 3 14 0 8
