20 40
5 4 0 27 1 20 2 23 3 11 32 4 12 5 29 6 11 7 28 8 20 9 27 10 22 11 16 12 14 13 24 14 28 15 24 16 17 17 27 18 10 19 23 20 24 21 29 22 30 23 24 24 17 25 16 26 17 27 20 28 16 29 22 30 15 31 29 32 19 33 14 34 12 35 12 16 4 17 5 20 6 12 7 12 8 12 9 18 10 18 11 28 12 21 13 17 14 18 15 22 24 16 25 30 26 12 27 14 28 4 20 5 17 6 10 7 20 8 13 9 29 10 19 11 20 16 11 17 22 18 19 19 29 20 18 21 12 22 14 23 15 24 19 25 28 26 26 27 22 28 10 29 10 30 11 31 27 32 12 33 27 34 10 35 24 4 36 26 37 22 38 22 39 17 
5 4 0 30 1 20 2 26 3 15 20 4 17 5 10 6 12 7 19 8 15 9 30 10 23 11 29 12 24 13 17 14 21 15 28 20 20 21 29 22 18 23 17 28 17 29 19 30 20 31 26 16 12 23 13 21 14 23 15 27 16 16 17 11 18 27 19 18 28 17 29 26 30 16 31 14 32 15 33 11 34 23 35 28 16 4 16 5 15 6 30 7 30 8 27 9 20 10 28 11 25 16 22 17 17 18 29 19 11 24 13 25 20 26 16 27 22 4 36 22 37 16 38 25 39 12 
5 4 0 17 1 13 2 16 3 10 24 4 12 5 14 6 30 7 30 8 29 9 25 10 14 11 23 12 27 13 21 14 17 15 26 16 25 17 15 18 24 19 15 24 15 25 11 26 27 27 19 32 30 33 15 34 12 35 29 16 12 12 13 11 14 28 15 20 20 25 21 10 22 23 23 17 24 26 25 21 26 20 27 11 28 22 29 17 30 16 31 21 28 4 19 5 12 6 12 7 11 8 14 9 24 10 11 11 14 12 10 13 13 14 28 15 27 16 23 17 16 18 10 19 17 20 16 21 20 22 22 23 10 28 20 29 25 30 27 31 30 32 25 33 18 34 16 35 21 4 36 27 37 25 38 15 39 18 
5 4 0 17 1 29 2 27 3 23 24 4 26 5 18 6 15 7 14 8 28 9 25 10 13 11 15 12 21 13 23 14 17 15 24 16 17 17 26 18 13 19 20 20 21 21 30 22 12 23 28 24 25 25 28 26 26 27 20 24 4 24 5 24 6 17 7 19 8 29 9 25 10 30 11 21 12 17 13 13 14 20 15 13 16 13 17 15 18 30 19 28 24 25 25 28 26 28 27 28 32 10 33 16 34 19 35 18 16 8 23 9 28 10 30 11 10 12 10 13 19 14 24 15 11 20 23 21 24 22 19 23 29 32 14 33 21 34 19 35 20 4 36 30 37 18 38 18 39 22 
5 4 0 10 1 19 2 10 3 12 24 4 23 5 27 6 21 7 12 12 16 13 10 14 21 15 20 16 25 17 30 18 18 19 14 20 12 21 12 22 28 23 17 24 22 25 11 26 16 27 10 28 11 29 19 30 16 31 19 24 4 15 5 30 6 20 7 12 12 26 13 20 14 28 15 10 16 30 17 21 18 11 19 22 20 19 21 13 22 14 23 21 24 19 25 18 26 10 27 26 32 30 33 24 34 28 35 10 28 8 10 9 19 10 14 11 24 12 19 13 10 14 28 15 22 16 28 17 11 18 10 19 23 20 13 21 24 22 12 23 23 24 10 25 13 26 26 27 25 28 23 29 29 30 22 31 12 32 23 33 19 34 12 35 26 4 36 27 37 21 38 28 39 10 
5 4 0 14 1 22 2 14 3 23 16 12 11 13 26 14 20 15 14 24 19 25 14 26 17 27 15 28 27 29 24 30 27 31 18 32 24 33 17 34 27 35 16 16 8 11 9 25 10 28 11 14 12 14 13 24 14 17 15 14 16 12 17 21 18 21 19 12 28 18 29 16 30 10 31 27 12 12 19 13 14 14 19 15 15 20 20 21 22 22 27 23 28 32 28 33 30 34 16 35 24 4 36 24 37 29 38 14 39 26 
5 4 0 18 1 22 2 11 3 19 32 4 19 5 13 6 28 7 20 8 24 9 16 10 10 11 22 12 29 13 19 14 22 15 12 16 10 17 28 18 17 19 29 20 30 21 24 22 27 23 19 24 14 25 21 26 25 27 22 28 13 29 10 30 22 31 27 32 26 33 29 34 20 35 11 32 4 21 5 12 6 15 7 20 8 14 9 28 10 13 11 27 12 18 13 23 14 11 15 18 16 12 17 25 18 16 19 21 20 17 21 30 22 14 23 15 24 16 25 12 26 28 27 18 28 16 29 28 30 30 31 15 32 16 33 17 34 22 35 11 32 4 23 5 15 6 22 7 20 8 20 9 14 10 28 11 22 12 26 13 16 14 18 15 22 16 22 17 28 18 23 19 26 20 11 21 29 22 24 23 23 24 21 25 13 26 17 27 29 28 12 29 22 30 14 31 18 32 19 33 23 34 21 35 22 4 36 11 37 21 38 13 39 23 
5 4 0 17 1 25 2 25 3 25 20 4 26 5 22 6 22 7 12 8 25 9 10 10 25 11 17 16 15 17 23 18 20 19 21 20 18 21 11 22 26 23 15 32 23 33 23 34 21 35 11 28 4 29 5 19 6 15 7 25 8 10 9 19 10 12 11 21 12 11 13 19 14 14 15 19 20 20 21 26 22 23 23 16 24 12 25 17 26 22 27 13 28 30 29 23 30 15 31 29 32 24 33 13 34 14 35 23 12 12 19 13 15 14 20 15 21 20 13 21 30 22 25 23 27 24 19 25 29 26 28 27 21 4 36 28 37 26 38 10 39 18 
5 4 0 29 1 26 2 28 3 27 28 4 11 5 27 6 23 7 27 8 11 9 14 10 12 11 14 12 30 13 30 14 21 15 11 20 22 21 10 22 18 23 30 24 16 25 25 26 25 27 10 28 21 29 11 30 27 31 19 32 30 33 26 34 13 35 20 20 4 20 5 17 6 28 7 19 8 26 9 23 10 15 11 16 12 12 13 27 14 21 15 19 24 27 25 23 26 11 27 27 32 17 33 30 34 21 35 15 4 16 14 17 10 18 13 19 13 4 36 19 37 26 38 18 39 25 
5 4 0 11 1 18 2 15 3 24 12 8 24 9 15 10 11 11 11 12 16 13 22 14 21 15 18 32 18 33 16 34 27 35 21 32 4 16 5 27 6 10 7 30 8 26 9 23 10 23 11 29 12 26 13 21 14 30 15 19 16 22 17 25 18 14 19 26 20 26 21 29 22 19 23 10 24 26 25 27 26 11 27 13 28 29 29 22 30 16 31 13 32 10 33 22 34 26 35 17 16 8 14 9 26 10 29 11 19 12 16 13 23 14 28 15 27 24 25 25 18 26 11 27 14 28 10 29 28 30 30 31 15 4 36 11 37 29 38 20 39 15 
5 4 0 20 1 29 2 11 3 10 16 4 18 5 10 6 11 7 27 16 29 17 10 18 16 19 16 24 27 25 24 26 20 27 28 32 28 33 23 34 10 35 26 16 8 10 9 12 10 28 11 20 12 28 13 18 14 22 15 22 16 13 17 14 18 17 19 14 20 10 21 16 22 18 23 30 32 4 13 5 27 6 23 7 18 8 11 9 11 10 16 11 21 12 21 13 25 14 23 15 10 16 19 17 25 18 18 19 12 20 14 21 17 22 21 23 20 24 17 25 24 26 26 27 25 28 20 29 24 30 14 31 12 32 21 33 22 34 23 35 22 4 36 22 37 23 38 11 39 25 
5 4 0 12 1 26 2 25 3 28 24 4 13 5 22 6 17 7 12 8 22 9 21 10 18 11 30 16 15 17 28 18 18 19 30 20 12 21 28 22 24 23 30 28 17 29 21 30 12 31 12 32 19 33 25 34 22 35 14 16 4 21 5 29 6 29 7 10 8 24 9 28 10 28 11 28 20 21 21 15 22 22 23 21 28 25 29 27 30 30 31 10 28 4 22 5 24 6 18 7 27 8 26 9 24 10 11 11 16 12 25 13 24 14 17 15 18 20 29 21 24 22 10 23 30 24 14 25 28 26 11 27 25 28 17 29 28 30 20 31 25 32 18 33 10 34 29 35 22 4 36 15 37 21 38 20 39 21 
5 4 0 15 1 28 2 15 3 29 32 4 13 5 19 6 14 7 24 8 12 9 18 10 23 11 14 12 22 13 26 14 14 15 21 16 28 17 16 18 15 19 30 20 18 21 29 22 26 23 12 24 17 25 14 26 30 27 15 28 19 29 16 30 17 31 24 32 13 33 28 34 14 35 16 28 4 18 5 29 6 26 7 11 8 14 9 20 10 27 11 16 12 30 13 16 14 24 15 17 20 26 21 28 22 22 23 20 24 11 25 29 26 21 27 29 28 16 29 27 30 19 31 11 32 29 33 29 34 27 35 17 8 16 21 17 11 18 10 19 10 24 20 25 27 26 16 27 10 4 36 24 37 22 38 22 39 14 
5 4 0 17 1 10 2 15 3 14 12 8 17 9 26 10 29 11 15 12 29 13 18 14 24 15 24 32 11 33 24 34 21 35 26 20 12 14 13 18 14 28 15 13 16 11 17 11 18 18 19 16 20 26 21 14 22 14 23 29 28 12 29 11 30 19 31 19 32 26 33 12 34 14 35 18 16 12 30 13 21 14 16 15 21 16 10 17 10 18 23 19 30 20 26 21 16 22 19 23 25 28 21 29 10 30 24 31 15 4 36 20 37 21 38 16 39 14 
5 4 0 13 1 24 2 10 3 16 24 4 10 5 11 6 13 7 11 8 24 9 12 10 19 11 21 16 12 17 10 18 27 19 27 24 14 25 27 26 11 27 27 28 11 29 25 30 20 31 23 32 23 33 30 34 19 35 21 8 16 19 17 28 18 21 19 15 28 28 29 10 30 19 31 23 28 8 30 9 17 10 23 11 10 12 27 13 23 14 11 15 25 16 13 17 24 18 22 19 11 20 27 21 24 22 10 23 27 24 28 25 19 26 29 27 21 28 10 29 23 30 18 31 12 32 21 33 13 34 26 35 12 4 36 14 37 10 38 18 39 26 
5 4 0 11 1 29 2 10 3 12 24 8 15 9 19 10 17 11 14 12 22 13 21 14 10 15 26 16 16 17 25 18 13 19 13 20 17 21 28 22 21 23 24 28 12 29 20 30 28 31 12 32 25 33 27 34 10 35 16 32 4 27 5 22 6 12 7 15 8 23 9 25 10 18 11 11 12 14 13 10 14 15 15 11 16 11 17 14 18 13 19 24 20 20 21 10 22 29 23 11 24 20 25 29 26 16 27 21 28 25 29 10 30 27 31 29 32 28 33 22 34 12 35 12 32 4 16 5 15 6 24 7 24 8 18 9 25 10 19 11 12 12 29 13 23 14 10 15 18 16 29 17 14 18 16 19 12 20 29 21 19 22 18 23 29 24 22 25 22 26 24 27 16 28 10 29 26 30 18 31 28 32 15 33 13 34 15 35 10 4 36 15 37 14 38 16 39 16 
5 4 0 11 1 11 2 30 3 18 4 32 16 33 11 34 10 35 30 24 4 24 5 10 6 23 7 19 8 23 9 16 10 10 11 17 12 16 13 23 14 10 15 30 16 25 17 26 18 11 19 19 20 23 21 26 22 22 23 27 32 29 33 27 34 13 35 17 20 8 16 9 27 10 18 11 17 12 27 13 18 14 24 15 28 20 27 21 28 22 16 23 20 24 15 25 21 26 24 27 21 28 23 29 25 30 17 31 29 4 36 18 37 22 38 14 39 28 
5 4 0 28 1 18 2 22 3 17 20 8 17 9 10 10 16 11 18 12 14 13 29 14 12 15 18 16 26 17 17 18 29 19 18 20 17 21 28 22 25 23 22 24 11 25 28 26 20 27 16 12 12 19 13 13 14 16 15 10 16 13 17 11 18 21 19 16 20 17 21 30 22 25 23 25 20 4 10 5 21 6 10 7 13 8 28 9 24 10 15 11 29 12 28 13 19 14 22 15 10 24 26 25 18 26 27 27 13 32 26 33 25 34 20 35 26 4 36 22 37 30 38 24 39 23 
5 4 0 23 1 26 2 25 3 18 16 4 25 5 27 6 22 7 23 8 24 9 18 10 27 11 16 12 22 13 11 14 16 15 12 16 21 17 25 18 22 19 18 32 4 24 5 10 6 12 7 22 8 18 9 16 10 22 11 21 12 29 13 29 14 19 15 13 16 27 17 23 18 24 19 11 20 13 21 28 22 20 23 15 24 14 25 30 26 28 27 16 28 18 29 16 30 14 31 15 32 13 33 16 34 28 35 10 28 4 22 5 10 6 10 7 11 8 28 9 17 10 29 11 19 12 19 13 28 14 13 15 25 16 23 17 22 18 24 19 22 20 16 21 11 22 16 23 16 24 27 25 13 26 28 27 28 28 28 29 17 30 15 31 28 4 36 21 37 27 38 12 39 16 
5 4 0 23 1 16 2 10 3 18 4 24 15 25 25 26 26 27 14 4 12 24 13 22 14 25 15 24 8 8 13 9 15 10 27 11 18 24 10 25 25 26 21 27 20 4 36 22 37 29 38 27 39 17 

Dynamic Events

# Machine Breakdowns (machine_id start_time end_time)
Machine Breakdowns
3 67 81
6 233 242
7 459 473
9 417 426
13 239 252
14 538 551
22 417 428
27 121 131
30 483 493
33 440 454
36 282 294
39 61 71

# Added Jobs (arrival_time: num_ops num_alts_op1 m1 p1 ... num_alts_op2 m1 p1 ...)
Added Jobs
132: 5 25 15 17 17 23 33 22 3 27 16 30 11 15 29 28 23 22 27 27 10 11 36 30 21 27 9 26 1 10 18 22 37 24 4 11 6 17 22 22 12 11 19 30 32 20 34 29 0 27 31 11 15 13 28 34 29 4 19 28 20 3 29 25 26 35 25 9 20 39 17 31 27 14 11 24 21 17 12 27 19 8 14 14 17 12 38 26 7 25 24 26 1 15 9 16 22 29 19 11 26 12 23 23 35 15 14 22 27 10 6 19 27 6 19 7 26 37 20 4 13 33 20 12 19 22 22 24 10 34 14 19 20 14 28 18 21 10 19 3 26 39 27 0 29 27 17 2 13 28 20 1 26 36 25 21 26 32 13 35 21 20 16 31 18 15 25 27 33 23 9 28 12 30 5 27 2 21 6 14 16 29 35 10 30 17 23 21 21 29 39 17 7 18 28 13 29 21 24 25 25 26 27 15 36 12 26 20 0 14 37 16 1 19 19 27 10 18 4 25 13 11 
149: 5 15 6 26 38 18 24 20 30 21 8 17 9 19 10 28 11 24 19 28 21 14 7 22 34 15 13 26 37 16 26 21 13 28 19 18 21 33 11 31 19 7 25 36 15 3 13 32 29 26 11 9 11 35 10 37 27 30 23 25 20 12 26 29 23 22 2 13 27 14 18 26 28 23 30 18 10 16 1 27 15 22 7 21 22 16 16 22 21 20 32 20 12 26 13 28 37 25 8 12 24 15 29 16 5 21 3 29 14 13 20 15 29 8 15 14 28 24 14 6 20 34 28 29 22 27 13 36 30 9 12 12 24 21 21 7 19 10 25 16 29 0 28 17 27 19 12 11 23 23 29 23 39 12 1 15 7 30 34 24 19 27 32 18 31 25 3 21 23 21 22 16 30 23 24 22 14 17 25 23 11 25 28 19 2 13 15 10 18 24 36 23 17 24 33 14 35 14 
158: 5 31 32 28 23 27 28 23 20 17 6 29 38 13 26 23 29 22 12 28 3 12 7 22 8 16 19 30 16 21 4 21 14 24 35 25 2 11 18 11 36 18 24 13 5 11 10 22 27 24 17 19 25 26 15 25 31 11 13 30 1 22 22 11 13 4 28 6 30 26 22 3 22 38 22 12 17 13 29 5 27 19 18 17 14 11 30 1 21 8 16 9 38 20 33 16 29 28 1 16 26 29 19 21 36 11 20 16 3 28 11 25 14 8 24 16 20 22 14 17 16 14 14 26 13 20 10 6 10 0 29 1 26 28 29 26 26 26 8 19 20 29 0 28 21 12 16 26 31 10 13 14 2 14 27 19 18 23 25 16 3 27 33 23 37 30 17 19 7 18 24 22 38 21 32 27 10 26 1 21 6 12 39 20 15 25 14 19 5 15 
187: 5 23 2 20 11 14 3 12 34 14 33 24 14 12 0 24 13 19 7 27 37 20 5 17 30 18 8 23 26 28 35 17 15 19 29 18 38 18 20 30 39 11 21 13 1 18 9 23 6 4 22 34 27 36 23 0 15 37 18 26 13 15 20 28 32 27 37 12 21 28 34 12 8 20 26 14 27 21 7 29 29 18 36 12 17 30 11 10 33 24 24 22 5 2 20 31 14 6 18 34 21 27 10 26 6 20 26 15 30 20 21 14 27 17 12 14 37 16 36 24 13 15 5 19 25 22 1 19 35 25 11 21 39 20 22 20 7 30 10 12 19 12 17 27 3 21 18 17 28 10 34 16 16 29 8 13 
219: 5 31 37 19 3 11 30 28 9 17 1 18 23 15 32 12 16 28 27 11 12 13 22 26 24 11 4 15 19 15 0 13 35 14 2 14 34 29 28 17 38 17 13 14 18 15 17 18 5 11 10 30 25 15 21 10 7 20 20 21 26 14 15 17 4 29 18 8 25 24 27 0 26 16 26 22 22 14 21 27 12 17 9 18 34 18 13 29 33 20 27 14 20 12 10 16 0 29 39 23 18 11 3 11 19 19 23 26 16 35 25 5 12 25 24 27 20 22 29 7 10 15 20 20 23 36 14 3 14 13 18 37 22 18 26 0 23 38 11 10 23 19 12 39 15 6 14 32 18 4 21 17 23 22 15 16 11 12 7 21 9 25 37 12 2 12 21 25 18 27 32 15 14 18 16 26 8 10 33 19 39 13 20 19 23 23 22 30 36 27 17 18 5 10 3 29 24 25 
222: 5 10 7 23 32 10 35 13 30 14 25 26 14 23 17 26 39 23 0 25 37 24 12 31 17 15 24 32 18 6 12 19 24 36 17 8 21 22 29 0 22 18 15 17 26 35 18 15 14 15 16 17 25 24 7 30 28 19 22 17 30 26 37 29 35 22 2 29 19 16 1 24 17 17 5 20 20 17 19 17 25 0 15 37 20 24 22 8 18 12 14 22 19 1 12 38 26 4 16 30 30 2 15 5 16 39 15 32 28 7 18 3 14 34 19 15 23 8 35 24 18 16 29 29 24 17 28 17 23 14 5 18 6 28 
225: 5 10 28 15 14 15 15 15 38 17 25 25 21 20 18 25 30 24 5 22 19 14 23 30 14 29 11 35 29 2 26 22 16 13 29 32 13 5 14 14 24 33 19 21 27 4 21 26 19 34 17 18 14 28 21 31 18 8 24 17 10 38 16 7 23 36 28 37 20 15 18 10 31 10 1 14 0 18 22 20 34 23 36 11 38 14 39 24 30 26 6 12 25 27 5 19 19 14 35 29 27 8 10 30 18 39 21 22 21 3 25 37 13 25 27 6 20 38 11 7 24 34 24 13 29 32 11 19 30 5 20 36 16 20 12 15 10 27 20 17 26 9 17 31 30 26 21 29 11 33 30 11 29 12 15 12 6 26 12 30 29 16 18 19 36 21 33 19 37 13 13 25 9 26 22 23 15 11 35 25 

# ETPC Constraints (fore_job_sim_idx fore_op_idx hind_job_sim_idx hind_op_idx time_lapse)
ETPC Constraints
26 1 21 0 9
10 3 20 1 14
12 4 4 3 9
0 1 10 0 20
15 1 11 3 18
13 4 10 2 6
9 3 4 0 14
12 2 16 2 16
5 2 23 1 8
5 1 6 1 19
2 2 14 1 13
17 2 2 4 20
3 3 25 4 17
5 0 9 0 13
21 0 8 2 11
18 4 15 4 16
9 1 1 0 3
16 3 4 0 19
6 2 20 3 10
5 1 26 1 10
4 4 21 3 15
12 3 26 2 5
3 1 26 3 17
5 0 3 1 4
20 3 13 2 16
18 4 3 2 16
22 3 5 0 11
18 0 16 3 15
26 3 4 1 7
3 4 8 3 20
16 0 2 3 11
9 0 15 2 9
14 1 19 4 19
8 4 4 2 14
0 0 15 2 12
19 3 21 1 16
14 1 23 0 15
12 3 14 3 9
25 0 24 2 15
24 0 23 2 13
11 1 14 3 7
1 4 8 4 3
17 2 22 3 7
23 3 10 0 18
24 1 23 0 12
17 0 19 0 14
22 2 2 2 6
15 2 12 2 10
11 3 2 0 19
21 2 12 3 4
14 3 3 0 3
2 1 20 3 4
7 2 12 0 14
13 3 22 0 14
