20 40
5 4 0 18 1 13 2 24 3 17 32 4 27 5 23 6 13 7 26 8 18 9 21 10 29 11 10 12 19 13 13 14 27 15 14 16 30 17 30 18 10 19 24 20 13 21 20 22 26 23 10 24 16 25 12 26 20 27 28 28 11 29 14 30 28 31 19 32 23 33 22 34 27 35 10 12 8 11 9 30 10 11 11 21 24 11 25 11 26 29 27 27 28 30 29 23 30 26 31 13 4 16 10 17 12 18 11 19 30 4 36 27 37 10 38 29 39 15 
5 4 0 17 1 17 2 19 3 30 32 4 16 5 12 6 24 7 16 8 15 9 17 10 15 11 15 12 19 13 21 14 10 15 26 16 23 17 24 18 15 19 30 20 26 21 22 22 25 23 14 24 11 25 30 26 27 27 27 28 29 29 29 30 14 31 30 32 14 33 15 34 12 35 11 24 4 10 5 12 6 23 7 12 8 15 9 18 10 23 11 19 12 16 13 25 14 19 15 29 24 27 25 30 26 26 27 12 28 21 29 17 30 27 31 17 32 24 33 18 34 10 35 12 32 4 30 5 25 6 29 7 23 8 24 9 18 10 10 11 17 12 15 13 18 14 10 15 20 16 27 17 23 18 23 19 13 20 24 21 29 22 15 23 28 24 27 25 21 26 26 27 24 28 29 29 24 30 14 31 29 32 30 33 17 34 13 35 24 4 36 12 37 25 38 26 39 22 
5 4 0 15 1 26 2 20 3 23 32 4 30 5 19 6 13 7 18 8 22 9 11 10 26 11 18 12 28 13 21 14 25 15 17 16 22 17 18 18 29 19 20 20 12 21 20 22 16 23 30 24 22 25 13 26 22 27 30 28 27 29 23 30 29 31 28 32 21 33 23 34 30 35 29 8 8 16 9 15 10 27 11 13 16 26 17 22 18 14 19 21 12 12 28 13 24 14 18 15 14 28 21 29 14 30 27 31 18 32 13 33 24 34 15 35 23 4 36 19 37 24 38 17 39 22 
5 4 0 18 1 22 2 19 3 17 8 8 22 9 22 10 11 11 14 12 13 13 15 14 30 15 22 12 12 17 13 30 14 17 15 20 24 27 25 14 26 10 27 29 28 27 29 13 30 14 31 23 16 4 18 5 25 6 19 7 15 12 20 13 17 14 16 15 29 24 15 25 22 26 17 27 10 32 28 33 11 34 14 35 30 4 36 15 37 25 38 20 39 30 
5 4 0 23 1 17 2 24 3 18 28 4 16 5 11 6 25 7 17 8 12 9 26 10 14 11 16 12 11 13 26 14 11 15 15 16 25 17 30 18 22 19 16 24 12 25 12 26 12 27 24 28 14 29 26 30 14 31 25 32 17 33 19 34 24 35 28 8 24 20 25 10 26 21 27 29 28 16 29 24 30 27 31 29 12 16 21 17 25 18 20 19 23 28 13 29 27 30 12 31 19 32 15 33 28 34 18 35 10 4 36 30 37 19 38 29 39 12 
5 4 0 23 1 14 2 20 3 18 28 4 16 5 12 6 14 7 14 8 19 9 22 10 30 11 14 12 10 13 10 14 15 15 27 16 29 17 29 18 20 19 29 20 10 21 11 22 26 23 11 28 20 29 28 30 14 31 26 32 23 33 28 34 19 35 23 24 4 12 5 27 6 30 7 18 12 12 13 30 14 26 15 12 16 20 17 27 18 30 19 29 20 20 21 29 22 22 23 20 28 30 29 18 30 19 31 18 32 27 33 11 34 19 35 30 32 4 17 5 25 6 28 7 10 8 20 9 27 10 15 11 28 12 27 13 11 14 26 15 20 16 24 17 27 18 19 19 21 20 20 21 14 22 22 23 14 24 28 25 13 26 12 27 12 28 19 29 13 30 12 31 17 32 13 33 17 34 27 35 16 4 36 10 37 19 38 21 39 24 
5 4 0 25 1 12 2 24 3 26 24 4 27 5 10 6 23 7 22 8 18 9 13 10 16 11 29 12 12 13 15 14 30 15 24 24 14 25 13 26 15 27 25 28 27 29 19 30 24 31 29 32 24 33 19 34 17 35 27 20 4 27 5 15 6 30 7 27 8 23 9 21 10 11 11 12 16 17 17 16 18 23 19 13 24 16 25 14 26 20 27 30 32 17 33 14 34 24 35 16 24 4 22 5 30 6 23 7 10 8 22 9 22 10 28 11 28 12 18 13 16 14 22 15 20 16 26 17 28 18 17 19 23 28 29 29 20 30 26 31 11 32 19 33 13 34 14 35 20 4 36 14 37 29 38 30 39 26 
5 4 0 18 1 13 2 16 3 24 8 8 19 9 23 10 30 11 11 16 24 17 12 18 17 19 11 20 8 22 9 29 10 22 11 22 16 21 17 27 18 26 19 24 20 12 21 11 22 29 23 17 24 10 25 26 26 13 27 13 28 10 29 16 30 26 31 17 32 4 24 5 22 6 22 7 29 8 22 9 28 10 24 11 28 12 12 13 30 14 13 15 28 16 18 17 16 18 25 19 24 20 24 21 13 22 21 23 24 24 22 25 25 26 27 27 25 28 11 29 18 30 22 31 10 32 18 33 28 34 15 35 12 4 36 25 37 15 38 29 39 18 
5 4 0 27 1 10 2 11 3 12 20 8 17 9 30 10 21 11 14 16 30 17 16 18 18 19 23 20 10 21 24 22 20 23 13 24 20 25 17 26 11 27 30 28 15 29 17 30 26 31 30 32 4 22 5 25 6 27 7 12 8 25 9 14 10 22 11 27 12 30 13 20 14 21 15 17 16 22 17 20 18 16 19 29 20 19 21 10 22 12 23 16 24 28 25 11 26 26 27 21 28 30 29 13 30 11 31 30 32 17 33 25 34 12 35 12 4 20 18 21 15 22 23 23 15 4 36 22 37 15 38 28 39 14 
5 4 0 25 1 13 2 24 3 10 24 8 26 9 15 10 19 11 18 12 15 13 15 14 11 15 25 16 24 17 23 18 27 19 19 20 16 21 22 22 17 23 26 28 28 29 13 30 23 31 20 32 25 33 23 34 14 35 14 28 4 17 5 13 6 20 7 17 8 19 9 20 10 11 11 21 12 27 13 22 14 12 15 20 16 15 17 21 18 18 19 15 20 29 21 22 22 23 23 29 24 15 25 15 26 27 27 26 28 20 29 22 30 22 31 14 24 8 16 9 21 10 11 11 14 12 10 13 12 14 25 15 26 16 18 17 11 18 10 19 12 20 24 21 29 22 20 23 26 28 27 29 12 30 13 31 11 32 27 33 15 34 19 35 13 4 36 18 37 26 38 10 39 19 
5 4 0 17 1 16 2 12 3 26 20 4 15 5 15 6 21 7 13 8 10 9 15 10 19 11 19 16 11 17 11 18 16 19 14 28 20 29 13 30 22 31 14 32 25 33 20 34 17 35 19 16 4 10 5 10 6 10 7 19 8 20 9 20 10 10 11 13 16 19 17 24 18 27 19 12 32 12 33 20 34 21 35 14 20 4 23 5 14 6 30 7 14 16 18 17 18 18 11 19 11 20 13 21 25 22 20 23 24 24 20 25 17 26 22 27 17 32 11 33 22 34 21 35 25 4 36 22 37 24 38 22 39 20 
5 4 0 26 1 19 2 12 3 17 8 4 25 5 15 6 21 7 29 24 11 25 28 26 14 27 21 24 4 12 5 26 6 25 7 16 8 25 9 22 10 30 11 14 20 19 21 23 22 18 23 15 24 28 25 25 26 20 27 17 28 30 29 10 30 30 31 29 32 10 33 20 34 20 35 12 32 4 12 5 11 6 16 7 26 8 28 9 15 10 19 11 26 12 29 13 15 14 23 15 10 16 12 17 11 18 23 19 17 20 16 21 25 22 30 23 20 24 14 25 12 26 15 27 29 28 21 29 30 30 15 31 12 32 26 33 18 34 29 35 30 4 36 21 37 24 38 14 39 17 
5 4 0 11 1 28 2 10 3 17 8 16 30 17 22 18 15 19 12 20 16 21 21 22 15 23 17 28 4 22 5 23 6 24 7 11 12 14 13 16 14 26 15 10 16 14 17 23 18 24 19 24 20 27 21 19 22 12 23 24 24 19 25 14 26 10 27 15 28 22 29 22 30 27 31 19 32 18 33 20 34 12 35 21 28 4 24 5 25 6 20 7 30 8 11 9 11 10 18 11 10 12 23 13 28 14 18 15 22 16 18 17 23 18 25 19 19 20 21 21 16 22 22 23 17 24 18 25 23 26 12 27 26 32 29 33 21 34 30 35 13 4 36 23 37 10 38 10 39 19 
5 4 0 13 1 28 2 13 3 28 32 4 10 5 18 6 23 7 28 8 19 9 21 10 12 11 10 12 22 13 29 14 27 15 18 16 27 17 27 18 15 19 29 20 12 21 11 22 22 23 12 24 15 25 30 26 24 27 17 28 12 29 14 30 25 31 11 32 21 33 11 34 22 35 28 12 8 20 9 11 10 17 11 25 12 22 13 19 14 30 15 16 28 14 29 24 30 23 31 10 32 4 24 5 22 6 10 7 29 8 14 9 12 10 24 11 23 12 17 13 13 14 27 15 11 16 16 17 10 18 11 19 29 20 25 21 29 22 30 23 24 24 26 25 30 26 19 27 22 28 20 29 26 30 15 31 22 32 10 33 27 34 19 35 11 4 36 12 37 23 38 16 39 29 
5 4 0 11 1 28 2 29 3 26 32 4 28 5 14 6 29 7 14 8 28 9 26 10 12 11 15 12 27 13 25 14 14 15 18 16 27 17 21 18 25 19 24 20 27 21 21 22 16 23 27 24 26 25 16 26 13 27 27 28 21 29 17 30 13 31 20 32 25 33 12 34 11 35 20 4 12 19 13 16 14 13 15 15 32 4 19 5 25 6 12 7 27 8 26 9 12 10 24 11 11 12 24 13 14 14 23 15 13 16 16 17 23 18 15 19 19 20 19 21 12 22 27 23 19 24 11 25 13 26 17 27 30 28 14 29 20 30 15 31 22 32 14 33 20 34 23 35 27 4 36 12 37 25 38 13 39 13 
5 4 0 29 1 28 2 16 3 11 8 8 13 9 26 10 23 11 16 24 18 25 22 26 22 27 18 4 16 23 17 14 18 17 19 16 16 8 27 9 22 10 16 11 28 12 25 13 16 14 12 15 17 16 27 17 10 18 30 19 12 24 24 25 26 26 10 27 18 4 36 12 37 26 38 20 39 22 
5 4 0 12 1 17 2 29 3 25 12 8 30 9 17 10 27 11 28 12 20 13 22 14 29 15 19 24 11 25 24 26 18 27 12 28 4 22 5 12 6 19 7 11 8 24 9 22 10 12 11 17 12 16 13 15 14 18 15 23 16 30 17 28 18 14 19 23 20 24 21 10 22 25 23 10 24 17 25 12 26 26 27 17 28 13 29 22 30 25 31 20 16 8 14 9 26 10 10 11 30 16 17 17 29 18 21 19 12 24 17 25 10 26 24 27 16 28 12 29 10 30 18 31 23 4 36 22 37 10 38 18 39 14 
5 4 0 30 1 16 2 17 3 25 28 8 14 9 17 10 16 11 13 12 13 13 23 14 19 15 28 16 14 17 30 18 15 19 18 20 10 21 27 22 19 23 13 24 22 25 19 26 15 27 18 28 19 29 24 30 11 31 12 32 25 33 10 34 30 35 22 4 28 23 29 29 30 27 31 29 24 4 12 5 21 6 23 7 27 8 29 9 23 10 18 11 21 12 15 13 23 14 10 15 18 16 16 17 27 18 26 19 11 20 15 21 24 22 23 23 10 24 13 25 18 26 27 27 10 4 36 16 37 27 38 20 39 14 
5 4 0 29 1 15 2 12 3 27 28 8 18 9 16 10 18 11 15 12 14 13 14 14 10 15 22 16 11 17 17 18 20 19 20 20 26 21 10 22 30 23 23 24 26 25 24 26 19 27 12 28 12 29 14 30 20 31 15 32 23 33 13 34 28 35 14 8 24 25 25 21 26 15 27 26 32 23 33 19 34 23 35 18 28 4 27 5 29 6 30 7 10 8 27 9 13 10 24 11 26 12 12 13 26 14 20 15 22 16 12 17 20 18 23 19 19 24 29 25 27 26 21 27 15 28 27 29 30 30 14 31 20 32 19 33 16 34 21 35 20 4 36 26 37 30 38 25 39 20 
5 4 0 24 1 16 2 30 3 21 24 4 15 5 21 6 26 7 14 8 14 9 27 10 24 11 21 12 17 13 17 14 28 15 19 20 25 21 16 22 25 23 27 24 23 25 22 26 18 27 22 32 14 33 26 34 27 35 16 32 4 17 5 13 6 13 7 12 8 30 9 15 10 14 11 18 12 17 13 14 14 24 15 20 16 30 17 21 18 28 19 12 20 19 21 21 22 24 23 19 24 17 25 10 26 12 27 28 28 13 29 23 30 14 31 10 32 26 33 25 34 24 35 25 20 4 26 5 14 6 10 7 30 20 13 21 25 22 11 23 19 24 13 25 10 26 26 27 15 28 12 29 26 30 16 31 23 32 17 33 21 34 30 35 21 4 36 22 37 10 38 25 39 30 

Dynamic Events

# Machine Breakdowns (machine_id start_time end_time)
Machine Breakdowns
4 141 151
10 88 97
13 121 130
20 31 41
25 430 440
27 470 484
28 314 325
36 250 263
39 369 381

# Added Jobs (arrival_time: num_ops num_alts_op1 m1 p1 ... num_alts_op2 m1 p1 ...)
Added Jobs
96: 5 15 21 25 12 18 28 16 27 14 19 11 8 17 15 12 34 27 5 12 24 19 38 23 1 14 22 11 37 19 9 15 17 33 17 8 21 16 10 5 24 21 11 26 23 14 30 10 20 22 21 3 11 0 29 30 11 24 11 1 13 13 24 4 18 37 28 10 23 23 11 13 21 22 33 18 20 27 2 19 14 20 3 26 1 12 24 21 16 37 11 16 22 32 26 14 21 3 24 21 18 23 10 19 16 4 12 10 19 36 13 31 15 9 12 30 24 18 11 25 18 20 7 29 10 15 2 17 30 16 27 20 29 14 34 16 35 28 26 29 32 29 5 18 36 25 24 11 6 22 37 25 3 20 8 23 38 29 1 10 21 28 
113: 5 10 23 29 14 20 37 21 31 16 16 13 25 29 13 26 2 21 33 24 36 19 27 21 11 30 29 29 22 4 18 6 11 3 27 22 22 5 11 15 25 27 12 31 22 1 20 39 13 32 23 33 10 37 12 14 23 28 18 26 17 0 21 2 21 17 29 18 27 24 14 7 11 8 26 16 14 5 9 26 2 26 32 13 31 16 11 19 32 9 27 26 13 12 24 36 18 23 12 18 10 33 24 16 30 19 14 2 26 11 29 17 25 24 26 1 25 29 27 10 17 34 24 28 20 38 15 20 25 8 18 5 16 39 19 30 27 13 21 15 22 7 28 37 15 4 18 21 21 0 20 27 25 9 20 12 3 25 15 15 31 15 38 13 39 23 18 30 12 14 5 12 
193: 5 12 5 16 32 17 37 23 36 13 38 18 39 22 27 12 12 17 18 28 31 21 28 24 15 18 28 39 20 5 25 32 16 26 25 35 22 20 17 0 13 25 10 23 17 6 11 15 26 19 11 34 19 7 29 22 21 16 23 37 20 11 20 30 17 38 22 29 21 27 11 10 11 18 19 31 13 1 26 8 28 4 16 25 13 10 10 27 27 30 22 16 5 10 35 21 32 30 7 11 21 27 17 25 3 20 15 19 29 10 9 11 16 25 20 17 2 12 4 28 31 21 1 14 23 12 33 17 18 21 19 19 11 23 27 23 19 8 16 5 17 4 25 11 28 0 24 24 18 12 21 34 14 6 16 32 13 22 29 13 11 25 23 39 19 35 23 36 27 26 20 1 11 14 28 20 20 16 22 19 30 29 27 38 13 27 25 7 23 14 7 27 29 21 9 13 31 19 13 26 25 26 12 10 8 11 15 24 11 10 20 25 34 12 37 24 30 12 
194: 5 23 29 23 11 14 19 27 16 22 36 18 24 28 31 26 22 30 1 16 13 19 39 21 25 21 30 17 33 12 17 24 5 16 37 13 38 24 35 20 18 19 3 20 14 29 34 16 29 34 14 2 18 17 12 21 15 25 14 36 27 23 12 14 27 26 17 35 15 32 20 22 20 10 14 1 16 31 11 7 27 8 23 19 22 11 12 3 17 33 25 39 12 24 10 5 24 16 19 27 26 37 18 12 16 9 16 26 39 23 17 28 23 19 15 25 30 13 25 24 34 24 7 16 26 17 13 27 8 15 22 25 29 20 0 13 32 23 1 16 2 26 3 28 21 13 5 18 24 28 20 13 10 21 28 10 18 20 27 16 13 7 29 1 14 21 15 6 22 22 16 8 28 5 15 9 11 31 11 34 29 33 28 25 13 24 15 19 11 27 10 22 2 24 31 18 0 29 7 18 17 11 28 20 39 26 37 15 26 15 36 28 35 18 19 27 38 30 20 19 30 29 8 30 34 19 
213: 5 16 27 17 19 13 2 18 16 16 6 18 5 27 18 29 38 28 1 25 21 12 39 28 7 30 15 14 26 28 34 28 31 26 18 22 24 36 30 16 26 37 23 11 20 10 20 27 25 29 13 24 16 20 26 12 11 4 14 5 16 0 20 7 17 21 13 19 26 15 15 22 15 13 14 16 4 28 2 23 33 11 36 17 37 21 38 24 3 23 9 15 35 29 16 18 31 10 39 30 32 13 1 23 6 22 19 23 22 23 24 25 11 20 23 10 9 22 23 3 23 38 22 37 14 26 13 36 17 33 15 17 25 15 16 6 9 17 26 20 33 15 5 12 19 21 11 28 

# Cancelled Jobs (cancel_time initial_job_sim_idx_to_cancel)
Cancelled Jobs
85 14
284 0
325 13

# ETPC Constraints (fore_job_sim_idx fore_op_idx hind_job_sim_idx hind_op_idx time_lapse)
ETPC Constraints
12 3 22 4 9
19 0 9 2 15
18 0 5 3 17
17 4 8 3 18
5 3 16 0 8
5 3 17 2 14
10 1 2 3 10
2 2 16 2 15
20 0 5 2 18
21 1 1 4 8
3 4 7 2 17
8 3 14 3 15
8 2 3 1 6
20 2 14 4 7
17 2 5 1 12
2 3 22 0 16
24 1 7 4 13
2 3 10 0 4
10 2 21 1 14
12 1 2 1 13
2 3 22 1 11
24 4 16 1 11
5 3 4 1 18
14 3 7 2 9
18 4 6 0 13
22 3 3 0 5
10 2 13 4 15
11 3 10 1 11
12 0 13 4 11
24 2 13 3 15
22 1 13 4 15
15 4 0 0 12
16 2 17 2 20
21 2 2 1 10
3 3 24 0 3
12 3 5 0 3
13 1 10 4 19
12 0 5 3 15
13 2 19 2 12
19 4 8 3 13
21 2 17 4 20
16 3 6 1 19
3 4 20 4 16
22 4 5 1 14
16 1 3 0 7
16 0 19 3 8
22 4 8 0 6
23 0 21 3 8
19 3 11 4 4
19 1 14 1 4
