100 40
5 4 0 13 1 28 2 20 3 12 24 8 16 9 26 10 20 11 14 12 13 13 15 14 20 15 22 16 18 17 14 18 19 19 26 20 30 21 23 22 27 23 24 24 29 25 30 26 27 27 16 32 19 33 24 34 22 35 13 32 4 27 5 21 6 26 7 16 8 18 9 25 10 18 11 19 12 27 13 22 14 23 15 21 16 29 17 25 18 30 19 18 20 21 21 17 22 20 23 27 24 18 25 21 26 28 27 28 28 12 29 16 30 10 31 15 32 14 33 17 34 30 35 14 28 4 26 5 17 6 28 7 27 8 14 9 26 10 14 11 28 12 10 13 14 14 24 15 16 16 15 17 15 18 30 19 30 20 30 21 18 22 22 23 11 24 11 25 25 26 13 27 16 28 28 29 17 30 20 31 10 4 36 14 37 20 38 27 39 24 
5 4 0 11 1 16 2 22 3 14 8 4 27 5 27 6 10 7 11 24 22 25 24 26 29 27 30 20 4 30 5 17 6 30 7 27 12 13 13 28 14 10 15 25 16 22 17 16 18 15 19 14 24 11 25 29 26 16 27 14 28 21 29 26 30 20 31 29 24 4 28 5 20 6 26 7 21 8 21 9 25 10 28 11 18 12 30 13 21 14 11 15 26 16 22 17 14 18 29 19 14 28 30 29 16 30 14 31 10 32 17 33 17 34 15 35 10 4 36 21 37 19 38 12 39 29 
5 4 0 12 1 17 2 26 3 27 16 4 28 5 12 6 25 7 22 16 22 17 14 18 24 19 20 20 11 21 16 22 27 23 30 28 24 29 10 30 19 31 24 4 20 30 21 12 22 26 23 24 8 4 29 5 15 6 15 7 28 28 10 29 29 30 25 31 13 4 36 30 37 12 38 18 39 13 
5 4 0 19 1 23 2 30 3 19 8 12 23 13 26 14 21 15 20 28 22 29 30 30 25 31 16 24 4 19 5 27 6 18 7 22 16 21 17 22 18 16 19 23 20 15 21 13 22 10 23 22 24 15 25 11 26 14 27 14 28 27 29 26 30 26 31 15 32 20 33 30 34 19 35 17 32 4 11 5 17 6 26 7 24 8 16 9 19 10 24 11 11 12 12 13 20 14 13 15 11 16 13 17 28 18 27 19 21 20 11 21 29 22 22 23 16 24 11 25 20 26 22 27 10 28 24 29 30 30 14 31 15 32 17 33 14 34 17 35 27 4 36 10 37 12 38 22 39 10 
5 4 0 23 1 16 2 22 3 20 4 20 12 21 24 22 14 23 24 32 4 25 5 14 6 26 7 28 8 14 9 13 10 10 11 12 12 13 13 17 14 24 15 11 16 29 17 25 18 27 19 25 20 12 21 21 22 22 23 16 24 28 25 18 26 13 27 24 28 21 29 14 30 21 31 18 32 23 33 25 34 21 35 28 4 16 13 17 29 18 22 19 12 4 36 17 37 27 38 17 39 19 
5 4 0 16 1 25 2 14 3 22 24 8 27 9 10 10 22 11 10 12 26 13 21 14 14 15 26 16 22 17 20 18 25 19 19 20 29 21 28 22 10 23 25 28 29 29 25 30 12 31 29 32 16 33 24 34 10 35 28 4 24 15 25 30 26 23 27 10 4 28 23 29 15 30 10 31 19 4 36 24 37 16 38 12 39 10 
5 4 0 25 1 21 2 12 3 29 20 4 12 5 16 6 27 7 13 8 21 9 20 10 13 11 30 12 15 13 22 14 10 15 27 20 16 21 26 22 25 23 28 24 23 25 21 26 30 27 20 4 16 23 17 13 18 30 19 11 12 8 29 9 26 10 13 11 13 24 10 25 14 26 27 27 20 32 13 33 15 34 30 35 22 4 36 26 37 10 38 11 39 29 
5 4 0 19 1 19 2 18 3 23 12 12 15 13 19 14 15 15 20 28 14 29 12 30 29 31 25 32 11 33 23 34 21 35 27 8 20 30 21 25 22 12 23 25 28 23 29 24 30 19 31 13 24 4 14 5 20 6 20 7 12 12 18 13 19 14 14 15 15 16 23 17 16 18 27 19 25 20 10 21 10 22 27 23 12 28 29 29 23 30 11 31 13 32 18 33 16 34 21 35 10 4 36 23 37 12 38 25 39 30 
5 4 0 30 1 14 2 17 3 14 20 8 17 9 19 10 13 11 28 12 23 13 21 14 24 15 13 16 20 17 13 18 16 19 12 20 25 21 19 22 21 23 14 32 28 33 20 34 17 35 21 28 4 22 5 12 6 10 7 13 12 14 13 29 14 30 15 27 16 22 17 25 18 11 19 12 20 13 21 11 22 17 23 23 24 13 25 23 26 10 27 26 28 20 29 14 30 27 31 29 32 26 33 27 34 16 35 14 28 4 15 5 12 6 13 7 10 8 16 9 14 10 10 11 25 16 25 17 13 18 24 19 21 20 15 21 16 22 29 23 23 24 14 25 21 26 23 27 30 28 13 29 30 30 29 31 26 32 16 33 27 34 13 35 13 4 36 17 37 11 38 10 39 12 
5 4 0 23 1 11 2 16 3 14 28 4 22 5 17 6 30 7 11 8 17 9 12 10 19 11 25 12 20 13 19 14 15 15 16 16 24 17 19 18 12 19 22 20 11 21 11 22 16 23 17 28 15 29 10 30 21 31 27 32 14 33 15 34 30 35 29 24 4 17 5 28 6 24 7 10 12 28 13 30 14 28 15 23 16 26 17 29 18 12 19 20 20 20 21 20 22 20 23 16 24 25 25 25 26 19 27 11 28 11 29 13 30 16 31 20 20 4 25 5 13 6 27 7 14 8 18 9 24 10 13 11 26 16 26 17 11 18 10 19 24 20 15 21 21 22 24 23 17 28 17 29 13 30 14 31 24 4 36 15 37 16 38 13 39 27 
5 4 0 10 1 14 2 14 3 29 8 24 22 25 30 26 26 27 24 28 29 29 28 30 15 31 21 16 12 14 13 15 14 14 15 14 16 10 17 19 18 17 19 14 24 11 25 20 26 29 27 27 32 26 33 27 34 27 35 20 12 12 23 13 22 14 19 15 25 24 27 25 11 26 19 27 17 32 27 33 11 34 16 35 10 4 36 25 37 16 38 11 39 15 
5 4 0 26 1 14 2 19 3 12 28 4 13 5 26 6 18 7 16 8 14 9 20 10 23 11 26 12 21 13 18 14 19 15 13 16 29 17 17 18 20 19 10 20 10 21 14 22 19 23 27 24 29 25 14 26 27 27 28 32 15 33 28 34 16 35 28 16 4 27 5 16 6 25 7 14 12 19 13 30 14 14 15 28 16 12 17 11 18 22 19 17 28 21 29 30 30 30 31 25 28 4 29 5 29 6 27 7 28 8 11 9 21 10 22 11 19 12 29 13 13 14 13 15 23 16 12 17 29 18 18 19 22 20 18 21 28 22 24 23 12 28 20 29 30 30 20 31 22 32 17 33 29 34 22 35 28 4 36 19 37 23 38 29 39 21 
5 4 0 21 1 25 2 22 3 19 24 8 13 9 20 10 18 11 12 12 14 13 27 14 16 15 13 16 14 17 28 18 12 19 27 24 16 25 17 26 15 27 23 28 28 29 19 30 12 31 14 32 29 33 18 34 14 35 14 20 4 15 5 30 6 27 7 10 12 24 13 25 14 28 15 17 16 11 17 19 18 12 19 18 28 27 29 20 30 24 31 12 32 23 33 12 34 18 35 12 12 8 12 9 26 10 30 11 22 16 28 17 24 18 16 19 11 24 17 25 28 26 22 27 16 4 36 19 37 17 38 14 39 22 
5 4 0 13 1 22 2 19 3 26 4 32 17 33 22 34 27 35 21 28 4 15 5 21 6 29 7 28 12 16 13 16 14 13 15 11 16 14 17 20 18 10 19 16 20 11 21 20 22 10 23 28 24 28 25 26 26 16 27 27 28 13 29 28 30 21 31 28 32 12 33 16 34 25 35 24 8 20 28 21 30 22 26 23 30 24 17 25 17 26 20 27 21 4 36 27 37 14 38 20 39 30 
5 4 0 28 1 12 2 16 3 27 32 4 15 5 29 6 11 7 20 8 16 9 18 10 21 11 10 12 19 13 23 14 12 15 30 16 12 17 29 18 25 19 12 20 20 21 26 22 10 23 20 24 15 25 27 26 29 27 17 28 16 29 19 30 24 31 18 32 22 33 29 34 27 35 27 28 4 17 5 29 6 28 7 23 8 24 9 14 10 10 11 11 12 16 13 20 14 26 15 25 20 17 21 12 22 19 23 27 24 15 25 20 26 18 27 15 28 29 29 30 30 11 31 26 32 11 33 19 34 16 35 10 20 4 20 5 15 6 29 7 28 16 23 17 20 18 19 19 12 20 25 21 20 22 11 23 22 28 16 29 20 30 15 31 24 32 16 33 22 34 13 35 12 4 36 25 37 22 38 17 39 24 
5 4 0 22 1 24 2 12 3 27 12 4 14 5 12 6 14 7 23 8 21 9 26 10 26 11 21 20 14 21 26 22 12 23 27 24 4 17 5 29 6 12 7 26 8 10 9 13 10 19 11 23 12 21 13 26 14 21 15 12 24 10 25 21 26 29 27 15 28 15 29 29 30 26 31 29 32 11 33 29 34 14 35 12 20 4 20 5 28 6 20 7 14 12 15 13 20 14 14 15 18 16 16 17 19 18 26 19 14 24 29 25 15 26 11 27 30 28 19 29 22 30 30 31 10 4 36 16 37 27 38 11 39 14 
5 4 0 25 1 11 2 12 3 30 4 24 12 25 14 26 15 27 20 32 4 26 5 16 6 27 7 27 8 22 9 13 10 29 11 14 12 25 13 14 14 25 15 10 16 15 17 21 18 11 19 18 20 24 21 24 22 14 23 26 24 10 25 17 26 19 27 12 28 29 29 22 30 10 31 14 32 30 33 15 34 13 35 27 24 4 17 5 13 6 20 7 12 12 30 13 30 14 24 15 13 20 17 21 21 22 25 23 22 24 24 25 24 26 22 27 30 28 29 29 17 30 14 31 30 32 19 33 26 34 22 35 19 4 36 20 37 27 38 27 39 13 
5 4 0 15 1 24 2 27 3 13 12 4 16 5 30 6 16 7 30 12 23 13 29 14 25 15 27 28 30 29 23 30 27 31 18 32 4 29 5 29 6 17 7 28 8 26 9 23 10 23 11 10 12 13 13 14 14 30 15 27 16 13 17 14 18 13 19 12 20 18 21 15 22 27 23 19 24 25 25 26 26 15 27 27 28 30 29 23 30 26 31 28 32 16 33 17 34 26 35 22 4 16 21 17 21 18 22 19 27 4 36 13 37 28 38 27 39 24 
5 4 0 29 1 24 2 24 3 11 24 4 17 5 28 6 15 7 14 12 26 13 20 14 28 15 29 16 14 17 13 18 14 19 14 24 17 25 20 26 26 27 25 28 22 29 15 30 13 31 17 32 28 33 18 34 11 35 15 12 12 17 13 14 14 28 15 14 16 20 17 15 18 21 19 29 32 19 33 14 34 26 35 18 20 8 11 9 19 10 17 11 21 16 18 17 23 18 28 19 23 24 11 25 26 26 17 27 27 28 10 29 27 30 24 31 20 32 21 33 20 34 10 35 24 4 36 29 37 21 38 15 39 17 
5 4 0 19 1 16 2 18 3 20 24 4 11 5 22 6 24 7 22 8 28 9 21 10 20 11 27 12 26 13 23 14 11 15 29 16 27 17 29 18 11 19 16 20 10 21 17 22 27 23 11 32 26 33 11 34 23 35 28 16 4 16 5 23 6 10 7 30 12 20 13 23 14 30 15 24 16 29 17 30 18 30 19 16 28 22 29 28 30 24 31 15 28 4 27 5 20 6 14 7 27 12 19 13 14 14 23 15 30 16 28 17 10 18 19 19 14 20 29 21 23 22 12 23 16 24 25 25 25 26 26 27 19 28 26 29 29 30 26 31 30 32 29 33 23 34 14 35 30 4 36 26 37 21 38 14 39 13 
5 4 0 11 1 17 2 14 3 19 12 12 25 13 30 14 26 15 18 16 21 17 16 18 10 19 18 28 24 29 24 30 20 31 18 20 4 17 5 28 6 13 7 25 12 10 13 16 14 20 15 19 20 22 21 24 22 11 23 26 28 27 29 18 30 14 31 11 32 19 33 21 34 21 35 21 4 16 22 17 10 18 26 19 27 4 36 20 37 18 38 16 39 28 
5 4 0 19 1 17 2 23 3 27 12 8 18 9 28 10 24 11 29 24 30 25 21 26 15 27 15 32 10 33 19 34 11 35 25 20 4 15 5 23 6 10 7 16 8 28 9 23 10 23 11 13 20 25 21 16 22 13 23 16 28 16 29 23 30 14 31 23 32 19 33 28 34 30 35 25 16 8 23 9 18 10 17 11 10 16 12 17 10 18 24 19 26 28 17 29 26 30 12 31 20 32 19 33 10 34 13 35 23 4 36 18 37 30 38 11 39 17 
5 4 0 28 1 19 2 12 3 14 28 4 17 5 18 6 15 7 26 8 30 9 25 10 12 11 30 16 14 17 12 18 10 19 20 20 29 21 23 22 28 23 10 24 26 25 24 26 24 27 13 28 19 29 29 30 30 31 14 32 13 33 11 34 25 35 21 20 4 27 5 11 6 11 7 22 12 14 13 26 14 29 15 29 16 27 17 16 18 27 19 14 20 17 21 17 22 10 23 29 32 23 33 27 34 28 35 21 32 4 11 5 15 6 19 7 12 8 14 9 30 10 24 11 13 12 21 13 28 14 27 15 15 16 15 17 27 18 24 19 30 20 26 21 10 22 12 23 24 24 12 25 30 26 24 27 15 28 12 29 12 30 17 31 21 32 13 33 11 34 15 35 24 4 36 21 37 12 38 27 39 11 
5 4 0 18 1 17 2 26 3 29 8 16 29 17 17 18 17 19 23 28 10 29 17 30 15 31 26 16 8 26 9 11 10 15 11 12 24 30 25 22 26 29 27 29 28 25 29 15 30 28 31 10 32 22 33 18 34 22 35 25 4 12 18 13 17 14 24 15 15 4 36 24 37 21 38 26 39 27 
5 4 0 15 1 23 2 15 3 24 8 4 22 5 17 6 12 7 16 12 10 13 30 14 20 15 22 4 28 22 29 21 30 22 31 28 12 4 15 5 22 6 26 7 10 20 21 21 24 22 30 23 15 28 15 29 22 30 23 31 20 4 36 16 37 22 38 27 39 24 
5 4 0 13 1 25 2 12 3 19 16 4 29 5 25 6 28 7 25 8 22 9 15 10 15 11 13 16 29 17 24 18 28 19 25 28 13 29 12 30 16 31 23 24 4 19 5 24 6 30 7 13 8 29 9 16 10 15 11 18 16 21 17 12 18 15 19 23 20 12 21 12 22 28 23 22 24 18 25 18 26 20 27 11 28 13 29 14 30 11 31 26 12 12 22 13 16 14 21 15 13 20 26 21 28 22 27 23 23 28 26 29 16 30 26 31 19 4 36 18 37 13 38 30 39 16 
5 4 0 20 1 23 2 26 3 15 28 4 27 5 19 6 22 7 25 12 30 13 17 14 24 15 24 16 17 17 26 18 25 19 25 20 19 21 17 22 28 23 18 24 14 25 26 26 23 27 30 28 14 29 24 30 26 31 20 32 20 33 26 34 21 35 11 12 8 22 9 26 10 20 11 14 16 19 17 27 18 29 19 20 32 12 33 19 34 10 35 17 12 12 11 13 15 14 17 15 12 28 21 29 27 30 21 31 22 32 15 33 17 34 24 35 25 4 36 21 37 17 38 29 39 13 
5 4 0 25 1 28 2 20 3 12 4 32 27 33 18 34 16 35 11 32 4 25 5 24 6 19 7 24 8 25 9 24 10 26 11 14 12 23 13 26 14 14 15 20 16 27 17 13 18 11 19 28 20 20 21 30 22 24 23 17 24 13 25 12 26 13 27 28 28 22 29 27 30 18 31 16 32 16 33 10 34 27 35 30 8 12 11 13 18 14 13 15 22 24 17 25 25 26 20 27 22 4 36 18 37 19 38 14 39 29 
5 4 0 27 1 10 2 10 3 22 16 4 18 5 24 6 19 7 19 8 23 9 16 10 17 11 14 20 19 21 20 22 15 23 30 24 18 25 20 26 15 27 10 4 12 26 13 23 14 28 15 25 24 4 16 5 16 6 19 7 18 8 13 9 18 10 26 11 15 12 30 13 30 14 24 15 17 20 14 21 28 22 21 23 15 24 15 25 21 26 17 27 30 32 11 33 11 34 14 35 14 4 36 22 37 27 38 25 39 19 
5 4 0 27 1 10 2 19 3 29 20 8 26 9 26 10 29 11 26 12 10 13 26 14 27 15 21 16 25 17 23 18 24 19 11 20 15 21 23 22 16 23 24 24 20 25 22 26 28 27 14 16 4 23 5 14 6 30 7 18 12 28 13 11 14 29 15 29 16 21 17 10 18 24 19 12 20 25 21 14 22 21 23 14 4 20 19 21 26 22 21 23 23 4 36 19 37 21 38 25 39 17 
5 4 0 19 1 30 2 17 3 27 24 4 17 5 17 6 17 7 12 8 29 9 23 10 29 11 15 12 28 13 19 14 13 15 14 20 24 21 19 22 22 23 18 28 18 29 27 30 14 31 29 32 12 33 30 34 22 35 27 24 4 13 5 19 6 25 7 14 8 26 9 28 10 17 11 20 16 10 17 21 18 26 19 22 20 22 21 22 22 25 23 23 24 22 25 20 26 29 27 18 28 23 29 12 30 27 31 19 12 4 21 5 14 6 13 7 19 12 20 13 22 14 21 15 10 20 16 21 13 22 14 23 16 4 36 25 37 13 38 11 39 12 
5 4 0 18 1 22 2 20 3 29 4 4 17 5 30 6 15 7 20 16 8 16 9 30 10 17 11 12 16 25 17 20 18 10 19 12 20 21 21 28 22 10 23 16 28 15 29 22 30 17 31 14 28 4 29 5 11 6 14 7 24 8 13 9 19 10 24 11 18 12 23 13 29 14 22 15 29 16 16 17 24 18 21 19 28 20 22 21 15 22 21 23 15 24 11 25 11 26 29 27 16 32 10 33 21 34 29 35 24 4 36 28 37 23 38 22 39 10 
5 4 0 23 1 30 2 15 3 28 20 8 10 9 28 10 22 11 19 12 11 13 22 14 11 15 30 16 29 17 29 18 22 19 15 28 28 29 24 30 21 31 11 32 14 33 25 34 23 35 14 20 4 18 5 23 6 10 7 12 16 29 17 28 18 24 19 22 20 10 21 19 22 23 23 13 28 29 29 20 30 17 31 17 32 15 33 25 34 13 35 29 24 8 19 9 26 10 24 11 30 12 28 13 14 14 13 15 11 16 24 17 28 18 10 19 14 24 21 25 10 26 26 27 22 28 30 29 20 30 24 31 25 32 11 33 11 34 12 35 20 4 36 10 37 28 38 18 39 25 
5 4 0 17 1 26 2 20 3 14 12 8 30 9 25 10 25 11 17 12 19 13 10 14 17 15 28 20 19 21 17 22 11 23 19 16 12 23 13 29 14 10 15 26 16 14 17 26 18 16 19 11 20 19 21 30 22 22 23 16 28 19 29 21 30 21 31 17 24 4 24 5 22 6 29 7 30 8 12 9 27 10 13 11 17 12 16 13 26 14 17 15 15 20 11 21 29 22 27 23 15 24 13 25 29 26 21 27 20 32 29 33 19 34 22 35 20 4 36 30 37 13 38 27 39 15 
5 4 0 30 1 24 2 15 3 26 32 4 18 5 10 6 25 7 30 8 24 9 27 10 30 11 29 12 25 13 15 14 25 15 15 16 20 17 21 18 28 19 20 20 10 21 20 22 18 23 18 24 26 25 11 26 29 27 30 28 13 29 15 30 20 31 29 32 25 33 13 34 15 35 30 20 8 16 9 14 10 28 11 19 16 19 17 22 18 11 19 27 20 27 21 10 22 26 23 12 24 29 25 27 26 23 27 22 32 16 33 20 34 21 35 21 24 8 14 9 24 10 27 11 13 16 19 17 29 18 13 19 27 20 16 21 16 22 26 23 20 24 21 25 15 26 28 27 30 28 15 29 23 30 23 31 25 32 26 33 24 34 11 35 29 4 36 12 37 15 38 30 39 26 
5 4 0 18 1 19 2 15 3 23 32 4 18 5 23 6 28 7 13 8 29 9 26 10 17 11 10 12 22 13 25 14 26 15 11 16 14 17 18 18 23 19 16 20 14 21 17 22 30 23 13 24 16 25 15 26 29 27 11 28 20 29 21 30 15 31 20 32 14 33 21 34 14 35 16 16 4 13 5 11 6 10 7 20 12 29 13 22 14 22 15 29 16 22 17 24 18 20 19 11 20 11 21 25 22 11 23 19 28 4 14 5 29 6 14 7 11 8 25 9 24 10 21 11 29 12 21 13 26 14 29 15 13 16 13 17 21 18 15 19 22 20 20 21 28 22 30 23 11 24 16 25 19 26 22 27 25 32 26 33 30 34 19 35 12 4 36 15 37 22 38 24 39 13 
5 4 0 12 1 18 2 28 3 17 4 4 28 5 19 6 29 7 28 24 4 29 5 15 6 12 7 14 8 14 9 30 10 30 11 16 12 13 13 20 14 23 15 24 20 25 21 22 22 21 23 20 24 18 25 20 26 23 27 13 28 13 29 15 30 20 31 18 20 4 16 5 24 6 12 7 20 12 13 13 15 14 21 15 24 20 25 21 24 22 12 23 18 24 29 25 28 26 13 27 23 32 15 33 13 34 17 35 17 4 36 23 37 19 38 28 39 28 
5 4 0 28 1 30 2 30 3 12 20 4 11 5 21 6 10 7 11 8 23 9 28 10 27 11 15 20 12 21 15 22 12 23 10 24 18 25 14 26 19 27 11 32 27 33 17 34 25 35 15 28 4 12 5 29 6 17 7 13 8 21 9 15 10 16 11 10 12 14 13 20 14 19 15 20 16 21 17 24 18 14 19 16 24 19 25 16 26 27 27 14 28 29 29 17 30 20 31 14 32 17 33 27 34 28 35 26 4 24 21 25 12 26 12 27 11 4 36 30 37 12 38 12 39 29 
5 4 0 10 1 12 2 14 3 10 24 4 29 5 23 6 21 7 22 8 22 9 19 10 14 11 23 16 17 17 15 18 26 19 30 24 20 25 15 26 30 27 23 28 30 29 18 30 16 31 27 32 13 33 17 34 16 35 25 8 8 16 9 13 10 21 11 29 24 27 25 29 26 19 27 29 32 4 18 5 21 6 17 7 28 8 22 9 26 10 10 11 23 12 11 13 13 14 28 15 21 16 29 17 11 18 13 19 13 20 24 21 24 22 13 23 15 24 13 25 24 26 29 27 24 28 23 29 25 30 14 31 21 32 16 33 18 34 20 35 11 4 36 21 37 22 38 30 39 20 
5 4 0 24 1 22 2 18 3 15 32 4 19 5 21 6 16 7 16 8 11 9 25 10 11 11 26 12 11 13 18 14 25 15 17 16 25 17 30 18 23 19 28 20 15 21 13 22 23 23 11 24 12 25 27 26 16 27 18 28 17 29 21 30 15 31 20 32 14 33 27 34 10 35 27 16 8 25 9 23 10 22 11 23 16 27 17 26 18 11 19 26 20 14 21 20 22 23 23 15 24 20 25 23 26 14 27 24 32 4 21 5 21 6 12 7 20 8 20 9 28 10 12 11 30 12 16 13 30 14 18 15 27 16 15 17 18 18 28 19 27 20 26 21 26 22 26 23 21 24 14 25 14 26 12 27 23 28 28 29 19 30 15 31 18 32 27 33 20 34 21 35 30 4 36 24 37 17 38 16 39 16 
5 4 0 30 1 13 2 28 3 21 16 8 29 9 30 10 28 11 24 12 26 13 26 14 15 15 11 16 30 17 27 18 15 19 29 28 22 29 11 30 24 31 21 32 4 12 5 28 6 26 7 23 8 20 9 14 10 13 11 30 12 10 13 22 14 24 15 13 16 12 17 15 18 10 19 14 20 30 21 19 22 14 23 16 24 18 25 21 26 12 27 24 28 13 29 21 30 17 31 11 32 20 33 24 34 30 35 24 16 12 26 13 25 14 11 15 16 24 18 25 15 26 14 27 20 28 14 29 29 30 22 31 25 32 20 33 11 34 28 35 16 4 36 24 37 16 38 19 39 28 
5 4 0 17 1 11 2 30 3 22 28 4 10 5 26 6 14 7 25 8 23 9 28 10 23 11 10 12 24 13 28 14 27 15 19 16 21 17 24 18 22 19 10 20 14 21 21 22 11 23 30 24 23 25 26 26 11 27 13 28 19 29 25 30 19 31 27 8 8 15 9 20 10 11 11 26 20 16 21 29 22 29 23 22 8 4 20 5 12 6 23 7 14 12 12 13 20 14 23 15 28 4 36 13 37 20 38 18 39 11 
5 4 0 23 1 26 2 13 3 23 24 4 18 5 29 6 19 7 20 12 25 13 15 14 22 15 27 16 29 17 15 18 13 19 26 20 24 21 25 22 27 23 30 24 25 25 21 26 17 27 28 28 29 29 28 30 17 31 28 24 8 12 9 29 10 13 11 23 12 20 13 29 14 30 15 19 16 28 17 19 18 30 19 29 20 22 21 15 22 13 23 16 28 23 29 10 30 29 31 16 32 29 33 18 34 25 35 11 8 12 19 13 23 14 11 15 28 24 19 25 22 26 19 27 12 4 36 14 37 28 38 28 39 10 
5 4 0 11 1 27 2 25 3 18 32 4 23 5 18 6 17 7 23 8 15 9 14 10 14 11 16 12 24 13 28 14 22 15 14 16 17 17 15 18 23 19 10 20 12 21 30 22 16 23 18 24 12 25 12 26 26 27 20 28 13 29 18 30 27 31 12 32 27 33 29 34 28 35 11 16 4 26 5 12 6 20 7 11 8 11 9 30 10 19 11 15 12 19 13 17 14 17 15 11 28 22 29 28 30 18 31 18 4 12 14 13 28 14 28 15 17 4 36 13 37 18 38 26 39 30 
5 4 0 16 1 23 2 13 3 13 12 12 18 13 13 14 30 15 14 16 26 17 26 18 14 19 26 20 19 21 22 22 19 23 15 32 4 13 5 11 6 19 7 14 8 16 9 12 10 18 11 30 12 10 13 19 14 22 15 18 16 15 17 30 18 29 19 16 20 26 21 10 22 28 23 13 24 20 25 10 26 22 27 26 28 14 29 17 30 27 31 13 32 29 33 22 34 11 35 26 4 24 20 25 20 26 22 27 28 4 36 21 37 18 38 24 39 21 
5 4 0 29 1 18 2 18 3 27 24 4 30 5 12 6 19 7 27 8 15 9 18 10 23 11 17 20 26 21 20 22 13 23 15 24 15 25 24 26 15 27 18 28 18 29 26 30 19 31 22 32 25 33 17 34 28 35 25 8 16 10 17 26 18 17 19 13 28 21 29 25 30 15 31 25 16 4 20 5 30 6 21 7 11 8 16 9 24 10 24 11 28 16 10 17 30 18 13 19 25 32 18 33 21 34 29 35 30 4 36 25 37 27 38 27 39 15 
5 4 0 18 1 27 2 18 3 14 8 4 23 5 13 6 10 7 14 24 17 25 20 26 10 27 28 24 4 22 5 26 6 20 7 10 8 17 9 19 10 18 11 16 12 22 13 23 14 18 15 25 24 13 25 10 26 30 27 15 28 15 29 30 30 25 31 17 32 30 33 30 34 18 35 30 8 24 18 25 18 26 20 27 30 28 29 29 12 30 15 31 28 4 36 18 37 22 38 12 39 28 
5 4 0 23 1 29 2 20 3 16 28 4 14 5 13 6 30 7 28 8 18 9 30 10 16 11 19 12 10 13 17 14 21 15 27 16 26 17 20 18 20 19 24 20 18 21 22 22 30 23 24 28 14 29 12 30 21 31 17 32 15 33 19 34 17 35 24 32 4 19 5 27 6 29 7 15 8 30 9 17 10 28 11 20 12 15 13 19 14 16 15 28 16 21 17 23 18 10 19 17 20 19 21 28 22 25 23 16 24 30 25 24 26 17 27 17 28 21 29 14 30 23 31 18 32 20 33 15 34 27 35 27 12 20 20 21 17 22 21 23 13 24 11 25 30 26 19 27 30 32 16 33 10 34 30 35 13 4 36 12 37 19 38 23 39 17 
5 4 0 24 1 30 2 27 3 11 16 4 21 5 24 6 22 7 19 20 30 21 30 22 11 23 30 24 13 25 30 26 25 27 11 28 29 29 26 30 13 31 27 4 8 21 9 24 10 14 11 28 12 4 24 5 23 6 18 7 18 12 21 13 24 14 21 15 20 32 26 33 11 34 12 35 18 4 36 26 37 13 38 22 39 29 
5 4 0 16 1 27 2 11 3 16 24 4 15 5 20 6 27 7 28 8 22 9 22 10 18 11 22 12 13 13 29 14 12 15 17 20 18 21 21 22 20 23 27 24 11 25 14 26 21 27 15 28 20 29 10 30 30 31 28 24 4 27 5 17 6 28 7 20 12 14 13 18 14 19 15 29 20 10 21 26 22 23 23 13 24 24 25 30 26 23 27 24 28 22 29 21 30 28 31 22 32 29 33 17 34 27 35 28 4 8 20 9 14 10 14 11 11 4 36 13 37 27 38 10 39 28 
5 4 0 16 1 22 2 25 3 14 32 4 30 5 11 6 19 7 18 8 20 9 13 10 18 11 16 12 11 13 27 14 18 15 17 16 29 17 15 18 26 19 11 20 12 21 27 22 21 23 14 24 14 25 11 26 30 27 10 28 23 29 18 30 13 31 24 32 14 33 17 34 13 35 29 8 4 18 5 22 6 20 7 22 20 23 21 14 22 11 23 30 8 12 18 13 27 14 17 15 11 28 18 29 28 30 10 31 24 4 36 29 37 25 38 10 39 29 
5 4 0 30 1 21 2 29 3 11 16 12 10 13 22 14 18 15 29 16 30 17 13 18 17 19 27 20 10 21 16 22 10 23 19 24 21 25 20 26 26 27 29 8 4 21 5 22 6 11 7 10 28 23 29 11 30 26 31 22 28 4 15 5 27 6 26 7 26 8 18 9 27 10 11 11 25 12 17 13 22 14 15 15 14 16 16 17 20 18 15 19 29 20 26 21 12 22 21 23 29 24 20 25 22 26 24 27 14 28 11 29 15 30 18 31 30 4 36 20 37 11 38 24 39 21 
5 4 0 20 1 26 2 19 3 24 28 4 15 5 20 6 13 7 14 8 29 9 20 10 27 11 27 12 30 13 28 14 26 15 15 16 21 17 19 18 18 19 23 24 13 25 19 26 28 27 10 28 12 29 11 30 20 31 17 32 30 33 17 34 25 35 15 32 4 21 5 10 6 24 7 17 8 18 9 27 10 24 11 15 12 15 13 29 14 29 15 21 16 10 17 29 18 17 19 19 20 28 21 13 22 14 23 30 24 19 25 13 26 20 27 29 28 13 29 14 30 10 31 15 32 30 33 16 34 28 35 16 12 8 15 9 14 10 18 11 18 12 22 13 24 14 29 15 17 24 17 25 22 26 22 27 11 4 36 28 37 23 38 15 39 15 
5 4 0 16 1 25 2 22 3 15 12 20 25 21 25 22 19 23 25 24 27 25 18 26 18 27 26 32 25 33 22 34 25 35 11 20 16 11 17 23 18 22 19 23 20 25 21 27 22 23 23 27 24 18 25 29 26 23 27 24 28 20 29 30 30 26 31 23 32 17 33 27 34 12 35 14 4 28 10 29 17 30 13 31 23 4 36 20 37 11 38 10 39 22 
5 4 0 30 1 13 2 13 3 14 8 4 16 5 10 6 29 7 14 32 21 33 22 34 17 35 21 8 12 25 13 23 14 14 15 20 28 28 29 16 30 28 31 27 8 16 19 17 25 18 11 19 11 28 12 29 15 30 17 31 16 4 36 22 37 19 38 19 39 17 
5 4 0 16 1 13 2 28 3 10 16 12 21 13 13 14 18 15 25 16 29 17 24 18 19 19 12 20 13 21 22 22 30 23 12 28 23 29 25 30 23 31 18 16 8 25 9 16 10 23 11 19 20 28 21 27 22 10 23 12 28 22 29 24 30 11 31 20 32 11 33 30 34 18 35 20 20 8 12 9 16 10 30 11 15 16 12 17 11 18 21 19 19 20 10 21 22 22 24 23 13 24 26 25 30 26 28 27 28 28 18 29 12 30 12 31 23 4 36 29 37 23 38 16 39 12 
5 4 0 30 1 14 2 12 3 16 4 4 28 5 12 6 28 7 30 24 4 16 5 22 6 27 7 26 12 12 13 19 14 11 15 17 16 11 17 18 18 16 19 27 24 28 25 27 26 24 27 29 28 28 29 18 30 23 31 15 32 30 33 27 34 30 35 17 20 4 11 5 11 6 14 7 13 12 26 13 12 14 23 15 14 16 11 17 30 18 17 19 17 20 20 21 12 22 18 23 20 28 28 29 25 30 29 31 15 4 36 23 37 28 38 11 39 17 
5 4 0 27 1 10 2 10 3 14 28 4 30 5 22 6 27 7 12 8 30 9 19 10 21 11 28 12 15 13 27 14 28 15 23 20 18 21 12 22 13 23 23 24 14 25 10 26 19 27 24 28 24 29 14 30 29 31 10 32 30 33 27 34 29 35 30 16 8 20 9 11 10 24 11 15 12 25 13 17 14 18 15 12 24 17 25 10 26 21 27 29 28 18 29 13 30 24 31 17 4 24 10 25 19 26 26 27 10 4 36 18 37 18 38 28 39 29 
5 4 0 25 1 10 2 23 3 21 32 4 17 5 27 6 17 7 24 8 10 9 20 10 16 11 10 12 13 13 25 14 30 15 11 16 20 17 20 18 22 19 25 20 26 21 18 22 28 23 12 24 16 25 19 26 19 27 28 28 26 29 19 30 15 31 28 32 14 33 27 34 18 35 26 12 4 11 5 25 6 26 7 15 12 29 13 25 14 15 15 21 28 11 29 24 30 25 31 20 8 12 30 13 16 14 29 15 23 16 16 17 15 18 14 19 15 4 36 16 37 19 38 20 39 19 
5 4 0 13 1 16 2 14 3 27 20 8 21 9 13 10 22 11 24 12 25 13 19 14 23 15 18 20 20 21 24 22 22 23 22 24 21 25 18 26 22 27 11 32 15 33 17 34 25 35 26 24 4 12 5 26 6 10 7 17 8 20 9 18 10 27 11 25 12 12 13 10 14 30 15 30 20 18 21 22 22 29 23 28 28 11 29 14 30 16 31 30 32 12 33 21 34 19 35 23 28 4 26 5 17 6 23 7 28 8 18 9 29 10 18 11 23 12 28 13 29 14 21 15 21 16 16 17 11 18 18 19 21 20 27 21 29 22 19 23 21 28 11 29 18 30 19 31 12 32 24 33 11 34 16 35 25 4 36 19 37 28 38 29 39 27 
5 4 0 28 1 12 2 30 3 24 8 12 17 13 25 14 12 15 13 16 17 17 10 18 28 19 15 8 8 23 9 26 10 30 11 27 16 21 17 21 18 11 19 13 24 4 14 5 20 6 17 7 16 8 24 9 16 10 25 11 13 12 18 13 23 14 25 15 23 16 15 17 14 18 30 19 22 28 18 29 20 30 18 31 17 32 17 33 16 34 11 35 15 4 36 17 37 22 38 16 39 23 
5 4 0 29 1 18 2 17 3 29 16 12 10 13 15 14 19 15 28 16 11 17 20 18 29 19 13 24 27 25 13 26 25 27 10 28 30 29 10 30 24 31 27 20 4 20 5 12 6 28 7 15 8 29 9 15 10 23 11 13 16 29 17 18 18 20 19 22 20 29 21 22 22 13 23 21 24 27 25 22 26 17 27 20 20 4 18 5 16 6 12 7 22 16 27 17 11 18 26 19 28 20 12 21 15 22 23 23 17 24 16 25 10 26 18 27 11 28 21 29 29 30 27 31 18 4 36 19 37 12 38 10 39 15 
5 4 0 20 1 22 2 16 3 29 12 8 16 9 13 10 18 11 27 20 24 21 21 22 27 23 30 28 30 29 21 30 19 31 22 16 8 14 9 17 10 11 11 27 12 18 13 14 14 30 15 17 16 26 17 13 18 20 19 22 20 27 21 15 22 11 23 16 16 12 19 13 21 14 18 15 26 16 29 17 30 18 15 19 19 24 11 25 22 26 11 27 30 32 17 33 19 34 28 35 23 4 36 24 37 29 38 23 39 13 
5 4 0 30 1 14 2 19 3 13 4 28 26 29 23 30 14 31 29 32 4 23 5 12 6 29 7 10 8 22 9 17 10 16 11 28 12 12 13 19 14 13 15 27 16 25 17 27 18 24 19 29 20 30 21 11 22 16 23 11 24 16 25 16 26 22 27 12 28 21 29 14 30 25 31 22 32 11 33 20 34 21 35 21 8 4 24 5 16 6 27 7 28 12 12 13 25 14 24 15 21 4 36 30 37 11 38 27 39 22 
5 4 0 24 1 19 2 26 3 15 32 4 13 5 14 6 20 7 10 8 22 9 18 10 18 11 23 12 17 13 25 14 20 15 27 16 10 17 28 18 26 19 12 20 23 21 17 22 19 23 12 24 22 25 25 26 17 27 10 28 15 29 13 30 19 31 14 32 29 33 19 34 21 35 26 24 4 13 5 13 6 19 7 12 8 14 9 15 10 10 11 14 12 27 13 30 14 23 15 23 16 23 17 27 18 20 19 26 28 20 29 27 30 14 31 13 32 18 33 14 34 11 35 27 20 8 27 9 12 10 15 11 20 16 29 17 14 18 25 19 24 20 24 21 15 22 17 23 15 28 10 29 25 30 29 31 15 32 29 33 23 34 28 35 28 4 36 30 37 19 38 25 39 25 
5 4 0 15 1 19 2 20 3 22 12 8 26 9 24 10 30 11 30 16 16 17 17 18 19 19 14 28 25 29 10 30 29 31 24 24 4 19 5 20 6 27 7 24 8 19 9 20 10 17 11 16 12 19 13 30 14 10 15 18 16 18 17 11 18 14 19 24 24 21 25 26 26 19 27 29 28 26 29 14 30 23 31 18 24 4 25 5 12 6 15 7 23 8 27 9 20 10 17 11 23 12 14 13 18 14 25 15 24 20 28 21 11 22 14 23 13 28 30 29 25 30 17 31 16 32 13 33 27 34 30 35 27 4 36 15 37 23 38 19 39 30 
5 4 0 16 1 25 2 23 3 30 16 4 26 5 12 6 14 7 11 12 13 13 24 14 26 15 25 20 24 21 21 22 18 23 24 28 20 29 24 30 23 31 21 28 4 20 5 13 6 27 7 13 8 23 9 10 10 26 11 13 12 30 13 21 14 18 15 25 16 24 17 15 18 21 19 10 20 24 21 21 22 11 23 23 28 24 29 25 30 19 31 11 32 26 33 21 34 18 35 26 28 4 15 5 26 6 29 7 28 8 26 9 23 10 19 11 19 12 30 13 16 14 27 15 12 16 29 17 12 18 13 19 11 20 21 21 20 22 24 23 26 24 12 25 23 26 20 27 13 32 23 33 13 34 27 35 25 4 36 29 37 21 38 13 39 23 
5 4 0 14 1 20 2 10 3 14 8 4 10 5 26 6 27 7 13 32 29 33 11 34 28 35 16 20 4 21 5 12 6 25 7 11 16 18 17 18 18 14 19 27 20 28 21 26 22 28 23 18 24 19 25 10 26 10 27 11 28 27 29 15 30 25 31 18 12 4 15 5 11 6 20 7 27 12 27 13 19 14 10 15 11 32 30 33 30 34 22 35 28 4 36 25 37 30 38 11 39 29 
5 4 0 14 1 30 2 11 3 12 20 4 30 5 12 6 23 7 11 8 20 9 10 10 22 11 13 20 23 21 23 22 29 23 30 24 29 25 15 26 28 27 25 28 24 29 19 30 28 31 11 28 4 12 5 12 6 21 7 18 8 13 9 26 10 30 11 27 12 18 13 28 14 28 15 10 20 29 21 11 22 11 23 15 24 24 25 27 26 21 27 12 28 21 29 19 30 25 31 18 32 17 33 13 34 17 35 13 32 4 26 5 23 6 22 7 29 8 24 9 10 10 21 11 22 12 27 13 11 14 26 15 14 16 19 17 28 18 11 19 10 20 29 21 21 22 22 23 29 24 22 25 29 26 15 27 13 28 21 29 12 30 11 31 14 32 24 33 17 34 10 35 30 4 36 18 37 23 38 24 39 27 
5 4 0 26 1 10 2 14 3 13 24 4 11 5 13 6 13 7 25 8 23 9 25 10 27 11 16 12 28 13 18 14 17 15 17 16 23 17 22 18 29 19 23 20 22 21 16 22 24 23 11 28 23 29 29 30 11 31 26 4 28 15 29 17 30 16 31 14 8 16 23 17 25 18 21 19 16 20 15 21 28 22 23 23 25 4 36 13 37 19 38 23 39 23 
5 4 0 21 1 23 2 10 3 27 28 4 28 5 15 6 23 7 12 12 25 13 29 14 24 15 17 16 27 17 26 18 24 19 27 20 10 21 29 22 12 23 16 24 17 25 25 26 27 27 11 28 12 29 20 30 24 31 16 32 11 33 26 34 26 35 25 28 4 20 5 10 6 22 7 23 8 11 9 25 10 29 11 30 12 11 13 19 14 19 15 13 20 19 21 13 22 26 23 23 24 17 25 15 26 19 27 17 28 24 29 24 30 10 31 16 32 16 33 22 34 28 35 26 12 8 29 9 21 10 28 11 18 16 23 17 14 18 23 19 28 20 17 21 14 22 21 23 13 4 36 29 37 27 38 22 39 30 
5 4 0 22 1 12 2 15 3 10 12 16 19 17 11 18 22 19 15 20 20 21 18 22 26 23 21 28 11 29 30 30 12 31 15 32 4 27 5 27 6 22 7 11 8 12 9 21 10 20 11 26 12 24 13 27 14 12 15 15 16 18 17 17 18 24 19 27 20 30 21 17 22 18 23 23 24 10 25 25 26 14 27 12 28 27 29 20 30 22 31 23 32 10 33 19 34 26 35 27 20 4 30 5 19 6 17 7 20 8 28 9 13 10 11 11 10 12 12 13 28 14 16 15 26 20 22 21 27 22 27 23 20 32 22 33 13 34 16 35 27 4 36 30 37 27 38 29 39 14 
5 4 0 16 1 17 2 13 3 23 4 16 30 17 28 18 26 19 19 4 32 26 33 27 34 24 35 22 12 4 16 5 19 6 23 7 12 24 23 25 20 26 10 27 24 32 26 33 21 34 21 35 18 4 36 18 37 12 38 12 39 14 
5 4 0 18 1 24 2 27 3 10 32 4 12 5 14 6 23 7 12 8 14 9 26 10 20 11 27 12 14 13 26 14 13 15 15 16 16 17 27 18 12 19 18 20 21 21 19 22 10 23 30 24 18 25 19 26 27 27 30 28 20 29 20 30 26 31 25 32 26 33 27 34 25 35 16 24 4 21 5 30 6 17 7 22 8 15 9 23 10 30 11 29 16 19 17 13 18 16 19 19 20 20 21 13 22 24 23 23 28 23 29 26 30 12 31 16 32 29 33 12 34 11 35 26 12 12 16 13 10 14 11 15 28 20 11 21 23 22 17 23 19 28 21 29 11 30 10 31 14 4 36 15 37 17 38 11 39 28 
5 4 0 15 1 25 2 27 3 21 4 8 24 9 28 10 11 11 13 12 4 24 5 28 6 23 7 24 28 29 29 18 30 25 31 27 32 10 33 12 34 20 35 23 20 8 28 9 22 10 29 11 28 20 22 21 12 22 27 23 24 24 25 25 20 26 29 27 18 28 23 29 23 30 17 31 28 32 14 33 28 34 14 35 29 4 36 19 37 25 38 22 39 17 
5 4 0 23 1 25 2 12 3 18 8 24 13 25 17 26 13 27 13 32 28 33 23 34 24 35 28 4 16 28 17 12 18 13 19 20 12 8 13 9 20 10 29 11 19 16 26 17 19 18 29 19 12 28 22 29 12 30 10 31 10 4 36 11 37 22 38 12 39 25 
5 4 0 22 1 11 2 25 3 30 4 32 23 33 16 34 16 35 28 4 24 22 25 28 26 28 27 15 4 8 26 9 17 10 23 11 12 4 36 19 37 19 38 10 39 26 
5 4 0 19 1 11 2 22 3 25 16 4 26 5 11 6 12 7 13 12 24 13 27 14 16 15 30 16 29 17 12 18 14 19 24 20 25 21 15 22 29 23 29 12 4 30 5 30 6 21 7 23 12 25 13 25 14 19 15 28 20 22 21 20 22 16 23 29 4 24 27 25 11 26 16 27 14 4 36 20 37 21 38 27 39 14 
5 4 0 26 1 16 2 15 3 15 8 20 30 21 14 22 25 23 22 32 11 33 26 34 10 35 26 12 12 10 13 22 14 21 15 19 16 24 17 15 18 11 19 12 28 12 29 16 30 23 31 28 28 8 19 9 25 10 11 11 25 12 19 13 27 14 10 15 20 16 13 17 16 18 23 19 25 20 30 21 23 22 17 23 19 24 21 25 12 26 21 27 30 28 17 29 27 30 17 31 11 32 29 33 27 34 12 35 15 4 36 28 37 20 38 10 39 19 
5 4 0 16 1 14 2 30 3 27 20 4 17 5 17 6 17 7 22 12 25 13 14 14 26 15 17 16 26 17 23 18 10 19 23 24 16 25 12 26 30 27 10 28 10 29 29 30 17 31 27 32 4 23 5 26 6 25 7 30 8 11 9 13 10 28 11 14 12 18 13 28 14 27 15 20 16 23 17 27 18 21 19 27 20 26 21 21 22 27 23 24 24 19 25 26 26 25 27 22 28 21 29 26 30 29 31 20 32 29 33 29 34 28 35 22 20 4 28 5 20 6 22 7 17 8 13 9 14 10 28 11 15 16 16 17 15 18 22 19 30 28 27 29 21 30 16 31 18 32 27 33 23 34 18 35 24 4 36 24 37 20 38 30 39 18 
5 4 0 28 1 13 2 20 3 15 12 8 10 9 24 10 14 11 29 24 24 25 29 26 13 27 18 28 14 29 25 30 27 31 24 12 12 13 13 26 14 11 15 26 16 12 17 30 18 19 19 29 24 19 25 30 26 30 27 14 4 8 26 9 28 10 18 11 11 4 36 30 37 24 38 18 39 13 
5 4 0 26 1 17 2 26 3 19 32 4 14 5 16 6 25 7 30 8 22 9 30 10 17 11 17 12 30 13 14 14 11 15 16 16 25 17 24 18 18 19 16 20 17 21 12 22 20 23 13 24 14 25 20 26 13 27 13 28 30 29 29 30 20 31 11 32 27 33 14 34 11 35 16 16 16 26 17 15 18 12 19 19 20 27 21 13 22 13 23 28 24 10 25 18 26 29 27 14 28 30 29 23 30 17 31 10 28 4 12 5 28 6 24 7 11 8 27 9 27 10 27 11 25 12 23 13 18 14 24 15 13 20 26 21 11 22 27 23 13 24 13 25 23 26 25 27 27 28 18 29 12 30 16 31 11 32 30 33 29 34 29 35 23 4 36 29 37 22 38 19 39 12 
5 4 0 20 1 25 2 22 3 25 20 4 13 5 27 6 30 7 25 8 27 9 20 10 10 11 23 20 12 21 10 22 24 23 15 24 12 25 27 26 18 27 12 32 23 33 18 34 25 35 27 16 16 13 17 30 18 23 19 29 24 28 25 23 26 11 27 13 28 16 29 25 30 19 31 12 32 14 33 13 34 18 35 15 28 4 25 5 12 6 24 7 19 12 26 13 26 14 13 15 29 16 23 17 22 18 28 19 30 20 21 21 26 22 25 23 22 24 10 25 28 26 10 27 12 28 30 29 27 30 13 31 23 32 19 33 25 34 12 35 22 4 36 29 37 22 38 16 39 27 
5 4 0 17 1 16 2 18 3 27 16 4 12 5 28 6 12 7 21 8 26 9 29 10 26 11 15 16 27 17 19 18 26 19 11 20 13 21 11 22 13 23 15 24 8 15 9 12 10 27 11 15 16 21 17 16 18 18 19 20 20 25 21 16 22 29 23 22 24 26 25 23 26 30 27 22 28 22 29 16 30 16 31 13 32 27 33 16 34 15 35 23 24 4 29 5 23 6 12 7 24 8 16 9 20 10 11 11 26 12 14 13 15 14 21 15 30 20 11 21 19 22 24 23 17 24 27 25 10 26 13 27 16 28 19 29 11 30 25 31 29 4 36 20 37 25 38 10 39 15 
5 4 0 21 1 28 2 11 3 22 28 4 15 5 18 6 18 7 25 8 12 9 29 10 26 11 16 12 12 13 27 14 24 15 23 16 27 17 18 18 22 19 29 24 27 25 19 26 25 27 16 28 13 29 17 30 26 31 16 32 15 33 28 34 30 35 19 12 8 30 9 12 10 11 11 15 12 23 13 26 14 10 15 14 16 12 17 19 18 21 19 26 24 12 17 13 30 14 19 15 29 16 28 17 24 18 26 19 28 20 15 21 19 22 28 23 29 24 24 25 10 26 24 27 23 28 21 29 29 30 13 31 28 32 28 33 29 34 28 35 19 4 36 24 37 23 38 28 39 27 
5 4 0 22 1 17 2 24 3 12 20 4 29 5 15 6 14 7 12 20 23 21 20 22 11 23 28 24 12 25 11 26 13 27 26 28 15 29 13 30 24 31 12 32 11 33 20 34 29 35 15 4 8 18 9 11 10 30 11 24 16 12 22 13 28 14 30 15 26 20 18 21 27 22 22 23 17 24 12 25 26 26 19 27 20 32 22 33 30 34 29 35 22 4 36 21 37 12 38 12 39 20 
5 4 0 28 1 24 2 12 3 14 4 20 29 21 21 22 10 23 30 20 4 16 5 30 6 13 7 27 12 27 13 18 14 27 15 25 16 23 17 30 18 23 19 14 24 10 25 29 26 15 27 26 28 20 29 21 30 27 31 15 4 32 22 33 13 34 15 35 27 4 36 28 37 15 38 29 39 28 
5 4 0 11 1 27 2 23 3 16 32 4 10 5 22 6 22 7 16 8 18 9 26 10 13 11 13 12 24 13 15 14 28 15 25 16 12 17 19 18 27 19 18 20 16 21 25 22 24 23 30 24 11 25 10 26 22 27 16 28 30 29 22 30 15 31 23 32 23 33 26 34 18 35 22 28 4 11 5 30 6 26 7 25 8 30 9 24 10 24 11 17 16 12 17 25 18 10 19 17 20 19 21 19 22 13 23 26 24 16 25 16 26 20 27 15 28 22 29 30 30 18 31 18 32 26 33 10 34 23 35 19 4 4 14 5 19 6 21 7 15 4 36 24 37 21 38 22 39 29 
5 4 0 14 1 18 2 18 3 22 32 4 19 5 24 6 27 7 19 8 16 9 25 10 22 11 21 12 14 13 27 14 26 15 16 16 27 17 20 18 22 19 10 20 28 21 16 22 23 23 29 24 24 25 29 26 25 27 26 28 28 29 12 30 20 31 26 32 26 33 29 34 26 35 14 8 12 18 13 26 14 12 15 24 16 11 17 23 18 15 19 18 28 4 10 5 14 6 12 7 11 8 26 9 28 10 22 11 21 12 20 13 12 14 26 15 14 16 21 17 25 18 19 19 19 24 22 25 28 26 18 27 10 28 23 29 15 30 20 31 25 32 29 33 13 34 28 35 29 4 36 21 37 13 38 15 39 22 
5 4 0 15 1 21 2 10 3 11 12 8 22 9 19 10 26 11 17 16 21 17 14 18 24 19 12 24 14 25 11 26 29 27 17 16 8 22 9 29 10 30 11 13 16 11 17 23 18 16 19 24 20 13 21 24 22 20 23 14 24 20 25 16 26 28 27 23 28 4 11 5 27 6 26 7 22 8 17 9 25 10 30 11 20 12 25 13 29 14 10 15 13 16 26 17 23 18 22 19 18 20 27 21 23 22 20 23 18 24 21 25 17 26 16 27 17 32 25 33 24 34 19 35 17 4 36 10 37 29 38 11 39 14 
5 4 0 28 1 26 2 22 3 22 20 4 16 5 16 6 30 7 12 8 22 9 16 10 12 11 25 16 19 17 19 18 30 19 30 20 21 21 26 22 24 23 14 24 27 25 12 26 12 27 25 12 20 22 21 22 22 13 23 23 24 20 25 20 26 20 27 22 28 17 29 16 30 14 31 15 8 12 28 13 24 14 21 15 26 28 29 29 12 30 11 31 22 4 36 22 37 28 38 16 39 29 
5 4 0 17 1 26 2 10 3 20 28 4 14 5 17 6 25 7 12 8 15 9 26 10 28 11 22 12 20 13 19 14 27 15 22 16 18 17 15 18 13 19 29 20 29 21 28 22 29 23 30 24 23 25 14 26 28 27 30 28 20 29 22 30 18 31 22 28 4 23 5 21 6 30 7 28 8 11 9 28 10 20 11 12 12 10 13 15 14 12 15 13 16 30 17 15 18 28 19 12 20 22 21 13 22 21 23 17 28 11 29 10 30 13 31 17 32 23 33 20 34 30 35 27 28 4 12 5 30 6 12 7 23 8 25 9 29 10 27 11 30 12 29 13 18 14 27 15 29 16 20 17 18 18 21 19 26 24 25 25 20 26 10 27 10 28 10 29 27 30 20 31 21 32 10 33 19 34 29 35 16 4 36 13 37 20 38 12 39 16 
5 4 0 27 1 18 2 28 3 12 28 4 19 5 20 6 19 7 14 8 20 9 11 10 22 11 28 12 30 13 26 14 24 15 23 16 20 17 22 18 14 19 15 24 17 25 12 26 26 27 19 28 18 29 14 30 17 31 28 32 22 33 26 34 21 35 10 4 12 18 13 27 14 23 15 14 32 4 22 5 25 6 14 7 28 8 20 9 22 10 14 11 23 12 23 13 14 14 16 15 24 16 26 17 25 18 20 19 13 20 19 21 28 22 28 23 26 24 28 25 23 26 11 27 19 28 21 29 27 30 13 31 23 32 30 33 20 34 26 35 30 4 36 18 37 12 38 23 39 14 
5 4 0 19 1 21 2 23 3 13 20 12 29 13 24 14 25 15 29 16 15 17 18 18 22 19 25 24 26 25 27 26 18 27 30 28 17 29 10 30 26 31 25 32 11 33 18 34 11 35 18 28 4 25 5 17 6 18 7 26 8 28 9 14 10 25 11 25 12 30 13 19 14 17 15 20 20 21 21 25 22 28 23 20 24 23 25 30 26 29 27 15 28 20 29 21 30 21 31 19 32 18 33 19 34 23 35 15 12 8 23 9 28 10 10 11 14 12 21 13 13 14 24 15 15 28 13 29 21 30 23 31 26 4 36 30 37 23 38 12 39 13 
5 4 0 21 1 16 2 21 3 23 12 12 16 13 16 14 21 15 22 24 10 25 13 26 27 27 22 32 27 33 22 34 25 35 11 16 4 14 5 15 6 16 7 27 24 26 25 13 26 14 27 20 28 27 29 12 30 22 31 20 32 25 33 21 34 17 35 18 8 16 19 17 23 18 16 19 28 28 14 29 17 30 29 31 19 4 36 20 37 29 38 30 39 19 
5 4 0 29 1 27 2 27 3 30 32 4 25 5 23 6 10 7 25 8 13 9 13 10 28 11 16 12 21 13 11 14 13 15 25 16 18 17 20 18 10 19 26 20 21 21 22 22 22 23 11 24 19 25 21 26 15 27 15 28 30 29 11 30 28 31 13 32 12 33 30 34 14 35 11 4 8 20 9 10 10 12 11 10 12 12 12 13 28 14 22 15 26 20 22 21 24 22 26 23 28 24 29 25 15 26 13 27 14 4 36 24 37 29 38 12 39 23 
5 4 0 23 1 13 2 18 3 14 24 8 18 9 25 10 24 11 28 12 24 13 10 14 15 15 29 20 15 21 17 22 13 23 24 24 29 25 13 26 26 27 30 28 14 29 22 30 17 31 21 32 25 33 15 34 25 35 29 24 8 12 9 12 10 15 11 18 12 13 13 17 14 20 15 25 20 22 21 19 22 26 23 26 24 28 25 15 26 12 27 12 28 15 29 17 30 28 31 26 32 27 33 11 34 29 35 17 8 28 22 29 17 30 16 31 20 32 23 33 25 34 11 35 14 4 36 19 37 12 38 16 39 22 
5 4 0 22 1 21 2 17 3 22 24 4 21 5 15 6 15 7 25 8 12 9 29 10 16 11 27 12 13 13 17 14 28 15 11 16 24 17 20 18 19 19 13 24 24 25 19 26 22 27 27 28 11 29 16 30 21 31 12 16 4 16 5 25 6 14 7 29 16 11 17 10 18 30 19 16 28 28 29 21 30 28 31 22 32 16 33 22 34 29 35 13 32 4 30 5 28 6 24 7 20 8 29 9 28 10 16 11 13 12 15 13 28 14 24 15 20 16 17 17 15 18 30 19 28 20 13 21 30 22 28 23 17 24 29 25 10 26 22 27 17 28 29 29 12 30 18 31 14 32 22 33 26 34 29 35 25 4 36 13 37 11 38 24 39 15 
5 4 0 25 1 21 2 22 3 21 32 4 20 5 22 6 21 7 27 8 30 9 10 10 17 11 22 12 21 13 16 14 30 15 29 16 14 17 21 18 18 19 27 20 10 21 10 22 11 23 13 24 29 25 13 26 17 27 25 28 11 29 30 30 20 31 10 32 25 33 26 34 19 35 26 32 4 13 5 22 6 29 7 14 8 28 9 15 10 12 11 23 12 15 13 21 14 12 15 18 16 12 17 15 18 29 19 29 20 25 21 24 22 16 23 21 24 28 25 17 26 30 27 29 28 17 29 28 30 25 31 11 32 21 33 19 34 22 35 25 8 28 22 29 11 30 25 31 23 32 14 33 28 34 25 35 23 4 36 11 37 11 38 23 39 27 
5 4 0 29 1 16 2 14 3 26 24 4 20 5 21 6 14 7 21 8 27 9 22 10 30 11 25 12 26 13 14 14 22 15 12 16 27 17 24 18 16 19 24 20 18 21 28 22 13 23 23 32 26 33 21 34 14 35 15 16 8 16 9 12 10 27 11 17 12 23 13 28 14 30 15 17 16 19 17 20 18 23 19 18 32 26 33 26 34 18 35 25 4 20 13 21 23 22 10 23 24 4 36 20 37 27 38 27 39 26 

Dynamic Events

# Machine Breakdowns (machine_id start_time end_time)
Machine Breakdowns
4 210 223
10 1988 1999
11 2320 2332
12 2063 2075
13 2681 2695
14 178 191
20 227 242
21 28 40
22 1353 1365
23 2205 2215
25 766 776
26 432 444
28 1758 1772
32 244 254
36 2011 2023

# Added Jobs (arrival_time: num_ops num_alts_op1 m1 p1 ... num_alts_op2 m1 p1 ...)
Added Jobs
289: 5 23 33 24 8 30 20 22 11 25 23 24 7 26 34 22 15 15 13 24 24 10 36 18 31 18 35 10 14 15 10 26 2 29 37 19 21 24 16 28 28 30 39 14 25 30 22 20 9 26 21 32 19 12 12 27 25 22 28 14 20 0 20 7 22 34 23 21 6 11 25 15 29 27 35 20 37 14 23 15 9 16 30 21 5 17 34 30 19 17 32 24 14 24 7 27 21 13 28 19 18 30 0 13 26 19 8 14 3 16 31 39 22 33 20 3 11 2 11 24 12 6 15 5 21 0 26 22 23 37 12 32 22 7 20 21 16 23 13 34 14 9 18 8 18 20 23 14 17 18 25 30 23 10 13 4 21 19 16 25 13 36 23 28 14 31 20 12 27 35 13 1 13 30 21 17 13 13 14 13 22 24 32 10 7 19 12 20 39 15 6 28 15 10 29 21 30 14 10 18 33 15 24 13 0 20 34 10 20 26 17 22 23 15 25 13 19 25 9 25 18 27 16 16 11 16 26 25 37 17 36 19 3 29 
377: 5 4 5 26 7 29 33 14 25 19 5 22 14 13 27 4 19 9 17 11 14 8 17 13 31 13 30 28 2 29 23 30 22 26 6 27 20 21 6 35 25 34 21 39 18 24 14 9 26 18 13 11 13 23 21 13 26 19 34 17 27 14 4 26 17 14 16 27 36 16 12 13 10 23 
585: 5 17 10 14 3 14 20 19 2 28 18 18 17 10 24 28 21 25 35 24 12 22 13 30 16 24 5 19 22 20 6 10 37 18 33 19 19 38 19 33 17 12 29 21 12 15 19 20 29 37 17 2 20 23 12 18 29 26 12 25 16 5 19 0 24 36 13 17 21 22 24 13 21 9 13 23 11 25 30 30 34 13 7 18 23 15 20 30 21 11 37 28 8 26 28 19 38 13 31 11 1 27 13 17 6 10 3 13 2 28 5 23 22 14 19 17 12 29 32 11 35 12 26 26 14 14 24 29 11 7 15 37 22 24 26 19 23 4 18 18 12 22 17 38 20 5 26 23 10 35 20 33 25 13 19 36 14 2 25 1 24 39 13 28 28 15 21 3 15 32 30 31 10 9 13 28 28 12 17 26 4 18 12 10 3 11 31 19 2 10 37 25 38 16 7 22 24 14 23 22 11 20 36 18 26 17 1 13 16 23 0 25 39 22 20 30 35 30 29 24 9 20 27 15 8 29 5 30 22 20 13 27 
614: 5 9 13 12 34 27 2 24 9 28 37 24 36 12 16 11 23 23 4 22 32 26 10 28 14 15 26 33 10 7 21 19 17 5 27 1 29 20 29 30 12 10 22 18 28 25 25 13 24 4 11 2 15 32 20 39 13 27 13 21 19 16 29 3 16 11 13 17 17 37 12 14 25 8 19 0 16 24 13 6 23 23 22 34 14 30 8 16 38 28 28 12 33 16 32 13 35 17 10 15 31 12 34 18 36 24 17 24 23 25 25 28 15 24 30 28 7 11 2 22 21 20 14 21 4 23 13 19 6 11 5 29 27 28 18 24 16 23 29 28 11 26 0 10 37 20 25 30 24 13 18 6 15 4 16 14 12 2 24 1 26 3 23 27 23 33 28 19 24 38 28 10 18 18 25 28 28 9 22 11 10 36 10 25 29 0 13 20 17 35 14 37 22 7 29 23 29 31 3 18 7 26 23 16 8 10 31 23 12 26 35 29 33 28 19 29 22 24 2 12 32 22 16 10 14 23 15 20 4 10 39 14 37 12 30 18 10 27 13 29 20 22 21 10 25 21 9 15 29 25 24 30 38 26 11 12 0 25 34 22 
733: 5 29 5 30 7 22 14 21 6 30 34 14 39 27 29 14 10 22 28 11 33 13 18 23 30 24 22 26 2 30 23 13 0 14 19 26 36 19 1 28 16 19 13 22 26 30 38 27 9 15 21 12 27 15 37 11 3 17 25 24 22 17 24 29 30 9 26 8 28 21 11 4 14 26 10 11 28 6 17 5 13 1 24 37 10 19 20 35 13 36 21 18 27 10 17 14 13 30 18 16 17 27 12 28 15 23 17 13 33 27 27 30 32 21 22 21 19 28 3 23 7 20 26 22 16 14 31 13 24 14 25 18 9 30 28 28 30 14 2 30 11 15 36 27 12 30 29 17 18 15 8 20 10 16 26 27 25 24 29 8 28 2 23 34 26 3 29 0 10 7 30 29 16 10 10 26 7 24 39 14 33 30 13 10 3 27 12 23 36 10 5 18 28 19 
1002: 5 8 26 13 30 19 25 15 22 29 35 14 3 23 28 29 38 15 4 36 19 25 18 7 20 20 25 30 19 23 1 18 21 25 22 24 7 26 12 20 27 28 31 10 4 29 23 17 11 27 32 15 3 27 15 26 9 16 20 12 38 12 10 11 5 27 17 20 25 24 28 25 36 23 30 14 6 30 26 27 37 24 33 11 0 19 29 27 21 1 25 10 16 13 25 5 17 32 25 17 20 20 12 0 11 12 16 28 27 4 27 39 14 31 26 18 10 19 15 30 15 36 23 27 16 29 26 25 30 8 11 22 18 29 29 12 37 27 23 22 22 24 28 26 25 25 7 13 26 15 1 23 36 29 20 22 6 30 17 20 39 26 14 30 32 13 5 13 31 22 35 24 30 28 13 18 

# Cancelled Jobs (cancel_time initial_job_sim_idx_to_cancel)
Cancelled Jobs
228 1
228 92
391 23
437 40
548 16
579 43
1044 83
1239 2
1486 73
1676 10
1978 88
2073 18

# ETPC Constraints (fore_job_sim_idx fore_op_idx hind_job_sim_idx hind_op_idx time_lapse)
ETPC Constraints
92 2 78 1 11
77 2 36 1 19
99 4 10 1 8
43 2 22 0 18
13 0 53 1 4
22 1 50 0 17
68 3 24 4 19
47 3 80 1 16
30 3 67 1 15
47 3 93 1 9
12 2 45 1 3
77 2 95 3 19
74 2 65 0 3
73 4 52 1 7
47 0 42 4 18
39 0 53 0 18
19 0 57 4 3
1 3 56 1 11
92 1 87 1 20
21 3 77 1 16
60 3 86 4 18
103 0 53 1 8
68 0 105 3 10
43 1 30 0 6
52 3 30 4 14
27 0 80 1 20
90 0 67 2 16
13 4 41 2 3
102 2 63 1 14
85 1 105 2 7
0 2 60 3 5
19 1 88 2 8
58 3 90 0 8
26 2 11 2 20
17 0 103 2 8
40 1 47 1 16
73 2 32 1 20
6 2 105 4 7
35 2 46 0 5
21 1 103 3 15
74 2 14 1 9
6 1 3 3 7
92 0 34 3 13
19 0 68 4 14
40 4 74 2 12
89 0 6 3 4
20 3 43 3 9
90 1 22 3 10
69 1 88 4 19
11 1 1 3 7
45 1 16 4 15
43 2 78 0 20
23 2 103 4 10
82 3 64 3 6
52 1 104 2 4
53 3 63 0 5
5 2 40 3 19
4 1 54 4 6
31 1 105 4 3
19 2 70 0 17
70 0 69 2 4
65 0 83 1 17
15 1 99 2 14
23 4 79 0 9
43 2 45 3 20
26 2 97 3 17
24 2 63 2 13
28 0 10 1 12
11 3 9 4 20
100 2 99 1 4
71 2 27 2 14
53 3 76 3 20
17 1 20 4 20
41 3 104 2 12
82 4 67 4 10
53 2 74 4 4
19 0 61 0 11
85 2 57 1 17
40 4 61 1 19
105 0 55 1 15
51 4 88 4 19
105 1 80 2 8
53 2 42 0 19
34 3 3 3 18
71 1 76 2 20
52 1 102 1 9
85 1 16 0 13
44 4 35 1 12
17 0 16 3 10
73 4 81 4 14
83 1 85 1 15
94 3 101 0 7
40 1 33 3 19
61 2 47 4 11
2 3 89 0 12
32 4 26 2 14
25 0 100 2 10
9 2 95 2 18
22 4 100 0 6
9 3 13 2 10
20 0 94 0 4
99 3 50 4 5
44 0 55 3 11
67 2 70 2 16
24 1 38 0 4
87 1 52 4 18
80 1 99 3 19
39 3 67 3 8
88 0 33 2 12
1 0 57 4 19
64 2 63 3 9
89 2 66 1 16
8 1 80 4 11
35 4 62 3 5
2 2 61 4 20
81 2 64 1 9
30 4 102 0 10
8 0 93 4 15
97 1 0 4 16
27 1 35 4 15
62 1 103 2 10
85 1 33 3 4
34 1 72 4 16
70 3 45 0 6
75 1 79 2 15
72 0 76 1 15
27 3 70 1 6
23 2 65 0 15
75 1 45 0 15
101 2 37 1 17
43 0 61 1 4
91 4 6 1 7
90 0 30 0 19
6 3 32 4 3
38 2 79 1 18
89 1 54 2 10
102 0 1 0 7
63 4 67 0 15
24 4 11 1 4
45 4 6 1 6
86 0 103 3 16
105 2 29 1 8
15 0 96 3 11
71 4 36 0 4
70 1 12 4 11
33 3 104 3 5
28 4 40 1 14
103 3 46 2 8
9 4 1 4 10
44 1 62 0 4
81 4 2 0 5
1 1 34 4 7
61 0 8 2 14
95 1 101 1 10
69 1 9 4 14
94 1 2 3 9
10 4 60 3 9
95 4 36 2 9
99 0 46 2 12
42 4 96 4 5
48 3 22 3 10
36 2 39 2 20
61 0 84 0 4
49 3 43 3 17
40 1 32 0 9
103 0 71 1 20
58 2 16 3 11
75 0 13 4 18
70 2 58 4 11
36 2 67 0 17
15 1 102 1 7
88 4 37 0 19
40 3 69 1 6
91 4 55 3 18
65 0 88 1 11
25 1 79 2 17
87 1 81 4 12
19 2 0 2 20
22 0 12 3 12
32 1 10 4 16
59 3 56 3 10
101 3 34 4 8
78 2 17 3 10
43 2 72 0 14
13 2 88 3 10
41 0 83 0 13
38 1 62 3 4
98 4 36 0 8
52 4 48 3 11
91 2 35 1 19
47 0 51 4 20
11 1 82 4 3
53 3 16 3 19
61 1 68 4 4
36 4 86 3 16
45 1 105 2 12
6 3 34 3 3
100 0 62 4 3
92 2 6 2 8
71 2 47 0 7
45 4 96 4 13
28 4 61 1 10
51 3 49 3 4
55 4 49 2 19
95 2 105 2 3
31 0 64 4 16
74 3 10 1 9
68 3 51 2 6
84 2 11 0 16
54 3 96 2 11
31 1 90 1 9
69 2 98 0 19
