10 40
5 4 0 19 1 20 2 18 3 13 28 4 30 5 20 6 16 7 23 8 14 9 27 10 24 11 23 12 18 13 10 14 14 15 15 16 13 17 22 18 30 19 24 20 10 21 23 22 11 23 24 28 12 29 28 30 17 31 19 32 20 33 20 34 29 35 30 32 4 19 5 19 6 14 7 12 8 11 9 20 10 29 11 23 12 24 13 25 14 16 15 25 16 21 17 22 18 18 19 19 20 24 21 25 22 26 23 14 24 14 25 10 26 25 27 17 28 23 29 13 30 30 31 24 32 16 33 23 34 30 35 11 24 8 28 9 11 10 10 11 26 16 21 17 11 18 30 19 15 20 29 21 28 22 10 23 30 24 21 25 16 26 11 27 16 28 23 29 28 30 22 31 20 32 15 33 25 34 12 35 29 4 36 18 37 14 38 14 39 16 
5 4 0 20 1 22 2 29 3 25 8 4 11 5 22 6 27 7 10 28 13 29 16 30 29 31 12 4 16 20 17 23 18 25 19 19 16 4 20 5 22 6 17 7 16 8 20 9 14 10 12 11 29 16 22 17 13 18 17 19 24 32 18 33 27 34 12 35 11 4 36 18 37 28 38 26 39 25 
5 4 0 15 1 17 2 18 3 26 32 4 17 5 30 6 30 7 11 8 13 9 29 10 26 11 11 12 18 13 19 14 15 15 19 16 12 17 19 18 13 19 13 20 19 21 29 22 22 23 25 24 14 25 10 26 14 27 18 28 27 29 25 30 29 31 27 32 20 33 21 34 17 35 22 32 4 23 5 15 6 19 7 18 8 10 9 13 10 13 11 24 12 19 13 27 14 24 15 27 16 24 17 24 18 24 19 21 20 18 21 12 22 10 23 26 24 17 25 12 26 24 27 28 28 29 29 15 30 21 31 16 32 15 33 18 34 23 35 23 32 4 15 5 14 6 14 7 20 8 18 9 10 10 11 11 13 12 18 13 14 14 22 15 25 16 17 17 15 18 11 19 13 20 10 21 27 22 29 23 12 24 17 25 23 26 15 27 10 28 14 29 23 30 27 31 23 32 17 33 26 34 20 35 15 4 36 12 37 29 38 23 39 28 
5 4 0 19 1 27 2 12 3 10 28 4 30 5 10 6 26 7 20 8 26 9 24 10 27 11 17 16 15 17 26 18 27 19 25 20 10 21 26 22 19 23 13 24 26 25 20 26 16 27 25 28 17 29 18 30 14 31 26 32 27 33 23 34 17 35 18 8 20 27 21 14 22 28 23 12 32 21 33 21 34 22 35 11 20 4 22 5 12 6 14 7 18 8 21 9 26 10 24 11 22 16 26 17 10 18 23 19 19 20 13 21 23 22 14 23 30 32 28 33 22 34 19 35 14 4 36 30 37 17 38 16 39 28 
5 4 0 10 1 12 2 13 3 16 20 4 18 5 18 6 15 7 18 8 30 9 19 10 28 11 13 12 26 13 25 14 16 15 16 24 25 25 12 26 12 27 25 28 13 29 14 30 30 31 29 4 28 23 29 30 30 23 31 23 12 8 30 9 27 10 25 11 19 12 18 13 24 14 14 15 18 24 12 25 11 26 16 27 19 4 36 22 37 10 38 15 39 18 
5 4 0 22 1 12 2 29 3 22 20 8 21 9 15 10 26 11 26 16 23 17 30 18 17 19 17 20 13 21 27 22 11 23 13 24 25 25 20 26 28 27 11 32 29 33 11 34 16 35 28 32 4 11 5 24 6 18 7 28 8 17 9 13 10 27 11 28 12 14 13 27 14 28 15 23 16 13 17 29 18 15 19 12 20 13 21 28 22 24 23 12 24 16 25 14 26 14 27 24 28 19 29 19 30 25 31 20 32 20 33 16 34 26 35 10 32 4 22 5 25 6 18 7 20 8 22 9 12 10 23 11 10 12 13 13 16 14 30 15 14 16 17 17 21 18 19 19 23 20 11 21 19 22 15 23 17 24 28 25 30 26 11 27 16 28 12 29 19 30 14 31 11 32 22 33 30 34 15 35 20 4 36 26 37 18 38 17 39 20 
5 4 0 10 1 10 2 23 3 18 32 4 13 5 12 6 11 7 11 8 18 9 29 10 30 11 13 12 10 13 29 14 27 15 18 16 28 17 18 18 26 19 29 20 29 21 25 22 29 23 25 24 28 25 19 26 20 27 17 28 29 29 22 30 11 31 16 32 11 33 13 34 30 35 18 32 4 25 5 17 6 17 7 20 8 11 9 19 10 11 11 22 12 12 13 17 14 17 15 11 16 27 17 25 18 11 19 28 20 29 21 19 22 16 23 10 24 30 25 29 26 21 27 30 28 12 29 10 30 17 31 28 32 19 33 26 34 26 35 15 24 4 30 5 23 6 13 7 13 8 22 9 22 10 20 11 13 12 24 13 30 14 17 15 13 16 10 17 15 18 27 19 18 20 27 21 20 22 13 23 15 28 12 29 20 30 30 31 27 4 36 13 37 27 38 10 39 24 
5 4 0 17 1 16 2 30 3 25 32 4 27 5 19 6 13 7 27 8 14 9 30 10 18 11 17 12 15 13 14 14 12 15 13 16 12 17 18 18 27 19 26 20 21 21 25 22 17 23 14 24 12 25 23 26 25 27 26 28 10 29 14 30 13 31 27 32 27 33 15 34 12 35 15 24 4 10 5 22 6 17 7 27 8 13 9 15 10 16 11 15 16 15 17 10 18 12 19 28 20 20 21 14 22 15 23 21 24 20 25 21 26 28 27 17 28 20 29 24 30 26 31 20 24 8 29 9 11 10 27 11 15 12 30 13 13 14 26 15 27 20 26 21 24 22 29 23 30 24 22 25 11 26 12 27 26 28 15 29 11 30 23 31 14 32 19 33 20 34 22 35 11 4 36 17 37 20 38 12 39 18 
5 4 0 10 1 10 2 12 3 18 28 4 26 5 14 6 22 7 30 12 21 13 30 14 15 15 30 16 15 17 15 18 13 19 30 20 29 21 11 22 10 23 20 24 11 25 11 26 16 27 21 28 16 29 20 30 15 31 15 32 25 33 29 34 17 35 18 20 4 26 5 24 6 16 7 12 8 12 9 21 10 23 11 30 16 10 17 29 18 10 19 12 20 29 21 26 22 12 23 15 32 29 33 18 34 10 35 12 8 12 18 13 18 14 29 15 14 20 24 21 19 22 10 23 25 4 36 15 37 25 38 11 39 18 
5 4 0 25 1 17 2 23 3 24 12 12 10 13 27 14 19 15 16 16 18 17 11 18 22 19 14 20 10 21 21 22 19 23 13 16 12 18 13 15 14 25 15 20 20 19 21 25 22 23 23 30 24 13 25 22 26 14 27 28 32 24 33 24 34 19 35 12 32 4 30 5 20 6 30 7 21 8 18 9 11 10 11 11 12 12 27 13 11 14 26 15 20 16 14 17 19 18 10 19 24 20 12 21 23 22 24 23 26 24 17 25 11 26 11 27 23 28 14 29 30 30 22 31 18 32 14 33 27 34 13 35 10 4 36 27 37 20 38 19 39 14 

Dynamic Events

# Machine Breakdowns (machine_id start_time end_time)
Machine Breakdowns
4 215 226
9 196 207
15 215 228
16 265 279
17 159 172
18 342 354
24 28 39
28 229 242
31 103 112

# Added Jobs (arrival_time: num_ops num_alts_op1 m1 p1 ... num_alts_op2 m1 p1 ...)
Added Jobs
31: 5 29 14 15 39 25 26 27 33 19 7 19 23 30 38 10 2 21 12 15 1 21 24 12 13 28 18 29 3 15 32 23 20 10 22 20 34 25 31 18 19 12 8 10 37 26 5 25 28 11 25 10 0 14 9 24 10 13 35 28 8 30 21 39 21 36 15 18 14 3 22 28 29 38 14 10 21 11 4 11 30 21 18 22 14 14 34 12 22 24 20 28 31 13 13 20 6 29 23 12 6 15 20 11 27 21 17 5 11 6 24 13 11 20 16 15 26 24 12 26 31 15 23 11 33 11 6 24 4 23 18 30 24 17 14 30 2 27 8 22 15 18 37 28 0 18 39 26 3 24 20 14 10 19 
49: 5 23 6 28 19 23 14 12 10 18 23 29 13 28 39 15 27 26 8 18 33 15 20 19 5 22 21 29 9 20 18 29 22 25 30 18 28 29 24 28 3 12 37 15 15 29 17 28 20 3 12 20 17 37 22 34 25 31 18 27 12 12 22 33 24 17 22 21 28 24 26 9 25 23 14 7 14 0 10 35 19 22 14 15 15 1 16 13 10 31 4 22 32 29 34 28 35 28 7 12 9 21 31 11 33 26 11 28 20 10 14 30 0 17 38 21 17 14 19 18 24 19 5 22 18 22 3 15 21 19 30 15 22 14 16 28 10 20 27 28 28 11 13 18 15 15 37 21 29 26 39 27 14 9 27 4 21 32 17 33 14 11 11 30 17 6 21 31 15 14 13 39 14 10 27 2 19 22 15 28 28 15 32 27 7 24 5 24 9 15 38 20 31 14 36 23 23 24 19 19 18 10 3 12 28 22 39 16 20 12 8 16 
107: 5 22 22 14 23 13 10 24 17 23 27 25 34 24 6 29 39 24 35 28 28 24 24 26 2 22 7 26 8 24 26 22 19 29 0 10 36 13 38 25 1 13 5 21 12 27 18 33 15 39 24 12 15 27 19 31 27 36 21 15 29 18 16 38 21 11 30 7 13 1 10 19 21 29 13 17 10 21 19 30 21 16 19 11 36 28 22 29 27 17 35 21 9 11 26 20 11 22 10 10 7 21 38 21 0 22 5 26 23 15 28 2 16 17 12 38 10 29 1 17 20 19 6 24 19 29 9 15 26 16 18 19 23 19 28 27 17 21 32 13 33 11 5 11 39 28 11 15 3 18 14 22 8 20 15 27 34 22 21 15 4 17 2 13 10 24 13 23 24 27 22 11 12 24 7 17 
125: 5 7 33 14 10 14 39 26 37 21 19 12 29 23 32 15 13 15 26 23 29 2 26 31 25 19 23 9 23 30 17 22 25 16 11 8 20 27 24 36 16 14 14 7 2 28 6 13 26 21 8 30 33 28 32 26 7 16 16 21 21 22 11 29 26 30 25 3 14 12 28 14 25 34 13 38 25 6 14 32 21 1 15 17 28 19 15 0 21 5 21 29 33 22 15 14 31 11 0 22 8 11 38 17 36 15 7 25 6 28 35 17 13 14 16 13 10 25 23 10 14 16 5 20 9 14 32 14 4 24 18 16 39 23 17 24 19 19 24 13 28 12 3 26 37 14 34 29 11 28 
130: 5 32 13 12 15 21 19 24 25 21 11 12 10 16 17 24 35 29 7 11 33 14 0 13 34 14 18 19 5 14 12 19 32 20 9 22 26 12 38 21 28 21 20 23 8 18 27 17 4 23 2 29 37 22 36 20 6 14 29 22 16 16 3 20 21 25 23 26 17 37 14 15 29 36 15 21 28 29 20 9 14 19 27 16 10 14 25 7 18 27 13 30 16 22 26 1 26 8 24 5 30 39 17 34 16 25 16 32 12 2 23 17 13 15 18 12 27 13 32 14 33 28 17 16 15 14 24 19 6 15 35 10 30 27 13 27 8 23 39 20 10 19 36 26 17 6 22 15 27 39 14 29 14 21 29 13 29 16 24 34 26 20 11 24 19 10 22 38 14 30 30 27 27 19 28 26 16 25 18 29 9 11 4 22 7 18 15 27 12 26 28 18 26 27 20 14 14 13 37 21 6 19 32 16 21 19 11 15 13 22 25 25 18 30 8 21 31 28 27 10 34 19 30 25 2 21 5 19 33 13 24 12 16 11 36 29 39 14 
146: 5 28 14 22 30 30 23 15 9 30 19 26 28 29 6 26 7 20 15 25 37 21 22 15 1 17 11 11 31 12 20 22 33 29 36 26 0 11 21 22 5 26 24 15 8 15 32 22 17 22 13 19 27 20 2 28 10 26 17 2 28 3 25 38 17 4 21 17 22 19 12 33 12 21 27 1 27 20 18 23 27 0 10 28 22 18 20 8 24 15 19 39 26 19 24 28 35 18 31 17 14 15 7 21 17 17 9 19 27 22 15 24 20 24 33 15 18 24 21 17 23 27 0 11 10 14 28 11 37 23 22 19 25 2 19 39 22 22 28 23 11 15 20 26 26 9 17 29 23 0 21 32 28 37 17 36 21 10 30 24 20 25 17 28 17 7 22 19 19 11 23 33 15 12 27 21 27 16 15 8 11 14 29 27 34 16 25 24 9 17 18 23 8 26 20 16 39 17 31 26 16 24 33 19 5 21 36 21 6 26 0 15 28 20 23 14 10 29 1 16 30 26 38 25 29 24 13 10 17 25 4 15 19 27 21 23 15 22 

# ETPC Constraints (fore_job_sim_idx fore_op_idx hind_job_sim_idx hind_op_idx time_lapse)
ETPC Constraints
8 4 12 1 8
1 4 6 4 4
10 1 1 0 16
10 2 13 0 4
3 4 10 1 3
4 2 3 4 9
12 0 14 4 14
4 3 15 4 10
15 2 5 3 14
10 0 7 4 3
5 2 13 4 10
5 0 4 0 13
7 2 9 4 6
0 0 11 3 5
11 0 9 1 13
10 1 13 0 15
8 2 2 4 19
1 2 6 3 19
13 0 4 1 7
9 2 10 4 9
4 1 12 4 7
9 2 15 4 4
12 1 6 3 4
2 3 15 3 6
