10 40
5 4 0 10 1 22 2 21 3 20 4 4 23 5 23 6 20 7 13 28 4 25 5 18 6 19 7 30 12 15 13 15 14 10 15 24 16 29 17 14 18 10 19 22 20 22 21 22 22 24 23 12 24 12 25 22 26 13 27 21 28 30 29 28 30 28 31 22 32 29 33 30 34 10 35 14 16 4 20 5 26 6 27 7 25 16 19 17 27 18 15 19 27 28 19 29 24 30 22 31 24 32 26 33 26 34 27 35 12 4 36 26 37 16 38 23 39 25 
5 4 0 20 1 27 2 22 3 19 12 4 14 5 30 6 22 7 22 12 30 13 30 14 27 15 20 24 25 25 20 26 18 27 22 8 8 28 9 25 10 28 11 30 28 14 29 30 30 30 31 24 12 12 11 13 25 14 12 15 24 16 23 17 12 18 14 19 30 20 26 21 19 22 17 23 25 4 36 29 37 26 38 12 39 13 
5 4 0 28 1 16 2 11 3 27 20 8 17 9 27 10 25 11 10 20 26 21 28 22 10 23 21 24 25 25 23 26 27 27 23 28 15 29 11 30 30 31 19 32 24 33 28 34 15 35 20 4 4 23 5 17 6 25 7 26 32 4 13 5 30 6 28 7 21 8 21 9 27 10 16 11 13 12 30 13 27 14 24 15 30 16 16 17 16 18 16 19 20 20 10 21 10 22 15 23 30 24 10 25 29 26 13 27 26 28 28 29 22 30 24 31 26 32 28 33 15 34 19 35 16 4 36 10 37 30 38 21 39 26 
5 4 0 27 1 18 2 29 3 27 8 8 23 9 22 10 10 11 25 24 25 25 20 26 27 27 13 12 4 15 5 18 6 26 7 10 24 12 25 26 26 25 27 27 28 26 29 27 30 25 31 28 28 4 19 5 28 6 19 7 26 8 22 9 20 10 22 11 22 12 29 13 21 14 13 15 13 20 16 21 11 22 22 23 14 24 23 25 28 26 19 27 15 28 24 29 22 30 26 31 24 32 13 33 23 34 20 35 20 4 36 25 37 18 38 11 39 29 
5 4 0 18 1 25 2 10 3 24 16 4 19 5 30 6 24 7 22 12 25 13 21 14 10 15 27 28 30 29 16 30 25 31 15 32 28 33 24 34 10 35 20 28 4 24 5 19 6 22 7 28 8 23 9 16 10 23 11 18 12 16 13 18 14 21 15 26 16 14 17 11 18 24 19 12 20 16 21 26 22 30 23 18 28 15 29 21 30 30 31 26 32 21 33 11 34 21 35 29 8 4 26 5 18 6 20 7 12 16 17 17 23 18 19 19 21 4 36 14 37 16 38 24 39 29 
5 4 0 20 1 13 2 27 3 10 12 4 12 5 11 6 27 7 27 12 16 13 23 14 29 15 10 24 14 25 29 26 24 27 20 4 28 26 29 13 30 11 31 25 20 4 15 5 10 6 11 7 28 12 22 13 13 14 11 15 13 16 15 17 12 18 22 19 29 20 22 21 21 22 18 23 15 24 28 25 11 26 30 27 20 4 36 25 37 20 38 15 39 18 
5 4 0 25 1 16 2 20 3 12 16 16 23 17 22 18 28 19 25 20 23 21 21 22 18 23 18 24 24 25 21 26 16 27 18 32 17 33 26 34 24 35 27 28 4 17 5 21 6 25 7 13 8 29 9 18 10 26 11 23 12 10 13 18 14 24 15 25 16 11 17 18 18 15 19 16 20 10 21 22 22 15 23 13 24 18 25 25 26 25 27 30 28 20 29 21 30 28 31 29 8 4 14 5 25 6 19 7 22 20 19 21 15 22 29 23 24 4 36 20 37 24 38 18 39 12 
5 4 0 24 1 21 2 18 3 16 20 4 20 5 24 6 23 7 30 8 16 9 26 10 23 11 13 20 20 21 15 22 16 23 10 24 22 25 15 26 27 27 16 28 11 29 27 30 11 31 30 16 8 13 9 15 10 10 11 25 16 19 17 24 18 22 19 15 20 12 21 13 22 10 23 24 28 17 29 21 30 22 31 26 16 12 10 13 22 14 25 15 16 16 12 17 17 18 21 19 12 20 20 21 18 22 19 23 29 24 24 25 26 26 22 27 24 4 36 21 37 23 38 22 39 18 
5 4 0 21 1 14 2 25 3 18 32 4 12 5 24 6 13 7 23 8 30 9 19 10 30 11 10 12 26 13 12 14 24 15 23 16 20 17 13 18 11 19 13 20 15 21 21 22 20 23 27 24 16 25 16 26 15 27 12 28 14 29 14 30 19 31 12 32 25 33 11 34 29 35 11 8 4 11 5 20 6 26 7 23 20 23 21 18 22 23 23 23 28 4 18 5 18 6 18 7 26 8 11 9 29 10 13 11 14 12 16 13 29 14 21 15 18 16 14 17 12 18 15 19 22 20 10 21 21 22 15 23 21 28 30 29 22 30 29 31 22 32 27 33 11 34 20 35 14 4 36 16 37 16 38 10 39 23 
5 4 0 27 1 15 2 23 3 28 12 4 27 5 13 6 25 7 24 20 10 21 24 22 20 23 28 32 14 33 15 34 14 35 13 8 8 21 9 16 10 22 11 25 12 23 13 25 14 10 15 14 20 8 13 9 10 10 11 11 17 12 13 13 20 14 15 15 15 20 20 21 12 22 25 23 27 24 19 25 24 26 26 27 20 32 14 33 14 34 28 35 18 4 36 17 37 14 38 29 39 10 

Dynamic Events

# Machine Breakdowns (machine_id start_time end_time)
Machine Breakdowns
0 212 226
1 213 226
3 310 322
6 270 284
8 117 127
9 246 257
11 136 151
12 204 214
19 141 156
23 325 336
24 244 255
27 28 38
30 107 117
35 64 79
37 34 44
39 226 239

# Added Jobs (arrival_time: num_ops num_alts_op1 m1 p1 ... num_alts_op2 m1 p1 ...)
Added Jobs
76: 5 31 15 14 33 20 34 15 31 29 9 15 38 12 14 13 27 30 35 22 12 28 22 22 2 23 3 16 17 18 8 25 26 14 1 23 20 20 11 25 19 16 13 19 4 27 25 27 6 11 7 25 30 27 36 23 0 13 16 23 24 17 10 11 15 20 26 28 24 24 26 17 25 10 21 22 21 37 28 25 11 12 16 6 12 9 23 30 27 0 11 19 14 32 27 12 32 14 28 18 16 16 25 17 0 24 34 22 39 20 27 20 33 28 29 15 10 11 6 28 20 25 22 35 25 18 18 13 12 10 14 15 27 2 16 29 11 34 22 31 29 23 12 28 13 38 21 12 21 1 22 37 18 39 24 16 18 33 11 19 18 22 20 22 17 25 27 30 16 17 0 12 38 27 34 24 15 24 3 16 1 21 7 29 2 27 31 26 23 14 33 14 6 14 28 14 39 18 26 25 30 24 22 17 19 28 
91: 5 9 24 15 36 28 27 20 10 28 12 25 9 23 2 22 28 24 8 25 8 32 20 7 20 0 11 21 18 14 21 29 30 13 21 1 22 24 26 21 19 12 9 28 20 16 23 30 30 11 27 20 21 23 18 27 32 25 6 25 31 17 10 16 35 19 17 22 38 17 37 29 15 19 25 22 24 25 3 19 22 26 16 25 1 25 24 5 17 23 27 22 27 30 20 32 23 24 21 19 17 20 19 13 18 38 12 18 11 3 22 28 12 29 15 33 19 17 27 37 24 0 16 6 23 15 28 39 12 12 24 8 13 4 20 15 30 22 38 28 23 22 39 21 18 19 2 14 32 19 34 26 24 28 31 26 14 12 10 18 0 25 8 16 4 25 
106: 5 21 31 18 12 11 23 18 3 18 32 28 35 21 33 18 26 13 25 11 27 30 30 20 9 20 6 12 36 11 1 25 13 26 4 11 29 16 11 17 18 18 19 21 25 19 14 1 21 34 20 20 17 15 18 26 22 25 22 28 27 29 26 22 15 0 20 30 25 37 19 11 17 10 13 5 19 18 19 27 20 39 10 2 22 12 28 6 20 32 23 36 13 21 14 16 9 12 11 13 35 14 16 21 32 28 36 10 0 24 29 17 30 25 37 25 20 20 2 14 12 20 21 17 19 15 4 22 4 34 27 19 29 4 18 32 17 30 36 12 31 25 3 27 35 15 10 28 26 25 5 15 21 14 27 15 8 29 16 12 15 20 4 14 25 28 29 30 12 20 24 20 17 25 33 23 28 20 37 14 7 15 39 25 6 19 30 16 9 26 18 25 11 19 34 10 32 25 
113: 5 17 20 19 5 27 38 18 31 27 15 13 28 26 8 13 27 30 35 15 17 19 25 29 6 18 29 26 2 20 37 18 21 19 30 25 9 0 23 31 24 11 29 36 28 35 22 23 22 18 25 19 13 24 27 29 0 11 23 25 31 28 7 22 34 22 27 17 1 13 20 15 25 19 3 15 28 20 19 22 2 21 24 12 33 18 21 22 9 15 8 22 39 29 4 16 32 29 13 14 11 20 17 15 22 16 37 27 29 16 18 11 12 17 15 18 18 28 11 33 11 11 13 19 12 6 20 20 17 2 13 8 27 3 14 36 13 30 14 4 16 26 25 15 27 11 39 11 7 14 22 24 20 16 24 17 18 22 19 27 10 22 26 29 32 26 6 23 
113: 5 14 11 21 31 29 36 23 10 28 15 11 30 30 29 20 27 17 24 23 26 19 33 20 17 15 13 12 39 16 21 30 17 35 25 37 29 33 14 12 18 31 28 7 21 1 24 4 19 3 26 16 15 36 11 5 21 19 24 26 22 23 24 18 27 15 16 25 12 27 24 2 14 18 11 15 15 25 35 27 30 11 13 21 6 18 0 19 17 19 14 23 31 20 10 20 38 27 16 25 7 17 27 23 32 27 26 15 25 23 13 26 14 8 24 32 19 23 26 29 23 37 23 34 20 1 15 36 26 24 21 10 17 13 16 4 23 26 18 16 35 26 37 23 26 17 28 12 1 23 15 26 13 19 8 20 33 30 27 15 30 11 20 18 34 25 24 15 38 19 19 17 39 24 14 19 21 23 25 11 7 23 12 10 22 13 36 11 6 14 

# Cancelled Jobs (cancel_time initial_job_sim_idx_to_cancel)
Cancelled Jobs
186 9

# ETPC Constraints (fore_job_sim_idx fore_op_idx hind_job_sim_idx hind_op_idx time_lapse)
ETPC Constraints
1 2 2 0 11
12 3 5 2 15
5 4 13 2 3
13 4 10 4 14
8 1 6 2 3
11 0 7 4 9
5 1 13 2 13
4 4 1 4 15
1 3 3 0 13
1 4 12 1 17
12 1 1 2 10
3 3 8 0 20
8 3 4 1 19
13 3 4 3 12
1 0 10 2 7
3 4 8 2 6
5 3 10 4 5
12 4 5 2 11
6 1 9 1 14
14 4 0 1 14
3 2 8 2 17
