10 40
5 4 0 25 1 17 2 17 3 27 20 4 14 5 16 6 30 7 13 16 16 17 19 18 25 19 10 24 29 25 23 26 20 27 27 28 23 29 19 30 16 31 12 32 21 33 14 34 21 35 25 12 20 21 21 30 22 12 23 27 24 20 25 21 26 16 27 20 28 27 29 24 30 20 31 12 20 8 19 9 18 10 25 11 17 12 12 13 10 14 27 15 14 16 25 17 15 18 16 19 26 24 15 25 13 26 29 27 24 32 30 33 29 34 24 35 11 4 36 22 37 19 38 29 39 23 
5 4 0 12 1 13 2 16 3 23 32 4 13 5 27 6 13 7 24 8 18 9 25 10 24 11 29 12 18 13 19 14 27 15 10 16 25 17 19 18 21 19 18 20 29 21 21 22 18 23 20 24 30 25 18 26 12 27 17 28 16 29 14 30 27 31 26 32 24 33 30 34 20 35 20 28 4 17 5 19 6 19 7 23 8 14 9 19 10 12 11 29 12 15 13 29 14 10 15 16 16 13 17 30 18 17 19 24 24 13 25 17 26 23 27 14 28 14 29 24 30 11 31 17 32 25 33 12 34 24 35 21 4 20 12 21 14 22 15 23 19 4 36 20 37 18 38 12 39 21 
5 4 0 21 1 18 2 12 3 24 12 8 30 9 22 10 13 11 14 16 10 17 22 18 11 19 30 24 19 25 27 26 27 27 20 32 4 20 5 27 6 30 7 19 8 13 9 18 10 27 11 18 12 24 13 14 14 19 15 24 16 29 17 24 18 11 19 30 20 11 21 22 22 29 23 15 24 22 25 19 26 16 27 30 28 23 29 18 30 22 31 22 32 14 33 16 34 13 35 17 32 4 17 5 26 6 14 7 27 8 22 9 13 10 22 11 13 12 20 13 16 14 14 15 20 16 11 17 16 18 11 19 17 20 19 21 19 22 10 23 12 24 28 25 30 26 17 27 19 28 15 29 27 30 19 31 24 32 28 33 30 34 21 35 24 4 36 17 37 10 38 24 39 17 
5 4 0 15 1 26 2 15 3 13 8 16 12 17 12 18 16 19 13 20 24 21 12 22 27 23 20 8 16 11 17 29 18 10 19 22 20 17 21 22 22 25 23 21 16 8 18 9 21 10 30 11 29 12 16 13 29 14 24 15 20 20 10 21 11 22 24 23 25 28 11 29 28 30 19 31 25 4 36 20 37 24 38 29 39 16 
5 4 0 10 1 17 2 26 3 26 8 20 27 21 23 22 16 23 25 24 14 25 17 26 18 27 18 32 4 23 5 27 6 17 7 27 8 22 9 25 10 22 11 25 12 29 13 30 14 14 15 25 16 13 17 25 18 25 19 12 20 21 21 18 22 21 23 18 24 23 25 22 26 18 27 19 28 23 29 10 30 25 31 15 32 17 33 14 34 25 35 16 32 4 26 5 16 6 26 7 18 8 23 9 13 10 23 11 17 12 13 13 12 14 16 15 25 16 18 17 21 18 17 19 20 20 16 21 12 22 23 23 15 24 21 25 24 26 10 27 27 28 25 29 27 30 14 31 12 32 17 33 12 34 26 35 10 4 36 23 37 15 38 12 39 18 
5 4 0 26 1 29 2 19 3 12 12 4 24 5 25 6 18 7 16 12 14 13 27 14 26 15 23 20 25 21 18 22 17 23 11 16 8 28 9 11 10 10 11 15 16 26 17 19 18 11 19 13 20 14 21 24 22 21 23 25 24 18 25 22 26 24 27 10 24 4 26 5 30 6 10 7 27 8 18 9 18 10 24 11 25 20 16 21 19 22 28 23 23 24 20 25 22 26 22 27 18 28 14 29 30 30 25 31 10 32 26 33 16 34 20 35 13 4 36 16 37 13 38 30 39 28 
5 4 0 16 1 10 2 30 3 17 8 12 10 13 23 14 30 15 22 20 20 21 16 22 20 23 21 12 12 18 13 29 14 29 15 27 24 12 25 13 26 24 27 18 32 12 33 12 34 25 35 21 8 8 22 9 21 10 20 11 19 28 19 29 24 30 14 31 12 4 36 15 37 10 38 12 39 11 
5 4 0 27 1 14 2 13 3 29 20 4 12 5 25 6 26 7 21 8 14 9 25 10 26 11 13 12 21 13 22 14 17 15 22 20 28 21 27 22 29 23 14 24 13 25 23 26 18 27 25 20 8 25 9 13 10 24 11 13 12 17 13 29 14 21 15 16 20 13 21 27 22 22 23 20 28 11 29 20 30 17 31 26 32 27 33 24 34 23 35 29 12 8 17 9 28 10 24 11 20 12 22 13 10 14 13 15 30 32 11 33 19 34 12 35 28 4 36 30 37 25 38 12 39 20 
5 4 0 21 1 22 2 27 3 20 4 32 29 33 23 34 21 35 19 4 24 19 25 13 26 29 27 22 12 4 18 5 13 6 28 7 18 12 20 13 10 14 20 15 14 28 14 29 23 30 17 31 23 4 36 23 37 29 38 21 39 18 
5 4 0 25 1 11 2 11 3 22 4 32 29 33 13 34 11 35 20 8 12 20 13 18 14 20 15 22 24 11 25 15 26 17 27 20 28 4 24 5 23 6 15 7 24 8 20 9 11 10 19 11 24 12 23 13 18 14 21 15 21 20 12 21 10 22 28 23 12 24 24 25 27 26 18 27 20 28 15 29 29 30 18 31 11 32 30 33 29 34 10 35 24 4 36 15 37 26 38 27 39 23 

Dynamic Events

# Machine Breakdowns (machine_id start_time end_time)
Machine Breakdowns
1 186 198
2 102 112
3 51 63
4 36 47
6 34 43
8 139 150
9 155 167
10 46 55
11 205 218
15 108 119
20 116 125
21 145 155
24 206 220
25 142 155
33 125 136
34 155 167
35 206 219
38 158 172

# Added Jobs (arrival_time: num_ops num_alts_op1 m1 p1 ... num_alts_op2 m1 p1 ...)
Added Jobs
23: 5 12 26 11 38 26 17 30 30 25 9 19 11 15 21 16 27 17 36 24 16 22 18 24 31 19 18 33 23 21 29 8 21 19 13 9 14 16 10 1 14 30 14 22 29 38 24 7 25 13 23 29 28 20 22 6 17 23 13 2 25 5 24 20 38 29 0 21 2 14 10 25 13 24 12 19 14 22 32 23 6 28 8 20 35 28 27 13 25 21 34 22 26 19 5 29 39 28 33 20 1 20 19 28 19 12 16 27 14 3 28 24 24 20 15 11 29 32 30 29 27 28 24 9 17 23 25 36 17 15 10 25 24 38 13 22 11 5 17 26 14 19 10 24 34 21 5 26 24 22 6 30 20 29 10 14 15 23 25 26 3 26 31 20 11 13 30 20 21 15 0 19 29 27 39 11 36 19 38 16 4 18 26 11 16 25 27 27 9 17 17 19 
30: 5 29 34 24 21 15 32 30 14 11 23 11 38 24 10 17 20 21 22 16 6 18 16 24 35 29 15 24 1 17 33 27 5 20 12 11 11 16 13 13 3 18 7 16 17 23 4 24 36 24 26 27 25 29 27 11 39 19 18 24 23 36 23 11 17 17 22 16 27 2 25 15 24 37 11 35 16 28 18 38 13 12 28 31 13 18 11 20 10 8 28 30 21 26 24 3 20 6 29 0 24 4 18 13 29 10 28 24 0 19 17 24 20 20 39 21 3 26 6 11 2 24 29 12 7 15 5 19 18 14 27 23 16 22 15 25 35 28 32 17 33 22 28 17 12 29 38 24 34 15 4 22 31 18 14 17 30 30 15 27 30 15 29 7 17 4 13 19 10 9 27 8 13 1 22 28 12 17 28 18 22 26 25 10 13 5 13 11 14 0 14 36 29 12 18 38 23 29 23 16 20 39 11 3 12 37 26 33 12 22 25 25 17 21 28 13 12 25 19 27 7 21 30 17 38 26 15 21 23 11 29 15 14 19 12 24 28 13 3 12 18 17 17 30 11 26 37 28 20 18 4 20 36 21 25 29 10 20 22 27 31 26 9 20 32 16 34 14 
32: 5 18 37 27 5 28 31 19 26 12 3 29 6 25 27 19 34 12 11 22 1 29 13 30 30 19 4 23 15 24 23 17 7 22 8 29 33 16 29 5 16 14 10 12 28 22 28 31 15 2 11 33 13 32 28 0 26 19 26 3 17 8 23 25 15 24 18 27 10 21 26 34 23 35 15 13 29 26 10 6 14 9 28 4 14 17 22 37 13 15 19 36 27 11 23 10 12 12 28 22 1 17 7 26 33 19 38 29 19 14 23 18 26 13 3 14 34 26 10 28 39 23 27 38 30 35 16 13 21 21 21 11 22 10 25 5 23 29 23 8 28 1 16 4 21 9 16 27 26 0 13 24 18 23 11 25 20 31 17 20 20 2 18 3 14 26 15 36 20 15 12 6 18 12 24 32 16 32 7 20 6 20 27 27 4 15 2 16 25 15 19 24 11 18 9 14 32 30 5 27 35 19 16 26 37 19 28 17 22 25 15 24 0 21 39 26 26 13 30 13 21 10 3 26 17 28 36 18 1 19 18 19 33 16 13 14 24 17 12 19 23 24 
39: 5 13 35 10 14 30 2 20 33 16 26 12 29 26 3 14 9 21 16 19 22 19 28 18 25 29 34 20 14 4 25 17 15 0 12 7 19 14 27 12 23 6 14 29 10 33 17 31 24 11 19 36 25 20 11 32 11 16 30 21 9 24 23 27 37 12 31 11 12 17 4 16 22 12 35 13 38 30 1 24 26 25 16 22 15 17 25 17 18 24 26 27 11 3 13 22 25 23 17 34 26 6 12 19 30 0 17 8 26 30 16 9 21 26 25 38 13 4 12 31 23 35 23 18 16 12 15 17 23 16 16 37 16 32 29 21 16 39 18 25 24 20 25 13 31 21 1 17 3 23 39 15 15 19 28 25 35 23 0 15 11 23 24 18 38 29 2 16 23 19 
48: 5 11 5 17 21 16 14 16 28 18 30 11 31 21 27 13 37 17 15 11 32 19 23 24 16 19 28 28 11 4 13 12 12 21 27 20 15 1 22 26 10 3 12 23 26 11 21 29 13 33 24 37 26 35 25 25 20 30 0 26 2 16 4 25 5 29 35 17 17 24 24 27 12 29 33 29 23 12 25 30 18 19 9 20 29 17 14 12 3 20 39 28 27 11 13 15 37 28 15 15 6 13 34 22 38 16 1 28 26 18 22 26 11 26 16 10 10 12 26 2 18 29 26 20 14 15 30 18 22 19 20 39 12 22 10 37 17 36 20 34 18 1 12 0 10 13 11 35 26 12 29 26 20 38 29 3 21 17 16 25 16 9 14 5 16 23 17 30 26 6 24 10 31 16 12 22 16 11 35 10 6 25 34 26 9 12 7 25 38 13 21 10 
85: 5 8 1 21 11 19 20 29 6 19 23 21 4 21 31 12 34 15 32 10 28 24 29 5 26 13 10 17 21 34 18 22 19 8 13 16 28 39 13 6 28 15 10 27 25 32 29 12 22 0 12 11 13 29 13 18 16 2 15 37 20 21 12 26 27 35 20 3 19 25 16 31 17 9 22 38 13 23 22 36 25 14 20 27 29 21 6 25 3 20 0 11 24 29 37 24 10 30 25 14 31 15 13 26 36 16 9 22 18 21 33 18 14 30 1 19 8 13 30 16 20 26 35 21 2 19 34 14 27 20 17 25 19 19 12 14 4 24 27 12 16 33 22 7 23 26 24 13 18 34 12 36 19 0 13 38 22 32 15 25 27 29 18 16 10 35 29 21 30 22 26 30 12 18 25 11 16 19 24 1 16 15 16 31 22 3 14 27 19 4 18 17 30 5 32 26 24 18 31 26 17 25 25 16 
92: 5 15 37 22 0 14 34 25 36 26 38 12 25 26 18 15 26 15 5 24 13 18 24 15 30 23 7 25 23 11 33 28 25 23 27 27 28 1 12 0 26 36 17 38 27 37 12 6 29 4 23 33 30 22 14 12 20 10 29 26 21 21 24 32 24 3 17 16 22 2 14 28 27 25 18 35 22 7 22 5 19 11 26 31 26 10 32 21 39 16 16 24 1 12 38 28 21 17 4 12 24 30 28 11 20 16 8 18 31 24 14 23 0 15 22 29 9 23 2 27 6 27 10 25 23 12 15 18 35 29 11 21 12 16 18 11 36 20 33 12 13 25 34 26 3 21 28 23 16 10 27 33 27 31 19 32 15 29 15 8 19 3 25 22 13 35 29 24 16 21 13 15 15 13 29 12 23 1 12 11 24 19 27 0 22 6 27 30 22 28 22 7 20 37 26 25 25 27 22 39 15 9 21 26 21 27 32 20 16 13 19 10 24 30 27 24 11 14 29 27 17 19 12 10 5 19 30 16 2 22 37 23 26 15 13 11 18 25 3 27 39 26 34 14 38 29 8 20 1 27 0 13 31 18 7 26 

# ETPC Constraints (fore_job_sim_idx fore_op_idx hind_job_sim_idx hind_op_idx time_lapse)
ETPC Constraints
12 2 8 3 8
5 4 16 4 18
16 3 2 1 5
14 2 15 2 18
8 2 10 0 19
4 4 6 4 19
16 3 7 1 5
7 3 14 1 3
4 3 6 0 17
11 3 9 2 9
9 3 6 1 16
14 3 5 4 11
2 4 5 0 4
9 0 16 3 5
8 3 6 4 18
15 2 16 0 14
7 4 6 1 18
4 3 1 0 8
14 4 12 2 4
13 2 10 1 18
7 2 5 0 17
10 0 15 2 9
3 1 12 1 6
10 4 9 3 16
14 4 16 0 7
7 1 1 1 15
2 4 10 0 19
