50 40
5 4 0 21 1 11 2 26 3 14 4 32 25 33 25 34 26 35 26 32 4 22 5 27 6 24 7 13 8 13 9 27 10 13 11 27 12 11 13 21 14 20 15 14 16 26 17 19 18 13 19 22 20 29 21 20 22 22 23 21 24 21 25 15 26 14 27 20 28 15 29 19 30 27 31 20 32 19 33 19 34 27 35 10 4 12 16 13 13 14 21 15 25 4 36 14 37 12 38 13 39 19 
5 4 0 23 1 17 2 26 3 17 20 4 17 5 19 6 11 7 11 12 27 13 11 14 11 15 14 20 10 21 17 22 10 23 21 24 27 25 30 26 10 27 27 32 13 33 19 34 17 35 30 12 20 30 21 18 22 30 23 10 28 23 29 13 30 15 31 16 32 21 33 26 34 16 35 18 20 12 28 13 24 14 10 15 16 16 26 17 10 18 19 19 18 24 15 25 10 26 20 27 22 28 27 29 22 30 17 31 20 32 18 33 29 34 11 35 17 4 36 14 37 30 38 15 39 28 
5 4 0 13 1 15 2 11 3 10 12 4 29 5 19 6 13 7 26 20 30 21 17 22 30 23 23 32 23 33 14 34 18 35 24 12 4 20 5 22 6 25 7 28 8 27 9 26 10 23 11 26 12 17 13 26 14 20 15 29 24 4 18 5 27 6 12 7 30 12 25 13 12 14 28 15 26 16 19 17 10 18 11 19 15 20 15 21 30 22 13 23 12 28 15 29 16 30 26 31 10 32 13 33 24 34 12 35 21 4 36 24 37 16 38 16 39 10 
5 4 0 30 1 22 2 19 3 20 20 4 25 5 25 6 16 7 15 8 15 9 15 10 12 11 13 16 13 17 27 18 13 19 13 24 20 25 15 26 20 27 18 32 17 33 14 34 25 35 29 4 12 18 13 24 14 21 15 17 24 4 20 5 21 6 25 7 12 12 16 13 16 14 16 15 14 16 10 17 23 18 12 19 24 24 11 25 13 26 28 27 25 28 14 29 18 30 20 31 11 32 11 33 15 34 10 35 23 4 36 27 37 10 38 13 39 10 
5 4 0 22 1 27 2 27 3 14 4 8 18 9 11 10 20 11 16 32 4 28 5 13 6 12 7 24 8 15 9 25 10 20 11 19 12 20 13 22 14 24 15 13 16 24 17 27 18 18 19 16 20 10 21 17 22 26 23 18 24 28 25 29 26 19 27 22 28 19 29 28 30 18 31 19 32 30 33 20 34 25 35 22 4 12 24 13 29 14 28 15 22 4 36 11 37 22 38 27 39 23 
5 4 0 30 1 16 2 24 3 19 8 8 21 9 14 10 25 11 23 16 26 17 20 18 10 19 27 28 4 18 5 15 6 13 7 14 8 22 9 22 10 19 11 14 16 29 17 19 18 12 19 24 20 14 21 23 22 19 23 24 24 29 25 20 26 20 27 12 28 14 29 18 30 17 31 13 32 24 33 14 34 22 35 18 28 4 19 5 30 6 18 7 11 8 12 9 19 10 26 11 20 12 11 13 23 14 15 15 13 16 15 17 16 18 24 19 16 20 30 21 23 22 10 23 20 24 14 25 20 26 29 27 24 32 25 33 14 34 16 35 30 4 36 30 37 24 38 21 39 28 
5 4 0 27 1 24 2 25 3 26 8 4 28 5 25 6 30 7 17 24 23 25 15 26 14 27 16 24 4 30 5 14 6 18 7 29 8 11 9 27 10 27 11 22 12 10 13 27 14 18 15 21 16 16 17 21 18 19 19 24 20 30 21 25 22 17 23 24 32 20 33 23 34 25 35 16 8 8 29 9 11 10 29 11 30 12 23 13 14 14 11 15 16 4 36 13 37 14 38 29 39 10 
5 4 0 12 1 25 2 23 3 10 28 4 12 5 21 6 12 7 29 8 24 9 12 10 17 11 15 12 13 13 14 14 18 15 27 16 14 17 15 18 17 19 19 20 27 21 22 22 15 23 17 24 16 25 24 26 29 27 12 28 23 29 25 30 29 31 12 12 12 26 13 15 14 21 15 27 20 12 21 21 22 13 23 25 24 13 25 10 26 15 27 15 20 4 12 5 22 6 13 7 10 16 22 17 11 18 25 19 29 20 11 21 21 22 14 23 16 28 17 29 20 30 26 31 16 32 17 33 30 34 17 35 29 4 36 28 37 21 38 17 39 15 
5 4 0 30 1 21 2 12 3 13 32 4 27 5 24 6 11 7 21 8 29 9 16 10 30 11 16 12 28 13 16 14 28 15 18 16 18 17 18 18 29 19 18 20 15 21 23 22 17 23 20 24 14 25 12 26 20 27 25 28 18 29 19 30 22 31 13 32 12 33 16 34 11 35 18 4 8 25 9 19 10 21 11 22 32 4 12 5 12 6 10 7 24 8 30 9 22 10 15 11 27 12 12 13 29 14 13 15 26 16 21 17 25 18 15 19 20 20 15 21 23 22 29 23 30 24 12 25 26 26 22 27 12 28 10 29 14 30 15 31 23 32 19 33 22 34 17 35 26 4 36 30 37 21 38 19 39 30 
5 4 0 25 1 19 2 18 3 15 32 4 23 5 21 6 29 7 17 8 15 9 27 10 23 11 19 12 22 13 26 14 17 15 18 16 28 17 10 18 22 19 27 20 26 21 24 22 22 23 28 24 27 25 14 26 24 27 16 28 17 29 28 30 27 31 13 32 27 33 10 34 17 35 22 16 4 13 5 28 6 19 7 25 12 14 13 17 14 28 15 22 28 25 29 27 30 28 31 12 32 20 33 23 34 22 35 22 16 4 10 5 14 6 17 7 22 12 30 13 12 14 12 15 15 20 14 21 27 22 22 23 12 32 16 33 12 34 22 35 10 4 36 17 37 18 38 15 39 20 
5 4 0 14 1 28 2 10 3 18 24 4 14 5 16 6 10 7 22 12 24 13 14 14 23 15 20 16 23 17 18 18 19 19 20 20 30 21 28 22 27 23 26 24 24 25 20 26 28 27 14 28 25 29 30 30 28 31 20 24 4 26 5 11 6 13 7 21 8 29 9 13 10 12 11 18 12 11 13 15 14 25 15 19 16 20 17 25 18 12 19 19 20 15 21 17 22 19 23 20 28 28 29 28 30 26 31 11 24 4 23 5 18 6 19 7 13 8 14 9 17 10 10 11 22 12 24 13 18 14 30 15 24 20 30 21 30 22 25 23 10 24 13 25 10 26 13 27 14 28 19 29 16 30 29 31 17 4 36 24 37 20 38 15 39 13 
5 4 0 14 1 21 2 26 3 18 16 4 27 5 23 6 29 7 10 12 14 13 27 14 14 15 25 24 24 25 16 26 28 27 29 28 22 29 18 30 20 31 27 20 4 22 5 15 6 12 7 14 8 24 9 20 10 25 11 15 12 21 13 12 14 19 15 20 16 28 17 29 18 14 19 16 24 16 25 13 26 26 27 20 16 12 28 13 28 14 13 15 17 16 21 17 24 18 21 19 11 20 12 21 10 22 28 23 19 32 10 33 27 34 12 35 23 4 36 19 37 17 38 28 39 11 
5 4 0 12 1 16 2 26 3 26 4 20 24 21 21 22 17 23 11 32 4 18 5 19 6 12 7 24 8 15 9 30 10 30 11 16 12 11 13 30 14 23 15 28 16 12 17 19 18 13 19 19 20 12 21 18 22 10 23 17 24 20 25 30 26 27 27 17 28 25 29 20 30 27 31 19 32 26 33 19 34 28 35 11 12 4 19 5 29 6 19 7 14 12 15 13 20 14 25 15 20 20 12 21 15 22 23 23 18 4 36 30 37 10 38 18 39 14 
5 4 0 14 1 20 2 21 3 13 28 4 29 5 30 6 28 7 13 8 15 9 26 10 13 11 18 12 15 13 10 14 18 15 25 16 29 17 28 18 25 19 15 20 28 21 30 22 22 23 19 24 19 25 26 26 17 27 14 28 13 29 13 30 13 31 15 24 8 23 9 26 10 27 11 13 12 29 13 25 14 29 15 10 20 17 21 22 22 21 23 16 24 14 25 12 26 22 27 20 28 15 29 28 30 19 31 10 32 27 33 28 34 11 35 15 24 4 10 5 20 6 26 7 16 8 21 9 20 10 14 11 30 12 21 13 19 14 29 15 11 20 15 21 28 22 18 23 14 24 14 25 24 26 26 27 19 32 22 33 27 34 12 35 25 4 36 18 37 17 38 12 39 13 
5 4 0 29 1 27 2 22 3 25 24 4 10 5 20 6 21 7 29 12 26 13 30 14 25 15 18 20 22 21 26 22 18 23 25 24 11 25 12 26 20 27 25 28 12 29 18 30 29 31 18 32 19 33 21 34 16 35 24 32 4 10 5 16 6 30 7 18 8 19 9 10 10 14 11 26 12 30 13 22 14 13 15 13 16 30 17 12 18 21 19 17 20 11 21 23 22 30 23 27 24 12 25 25 26 15 27 18 28 25 29 18 30 17 31 19 32 15 33 14 34 22 35 19 32 4 15 5 30 6 20 7 20 8 22 9 26 10 27 11 17 12 17 13 26 14 27 15 10 16 20 17 13 18 16 19 13 20 29 21 27 22 20 23 28 24 30 25 12 26 25 27 15 28 14 29 23 30 20 31 26 32 21 33 22 34 28 35 18 4 36 26 37 26 38 11 39 16 
5 4 0 26 1 25 2 18 3 20 16 4 25 5 25 6 28 7 21 12 18 13 21 14 25 15 21 24 23 25 30 26 19 27 27 28 29 29 25 30 22 31 29 28 4 30 5 29 6 25 7 14 8 26 9 28 10 10 11 14 12 13 13 22 14 16 15 24 16 12 17 21 18 19 19 30 20 10 21 28 22 30 23 21 28 26 29 25 30 12 31 30 32 19 33 16 34 11 35 16 24 4 26 5 24 6 25 7 15 8 30 9 13 10 15 11 10 12 26 13 28 14 18 15 12 20 18 21 11 22 16 23 12 24 23 25 13 26 18 27 10 28 16 29 12 30 13 31 19 4 36 16 37 24 38 30 39 21 
5 4 0 19 1 30 2 12 3 17 32 4 26 5 24 6 19 7 23 8 22 9 11 10 25 11 11 12 23 13 24 14 22 15 16 16 28 17 16 18 12 19 11 20 27 21 29 22 10 23 17 24 17 25 16 26 13 27 16 28 20 29 24 30 13 31 20 32 21 33 29 34 11 35 15 20 12 22 13 22 14 12 15 25 16 24 17 19 18 25 19 10 24 11 25 16 26 29 27 26 28 14 29 10 30 13 31 29 32 11 33 26 34 16 35 17 16 16 13 17 26 18 10 19 14 24 29 25 25 26 29 27 18 28 14 29 10 30 13 31 15 32 13 33 13 34 24 35 25 4 36 28 37 11 38 10 39 20 
5 4 0 15 1 19 2 28 3 22 12 4 10 5 18 6 28 7 20 8 24 9 13 10 27 11 28 20 11 21 28 22 21 23 22 32 4 23 5 19 6 11 7 18 8 19 9 28 10 10 11 19 12 16 13 16 14 18 15 10 16 14 17 12 18 20 19 11 20 24 21 24 22 10 23 17 24 11 25 27 26 11 27 28 28 10 29 18 30 27 31 25 32 30 33 17 34 18 35 25 20 4 14 5 17 6 23 7 21 8 26 9 17 10 30 11 15 16 14 17 23 18 11 19 23 24 16 25 21 26 10 27 10 28 19 29 29 30 21 31 22 4 36 13 37 26 38 26 39 24 
5 4 0 13 1 21 2 23 3 20 28 4 22 5 18 6 19 7 18 8 17 9 18 10 27 11 23 12 27 13 16 14 27 15 10 16 14 17 15 18 15 19 19 20 10 21 22 22 10 23 10 24 17 25 23 26 10 27 23 28 30 29 28 30 10 31 25 8 20 26 21 30 22 15 23 14 32 25 33 12 34 17 35 28 4 8 29 9 20 10 24 11 15 4 36 11 37 11 38 21 39 11 
5 4 0 23 1 14 2 12 3 15 20 4 23 5 10 6 14 7 17 20 25 21 23 22 16 23 28 24 22 25 22 26 19 27 15 28 14 29 10 30 17 31 28 32 20 33 28 34 14 35 23 20 8 13 9 17 10 14 11 21 12 19 13 30 14 25 15 11 16 10 17 16 18 14 19 21 20 11 21 24 22 21 23 10 32 15 33 16 34 28 35 22 8 8 11 9 21 10 27 11 13 24 11 25 16 26 15 27 23 4 36 13 37 11 38 12 39 23 
5 4 0 24 1 30 2 23 3 13 32 4 17 5 14 6 24 7 29 8 24 9 26 10 17 11 20 12 21 13 21 14 24 15 15 16 12 17 29 18 29 19 11 20 21 21 23 22 28 23 16 24 13 25 22 26 28 27 30 28 25 29 10 30 20 31 27 32 15 33 23 34 28 35 29 8 20 14 21 27 22 20 23 15 28 28 29 11 30 28 31 24 20 8 12 9 25 10 20 11 23 12 12 13 21 14 29 15 30 16 11 17 16 18 12 19 20 24 10 25 20 26 23 27 26 32 23 33 25 34 13 35 28 4 36 27 37 15 38 30 39 19 
5 4 0 16 1 12 2 27 3 28 8 12 30 13 13 14 26 15 10 28 14 29 22 30 17 31 13 32 4 13 5 13 6 12 7 19 8 11 9 26 10 27 11 28 12 19 13 20 14 24 15 29 16 14 17 28 18 27 19 11 20 10 21 20 22 30 23 24 24 29 25 19 26 17 27 13 28 12 29 19 30 30 31 28 32 28 33 15 34 10 35 12 12 8 25 9 20 10 15 11 27 16 24 17 28 18 23 19 14 20 15 21 25 22 28 23 24 4 36 18 37 13 38 14 39 19 
5 4 0 27 1 21 2 22 3 27 28 4 30 5 25 6 26 7 16 12 19 13 21 14 30 15 14 16 24 17 17 18 19 19 20 20 27 21 13 22 29 23 28 24 19 25 21 26 19 27 26 28 22 29 24 30 25 31 12 32 15 33 11 34 17 35 14 24 4 13 5 11 6 17 7 16 8 28 9 23 10 15 11 20 12 16 13 24 14 26 15 18 20 10 21 19 22 10 23 12 24 21 25 16 26 21 27 30 32 21 33 14 34 14 35 30 12 12 10 13 29 14 25 15 22 16 30 17 17 18 11 19 11 32 18 33 17 34 10 35 18 4 36 25 37 16 38 22 39 17 
5 4 0 12 1 10 2 30 3 29 8 4 28 5 22 6 28 7 19 8 13 9 11 10 23 11 29 28 4 15 5 18 6 14 7 27 8 25 9 21 10 21 11 29 12 22 13 10 14 30 15 30 16 14 17 12 18 28 19 29 20 28 21 13 22 13 23 15 28 25 29 22 30 22 31 24 32 24 33 28 34 19 35 27 32 4 26 5 17 6 30 7 11 8 25 9 23 10 22 11 24 12 28 13 24 14 21 15 11 16 23 17 25 18 15 19 30 20 15 21 27 22 13 23 12 24 29 25 11 26 15 27 28 28 12 29 18 30 30 31 29 32 21 33 20 34 28 35 13 4 36 20 37 24 38 12 39 19 
5 4 0 28 1 10 2 30 3 16 4 16 27 17 22 18 13 19 16 28 4 18 5 14 6 26 7 24 12 20 13 19 14 17 15 15 16 19 17 20 18 22 19 18 20 23 21 29 22 29 23 30 24 30 25 29 26 12 27 11 28 10 29 17 30 25 31 14 32 22 33 26 34 10 35 17 8 4 17 5 23 6 27 7 24 32 20 33 23 34 23 35 10 4 36 12 37 28 38 25 39 17 
5 4 0 14 1 26 2 13 3 30 12 8 19 9 15 10 11 11 19 16 27 17 20 18 20 19 29 20 20 21 22 22 22 23 15 4 12 28 13 25 14 29 15 13 8 4 27 5 28 6 26 7 16 12 19 13 22 14 28 15 17 4 36 23 37 11 38 25 39 26 
5 4 0 15 1 17 2 25 3 30 8 12 23 13 16 14 15 15 30 24 24 25 17 26 17 27 22 28 4 25 5 10 6 12 7 26 12 11 13 10 14 22 15 15 16 25 17 13 18 11 19 19 20 23 21 18 22 14 23 10 24 12 25 29 26 16 27 20 28 15 29 17 30 30 31 12 32 27 33 28 34 24 35 14 24 8 12 9 17 10 18 11 20 12 30 13 13 14 11 15 23 16 28 17 13 18 16 19 15 20 22 21 21 22 20 23 25 24 14 25 26 26 29 27 24 32 15 33 28 34 25 35 22 4 36 24 37 25 38 25 39 13 
5 4 0 27 1 26 2 23 3 25 20 12 15 13 26 14 14 15 18 16 10 17 27 18 20 19 24 20 15 21 12 22 30 23 24 28 13 29 26 30 19 31 16 32 12 33 15 34 27 35 16 8 20 15 21 27 22 19 23 22 24 19 25 27 26 27 27 22 16 4 25 5 20 6 28 7 19 12 15 13 24 14 24 15 21 28 18 29 21 30 14 31 24 32 15 33 18 34 26 35 12 4 36 29 37 18 38 23 39 24 
5 4 0 15 1 25 2 17 3 25 24 4 13 5 23 6 21 7 18 16 11 17 17 18 11 19 23 20 13 21 16 22 27 23 14 24 30 25 12 26 26 27 10 28 21 29 19 30 26 31 20 32 15 33 23 34 17 35 16 16 4 17 5 20 6 18 7 30 12 12 13 20 14 13 15 24 16 13 17 19 18 14 19 10 32 30 33 15 34 18 35 12 28 4 20 5 16 6 25 7 26 8 16 9 24 10 15 11 16 12 15 13 29 14 10 15 11 16 30 17 22 18 13 19 30 20 23 21 24 22 12 23 24 24 20 25 20 26 17 27 26 32 10 33 13 34 18 35 12 4 36 15 37 30 38 20 39 25 
5 4 0 25 1 29 2 11 3 22 16 4 30 5 27 6 13 7 15 8 23 9 22 10 23 11 26 12 22 13 13 14 23 15 26 24 21 25 16 26 23 27 27 28 4 13 5 15 6 14 7 24 12 19 13 14 14 15 15 11 16 12 17 23 18 21 19 21 20 10 21 19 22 18 23 29 24 30 25 24 26 29 27 13 28 28 29 14 30 25 31 21 32 16 33 19 34 14 35 11 28 4 25 5 29 6 22 7 30 12 20 13 18 14 23 15 17 16 30 17 10 18 11 19 17 20 24 21 12 22 17 23 10 24 16 25 18 26 18 27 22 28 14 29 12 30 16 31 20 32 15 33 29 34 26 35 25 4 36 19 37 22 38 23 39 23 
5 4 0 22 1 17 2 30 3 22 24 4 23 5 27 6 10 7 14 8 26 9 14 10 21 11 11 12 11 13 26 14 11 15 14 16 10 17 22 18 28 19 19 28 14 29 17 30 19 31 29 32 21 33 21 34 10 35 15 24 8 21 9 26 10 29 11 14 12 28 13 12 14 20 15 14 16 25 17 25 18 17 19 13 20 13 21 23 22 25 23 17 24 28 25 10 26 23 27 17 32 29 33 12 34 25 35 25 12 4 15 5 27 6 21 7 20 8 14 9 26 10 23 11 23 24 10 25 11 26 11 27 30 4 36 25 37 10 38 25 39 26 
5 4 0 18 1 28 2 16 3 15 20 4 13 5 19 6 12 7 18 8 26 9 22 10 10 11 29 12 29 13 11 14 12 15 20 24 19 25 16 26 26 27 11 32 13 33 22 34 27 35 22 28 4 11 5 22 6 11 7 12 8 20 9 18 10 17 11 12 12 21 13 27 14 21 15 12 16 24 17 10 18 15 19 18 20 18 21 11 22 22 23 14 24 10 25 29 26 26 27 10 32 14 33 26 34 10 35 28 20 4 11 5 28 6 26 7 14 8 19 9 21 10 27 11 10 12 26 13 23 14 13 15 17 16 26 17 24 18 14 19 29 24 13 25 21 26 27 27 19 4 36 16 37 14 38 25 39 18 
5 4 0 30 1 22 2 13 3 13 12 4 18 5 21 6 10 7 11 8 28 9 26 10 24 11 14 32 17 33 22 34 29 35 28 24 4 17 5 24 6 17 7 18 8 24 9 15 10 30 11 26 12 28 13 25 14 27 15 22 16 18 17 22 18 21 19 19 20 28 21 25 22 26 23 11 24 18 25 20 26 16 27 29 16 8 16 9 20 10 15 11 18 12 22 13 26 14 27 15 25 24 15 25 18 26 25 27 23 28 20 29 23 30 14 31 29 4 36 19 37 27 38 14 39 28 
5 4 0 23 1 20 2 17 3 27 28 4 29 5 24 6 25 7 30 8 23 9 15 10 20 11 25 12 19 13 19 14 18 15 14 16 28 17 18 18 28 19 20 24 28 25 20 26 30 27 24 28 17 29 22 30 23 31 25 32 17 33 23 34 12 35 13 20 4 30 5 26 6 30 7 11 12 20 13 10 14 16 15 14 20 26 21 14 22 26 23 29 28 15 29 16 30 18 31 23 32 27 33 19 34 27 35 18 32 4 17 5 22 6 12 7 25 8 25 9 23 10 21 11 27 12 19 13 13 14 24 15 10 16 16 17 11 18 10 19 19 20 22 21 22 22 15 23 11 24 30 25 27 26 14 27 11 28 20 29 26 30 23 31 29 32 20 33 12 34 16 35 17 4 36 10 37 13 38 29 39 19 
5 4 0 30 1 24 2 18 3 28 32 4 13 5 18 6 18 7 20 8 16 9 11 10 25 11 14 12 30 13 18 14 16 15 20 16 18 17 13 18 16 19 28 20 19 21 21 22 12 23 19 24 12 25 10 26 24 27 15 28 27 29 28 30 26 31 14 32 13 33 28 34 16 35 21 24 8 22 9 25 10 21 11 27 12 23 13 16 14 10 15 14 20 21 21 24 22 20 23 26 24 29 25 25 26 19 27 18 28 13 29 29 30 14 31 11 32 12 33 11 34 14 35 18 16 4 14 5 19 6 25 7 29 12 20 13 12 14 18 15 15 20 27 21 18 22 23 23 17 28 16 29 28 30 10 31 13 4 36 10 37 30 38 15 39 10 
5 4 0 26 1 23 2 17 3 29 12 8 18 9 25 10 20 11 12 24 10 25 18 26 25 27 19 28 21 29 10 30 19 31 29 4 32 16 33 29 34 15 35 18 24 8 27 9 21 10 16 11 28 12 30 13 30 14 13 15 23 16 20 17 12 18 15 19 24 20 30 21 28 22 14 23 26 24 19 25 30 26 17 27 29 32 16 33 28 34 14 35 27 4 36 24 37 16 38 25 39 13 
5 4 0 13 1 30 2 22 3 25 24 8 20 9 28 10 15 11 11 12 22 13 26 14 13 15 25 16 16 17 12 18 14 19 14 24 14 25 28 26 21 27 20 28 25 29 11 30 18 31 26 32 19 33 18 34 15 35 15 28 4 23 5 10 6 28 7 12 8 20 9 18 10 22 11 29 12 10 13 27 14 14 15 18 16 19 17 12 18 13 19 19 20 23 21 22 22 17 23 30 28 16 29 30 30 21 31 25 32 28 33 18 34 16 35 30 8 24 30 25 13 26 16 27 11 28 18 29 19 30 18 31 21 4 36 26 37 25 38 28 39 27 
5 4 0 12 1 17 2 12 3 18 32 4 29 5 20 6 13 7 27 8 26 9 14 10 15 11 24 12 29 13 24 14 17 15 30 16 20 17 11 18 18 19 28 20 18 21 15 22 21 23 21 24 16 25 11 26 25 27 24 28 24 29 12 30 25 31 11 32 12 33 10 34 13 35 25 4 16 28 17 14 18 30 19 19 4 8 12 9 11 10 25 11 25 4 36 27 37 16 38 13 39 15 
5 4 0 24 1 11 2 19 3 17 24 8 30 9 22 10 15 11 25 12 22 13 13 14 12 15 29 16 29 17 17 18 23 19 13 20 24 21 16 22 18 23 19 24 19 25 25 26 16 27 13 32 22 33 20 34 25 35 15 16 8 26 9 20 10 10 11 16 16 22 17 23 18 24 19 19 28 29 29 20 30 30 31 26 32 18 33 11 34 30 35 13 20 4 20 5 27 6 25 7 30 8 18 9 29 10 14 11 14 12 17 13 29 14 15 15 29 16 23 17 18 18 16 19 28 24 14 25 11 26 19 27 16 4 36 24 37 15 38 26 39 24 
5 4 0 22 1 29 2 21 3 29 28 4 16 5 30 6 26 7 26 8 10 9 27 10 30 11 23 12 23 13 22 14 23 15 20 20 30 21 30 22 12 23 30 24 10 25 21 26 14 27 18 28 22 29 18 30 20 31 19 32 20 33 27 34 13 35 28 24 4 16 5 18 6 23 7 10 16 14 17 27 18 17 19 19 20 21 21 26 22 12 23 26 24 23 25 12 26 22 27 13 28 21 29 20 30 26 31 16 32 18 33 29 34 13 35 28 28 4 17 5 11 6 10 7 19 8 29 9 26 10 18 11 27 12 12 13 25 14 20 15 28 16 22 17 11 18 13 19 11 20 15 21 30 22 26 23 18 28 26 29 18 30 29 31 25 32 18 33 26 34 27 35 30 4 36 10 37 25 38 18 39 10 
5 4 0 13 1 10 2 28 3 25 16 8 27 9 13 10 15 11 27 12 21 13 11 14 23 15 19 16 25 17 18 18 25 19 26 24 22 25 10 26 11 27 26 8 16 27 17 21 18 26 19 25 32 24 33 18 34 23 35 25 28 4 23 5 23 6 26 7 15 12 20 13 10 14 24 15 13 16 18 17 27 18 29 19 25 20 17 21 22 22 16 23 10 24 20 25 25 26 15 27 16 28 20 29 19 30 24 31 22 32 24 33 11 34 27 35 27 4 36 21 37 28 38 15 39 25 
5 4 0 10 1 25 2 15 3 30 24 4 25 5 28 6 20 7 29 8 17 9 17 10 22 11 23 12 24 13 11 14 11 15 28 16 18 17 10 18 21 19 10 24 11 25 25 26 22 27 10 28 15 29 23 30 22 31 24 20 4 21 5 25 6 27 7 30 16 15 17 23 18 12 19 14 20 22 21 10 22 28 23 13 28 27 29 27 30 21 31 14 32 27 33 13 34 18 35 12 24 4 28 5 14 6 20 7 17 8 29 9 15 10 21 11 29 16 25 17 19 18 14 19 26 20 18 21 16 22 25 23 15 24 16 25 11 26 11 27 17 32 16 33 12 34 24 35 19 4 36 23 37 25 38 12 39 13 
5 4 0 20 1 25 2 25 3 18 20 4 19 5 10 6 22 7 20 8 15 9 19 10 28 11 13 12 27 13 24 14 20 15 21 20 29 21 30 22 18 23 23 28 12 29 24 30 28 31 29 24 4 19 5 18 6 28 7 30 8 13 9 17 10 17 11 27 12 23 13 26 14 24 15 14 20 25 21 15 22 14 23 11 24 25 25 27 26 20 27 13 28 28 29 18 30 17 31 18 28 8 14 9 28 10 15 11 10 12 27 13 20 14 19 15 26 16 11 17 19 18 15 19 13 20 20 21 16 22 13 23 10 24 26 25 16 26 11 27 13 28 25 29 11 30 18 31 25 32 27 33 27 34 18 35 15 4 36 25 37 23 38 29 39 22 
5 4 0 25 1 28 2 20 3 29 16 12 26 13 15 14 25 15 11 16 12 17 15 18 12 19 16 24 19 25 19 26 24 27 29 28 15 29 13 30 17 31 26 16 4 16 5 19 6 18 7 29 8 27 9 19 10 19 11 24 20 27 21 10 22 29 23 16 24 13 25 16 26 10 27 16 4 8 12 9 22 10 24 11 25 4 36 13 37 30 38 17 39 19 
5 4 0 18 1 28 2 26 3 18 8 12 10 13 21 14 15 15 18 32 24 33 17 34 21 35 13 24 4 12 5 12 6 30 7 25 12 29 13 14 14 23 15 19 16 18 17 25 18 13 19 23 24 29 25 15 26 12 27 29 28 25 29 25 30 29 31 28 32 10 33 12 34 11 35 14 28 4 13 5 21 6 26 7 25 8 10 9 30 10 19 11 24 16 19 17 13 18 12 19 10 20 14 21 19 22 12 23 11 24 14 25 26 26 10 27 18 28 30 29 17 30 18 31 26 32 19 33 11 34 28 35 18 4 36 30 37 21 38 21 39 10 
5 4 0 28 1 16 2 27 3 29 8 20 15 21 11 22 10 23 25 24 29 25 30 26 12 27 23 28 8 22 9 24 10 29 11 17 12 26 13 10 14 26 15 28 16 11 17 20 18 27 19 23 20 13 21 10 22 30 23 11 24 20 25 15 26 28 27 27 28 24 29 30 30 30 31 17 32 11 33 12 34 17 35 18 20 12 13 13 27 14 19 15 25 16 22 17 29 18 17 19 26 20 14 21 16 22 27 23 12 28 10 29 14 30 10 31 26 32 16 33 22 34 18 35 14 4 36 30 37 28 38 28 39 28 
5 4 0 21 1 25 2 10 3 25 28 4 17 5 19 6 27 7 18 8 22 9 16 10 16 11 17 12 19 13 18 14 27 15 13 16 12 17 17 18 19 19 17 20 12 21 22 22 17 23 17 24 14 25 17 26 22 27 18 28 19 29 13 30 29 31 24 8 24 21 25 14 26 19 27 19 32 11 33 21 34 18 35 14 8 12 11 13 17 14 30 15 12 16 11 17 19 18 10 19 25 4 36 22 37 29 38 25 39 24 
5 4 0 13 1 27 2 17 3 23 16 8 17 9 23 10 19 11 19 20 26 21 29 22 21 23 30 24 25 25 18 26 13 27 25 32 20 33 28 34 15 35 22 32 4 30 5 11 6 29 7 29 8 22 9 13 10 22 11 11 12 27 13 27 14 27 15 11 16 17 17 28 18 16 19 30 20 24 21 23 22 14 23 19 24 24 25 29 26 29 27 11 28 26 29 14 30 16 31 29 32 18 33 14 34 28 35 25 8 8 28 9 23 10 13 11 10 20 15 21 25 22 19 23 27 4 36 23 37 14 38 24 39 24 
5 4 0 26 1 30 2 24 3 16 4 24 23 25 17 26 20 27 25 20 4 20 5 12 6 12 7 10 8 16 9 24 10 28 11 26 16 21 17 27 18 15 19 17 20 20 21 29 22 18 23 14 24 24 25 16 26 20 27 16 8 24 21 25 29 26 20 27 22 28 23 29 19 30 16 31 30 4 36 25 37 23 38 22 39 19 
5 4 0 26 1 14 2 29 3 30 16 8 25 9 29 10 16 11 29 24 16 25 18 26 25 27 26 28 22 29 28 30 23 31 15 32 13 33 28 34 29 35 14 4 16 26 17 29 18 10 19 24 24 4 17 5 22 6 12 7 14 8 14 9 12 10 13 11 16 16 21 17 24 18 29 19 19 20 27 21 23 22 10 23 30 28 25 29 11 30 26 31 29 32 28 33 11 34 10 35 11 4 36 15 37 18 38 30 39 26 

Dynamic Events

# Machine Breakdowns (machine_id start_time end_time)
Machine Breakdowns
3 1103 1114
8 410 420
11 154 164
16 104 113
17 1204 1218
19 455 467
21 1071 1082
27 738 748
29 373 384
30 372 381
32 944 956
36 342 352

# Added Jobs (arrival_time: num_ops num_alts_op1 m1 p1 ... num_alts_op2 m1 p1 ...)
Added Jobs
136: 5 30 34 11 16 28 0 28 21 29 20 17 30 13 12 22 38 23 25 28 17 25 2 20 7 28 22 11 3 14 39 11 23 12 36 13 10 15 28 17 14 28 26 17 5 13 24 10 6 20 29 17 15 22 37 26 32 13 4 21 31 19 6 16 22 12 24 8 21 17 16 9 21 36 17 18 15 21 17 17 21 22 31 12 38 19 36 22 24 26 3 22 26 19 19 30 22 28 5 23 2 21 28 30 1 26 30 28 37 27 6 11 12 1 30 12 16 21 17 39 18 7 27 23 20 19 16 31 30 36 20 13 29 11 30 28 10 6 1 12 25 25 4 18 32 26 12 25 36 16 
140: 5 7 38 14 32 23 12 12 29 24 36 10 16 30 27 29 10 24 22 7 26 25 20 18 26 23 26 33 27 8 19 6 18 16 18 20 28 4 5 11 31 19 17 22 34 10 19 18 21 0 28 9 26 24 17 20 11 6 22 11 10 32 26 36 14 35 21 39 17 31 26 19 20 34 21 10 23 8 17 4 20 38 11 28 21 30 36 10 2 19 22 29 14 19 39 16 30 11 18 24 33 25 27 23 8 20 38 30 1 26 10 15 6 17 26 12 12 26 16 25 31 20 0 18 17 17 34 21 5 12 9 20 29 13 21 28 28 26 35 16 25 13 4 17 32 30 
240: 5 11 23 22 2 10 16 21 6 27 17 15 18 23 25 23 19 13 37 28 9 17 32 10 29 20 18 25 18 9 20 34 17 21 28 6 27 35 12 19 19 26 20 14 11 15 28 37 11 1 21 17 12 27 28 23 23 24 17 12 14 5 18 32 26 11 26 30 12 29 30 38 28 16 13 4 30 39 18 28 16 8 13 23 17 29 35 18 23 10 34 29 25 13 5 26 29 16 22 17 16 19 36 24 19 15 8 16 21 24 1 22 11 18 14 10 31 18 24 29 13 11 4 17 32 26 9 29 28 11 12 31 16 26 14 19 23 39 28 20 20 17 13 21 25 4 29 38 21 7 18 5 13 13 26 28 28 10 11 29 37 12 0 18 22 22 33 10 3 29 24 25 12 24 17 24 32 28 6 18 20 28 29 30 30 28 8 18 21 22 18 12 9 28 1 13 16 30 23 20 39 11 25 12 36 26 35 15 38 19 34 14 
624: 5 10 19 12 17 26 0 27 33 14 1 12 35 19 18 14 31 19 16 29 36 14 20 25 11 30 30 32 30 23 30 11 23 3 14 14 27 12 19 0 13 13 12 29 28 2 14 34 26 22 15 19 13 17 16 28 24 18 10 39 29 37 29 14 0 27 2 26 35 15 26 22 13 28 14 25 6 25 29 12 7 12 22 27 17 26 25 12 3 11 4 14 21 13 15 25 24 15 28 30 29 36 13 17 28 9 18 28 27 21 18 4 11 27 30 32 12 18 21 10 15 7 12 19 24 23 29 5 17 0 17 8 26 16 27 13 23 24 34 16 27 12 16 13 37 15 9 19 26 18 20 18 7 21 17 14 24 12 14 23 11 26 
659: 5 26 16 22 8 14 15 23 38 23 35 20 25 26 27 29 31 12 6 15 9 14 3 24 0 18 37 10 32 12 18 28 33 23 5 17 4 14 17 26 22 11 13 23 24 18 1 20 34 30 12 20 30 28 10 38 28 18 19 16 15 23 19 13 22 14 18 19 15 7 27 37 14 12 10 30 12 14 16 29 39 14 1 23 15 29 0 13 6 15 37 24 35 30 22 27 30 11 32 20 21 14 19 28 27 19 23 25 25 24 31 11 13 10 9 26 10 29 14 14 28 15 20 17 29 30 26 19 5 11 34 19 33 18 3 13 20 36 17 8 28 20 15 6 28 29 19 16 26 25 18 3 20 13 27 14 19 18 10 0 21 23 11 9 13 27 30 26 20 28 22 24 10 10 15 17 11 7 1 13 33 20 15 13 23 26 32 20 36 10 38 13 
670: 5 8 14 13 25 17 34 26 20 20 39 13 35 22 21 24 32 10 31 27 26 28 10 11 24 9 29 8 27 2 12 10 15 34 21 14 28 39 13 31 30 17 11 38 23 36 26 3 23 33 19 1 14 12 28 29 23 37 18 19 13 23 26 21 15 18 16 6 18 22 29 24 14 32 10 5 16 4 24 20 27 13 11 23 16 25 30 30 28 22 3 28 27 12 5 14 26 15 17 15 34 13 29 25 1 24 9 11 8 6 23 1 16 2 18 12 19 31 13 4 15 34 11 22 21 26 39 29 2 22 33 25 24 15 35 21 11 16 38 21 37 21 8 27 31 28 27 25 22 30 19 13 7 24 13 29 16 26 34 11 29 13 36 30 20 11 18 17 17 14 12 13 1 30 5 29 26 17 

# Cancelled Jobs (cancel_time initial_job_sim_idx_to_cancel)
Cancelled Jobs
357 8
895 30

# ETPC Constraints (fore_job_sim_idx fore_op_idx hind_job_sim_idx hind_op_idx time_lapse)
ETPC Constraints
30 3 10 0 10
51 4 20 3 8
24 3 51 0 7
22 4 3 3 18
48 4 35 3 19
9 0 0 3 17
7 2 26 1 4
26 0 55 3 6
3 1 22 4 20
0 2 31 1 18
21 1 20 0 6
10 3 14 3 3
40 2 35 1 15
4 1 10 3 3
10 2 2 1 14
18 4 13 1 13
32 1 46 2 4
54 4 8 4 12
42 2 53 2 6
30 3 52 3 17
43 0 14 0 11
36 1 32 3 9
35 4 13 3 15
45 3 9 2 19
42 2 8 2 4
3 0 28 0 16
51 0 4 4 3
42 1 7 0 6
36 2 48 4 6
24 3 10 0 14
44 0 1 4 20
17 4 3 2 8
11 4 27 3 3
11 3 12 4 10
47 4 23 4 14
8 4 43 4 6
24 3 43 0 17
44 2 24 3 11
24 2 7 2 17
15 2 2 2 16
4 2 30 2 3
41 2 10 2 15
4 2 27 2 5
4 2 16 4 8
3 4 8 1 17
27 3 38 3 8
39 0 41 2 3
38 3 19 0 19
22 2 33 1 9
11 4 9 2 18
49 4 1 1 11
46 4 12 0 3
9 1 0 0 18
11 4 8 1 10
17 3 13 3 19
34 2 38 2 9
15 2 19 1 19
49 4 31 4 20
44 0 23 0 5
28 0 5 2 12
47 4 3 4 14
7 4 40 1 17
11 1 24 2 7
48 1 37 3 5
47 4 1 1 9
38 3 7 4 15
47 1 40 4 11
12 3 47 4 7
18 1 55 0 6
39 0 15 3 16
41 3 14 3 18
7 3 9 4 20
37 3 34 0 7
22 1 47 2 14
26 3 19 1 3
34 1 49 3 9
44 2 50 3 16
28 2 1 1 4
0 2 27 4 18
32 4 13 3 8
51 2 54 0 13
18 3 12 3 3
38 2 19 3 6
3 3 35 1 10
46 1 9 2 5
16 0 24 2 8
5 2 46 4 13
5 1 22 1 5
10 4 26 4 15
1 3 24 2 4
14 2 42 3 7
52 0 16 1 9
2 0 39 2 10
3 3 24 4 10
21 0 25 0 20
36 2 18 1 15
6 3 16 3 17
42 1 10 2 5
32 4 21 1 6
36 4 30 0 17
3 3 55 0 7
38 1 22 4 19
15 2 39 1 17
23 2 15 1 12
6 3 38 4 20
22 2 29 1 6
15 3 43 0 13
22 4 37 2 9
16 3 20 0 14
45 2 4 1 3
45 4 46 0 20
53 3 38 4 11
