10 40
5 4 0 10 1 22 2 21 3 20 4 4 23 5 23 6 20 7 13 28 4 25 5 18 6 19 7 30 12 15 13 15 14 10 15 24 16 29 17 14 18 10 19 22 20 22 21 22 22 24 23 12 24 12 25 22 26 13 27 21 28 30 29 28 30 28 31 22 32 29 33 30 34 10 35 14 16 4 20 5 26 6 27 7 25 16 19 17 27 18 15 19 27 28 19 29 24 30 22 31 24 32 26 33 26 34 27 35 12 4 36 26 37 16 38 23 39 25 
5 4 0 20 1 27 2 22 3 19 12 4 14 5 30 6 22 7 22 12 30 13 30 14 27 15 20 24 25 25 20 26 18 27 22 8 8 28 9 25 10 28 11 30 28 14 29 30 30 30 31 24 12 12 11 13 25 14 12 15 24 16 23 17 12 18 14 19 30 20 26 21 19 22 17 23 25 4 36 29 37 26 38 12 39 13 
5 4 0 28 1 16 2 11 3 27 20 8 17 9 27 10 25 11 10 20 26 21 28 22 10 23 21 24 25 25 23 26 27 27 23 28 15 29 11 30 30 31 19 32 24 33 28 34 15 35 20 4 4 23 5 17 6 25 7 26 32 4 13 5 30 6 28 7 21 8 21 9 27 10 16 11 13 12 30 13 27 14 24 15 30 16 16 17 16 18 16 19 20 20 10 21 10 22 15 23 30 24 10 25 29 26 13 27 26 28 28 29 22 30 24 31 26 32 28 33 15 34 19 35 16 4 36 10 37 30 38 21 39 26 
5 4 0 27 1 18 2 29 3 27 8 8 23 9 22 10 10 11 25 24 25 25 20 26 27 27 13 12 4 15 5 18 6 26 7 10 24 12 25 26 26 25 27 27 28 26 29 27 30 25 31 28 28 4 19 5 28 6 19 7 26 8 22 9 20 10 22 11 22 12 29 13 21 14 13 15 13 20 16 21 11 22 22 23 14 24 23 25 28 26 19 27 15 28 24 29 22 30 26 31 24 32 13 33 23 34 20 35 20 4 36 25 37 18 38 11 39 29 
5 4 0 18 1 25 2 10 3 24 16 4 19 5 30 6 24 7 22 12 25 13 21 14 10 15 27 28 30 29 16 30 25 31 15 32 28 33 24 34 10 35 20 28 4 24 5 19 6 22 7 28 8 23 9 16 10 23 11 18 12 16 13 18 14 21 15 26 16 14 17 11 18 24 19 12 20 16 21 26 22 30 23 18 28 15 29 21 30 30 31 26 32 21 33 11 34 21 35 29 8 4 26 5 18 6 20 7 12 16 17 17 23 18 19 19 21 4 36 14 37 16 38 24 39 29 
5 4 0 20 1 13 2 27 3 10 12 4 12 5 11 6 27 7 27 12 16 13 23 14 29 15 10 24 14 25 29 26 24 27 20 4 28 26 29 13 30 11 31 25 20 4 15 5 10 6 11 7 28 12 22 13 13 14 11 15 13 16 15 17 12 18 22 19 29 20 22 21 21 22 18 23 15 24 28 25 11 26 30 27 20 4 36 25 37 20 38 15 39 18 
5 4 0 25 1 16 2 20 3 12 16 16 23 17 22 18 28 19 25 20 23 21 21 22 18 23 18 24 24 25 21 26 16 27 18 32 17 33 26 34 24 35 27 28 4 17 5 21 6 25 7 13 8 29 9 18 10 26 11 23 12 10 13 18 14 24 15 25 16 11 17 18 18 15 19 16 20 10 21 22 22 15 23 13 24 18 25 25 26 25 27 30 28 20 29 21 30 28 31 29 8 4 14 5 25 6 19 7 22 20 19 21 15 22 29 23 24 4 36 20 37 24 38 18 39 12 
5 4 0 24 1 21 2 18 3 16 20 4 20 5 24 6 23 7 30 8 16 9 26 10 23 11 13 20 20 21 15 22 16 23 10 24 22 25 15 26 27 27 16 28 11 29 27 30 11 31 30 16 8 13 9 15 10 10 11 25 16 19 17 24 18 22 19 15 20 12 21 13 22 10 23 24 28 17 29 21 30 22 31 26 16 12 10 13 22 14 25 15 16 16 12 17 17 18 21 19 12 20 20 21 18 22 19 23 29 24 24 25 26 26 22 27 24 4 36 21 37 23 38 22 39 18 
5 4 0 21 1 14 2 25 3 18 32 4 12 5 24 6 13 7 23 8 30 9 19 10 30 11 10 12 26 13 12 14 24 15 23 16 20 17 13 18 11 19 13 20 15 21 21 22 20 23 27 24 16 25 16 26 15 27 12 28 14 29 14 30 19 31 12 32 25 33 11 34 29 35 11 8 4 11 5 20 6 26 7 23 20 23 21 18 22 23 23 23 28 4 18 5 18 6 18 7 26 8 11 9 29 10 13 11 14 12 16 13 29 14 21 15 18 16 14 17 12 18 15 19 22 20 10 21 21 22 15 23 21 28 30 29 22 30 29 31 22 32 27 33 11 34 20 35 14 4 36 16 37 16 38 10 39 23 
5 4 0 27 1 15 2 23 3 28 12 4 27 5 13 6 25 7 24 20 10 21 24 22 20 23 28 32 14 33 15 34 14 35 13 8 8 21 9 16 10 22 11 25 12 23 13 25 14 10 15 14 20 8 13 9 10 10 11 11 17 12 13 13 20 14 15 15 15 20 20 21 12 22 25 23 27 24 19 25 24 26 26 27 20 32 14 33 14 34 28 35 18 4 36 17 37 14 38 29 39 10 

Dynamic Events

# Machine Breakdowns (machine_id start_time end_time)
Machine Breakdowns
0 226 241
3 207 222
4 234 244
6 120 135
7 33 45
9 43 56
10 201 211
11 145 158
15 68 83
17 89 103
20 226 236
23 142 157
35 294 308
36 250 264
39 120 132

# Added Jobs (arrival_time: num_ops num_alts_op1 m1 p1 ... num_alts_op2 m1 p1 ...)
Added Jobs
26: 5 17 34 15 6 20 11 20 8 17 37 17 19 29 31 22 33 23 9 18 16 24 23 17 25 18 1 19 28 15 10 16 27 20 12 13 11 8 28 23 19 9 13 22 15 34 20 39 16 35 29 0 26 38 11 29 13 19 16 22 16 13 22 13 19 29 32 24 23 13 0 14 6 17 26 17 14 28 28 27 35 26 39 27 33 16 4 13 13 23 1 21 37 19 38 18 17 19 8 12 25 20 31 22 27 29 27 2 20 32 20 34 25 16 14 39 29 30 13 25 16 12 22 4 27 27 28 15 26 7 17 17 11 36 16 9 21 31 17 6 12 33 18 8 22 10 29 22 23 0 20 1 21 38 27 21 28 23 14 27 35 20 20 19 4 23 3 23 29 12 14 16 16 17 17 22 13 20 15 10 9 22 23 21 28 19 32 25 33 25 0 12 2 17 27 23 10 16 8 18 1 17 19 29 21 17 34 25 39 19 30 21 18 28 
29: 5 17 18 11 8 13 29 16 11 28 14 22 26 27 1 23 31 14 23 21 38 23 28 29 3 27 6 14 39 29 10 15 36 20 20 16 5 24 18 12 30 9 14 16 26 15 12 29 37 24 1 22 36 13 34 26 4 18 14 13 3 28 39 18 26 15 32 26 35 23 2 18 20 21 15 17 7 16 21 20 13 12 24 11 38 12 18 18 19 26 12 13 22 28 11 22 9 27 8 30 31 15 6 18 25 26 13 3 24 10 12 39 17 20 26 2 27 24 24 11 21 28 20 7 30 6 25 38 29 19 28 5 10 18 11 14 27 28 22 20 5 24 15 24 8 18 4 12 21 23 19 26 31 19 2 11 35 26 7 15 6 25 20 11 38 18 16 16 12 29 
34: 5 22 0 18 14 27 36 27 13 25 24 15 38 24 25 21 8 20 10 20 30 13 39 24 27 12 17 14 21 18 2 12 22 18 26 27 5 20 23 20 18 26 16 22 29 21 19 38 16 28 17 11 27 13 27 10 30 34 29 37 27 20 26 32 14 4 19 23 15 5 25 26 29 18 25 33 13 15 29 24 23 29 15 27 21 17 35 16 11 10 4 19 15 24 33 15 32 29 24 25 31 27 20 25 22 12 6 28 36 10 1 18 27 12 9 17 2 28 7 21 29 36 19 1 24 22 10 18 13 35 23 3 12 29 12 26 23 27 18 33 22 10 18 30 12 20 10 24 28 34 18 32 27 21 26 28 18 19 21 13 23 23 17 4 22 11 28 12 21 15 26 2 17 5 17 16 27 7 12 27 2 17 38 16 1 16 8 30 13 29 33 20 32 20 37 19 19 28 31 13 26 29 24 26 12 18 11 16 35 15 6 17 10 20 0 17 18 23 22 29 17 21 23 23 36 16 14 25 29 16 25 20 21 22 
75: 5 29 17 19 14 18 13 21 2 11 39 13 9 11 33 15 23 21 27 24 6 28 24 24 25 27 1 17 29 12 26 24 0 25 21 16 22 21 34 18 31 23 5 18 8 29 30 20 38 17 10 20 18 28 12 30 32 13 3 27 26 24 22 30 11 26 28 19 29 29 13 33 15 20 24 27 28 39 12 21 16 2 12 3 11 35 14 13 27 36 14 31 21 14 26 34 17 6 11 28 26 4 20 37 22 38 12 23 12 9 20 15 19 5 18 25 29 12 6 27 26 21 5 28 16 37 22 1 18 30 17 17 27 24 17 10 29 0 15 18 28 11 13 20 22 4 21 12 15 34 12 16 20 8 22 32 14 22 37 17 35 23 36 13 6 26 24 23 31 29 4 21 16 18 10 15 34 23 25 21 39 20 0 25 26 26 13 29 20 19 12 14 5 19 30 21 32 25 21 19 7 28 
85: 5 27 36 29 22 23 38 12 5 30 31 19 0 17 30 14 20 11 3 28 21 14 34 24 14 19 29 19 2 19 9 26 26 18 16 13 15 23 25 28 39 19 17 13 35 15 23 29 11 18 4 12 12 21 8 14 22 6 24 10 12 8 29 37 27 38 18 9 11 26 13 30 14 14 25 29 22 11 17 18 28 28 23 4 17 35 12 22 29 24 21 2 19 13 19 36 12 5 15 21 23 28 27 15 3 22 30 17 36 25 10 13 18 20 14 26 9 10 15 23 26 13 20 14 32 27 0 26 23 19 7 24 13 14 28 22 31 16 12 16 37 19 4 27 29 26 38 28 2 12 21 12 39 11 8 27 22 30 10 6 26 11 10 27 20 17 15 32 23 1 20 33 21 29 18 12 30 20 17 14 9 20 25 11 36 19 5 11 19 14 23 16 0 15 1 24 11 28 6 26 4 15 20 25 17 18 32 27 
97: 5 18 21 24 31 21 36 26 9 23 29 21 4 17 11 22 3 16 13 29 10 18 22 25 39 13 30 21 27 14 24 27 7 23 5 11 23 18 17 16 28 8 21 38 14 2 21 11 20 10 18 23 22 29 18 5 15 18 26 1 24 15 26 32 22 6 21 27 26 12 21 19 21 29 5 14 21 27 14 22 18 19 34 26 26 18 29 18 15 16 22 29 23 30 8 28 10 22 31 17 7 23 4 20 32 25 25 18 6 16 20 20 30 20 36 24 24 18 37 27 2 20 12 23 28 15 19 13 13 16 0 22 20 5 27 29 30 15 26 7 23 4 17 34 26 28 22 6 18 35 29 39 11 26 17 19 29 21 12 9 13 16 25 10 11 11 17 13 22 37 29 24 19 11 11 17 25 20 31 26 21 18 2 19 24 24 37 20 28 13 12 27 8 29 23 11 

# Cancelled Jobs (cancel_time initial_job_sim_idx_to_cancel)
Cancelled Jobs
106 4

# ETPC Constraints (fore_job_sim_idx fore_op_idx hind_job_sim_idx hind_op_idx time_lapse)
ETPC Constraints
3 0 5 0 19
12 0 4 3 7
2 1 13 2 9
3 0 2 0 17
5 0 1 3 14
6 2 7 0 18
6 0 12 4 9
10 4 6 0 10
6 1 12 3 19
6 3 1 2 3
10 4 4 0 10
2 0 14 1 19
13 1 5 1 14
4 3 7 0 20
14 2 5 3 15
11 1 6 2 13
2 4 11 2 13
7 4 9 2 20
10 3 14 3 11
15 0 3 4 9
14 1 11 0 6
2 4 12 1 15
15 3 11 0 16
