20 40
5 4 0 20 1 28 2 24 3 25 32 4 28 5 21 6 30 7 13 8 22 9 30 10 20 11 25 12 18 13 21 14 11 15 17 16 18 17 11 18 13 19 22 20 11 21 29 22 26 23 13 24 19 25 23 26 22 27 12 28 30 29 13 30 30 31 17 32 25 33 13 34 10 35 30 4 20 17 21 26 22 15 23 12 8 4 18 5 19 6 15 7 20 28 14 29 15 30 15 31 12 4 36 27 37 15 38 13 39 26 
5 4 0 25 1 29 2 18 3 28 16 4 18 5 17 6 25 7 20 8 23 9 14 10 21 11 17 16 18 17 17 18 18 19 29 32 22 33 16 34 18 35 26 16 12 24 13 30 14 20 15 19 20 16 21 25 22 30 23 12 24 26 25 12 26 14 27 11 28 22 29 16 30 11 31 18 24 8 22 9 12 10 12 11 11 12 23 13 24 14 14 15 22 16 25 17 14 18 21 19 18 20 29 21 30 22 17 23 15 24 19 25 11 26 17 27 14 32 13 33 29 34 23 35 15 4 36 19 37 17 38 20 39 22 
5 4 0 10 1 21 2 26 3 25 16 4 19 5 10 6 28 7 27 12 12 13 11 14 29 15 20 24 29 25 30 26 26 27 20 28 23 29 16 30 30 31 15 4 24 10 25 27 26 27 27 11 20 4 13 5 27 6 25 7 28 8 27 9 29 10 28 11 28 16 22 17 20 18 24 19 14 20 18 21 16 22 18 23 18 28 26 29 15 30 24 31 25 4 36 28 37 27 38 27 39 27 
5 4 0 19 1 24 2 12 3 25 4 16 16 17 17 18 28 19 20 16 4 29 5 16 6 23 7 29 16 10 17 23 18 18 19 13 28 29 29 26 30 11 31 16 32 13 33 16 34 12 35 19 28 4 13 5 20 6 11 7 24 8 15 9 23 10 15 11 30 12 13 13 11 14 16 15 22 20 10 21 28 22 19 23 13 24 27 25 21 26 12 27 15 28 14 29 29 30 10 31 30 32 21 33 28 34 22 35 10 4 36 24 37 12 38 10 39 17 
5 4 0 26 1 28 2 12 3 17 12 4 12 5 21 6 21 7 22 16 18 17 14 18 23 19 27 32 25 33 27 34 23 35 12 20 12 25 13 14 14 24 15 20 16 23 17 18 18 26 19 24 24 15 25 29 26 26 27 23 28 18 29 12 30 18 31 19 32 11 33 29 34 28 35 17 32 4 18 5 19 6 24 7 27 8 11 9 27 10 23 11 28 12 26 13 21 14 13 15 17 16 16 17 28 18 16 19 18 20 18 21 26 22 24 23 27 24 10 25 26 26 17 27 11 28 18 29 15 30 21 31 12 32 30 33 29 34 15 35 20 4 36 19 37 21 38 17 39 21 
5 4 0 21 1 10 2 24 3 16 8 16 17 17 26 18 22 19 21 32 15 33 20 34 15 35 13 4 28 28 29 26 30 23 31 22 24 8 21 9 19 10 10 11 16 16 14 17 17 18 14 19 19 20 15 21 23 22 18 23 18 24 24 25 18 26 11 27 18 28 28 29 16 30 28 31 24 32 18 33 28 34 26 35 13 4 36 19 37 30 38 17 39 23 
5 4 0 11 1 16 2 18 3 29 32 4 30 5 21 6 10 7 28 8 17 9 16 10 21 11 18 12 24 13 29 14 22 15 15 16 12 17 24 18 16 19 20 20 17 21 16 22 19 23 12 24 13 25 30 26 22 27 20 28 12 29 24 30 17 31 11 32 25 33 14 34 19 35 25 4 28 17 29 24 30 26 31 26 24 4 21 5 24 6 14 7 23 8 30 9 26 10 11 11 29 12 20 13 21 14 17 15 27 16 23 17 27 18 27 19 16 24 17 25 25 26 25 27 12 28 30 29 11 30 29 31 26 4 36 21 37 18 38 18 39 15 
5 4 0 16 1 23 2 18 3 21 12 4 20 5 17 6 26 7 20 20 28 21 14 22 21 23 20 24 14 25 23 26 13 27 10 12 12 20 13 30 14 20 15 15 20 18 21 17 22 13 23 30 32 14 33 10 34 12 35 18 8 20 14 21 30 22 10 23 25 28 17 29 20 30 27 31 19 4 36 13 37 16 38 14 39 25 
5 4 0 19 1 22 2 20 3 28 28 8 13 9 27 10 22 11 19 12 24 13 24 14 28 15 30 16 21 17 11 18 16 19 19 20 12 21 29 22 10 23 19 24 28 25 18 26 28 27 25 28 14 29 29 30 26 31 26 32 22 33 28 34 12 35 24 4 12 12 13 30 14 19 15 29 32 4 28 5 23 6 27 7 28 8 12 9 12 10 14 11 24 12 14 13 16 14 18 15 25 16 17 17 12 18 28 19 19 20 24 21 18 22 15 23 16 24 27 25 20 26 27 27 28 28 11 29 27 30 22 31 16 32 18 33 15 34 13 35 24 4 36 13 37 23 38 13 39 29 
5 4 0 27 1 22 2 23 3 12 24 4 27 5 14 6 20 7 21 8 17 9 27 10 20 11 19 12 24 13 21 14 30 15 30 16 16 17 13 18 13 19 17 20 11 21 11 22 14 23 24 28 11 29 19 30 27 31 18 4 16 25 17 23 18 26 19 22 16 4 15 5 23 6 22 7 15 8 11 9 17 10 21 11 23 16 18 17 26 18 30 19 19 32 28 33 25 34 29 35 26 4 36 14 37 14 38 30 39 13 
5 4 0 14 1 28 2 25 3 21 24 4 27 5 30 6 14 7 24 8 16 9 18 10 13 11 16 16 22 17 29 18 13 19 29 20 19 21 30 22 25 23 29 28 11 29 18 30 14 31 25 32 14 33 19 34 19 35 29 4 8 23 9 29 10 23 11 25 24 8 17 9 21 10 25 11 11 12 10 13 28 14 30 15 25 16 16 17 18 18 17 19 28 20 19 21 14 22 20 23 28 28 16 29 13 30 24 31 26 32 16 33 20 34 20 35 21 4 36 27 37 23 38 23 39 28 
5 4 0 25 1 16 2 30 3 30 12 4 14 5 28 6 27 7 12 24 30 25 29 26 17 27 13 28 19 29 29 30 13 31 16 20 4 29 5 10 6 19 7 25 8 24 9 18 10 30 11 28 12 12 13 24 14 15 15 15 16 10 17 14 18 16 19 27 32 29 33 12 34 24 35 14 16 8 29 9 23 10 27 11 10 16 10 17 25 18 15 19 26 28 26 29 28 30 11 31 17 32 22 33 30 34 10 35 14 4 36 25 37 10 38 17 39 22 
5 4 0 25 1 16 2 11 3 28 4 24 24 25 19 26 15 27 14 28 4 26 5 16 6 26 7 19 8 22 9 20 10 29 11 12 12 18 13 27 14 28 15 30 16 30 17 29 18 12 19 26 20 17 21 11 22 19 23 29 24 14 25 22 26 27 27 12 28 28 29 19 30 15 31 20 16 8 17 9 18 10 15 11 16 16 18 17 25 18 12 19 21 24 21 25 25 26 12 27 28 32 13 33 28 34 16 35 25 4 36 30 37 23 38 27 39 20 
5 4 0 24 1 14 2 28 3 16 20 4 24 5 17 6 15 7 20 8 17 9 11 10 22 11 23 16 11 17 12 18 25 19 21 20 25 21 23 22 21 23 21 24 30 25 15 26 13 27 27 20 8 28 9 24 10 17 11 22 12 25 13 18 14 17 15 15 20 26 21 10 22 25 23 26 24 13 25 13 26 10 27 16 32 25 33 18 34 25 35 14 8 4 20 5 20 6 19 7 29 16 29 17 18 18 15 19 13 4 36 13 37 30 38 12 39 13 
5 4 0 27 1 26 2 17 3 22 24 4 10 5 13 6 13 7 15 8 25 9 29 10 17 11 23 12 11 13 15 14 26 15 22 20 16 21 29 22 15 23 29 24 25 25 20 26 24 27 30 32 17 33 30 34 18 35 19 4 24 21 25 23 26 25 27 15 16 4 30 5 29 6 15 7 12 8 30 9 20 10 28 11 13 24 25 25 17 26 11 27 27 32 22 33 18 34 22 35 25 4 36 26 37 12 38 27 39 10 
5 4 0 26 1 20 2 15 3 12 20 4 27 5 20 6 24 7 18 16 20 17 11 18 19 19 28 20 28 21 26 22 27 23 16 24 17 25 19 26 13 27 29 28 10 29 24 30 11 31 23 12 4 27 5 26 6 19 7 11 20 17 21 19 22 27 23 28 28 14 29 29 30 29 31 22 16 4 12 5 15 6 16 7 24 12 12 13 23 14 11 15 12 28 12 29 13 30 18 31 28 32 14 33 22 34 21 35 18 4 36 23 37 17 38 16 39 10 
5 4 0 12 1 25 2 29 3 11 24 4 12 5 27 6 30 7 13 12 16 13 19 14 28 15 20 16 19 17 13 18 23 19 11 20 11 21 14 22 28 23 16 24 23 25 27 26 10 27 27 28 17 29 25 30 30 31 28 8 8 11 9 11 10 25 11 19 32 25 33 22 34 29 35 21 24 4 16 5 18 6 17 7 12 8 16 9 18 10 25 11 21 16 15 17 14 18 15 19 10 20 20 21 26 22 24 23 13 24 23 25 14 26 27 27 20 28 28 29 23 30 22 31 23 4 36 12 37 10 38 16 39 27 
5 4 0 13 1 20 2 27 3 14 28 4 10 5 24 6 26 7 26 8 29 9 21 10 26 11 11 12 14 13 16 14 23 15 16 16 29 17 19 18 26 19 16 24 12 25 23 26 24 27 16 28 15 29 22 30 10 31 26 32 25 33 13 34 23 35 18 20 8 11 9 29 10 11 11 27 20 15 21 15 22 19 23 27 24 19 25 28 26 26 27 26 28 15 29 28 30 12 31 12 32 16 33 26 34 13 35 25 16 16 26 17 17 18 22 19 28 20 24 21 14 22 13 23 22 28 18 29 12 30 10 31 16 32 16 33 23 34 24 35 17 4 36 19 37 22 38 26 39 17 
5 4 0 27 1 25 2 15 3 21 4 8 15 9 25 10 22 11 23 20 4 13 5 24 6 21 7 24 8 11 9 26 10 10 11 16 16 26 17 29 18 11 19 23 28 10 29 11 30 30 31 30 32 15 33 23 34 27 35 17 20 4 23 5 28 6 22 7 26 16 17 17 19 18 29 19 12 24 16 25 21 26 19 27 25 28 19 29 13 30 14 31 16 32 22 33 30 34 27 35 11 4 36 16 37 15 38 10 39 27 
5 4 0 23 1 26 2 20 3 18 32 4 28 5 27 6 17 7 26 8 25 9 20 10 27 11 18 12 23 13 14 14 18 15 16 16 19 17 22 18 19 19 29 20 24 21 20 22 15 23 23 24 28 25 10 26 10 27 30 28 27 29 20 30 27 31 13 32 20 33 30 34 21 35 16 32 4 22 5 24 6 27 7 22 8 15 9 12 10 13 11 25 12 16 13 16 14 20 15 24 16 22 17 21 18 24 19 25 20 23 21 26 22 30 23 11 24 18 25 14 26 22 27 14 28 26 29 19 30 12 31 19 32 22 33 30 34 25 35 30 28 4 23 5 12 6 20 7 30 8 23 9 15 10 11 11 26 12 13 13 12 14 12 15 22 20 25 21 27 22 26 23 14 24 16 25 19 26 29 27 27 28 30 29 16 30 14 31 15 32 14 33 15 34 22 35 20 4 36 15 37 21 38 17 39 23 

Dynamic Events

# Machine Breakdowns (machine_id start_time end_time)
Machine Breakdowns
0 563 577
1 25 38
2 442 455
3 587 600
4 246 261
10 326 339
13 533 548
14 139 149
24 139 151
29 328 341
34 361 371
37 603 618
38 81 96
39 350 365

# Added Jobs (arrival_time: num_ops num_alts_op1 m1 p1 ... num_alts_op2 m1 p1 ...)
Added Jobs
66: 5 14 0 25 10 23 27 19 5 12 13 15 23 28 22 18 33 11 16 13 18 11 4 16 9 29 35 15 30 24 19 36 19 8 18 30 18 31 21 33 15 38 20 13 12 37 28 24 26 19 17 1 16 2 30 5 14 21 18 10 23 32 21 17 11 25 15 35 21 25 35 18 20 19 8 30 21 25 23 11 17 23 5 24 18 26 14 20 38 22 12 10 24 29 11 25 39 14 33 22 22 30 31 19 27 21 29 21 13 24 30 10 26 22 16 26 28 16 7 29 28 36 29 27 12 9 17 17 12 8 25 34 14 24 27 10 25 5 11 30 26 37 24 14 11 19 17 0 23 29 14 16 12 6 12 21 12 28 11 25 16 1 14 4 29 26 15 3 12 35 24 2 18 39 23 7 25 32 2 11 34 19 33 23 30 15 6 20 10 17 29 26 31 25 7 15 27 11 20 24 28 17 39 10 11 29 22 23 25 23 0 26 14 11 32 14 4 14 19 20 21 16 24 12 16 23 23 18 9 24 37 11 13 16 5 18 15 29 12 12 1 10 
129: 5 30 39 14 5 15 23 22 38 10 9 15 10 10 32 21 36 23 3 26 28 11 35 13 4 17 26 25 30 20 18 27 31 15 27 16 22 10 25 19 11 18 17 14 12 24 33 13 29 15 15 14 21 19 16 29 34 27 8 13 24 27 13 26 28 18 30 25 24 13 23 29 22 22 19 28 20 9 22 36 19 34 29 4 29 17 15 0 21 31 4 17 34 26 5 26 11 13 28 30 14 17 2 25 9 29 36 25 22 24 1 27 30 17 12 16 21 30 23 22 10 15 6 16 16 24 37 16 13 27 3 29 20 20 39 11 32 24 18 22 7 18 15 21 33 28 25 24 31 13 35 18 5 26 13 37 27 18 21 30 10 31 26 14 9 12 10 13 12 26 37 20 11 13 33 10 31 13 3 17 25 16 26 23 13 17 27 17 28 15 6 25 
142: 5 20 17 11 33 19 6 10 2 14 36 19 30 10 34 14 20 10 26 17 11 10 15 27 29 11 31 21 25 15 27 27 10 23 18 18 1 29 3 30 14 24 18 35 20 4 23 33 10 10 15 26 11 19 11 12 25 0 18 29 11 37 20 38 19 20 27 15 26 32 30 5 27 34 23 6 14 11 11 21 11 12 25 22 2 11 33 25 29 23 22 21 0 24 13 12 7 12 38 15 32 16 3 11 16 12 39 21 20 19 28 24 14 21 19 24 23 22 26 14 10 13 18 38 22 37 25 20 19 27 14 12 10 2 14 8 20 24 20 4 24 17 27 33 16 1 28 32 17 14 15 11 24 9 17 30 25 25 19 4 30 30 36 19 23 23 25 21 
273: 5 16 14 19 31 22 9 19 13 27 23 27 20 15 34 25 17 14 2 12 33 21 10 14 7 12 26 25 37 22 28 27 3 17 10 24 11 33 17 35 21 8 15 4 17 27 10 30 28 7 19 16 15 37 29 12 11 16 19 10 18 20 9 28 39 26 16 24 23 13 31 27 17 27 35 13 2 18 5 21 30 26 23 24 22 35 14 12 15 28 15 37 10 14 23 11 22 30 25 22 20 17 11 4 21 29 17 18 20 23 27 16 10 32 21 15 13 6 11 20 19 33 17 13 20 21 19 27 17 10 28 34 24 19 20 25 29 38 17 39 17 32 35 15 30 27 0 26 33 15 4 12 27 13 18 13 39 19 14 22 36 27 20 28 1 15 37 20 34 24 12 20 6 23 8 30 10 30 21 29 9 15 24 17 26 14 17 25 31 30 16 19 28 23 38 25 29 21 13 26 2 11 25 29 23 22 
280: 5 9 4 26 3 28 16 13 38 11 23 19 37 15 18 30 29 29 22 16 5 32 27 8 16 39 15 18 12 35 18 5 18 26 24 14 1 16 29 17 39 26 17 26 25 8 28 3 20 11 17 25 25 35 29 13 29 0 23 5 22 17 24 16 19 2 24 21 26 1 27 9 28 7 24 14 24 17 5 14 23 30 16 27 20 15 11 29 3 17 32 23 1 23 10 30 12 24 4 19 7 17 17 11 24 15 33 15 9 11 28 10 

# Cancelled Jobs (cancel_time initial_job_sim_idx_to_cancel)
Cancelled Jobs
177 3

# ETPC Constraints (fore_job_sim_idx fore_op_idx hind_job_sim_idx hind_op_idx time_lapse)
ETPC Constraints
16 3 24 0 4
20 3 8 3 17
5 0 8 0 5
24 0 13 4 7
24 3 20 0 6
14 2 8 0 10
23 4 24 0 19
1 3 6 1 11
22 4 24 4 15
8 1 19 3 10
24 4 7 0 18
8 4 9 4 17
4 4 8 3 4
20 4 23 0 19
7 2 20 4 4
1 1 22 0 11
8 0 0 1 7
13 3 8 2 6
16 2 24 2 13
17 1 8 3 16
5 3 17 1 20
15 1 24 2 10
22 3 18 3 7
13 2 11 0 12
22 1 17 3 11
16 1 2 4 5
11 1 15 1 18
23 3 7 0 19
17 3 16 4 3
11 2 7 0 18
9 2 16 4 4
15 1 22 4 4
5 2 20 3 11
18 4 9 2 11
15 2 0 3 19
19 2 13 1 3
2 0 7 2 13
6 3 2 0 19
2 2 8 4 10
7 1 20 3 8
15 2 21 4 17
19 3 7 1 3
24 2 3 1 12
15 1 20 1 17
3 4 24 0 12
17 0 16 4 6
19 0 11 4 12
8 0 17 2 11
16 1 22 4 15
0 4 22 4 16
