10 40
5 4 0 22 1 19 2 29 3 19 32 4 19 5 16 6 21 7 18 8 11 9 20 10 10 11 28 12 27 13 19 14 29 15 23 16 14 17 21 18 28 19 30 20 11 21 22 22 30 23 26 24 16 25 24 26 30 27 25 28 12 29 13 30 21 31 26 32 15 33 24 34 20 35 25 24 8 11 9 14 10 17 11 14 16 25 17 12 18 10 19 19 20 28 21 24 22 26 23 11 24 27 25 27 26 15 27 17 28 27 29 24 30 12 31 24 32 28 33 30 34 13 35 12 20 4 15 5 20 6 28 7 20 12 14 13 20 14 26 15 19 20 12 21 19 22 17 23 13 24 26 25 23 26 10 27 13 32 30 33 13 34 11 35 21 4 36 12 37 23 38 26 39 26 
5 4 0 26 1 17 2 16 3 15 24 4 18 5 10 6 28 7 29 8 13 9 11 10 21 11 16 12 20 13 11 14 28 15 29 16 13 17 23 18 18 19 24 28 13 29 13 30 19 31 23 32 11 33 16 34 25 35 11 20 4 14 5 22 6 16 7 20 8 17 9 21 10 26 11 20 16 21 17 13 18 11 19 29 20 23 21 20 22 30 23 10 32 17 33 13 34 12 35 29 24 4 28 5 29 6 10 7 26 8 12 9 15 10 29 11 20 16 28 17 24 18 25 19 11 20 18 21 25 22 28 23 22 28 26 29 28 30 13 31 17 32 13 33 21 34 21 35 23 4 36 17 37 18 38 29 39 19 
5 4 0 20 1 14 2 14 3 15 16 4 17 5 19 6 24 7 26 16 11 17 27 18 26 19 15 20 14 21 30 22 19 23 30 24 12 25 17 26 20 27 22 28 4 25 5 10 6 28 7 17 8 17 9 27 10 26 11 17 12 17 13 13 14 13 15 22 20 19 21 12 22 17 23 23 24 11 25 20 26 17 27 25 28 27 29 29 30 21 31 17 32 23 33 15 34 12 35 25 20 4 29 5 25 6 23 7 20 8 30 9 18 10 23 11 21 12 22 13 13 14 16 15 24 16 29 17 16 18 30 19 25 32 30 33 27 34 22 35 22 4 36 28 37 27 38 17 39 22 
5 4 0 20 1 24 2 23 3 23 24 4 12 5 18 6 27 7 27 8 19 9 16 10 22 11 14 16 30 17 12 18 16 19 12 20 20 21 29 22 27 23 25 24 24 25 20 26 30 27 10 32 28 33 30 34 18 35 30 8 12 15 13 19 14 28 15 21 28 13 29 25 30 24 31 29 32 4 26 5 29 6 27 7 21 8 26 9 23 10 21 11 26 12 19 13 11 14 16 15 10 16 25 17 23 18 11 19 23 20 27 21 16 22 10 23 30 24 23 25 20 26 26 27 30 28 17 29 26 30 12 31 24 32 30 33 10 34 13 35 16 4 36 25 37 11 38 28 39 16 
5 4 0 23 1 17 2 22 3 18 12 12 15 13 27 14 11 15 14 20 16 21 22 22 19 23 17 24 24 25 20 26 30 27 15 32 4 29 5 19 6 14 7 22 8 20 9 16 10 30 11 15 12 22 13 17 14 10 15 28 16 23 17 12 18 25 19 21 20 24 21 28 22 20 23 30 24 28 25 11 26 21 27 20 28 17 29 25 30 30 31 21 32 26 33 25 34 16 35 15 8 8 23 9 16 10 13 11 17 12 17 13 21 14 24 15 19 4 36 19 37 27 38 18 39 24 
5 4 0 20 1 10 2 22 3 22 8 12 25 13 24 14 12 15 10 24 26 25 15 26 30 27 18 12 4 22 5 27 6 27 7 30 12 24 13 20 14 25 15 12 24 20 25 27 26 12 27 17 32 4 15 5 22 6 12 7 12 8 25 9 21 10 13 11 18 12 29 13 20 14 15 15 26 16 28 17 28 18 29 19 24 20 11 21 11 22 23 23 19 24 14 25 24 26 21 27 21 28 27 29 28 30 20 31 20 32 21 33 23 34 22 35 11 4 36 29 37 16 38 15 39 30 
5 4 0 30 1 16 2 28 3 12 8 8 20 9 22 10 25 11 29 16 24 17 29 18 11 19 10 12 4 11 5 13 6 12 7 22 8 17 9 13 10 22 11 25 12 27 13 15 14 18 15 30 12 12 16 13 20 14 27 15 18 20 15 21 12 22 14 23 11 28 25 29 26 30 23 31 20 4 36 17 37 10 38 13 39 14 
5 4 0 27 1 18 2 20 3 27 24 4 16 5 29 6 30 7 27 8 18 9 26 10 23 11 21 20 18 21 21 22 18 23 20 24 19 25 18 26 17 27 22 28 23 29 11 30 25 31 16 32 13 33 21 34 28 35 15 24 8 29 9 12 10 19 11 30 12 27 13 27 14 23 15 28 16 16 17 25 18 13 19 24 20 22 21 15 22 15 23 30 24 30 25 19 26 12 27 11 32 13 33 30 34 14 35 15 8 4 11 5 10 6 23 7 16 12 27 13 30 14 28 15 29 4 36 27 37 12 38 16 39 11 
5 4 0 22 1 16 2 24 3 22 28 4 29 5 14 6 23 7 26 8 28 9 15 10 24 11 25 12 17 13 21 14 12 15 11 16 27 17 30 18 28 19 15 20 23 21 10 22 24 23 22 28 18 29 16 30 14 31 25 32 25 33 12 34 11 35 30 8 20 30 21 12 22 25 23 24 24 25 25 21 26 10 27 23 24 4 11 5 15 6 12 7 24 8 26 9 28 10 29 11 11 16 22 17 24 18 21 19 23 20 12 21 14 22 13 23 28 24 21 25 16 26 15 27 29 28 27 29 18 30 24 31 29 4 36 26 37 28 38 29 39 10 
5 4 0 24 1 11 2 22 3 26 20 8 22 9 23 10 30 11 27 16 18 17 21 18 12 19 24 24 17 25 12 26 25 27 18 28 15 29 23 30 21 31 10 32 17 33 27 34 26 35 24 16 4 17 5 18 6 25 7 16 24 27 25 26 26 29 27 16 28 24 29 10 30 22 31 30 32 10 33 24 34 26 35 12 16 4 20 5 22 6 27 7 26 16 14 17 14 18 11 19 12 20 20 21 20 22 18 23 16 32 19 33 23 34 27 35 11 4 36 20 37 22 38 18 39 26 

Dynamic Events

# Machine Breakdowns (machine_id start_time end_time)
Machine Breakdowns
2 151 163
7 33 44
12 230 244
18 145 157
20 241 255
21 185 198
23 77 88
24 192 206
26 190 205
27 138 152
32 112 125
33 299 309
37 224 236
38 332 344

# Added Jobs (arrival_time: num_ops num_alts_op1 m1 p1 ... num_alts_op2 m1 p1 ...)
Added Jobs
34: 5 32 39 15 19 19 3 17 33 27 1 20 37 26 28 12 22 12 21 10 17 18 0 20 8 27 12 27 35 23 31 18 38 14 24 15 13 27 2 21 9 12 23 14 15 22 36 18 14 23 25 27 6 22 34 24 7 30 20 12 11 23 10 29 4 15 20 36 19 31 24 34 18 20 28 16 27 37 27 19 13 1 19 9 13 25 22 8 29 28 19 21 30 32 24 0 25 14 18 5 18 30 12 3 25 29 29 10 38 21 1 23 16 20 30 19 39 29 27 10 23 18 3 25 0 29 20 17 10 1 20 3 18 39 11 34 14 33 23 11 29 22 17 0 26 29 29 2 17 6 8 24 34 14 26 20 31 13 12 21 39 17 
51: 5 10 1 22 5 15 26 17 17 12 35 23 39 16 13 12 16 17 33 28 24 13 30 12 20 16 20 26 16 11 14 29 13 27 23 39 18 35 12 34 12 15 21 21 21 25 13 31 28 13 28 8 28 37 28 14 21 2 29 20 22 23 18 22 12 3 17 33 20 1 17 0 25 28 21 30 27 5 10 9 22 24 16 24 27 13 26 30 17 16 3 27 29 20 18 10 4 16 28 15 23 25 7 27 22 11 39 14 16 27 12 21 36 14 24 11 30 30 19 22 15 18 5 17 8 16 32 15 20 18 25 11 32 36 18 17 28 29 16 13 29 14 10 0 20 3 20 30 25 5 16 18 22 8 24 4 22 33 12 9 21 26 25 23 14 32 21 6 26 16 27 21 10 19 22 2 16 1 24 27 26 28 23 24 12 7 27 31 25 35 18 11 15 10 15 12 21 16 1 16 18 22 17 17 25 18 2 17 22 23 8 24 24 27 6 27 14 11 28 13 7 19 30 24 4 21 35 12 39 19 
104: 5 14 1 20 18 20 0 21 28 17 8 24 3 21 21 23 10 30 32 14 13 12 30 30 7 16 36 18 26 22 32 33 20 39 18 31 20 1 23 2 20 4 22 23 17 18 30 26 15 30 27 6 29 34 19 37 26 19 30 9 14 29 27 12 25 16 24 13 14 24 13 3 20 0 24 15 20 36 25 17 12 14 22 5 10 21 14 25 14 8 19 35 24 11 26 13 39 28 26 22 0 20 12 18 24 26 19 11 33 11 18 13 34 15 35 24 11 25 29 24 9 27 8 5 16 32 25 36 13 15 28 23 20 14 10 8 19 18 26 29 7 28 2 28 10 25 11 19 17 18 16 30 14 25 31 18 33 22 1 20 5 11 18 17 23 26 0 27 19 23 12 23 26 12 27 18 36 24 15 10 28 17 35 23 20 17 39 30 22 21 38 21 21 27 24 11 4 23 
107: 5 11 23 13 30 16 14 26 27 10 7 16 15 14 11 16 5 26 0 21 26 12 6 11 9 19 27 38 14 12 19 24 18 25 12 17 17 36 14 35 29 11 27 20 9 27 39 12 2 14 18 19 19 17 5 20 32 10 24 29 10 30 8 16 22 19 11 21 28 25 12 17 34 11 35 21 14 22 13 20 0 29 21 19 20 27 19 7 24 34 25 12 18 2 15 30 25 4 29 14 13 1 14 16 14 22 12 39 28 20 18 11 13 24 28 15 28 18 21 10 22 26 24 3 14 13 27 19 37 18 17 30 38 21 36 17 6 30 39 21 33 11 13 16 8 16 19 11 23 26 29 20 
118: 5 19 20 21 0 24 7 25 27 14 4 19 38 15 19 13 8 19 1 12 24 20 3 23 12 25 31 30 17 16 18 27 6 19 5 15 14 21 35 17 7 37 27 38 15 29 28 35 30 39 11 24 21 0 30 17 22 21 25 18 15 14 12 15 18 25 11 23 27 11 35 30 8 12 38 28 26 29 0 28 34 18 6 15 10 24 19 19 23 23 30 7 12 11 25 24 18 20 24 15 21 0 23 29 12 30 18 18 26 2 26 26 17 9 16 28 15 12 25 35 23 19 11 36 22 31 18 23 26 17 29 25 22 5 10 10 10 21 10 38 29 27 18 4 17 13 11 37 13 1 20 24 23 19 7 18 20 25 32 30 26 30 22 15 8 16 37 14 38 17 13 19 27 24 36 20 10 14 15 10 31 20 12 20 5 16 33 21 3 22 0 24 4 26 19 18 24 20 9 15 
150: 5 30 4 22 17 25 14 25 18 10 35 22 0 23 38 21 33 22 23 10 1 12 29 26 36 27 12 29 8 30 7 14 22 19 9 22 11 19 34 20 2 19 25 26 31 16 16 21 28 24 26 27 37 12 24 14 6 26 20 13 15 24 11 18 21 5 17 12 27 22 26 33 21 24 12 28 26 19 23 0 24 6 27 9 24 12 7 27 20 30 17 21 5 22 23 10 33 13 27 16 25 21 15 14 8 29 36 29 13 18 16 19 16 6 11 2 20 11 15 35 19 0 30 14 19 20 19 10 17 3 12 36 27 25 16 31 26 38 22 30 29 22 27 21 27 18 18 21 24 16 35 28 25 11 36 14 2 27 22 19 30 30 15 16 39 18 34 26 37 14 1 15 7 22 4 12 28 23 38 15 26 25 29 20 8 26 
151: 5 4 11 27 20 14 26 16 1 15 17 31 13 22 11 38 27 7 14 32 10 11 26 6 26 25 25 16 28 33 29 39 14 13 11 35 26 36 18 1 24 29 25 3 13 4 8 29 3 14 22 19 28 25 26 32 19 6 13 11 23 37 20 22 26 38 13 28 23 24 26 39 22 34 12 13 25 29 10 5 28 36 22 31 25 26 25 12 25 14 15 30 17 20 21 17 26 35 29 19 25 10 19 9 20 8 17 12 35 23 17 18 1 21 31 25 20 12 39 28 14 23 22 21 5 20 16 13 10 27 19 26 

# Cancelled Jobs (cancel_time initial_job_sim_idx_to_cancel)
Cancelled Jobs
195 5

# ETPC Constraints (fore_job_sim_idx fore_op_idx hind_job_sim_idx hind_op_idx time_lapse)
ETPC Constraints
0 1 16 2 11
4 2 1 1 4
10 0 5 1 15
1 0 13 2 10
4 1 10 0 5
1 0 5 2 5
7 1 11 2 16
8 1 12 4 18
0 2 14 1 11
11 0 12 1 20
10 4 11 2 17
10 2 13 4 9
3 2 7 4 19
12 3 7 0 4
7 1 0 1 10
5 2 1 2 4
5 3 2 3 18
10 2 4 0 16
2 4 3 0 4
1 0 10 3 5
15 0 9 4 11
12 3 3 2 4
8 0 7 3 13
12 4 14 0 7
16 4 15 0 10
2 1 6 3 19
11 0 6 1 7
