20 40
5 4 0 30 1 29 2 12 3 17 20 4 18 5 10 6 28 7 26 8 14 9 16 10 17 11 29 20 24 21 22 22 26 23 14 24 25 25 14 26 13 27 24 32 16 33 29 34 30 35 20 24 4 25 5 17 6 16 7 15 8 21 9 28 10 13 11 28 16 24 17 14 18 29 19 14 24 28 25 21 26 30 27 29 28 11 29 24 30 29 31 15 32 26 33 17 34 22 35 23 16 8 16 9 24 10 24 11 15 16 15 17 22 18 17 19 27 24 16 25 18 26 25 27 24 28 29 29 10 30 18 31 14 4 36 14 37 11 38 14 39 14 
5 4 0 23 1 11 2 26 3 13 28 8 10 9 23 10 17 11 13 12 30 13 11 14 16 15 29 16 11 17 16 18 20 19 28 20 18 21 25 22 12 23 20 24 28 25 14 26 16 27 25 28 12 29 19 30 19 31 12 32 25 33 14 34 10 35 27 32 4 27 5 19 6 23 7 14 8 27 9 17 10 15 11 14 12 21 13 22 14 16 15 27 16 14 17 12 18 23 19 23 20 23 21 30 22 15 23 24 24 25 25 18 26 21 27 28 28 24 29 10 30 17 31 22 32 23 33 28 34 30 35 16 32 4 22 5 20 6 18 7 16 8 12 9 18 10 19 11 30 12 28 13 20 14 26 15 28 16 21 17 13 18 16 19 13 20 17 21 23 22 30 23 30 24 11 25 28 26 13 27 21 28 20 29 28 30 15 31 15 32 18 33 20 34 15 35 30 4 36 29 37 19 38 21 39 29 
5 4 0 27 1 12 2 11 3 11 16 4 19 5 15 6 25 7 15 12 29 13 12 14 27 15 15 16 25 17 20 18 13 19 30 28 14 29 27 30 11 31 26 16 4 16 5 17 6 27 7 24 16 26 17 23 18 12 19 25 24 23 25 13 26 15 27 28 32 27 33 22 34 15 35 25 12 16 16 17 29 18 24 19 30 28 14 29 15 30 16 31 24 32 26 33 30 34 17 35 15 4 36 13 37 18 38 29 39 24 
5 4 0 25 1 21 2 15 3 15 28 4 15 5 25 6 25 7 18 12 22 13 29 14 27 15 21 16 10 17 19 18 20 19 11 20 24 21 16 22 25 23 18 24 26 25 14 26 27 27 15 28 11 29 22 30 10 31 29 32 17 33 11 34 26 35 11 8 20 21 21 13 22 19 23 11 24 12 25 24 26 18 27 26 20 4 12 5 30 6 17 7 17 8 26 9 29 10 30 11 16 16 23 17 22 18 24 19 12 24 29 25 19 26 11 27 24 32 28 33 12 34 13 35 19 4 36 14 37 12 38 19 39 24 
5 4 0 24 1 27 2 25 3 13 8 4 15 5 20 6 10 7 12 24 17 25 19 26 14 27 19 28 4 12 5 16 6 22 7 22 8 27 9 25 10 12 11 28 12 27 13 27 14 26 15 22 16 23 17 17 18 18 19 29 20 17 21 15 22 19 23 22 28 18 29 22 30 19 31 11 32 18 33 22 34 22 35 13 28 4 16 5 27 6 26 7 28 8 18 9 26 10 30 11 25 12 22 13 16 14 23 15 24 20 11 21 16 22 24 23 21 24 24 25 11 26 24 27 30 28 19 29 15 30 18 31 28 32 21 33 24 34 28 35 30 4 36 29 37 25 38 30 39 12 
5 4 0 21 1 23 2 28 3 20 16 12 22 13 17 14 30 15 28 20 10 21 21 22 15 23 12 24 14 25 14 26 25 27 14 32 21 33 24 34 18 35 22 4 16 12 17 16 18 21 19 23 8 16 18 17 27 18 14 19 10 32 12 33 25 34 27 35 19 4 36 27 37 10 38 22 39 28 
5 4 0 21 1 28 2 20 3 30 12 4 10 5 18 6 27 7 26 8 10 9 12 10 17 11 29 16 22 17 30 18 11 19 29 20 4 17 5 13 6 30 7 12 8 14 9 22 10 12 11 29 12 18 13 20 14 26 15 20 20 27 21 12 22 21 23 30 24 27 25 28 26 25 27 25 20 8 18 9 24 10 19 11 20 12 12 13 29 14 18 15 21 20 30 21 25 22 13 23 17 24 29 25 13 26 23 27 30 32 27 33 13 34 29 35 24 4 36 21 37 16 38 23 39 14 
5 4 0 24 1 29 2 17 3 14 8 4 18 5 13 6 21 7 24 12 30 13 22 14 14 15 13 8 12 22 13 16 14 23 15 19 28 26 29 27 30 12 31 12 20 8 20 9 20 10 19 11 20 12 10 13 27 14 12 15 22 16 15 17 27 18 25 19 20 20 26 21 14 22 13 23 13 28 29 29 17 30 21 31 10 4 36 27 37 12 38 26 39 13 
5 4 0 27 1 23 2 27 3 25 16 4 19 5 30 6 11 7 27 8 22 9 25 10 10 11 10 20 18 21 21 22 11 23 28 24 24 25 12 26 22 27 25 28 4 17 5 23 6 17 7 14 8 28 9 28 10 10 11 29 16 30 17 15 18 16 19 15 20 22 21 27 22 29 23 24 24 27 25 20 26 11 27 17 28 17 29 17 30 27 31 20 32 12 33 30 34 21 35 28 24 8 25 9 15 10 26 11 28 12 20 13 26 14 25 15 30 16 23 17 26 18 12 19 16 20 29 21 18 22 21 23 12 28 12 29 26 30 30 31 21 32 16 33 28 34 13 35 29 4 36 29 37 25 38 26 39 27 
5 4 0 11 1 19 2 20 3 26 16 12 21 13 17 14 17 15 29 24 17 25 19 26 18 27 23 28 30 29 20 30 11 31 22 32 21 33 22 34 21 35 19 24 4 25 5 23 6 25 7 16 12 13 13 13 14 19 15 11 16 18 17 16 18 26 19 12 20 25 21 12 22 22 23 20 24 11 25 13 26 22 27 15 32 12 33 30 34 10 35 11 16 8 28 9 28 10 12 11 10 12 15 13 20 14 12 15 23 24 22 25 30 26 19 27 21 32 19 33 28 34 21 35 14 4 36 10 37 28 38 12 39 27 
5 4 0 14 1 24 2 26 3 15 4 28 18 29 16 30 24 31 18 28 8 24 9 24 10 10 11 20 12 29 13 19 14 19 15 13 16 18 17 30 18 27 19 23 20 11 21 27 22 21 23 16 24 21 25 13 26 15 27 16 28 25 29 13 30 25 31 23 32 19 33 26 34 10 35 28 24 4 30 5 23 6 10 7 15 8 28 9 30 10 11 11 11 12 17 13 27 14 17 15 20 16 20 17 18 18 12 19 17 24 15 25 24 26 26 27 12 32 25 33 27 34 22 35 18 4 36 15 37 12 38 27 39 17 
5 4 0 11 1 14 2 12 3 28 12 8 12 9 12 10 27 11 11 20 23 21 23 22 21 23 23 32 17 33 24 34 17 35 29 28 4 26 5 23 6 15 7 29 8 14 9 12 10 22 11 11 12 28 13 26 14 30 15 28 16 24 17 14 18 15 19 27 20 21 21 13 22 10 23 30 24 23 25 12 26 19 27 20 28 11 29 16 30 29 31 22 24 4 15 5 17 6 26 7 26 12 24 13 16 14 22 15 23 16 24 17 14 18 22 19 14 20 15 21 29 22 25 23 14 28 26 29 16 30 14 31 18 32 25 33 28 34 15 35 15 4 36 29 37 21 38 19 39 10 
5 4 0 27 1 12 2 23 3 11 20 4 28 5 25 6 19 7 21 16 22 17 22 18 29 19 22 24 11 25 15 26 16 27 12 28 11 29 24 30 10 31 19 32 27 33 25 34 20 35 26 24 8 11 9 29 10 23 11 21 12 20 13 19 14 11 15 28 16 20 17 27 18 30 19 12 20 29 21 25 22 17 23 14 24 12 25 12 26 11 27 15 28 23 29 12 30 19 31 19 16 12 27 13 28 14 25 15 19 16 14 17 10 18 29 19 21 24 22 25 20 26 26 27 17 28 27 29 21 30 29 31 20 4 36 29 37 14 38 19 39 19 
5 4 0 27 1 17 2 14 3 29 4 28 10 29 25 30 11 31 22 24 4 10 5 24 6 11 7 27 8 22 9 12 10 20 11 17 12 24 13 12 14 15 15 21 20 30 21 21 22 27 23 28 28 14 29 23 30 13 31 10 32 30 33 26 34 11 35 10 4 32 24 33 14 34 28 35 21 4 36 21 37 21 38 14 39 16 
5 4 0 23 1 18 2 30 3 30 4 4 22 5 22 6 21 7 29 32 4 10 5 19 6 27 7 19 8 20 9 25 10 14 11 25 12 16 13 21 14 25 15 15 16 19 17 18 18 29 19 29 20 21 21 10 22 22 23 21 24 29 25 14 26 30 27 14 28 19 29 23 30 15 31 24 32 12 33 19 34 14 35 18 20 4 15 5 10 6 25 7 21 12 15 13 30 14 16 15 12 16 28 17 15 18 30 19 21 20 21 21 24 22 28 23 21 24 13 25 29 26 28 27 18 4 36 26 37 13 38 21 39 12 
5 4 0 26 1 28 2 12 3 24 8 12 16 13 17 14 19 15 14 28 13 29 22 30 28 31 13 32 4 26 5 19 6 15 7 16 8 30 9 12 10 25 11 26 12 24 13 13 14 25 15 30 16 29 17 18 18 14 19 24 20 26 21 11 22 24 23 12 24 13 25 29 26 23 27 14 28 20 29 21 30 29 31 15 32 17 33 23 34 15 35 29 32 4 29 5 22 6 15 7 25 8 16 9 23 10 30 11 26 12 27 13 18 14 21 15 16 16 13 17 30 18 19 19 14 20 12 21 16 22 20 23 19 24 18 25 18 26 10 27 10 28 26 29 22 30 16 31 18 32 21 33 24 34 19 35 16 4 36 24 37 22 38 18 39 23 
5 4 0 10 1 27 2 21 3 12 4 16 28 17 13 18 24 19 15 24 4 13 5 11 6 24 7 17 8 19 9 30 10 14 11 23 12 15 13 28 14 19 15 12 20 24 21 15 22 29 23 17 24 19 25 11 26 26 27 18 32 19 33 14 34 27 35 29 20 4 12 5 16 6 29 7 29 8 27 9 24 10 16 11 28 12 20 13 24 14 28 15 15 16 10 17 27 18 21 19 15 24 27 25 25 26 10 27 21 4 36 17 37 18 38 17 39 15 
5 4 0 25 1 13 2 15 3 21 28 4 30 5 13 6 27 7 12 8 27 9 23 10 11 11 30 12 25 13 30 14 27 15 13 16 18 17 14 18 29 19 12 20 27 21 17 22 26 23 25 24 29 25 21 26 21 27 29 28 19 29 14 30 21 31 24 32 4 22 5 17 6 22 7 22 8 16 9 27 10 15 11 11 12 26 13 18 14 27 15 30 16 17 17 18 18 26 19 13 20 16 21 15 22 28 23 24 24 28 25 29 26 19 27 10 28 30 29 30 30 29 31 15 32 29 33 19 34 15 35 26 28 4 18 5 17 6 28 7 25 12 26 13 25 14 14 15 18 16 25 17 10 18 24 19 21 20 29 21 13 22 20 23 26 24 13 25 26 26 12 27 12 28 25 29 17 30 10 31 26 32 24 33 13 34 29 35 21 4 36 21 37 10 38 21 39 18 
5 4 0 24 1 16 2 25 3 24 4 12 17 13 14 14 23 15 15 32 4 17 5 28 6 23 7 17 8 17 9 22 10 20 11 30 12 28 13 22 14 13 15 15 16 26 17 17 18 28 19 16 20 16 21 28 22 22 23 29 24 25 25 12 26 17 27 21 28 16 29 21 30 28 31 27 32 16 33 24 34 20 35 15 32 4 24 5 21 6 24 7 23 8 13 9 10 10 30 11 30 12 28 13 19 14 18 15 16 16 15 17 17 18 23 19 10 20 12 21 15 22 10 23 11 24 18 25 12 26 20 27 22 28 23 29 15 30 24 31 15 32 27 33 27 34 14 35 26 4 36 30 37 24 38 18 39 23 
5 4 0 22 1 21 2 17 3 13 16 8 15 9 12 10 13 11 18 12 25 13 29 14 10 15 11 16 14 17 18 18 19 19 26 32 10 33 11 34 13 35 15 8 20 28 21 13 22 24 23 27 24 10 25 20 26 12 27 29 12 20 22 21 24 22 18 23 12 24 22 25 27 26 10 27 25 32 28 33 29 34 27 35 27 4 36 19 37 11 38 17 39 27 

Dynamic Events

# Machine Breakdowns (machine_id start_time end_time)
Machine Breakdowns
5 183 195
6 195 210
9 274 289
10 230 240
20 355 370
22 459 473
23 393 406
24 217 227
26 354 364
27 160 170
28 279 291
29 179 193
35 472 486
36 471 483
38 312 322

# Added Jobs (arrival_time: num_ops num_alts_op1 m1 p1 ... num_alts_op2 m1 p1 ...)
Added Jobs
84: 5 12 23 26 9 17 11 22 26 29 32 14 14 10 20 14 25 24 29 26 17 22 12 25 39 22 6 13 12 21 27 20 13 3 14 27 22 23 28 20 31 13 28 10 21 15 3 12 19 13 23 23 10 22 36 13 34 26 2 22 18 13 27 23 39 24 16 26 29 21 5 21 32 17 17 18 22 26 35 15 10 20 22 31 21 17 16 26 18 39 19 38 24 36 22 13 14 32 16 15 16 18 7 20 11 25 19 30 31 22 9 19 14 23 27 29 21 11 6 20 20 14 37 23 30 29 18 13 32 20 1 28 22 26 23 17 29 17 
104: 5 21 38 25 31 16 14 27 19 18 35 28 34 30 25 29 1 22 28 14 30 20 12 18 8 19 3 26 5 28 22 25 18 17 9 28 33 15 10 24 0 24 11 29 5 14 25 23 11 32 28 35 21 15 19 9 1 26 6 15 37 21 23 21 14 18 22 21 20 30 16 12 31 29 28 36 13 19 21 23 13 20 11 39 26 4 10 9 21 13 16 29 10 28 22 38 21 21 27 2 26 22 13 14 28 24 23 26 29 3 18 7 29 18 29 15 18 31 15 30 30 6 17 32 19 8 23 16 12 11 18 17 10 15 39 17 20 24 15 16 23 25 27 22 35 26 24 28 4 26 3 27 7 29 9 25 11 15 1 19 18 29 0 25 38 26 
111: 5 31 20 24 38 18 37 11 17 26 4 14 23 28 33 26 16 29 26 26 14 28 18 12 5 29 27 24 28 21 10 13 13 20 6 15 19 19 8 28 0 24 34 22 1 12 35 21 24 20 12 25 36 23 31 28 32 30 29 22 15 15 39 15 28 27 10 30 12 35 26 7 26 10 25 11 12 15 12 13 15 22 16 37 21 4 25 5 21 21 24 2 13 12 15 24 14 33 13 20 23 16 29 29 13 6 26 8 30 14 12 25 27 32 17 31 21 28 25 1 29 21 32 27 21 25 11 27 39 23 25 17 15 20 24 19 1 29 4 29 3 20 28 27 7 20 10 20 34 30 27 14 19 16 22 11 16 28 0 10 17 30 2 16 28 23 16 35 28 0 24 29 19 12 10 24 19 6 13 8 22 22 14 36 27 34 11 10 27 33 23 25 24 11 11 15 13 9 15 13 14 7 16 16 18 30 15 37 17 2 18 27 19 21 23 4 19 5 10 20 25 13 33 29 3 22 11 27 23 20 14 28 29 10 5 14 22 10 13 12 31 23 16 22 10 10 30 11 
166: 5 16 32 24 38 16 39 25 22 20 20 12 34 15 27 24 16 26 24 22 15 18 9 14 12 30 5 10 29 16 11 27 8 24 16 1 13 28 13 14 29 33 18 4 16 21 16 16 12 27 17 0 13 37 17 13 16 17 23 26 30 11 15 36 14 38 26 14 20 14 11 14 21 18 31 14 9 24 12 12 22 11 36 20 28 17 38 16 17 18 16 15 1 23 39 12 10 36 24 13 18 15 27 19 18 34 24 0 14 35 26 38 22 23 11 29 26 18 18 21 15 22 39 22 16 14 8 29 24 13 33 15 22 19 12 14 26 19 11 19 5 12 9 11 25 30 32 12 1 25 0 19 37 25 
198: 5 16 11 15 21 27 32 26 16 27 36 13 31 17 19 12 23 19 34 30 30 29 22 30 29 18 12 23 39 21 37 13 28 28 22 39 26 5 16 18 18 14 27 7 14 32 23 31 22 38 29 34 23 22 22 8 12 12 16 28 25 15 29 19 23 2 27 21 29 10 28 6 16 27 15 9 29 37 10 6 31 28 14 12 19 29 3 16 8 17 34 15 13 39 29 8 19 14 15 23 12 25 14 20 26 30 30 21 17 34 24 17 12 36 28 26 15 35 23 17 3 19 5 15 35 12 23 28 34 21 10 26 14 30 20 20 2 13 31 20 4 17 9 11 8 30 17 24 6 22 33 13 27 24 
210: 5 22 31 25 32 27 29 16 0 16 24 10 10 15 20 20 39 22 28 30 26 11 6 26 4 19 5 14 14 24 35 27 23 22 11 18 18 25 38 19 27 17 34 13 1 19 10 18 28 8 24 39 23 12 19 4 29 25 12 35 10 3 24 37 15 26 29 25 27 25 24 20 8 15 29 30 13 25 7 28 4 24 20 14 32 30 16 21 11 17 25 22 39 23 21 27 5 17 1 12 33 17 3 24 10 23 0 17 15 11 9 28 35 22 37 19 12 28 22 37 16 2 20 29 30 38 29 21 28 34 26 36 13 3 24 17 20 22 16 6 23 7 24 28 19 8 25 1 27 33 23 19 22 31 24 16 27 39 16 26 10 4 22 11 33 24 36 19 15 16 39 28 22 25 20 25 16 16 38 27 35 10 21 29 10 16 

# Cancelled Jobs (cancel_time initial_job_sim_idx_to_cancel)
Cancelled Jobs
19 1
146 2
337 14

# ETPC Constraints (fore_job_sim_idx fore_op_idx hind_job_sim_idx hind_op_idx time_lapse)
ETPC Constraints
4 2 19 4 3
0 1 5 4 3
20 2 19 3 5
19 4 25 3 20
3 0 21 0 12
22 4 21 4 15
12 4 6 2 10
18 1 20 3 11
2 0 5 1 13
17 4 14 0 5
11 0 15 0 10
10 4 14 2 4
16 3 21 4 20
23 4 12 4 10
3 2 16 1 7
22 4 12 0 13
7 2 6 0 8
0 4 6 2 12
14 3 22 2 3
8 0 16 4 20
18 3 17 2 14
17 3 12 4 9
12 4 17 3 16
4 1 17 0 5
18 1 14 0 13
25 2 3 0 3
11 2 18 0 20
16 1 19 3 7
5 4 19 2 3
15 0 19 3 10
3 2 7 4 19
21 3 13 1 10
5 0 2 1 11
11 3 12 1 4
2 3 3 4 4
17 0 8 4 10
10 1 15 3 20
9 2 13 2 16
5 4 8 4 11
1 1 4 2 17
1 0 20 4 10
16 0 8 3 5
19 2 6 4 17
20 0 5 3 18
17 0 22 4 15
5 1 2 3 3
18 3 11 3 4
5 4 11 3 4
18 2 22 0 17
24 1 5 4 12
11 1 9 4 17
13 0 12 1 10
