7 7
3 3 0 247 1 223 2 100 3 3 140 1 130 6 123 3 3 150 4 160 6 200 
3 2 0 214 2 150 2 2 87 1 66 3 4 178 5 95 6 150 
3 2 0 87 1 62 3 6 145 2 180 3 105 3 3 190 4 100 5 153 
3 2 0 87 1 65 2 2 250 4 173 2 3 145 5 136 
3 3 1 123 2 145 0 128 3 6 86 3 65 4 47 3 4 110 5 85 1 100 
3 3 1 145 2 320 3 154 3 3 150 2 123 4 192 3 4 120 5 240 6 180 
3 2 2 145 1 157 2 2 124 4 168 3 4 145 5 165 6 178 

Dynamic Events

# Machine Breakdowns (machine_id start_time end_time)
Machine Breakdowns
2 213 321
6 626 713

# Added Jobs (arrival_time: num_ops num_alts_op1 m1 p1 ... num_alts_op2 m1 p1 ...)
Added Jobs
49: 3 3 4 172 0 236 2 296 3 0 173 2 295 3 96 3 1 133 2 252 6 119 
94: 3 3 3 81 1 70 2 197 3 4 104 5 177 3 94 2 1 80 4 172 
161: 3 3 3 112 1 117 2 101 3 6 134 0 161 2 111 3 6 166 0 128 5 97 
185: 3 3 5 200 1 81 3 151 3 1 182 5 218 0 242 2 3 154 6 144 
299: 3 3 1 109 2 280 3 134 3 6 149 0 133 2 163 2 4 100 6 118 

# ETPC Constraints (fore_job_sim_idx fore_op_idx hind_job_sim_idx hind_op_idx time_lapse)
ETPC Constraints
5 2 6 1 9
9 2 7 0 4
5 2 11 2 8
9 0 8 2 14
8 1 2 2 17
7 1 3 1 13
9 0 7 1 14
2 1 4 0 5
5 0 2 1 11
8 0 10 0 3
5 1 4 2 8
2 0 9 1 15
10 1 5 2 9
