9 8
4 3 0 247 1 123 2 100 3 3 140 1 130 6 123 3 3 150 4 160 6 200 2 6 210 7 145 
4 2 0 214 2 150 2 2 87 1 66 3 4 178 5 95 6 150 2 4 120 7 150 
4 2 0 87 1 62 3 6 145 2 180 3 105 3 3 190 4 100 5 153 2 5 170 7 165 
4 2 0 87 1 65 2 2 250 4 173 2 3 145 5 136 2 4 250 5 170 
4 3 1 123 2 145 0 128 3 6 86 3 65 4 47 3 4 110 5 85 1 100 2 7 165 5 180 
4 3 1 145 2 320 3 154 3 3 150 2 123 4 192 3 4 120 5 240 6 180 2 3 120 6 50 
4 2 2 145 1 157 2 2 124 4 168 3 4 145 5 165 6 178 2 7 230 4 140 
4 2 3 245 2 257 2 5 224 4 268 3 4 145 5 165 6 178 2 6 150 7 150 
4 2 1 150 2 150 2 2 180 3 220 2 4 40 6 50 2 5 150 7 170 

Dynamic Events

# Added Jobs (arrival_time: num_ops num_alts_op1 m1 p1 ... num_alts_op2 m1 p1 ...)
Added Jobs
300: 4 2 5 181 7 170 3 3 163 2 134 7 158 3 0 180 7 227 1 78 2 1 87 2 118 
304: 4 3 1 120 3 107 6 140 2 7 181 3 109 3 3 160 4 150 5 129 3 1 156 3 120 2 271 
380: 4 2 0 104 7 161 2 4 208 1 157 2 0 128 6 157 2 5 205 0 106 
435: 4 3 5 201 3 141 0 123 2 6 109 1 141 2 4 127 6 206 2 6 73 7 205 

# ETPC Constraints (fore_job_sim_idx fore_op_idx hind_job_sim_idx hind_op_idx time_lapse)
ETPC Constraints
2 1 8 0 16
12 0 7 2 9
2 2 1 2 20
8 0 9 1 13
2 3 1 1 11
7 0 3 0 10
6 3 7 1 7
8 0 0 1 8
3 2 4 2 15
8 1 9 1 18
7 3 3 1 7
1 3 0 1 3
9 1 4 3 19
5 1 1 1 17
11 0 12 2 20
