11 8
4 3 0 247 1 123 2 100 3 3 140 1 130 6 123 3 3 150 4 160 6 200 2 6 210 7 145 
4 2 0 214 2 150 2 2 87 1 66 3 4 178 5 95 6 150 2 4 120 7 150 
4 2 0 87 1 62 3 6 145 2 180 3 105 3 3 190 4 100 5 153 2 5 170 7 165 
4 2 0 87 1 65 2 2 250 4 173 2 3 145 5 136 2 4 250 5 170 
4 3 1 123 2 145 0 128 3 6 86 3 65 4 47 3 4 110 5 85 1 100 2 7 165 5 180 
4 3 1 145 2 320 3 154 3 3 150 2 123 4 192 3 4 120 5 240 6 180 2 3 120 6 50 
4 2 2 145 1 157 2 2 124 4 168 3 4 145 5 165 6 178 2 7 230 4 140 
4 2 3 245 2 257 2 5 224 4 268 3 4 145 5 165 6 178 2 6 150 7 150 
4 2 1 150 2 150 2 2 180 3 220 2 4 40 6 50 2 5 150 7 170 
4 2 3 245 2 257 2 5 224 4 268 3 4 145 5 165 6 178 2 6 150 7 150 
4 2 1 150 2 150 2 2 180 3 220 2 4 40 6 50 2 5 150 7 170 

Dynamic Events

# Machine Breakdowns (machine_id start_time end_time)
Machine Breakdowns
0 867 964
3 191 269
6 868 953

# Added Jobs (arrival_time: num_ops num_alts_op1 m1 p1 ... num_alts_op2 m1 p1 ...)
Added Jobs
301: 4 3 5 234 0 235 2 182 3 6 210 5 215 7 205 3 1 90 6 84 0 109 2 5 100 0 165 
361: 4 2 4 265 0 119 2 7 192 4 122 3 7 203 4 200 5 177 2 7 153 5 124 
362: 4 2 4 180 1 102 3 6 154 5 125 3 70 3 5 224 1 115 6 61 2 2 118 0 214 
441: 4 3 3 65 2 290 4 91 2 5 227 6 189 2 0 147 6 134 2 0 182 7 198 

# Cancelled Jobs (cancel_time initial_job_sim_idx_to_cancel)
Cancelled Jobs
109 2

# ETPC Constraints (fore_job_sim_idx fore_op_idx hind_job_sim_idx hind_op_idx time_lapse)
ETPC Constraints
4 1 7 1 13
14 3 4 3 20
11 3 5 2 4
3 1 8 1 8
11 1 9 1 20
12 3 0 3 5
2 2 1 2 6
6 1 12 1 17
9 3 6 2 15
13 2 3 0 14
0 0 14 2 12
10 1 8 0 20
7 0 0 3 18
1 1 0 3 17
12 1 3 3 8
14 0 2 3 4
0 1 6 3 17
8 0 1 3 19
13 3 11 3 17
11 3 9 0 19
3 0 7 2 8
