7 7
3 2 0 247 1 223 3 3 140 1 130 6 123 3 3 150 4 160 6 200 
3 2 0 214 2 150 3 2 87 1 66 3 99 3 4 178 5 95 6 150 
3 2 0 87 1 62 3 6 145 2 180 3 105 3 3 190 4 100 5 153 
3 2 0 87 1 65 2 2 250 4 173 2 3 145 5 136 
3 3 1 123 2 145 0 128 3 6 86 3 65 4 47 2 4 110 5 85 
3 3 1 145 2 320 3 154 3 3 150 2 123 4 192 3 4 120 5 240 6 180 
3 3 2 145 1 210 0 157 3 2 124 3 168 4 154 3 4 145 5 165 6 178 

Dynamic Events

# Machine Breakdowns (machine_id start_time end_time)
Machine Breakdowns
0 658 763
5 405 490

# Added Jobs (arrival_time: num_ops num_alts_op1 m1 p1 ... num_alts_op2 m1 p1 ...)
Added Jobs
41: 3 2 3 135 4 115 2 2 310 0 222 2 0 216 3 145 
84: 3 3 6 192 4 110 5 89 3 6 124 2 207 1 212 3 0 207 5 111 4 130 
174: 3 2 4 50 0 229 3 3 190 0 111 1 87 3 1 205 3 70 5 182 
235: 3 2 6 158 0 227 2 0 163 1 145 3 5 156 4 157 1 170 
306: 3 2 4 112 3 89 3 5 140 4 92 3 151 3 2 145 3 114 5 198 

# ETPC Constraints (fore_job_sim_idx fore_op_idx hind_job_sim_idx hind_op_idx time_lapse)
ETPC Constraints
1 1 2 0 4
10 1 9 1 16
3 1 9 1 4
4 2 1 0 16
11 1 5 1 4
2 1 5 0 5
0 1 1 1 20
6 2 7 2 5
7 2 8 1 14
2 2 6 0 4
10 2 5 0 5
9 2 11 0 18
8 0 4 2 6
