8 7
4 3 0 247 1 223 2 100 3 3 140 1 130 6 123 3 3 150 4 160 6 200 2 6 210 5 145 
4 2 0 214 2 150 2 2 87 1 66 3 4 178 5 95 6 150 2 4 120 6 150 
4 2 0 87 1 62 3 6 145 2 180 3 105 3 3 190 4 100 5 153 2 5 170 6 165 
4 2 0 87 1 65 2 2 250 4 173 2 3 145 5 136 2 4 250 5 170 
4 3 1 123 2 145 0 128 3 6 86 3 65 4 47 3 4 110 5 85 1 100 2 3 165 5 180 
4 3 1 145 2 320 3 154 3 3 150 2 123 4 192 3 4 120 5 240 6 180 2 3 120 6 50 
4 2 2 145 1 157 2 2 124 4 168 3 4 145 5 165 6 178 2 6 230 4 140 
4 2 3 245 2 257 2 5 224 4 268 3 4 145 5 165 6 178 2 6 150 5 150 

Dynamic Events

# Machine Breakdowns (machine_id start_time end_time)
Machine Breakdowns
2 913 999
6 619 710

# Added Jobs (arrival_time: num_ops num_alts_op1 m1 p1 ... num_alts_op2 m1 p1 ...)
Added Jobs
211: 4 3 5 211 2 100 3 110 2 4 175 3 206 2 0 246 1 221 3 1 136 2 284 0 154 
225: 4 3 6 163 5 185 0 163 3 1 93 5 215 3 180 2 5 174 3 130 2 3 116 2 218 
275: 4 3 2 106 4 262 1 151 3 0 235 6 146 5 138 3 6 173 4 214 1 150 2 5 195 4 222 
418: 4 3 3 132 1 164 2 122 3 5 232 4 130 1 172 2 3 105 0 149 2 2 109 5 225 
505: 4 3 6 205 3 88 5 204 3 4 226 2 124 3 103 2 4 255 5 117 2 4 224 3 179 

# Cancelled Jobs (cancel_time initial_job_sim_idx_to_cancel)
Cancelled Jobs
247 6
437 4

# ETPC Constraints (fore_job_sim_idx fore_op_idx hind_job_sim_idx hind_op_idx time_lapse)
ETPC Constraints
8 3 3 3 8
3 1 0 3 11
11 3 12 2 13
12 2 9 0 14
2 3 11 2 20
2 1 9 1 16
7 0 10 0 20
1 3 10 0 6
1 3 10 2 14
3 3 2 2 20
7 1 6 3 11
12 3 2 1 7
4 2 3 3 9
2 0 1 3 7
4 2 6 0 17
