12 8
4 3 0 247 1 223 2 100 3 3 140 1 130 6 123 3 3 150 4 160 6 200 2 6 210 7 145 
4 2 0 214 2 150 2 2 87 1 66 3 4 178 5 95 6 150 2 4 120 7 150 
4 2 0 87 1 62 3 6 145 2 180 3 105 3 3 190 4 100 5 153 2 5 170 7 165 
4 2 0 87 1 65 2 2 250 4 173 2 3 145 5 136 2 4 250 5 170 
4 3 1 123 2 145 0 128 3 6 86 3 65 4 47 3 4 110 5 85 1 100 2 7 165 5 180 
4 3 1 145 2 320 3 154 3 3 150 2 123 4 192 3 4 120 5 240 6 180 2 3 120 6 50 
4 2 2 145 1 157 2 2 124 4 168 3 4 145 5 165 6 178 2 7 230 4 140 
4 2 3 245 2 257 2 5 224 4 268 3 4 145 5 165 6 178 2 6 150 7 150 
4 2 1 150 2 150 2 2 180 3 220 2 4 40 6 50 2 5 150 7 170 
4 2 3 245 2 257 2 5 224 4 268 3 4 145 5 165 6 178 2 6 150 7 150 
4 2 1 150 2 150 2 2 180 3 220 2 4 40 6 50 2 5 150 7 170 
4 2 2 345 1 357 2 2 224 4 268 3 4 145 5 165 6 178 2 7 230 4 340 

Dynamic Events

# Machine Breakdowns (machine_id start_time end_time)
Machine Breakdowns
3 980 1100
4 686 778
5 407 497

# Added Jobs (arrival_time: num_ops num_alts_op1 m1 p1 ... num_alts_op2 m1 p1 ...)
Added Jobs
432: 4 3 4 313 6 116 0 175 3 1 103 5 186 7 150 3 6 201 5 225 2 209 2 3 228 4 275 
492: 4 3 7 162 2 337 3 188 3 4 58 1 226 6 62 2 3 220 6 204 3 4 213 5 126 1 168 
519: 4 3 3 130 7 178 1 90 3 5 170 1 140 0 190 3 7 180 5 149 1 310 2 7 220 6 118 
523: 4 2 4 127 1 247 3 2 264 7 167 3 142 2 5 191 0 241 3 4 286 7 200 2 120 

# Cancelled Jobs (cancel_time initial_job_sim_idx_to_cancel)
Cancelled Jobs
483 7

# ETPC Constraints (fore_job_sim_idx fore_op_idx hind_job_sim_idx hind_op_idx time_lapse)
ETPC Constraints
4 3 10 2 8
13 2 6 1 12
11 3 8 3 12
8 1 15 3 10
8 3 6 1 14
8 3 12 2 13
5 2 7 1 8
0 2 2 2 9
14 0 5 3 11
12 2 7 0 16
13 2 10 0 11
6 0 2 0 6
7 0 14 0 20
2 3 10 1 14
2 0 0 2 7
3 1 6 0 8
6 0 12 2 19
8 0 5 2 19
9 1 15 3 14
7 0 8 3 12
15 1 11 2 7
12 1 2 2 5
8 3 5 0 8
9 1 1 1 4
