11 8
4 3 0 247 1 123 2 100 3 3 140 1 130 6 123 3 3 150 4 160 6 200 2 6 210 7 145 
4 2 0 214 2 150 2 2 87 1 66 3 4 178 5 95 6 150 2 4 120 7 150 
4 2 0 87 1 62 3 6 145 2 180 3 105 3 3 190 4 100 5 153 2 5 170 7 165 
4 2 0 87 1 65 2 2 250 4 173 2 3 145 5 136 2 4 250 5 170 
4 3 1 123 2 145 0 128 3 6 86 3 65 4 47 3 4 110 5 85 1 100 2 7 165 5 180 
4 3 1 145 2 320 3 154 3 3 150 2 123 4 192 3 4 120 5 240 6 180 2 3 120 6 50 
4 2 2 145 1 157 2 2 124 4 168 3 4 145 5 165 6 178 2 7 230 4 140 
4 2 3 245 2 257 2 5 224 4 268 3 4 145 5 165 6 178 2 6 150 7 150 
4 2 1 150 2 150 2 2 180 3 220 2 4 40 6 50 2 5 150 7 170 
4 2 3 245 2 257 2 5 224 4 268 3 4 145 5 165 6 178 2 6 150 7 150 
4 2 1 150 2 150 2 2 180 3 220 2 4 40 6 50 2 5 150 7 170 

Dynamic Events

# Machine Breakdowns (machine_id start_time end_time)
Machine Breakdowns
0 588 680
1 881 969
6 826 913

# Added Jobs (arrival_time: num_ops num_alts_op1 m1 p1 ... num_alts_op2 m1 p1 ...)
Added Jobs
359: 4 3 3 150 4 122 2 280 2 1 141 7 147 2 7 202 2 306 2 1 95 6 150 
411: 4 3 7 222 4 64 5 200 2 0 245 7 182 3 2 138 4 72 1 121 2 0 119 7 195 
414: 4 2 5 102 6 178 2 1 126 2 117 2 7 196 2 134 2 2 125 4 42 
479: 4 3 3 171 0 141 1 84 2 4 93 3 214 2 5 137 7 211 2 5 179 3 100 

# Cancelled Jobs (cancel_time initial_job_sim_idx_to_cancel)
Cancelled Jobs
61 1
809 4

# ETPC Constraints (fore_job_sim_idx fore_op_idx hind_job_sim_idx hind_op_idx time_lapse)
ETPC Constraints
8 0 6 0 16
4 3 3 2 12
0 1 6 1 9
9 3 2 2 13
14 1 12 0 17
6 1 10 1 3
5 0 13 1 10
0 1 6 2 7
8 1 3 2 6
1 2 6 0 9
6 0 4 0 18
13 2 7 1 5
7 1 8 0 20
7 0 2 0 6
12 1 6 3 10
14 1 2 0 5
2 0 0 3 20
7 1 3 3 10
12 2 3 0 11
11 0 2 0 3
4 1 6 1 14
