12 8
4 3 0 247 1 223 2 100 3 3 140 1 130 6 123 3 3 150 4 160 6 200 2 6 210 7 145 
4 2 0 214 2 150 2 2 87 1 66 3 4 178 5 95 6 150 2 4 120 7 150 
4 2 0 87 1 62 3 6 145 2 180 3 105 3 3 190 4 100 5 153 2 5 170 7 165 
4 2 0 87 1 65 2 2 250 4 173 2 3 145 5 136 2 4 250 5 170 
4 3 1 123 2 145 0 128 3 6 86 3 65 4 47 3 4 110 5 85 1 100 2 7 165 5 180 
4 3 1 145 2 320 3 154 3 3 150 2 123 4 192 3 4 120 5 240 6 180 2 3 120 6 50 
4 2 2 145 1 157 2 2 124 4 168 3 4 145 5 165 6 178 2 7 230 4 140 
4 2 3 245 2 257 2 5 224 4 268 3 4 145 5 165 6 178 2 6 150 7 150 
4 2 1 150 2 150 2 2 180 3 220 2 4 40 6 50 2 5 150 7 170 
4 2 3 245 2 257 2 5 224 4 268 3 4 145 5 165 6 178 2 6 150 7 150 
4 2 1 150 2 150 2 2 180 3 220 2 4 40 6 50 2 5 150 7 170 
4 2 2 345 1 357 2 2 224 4 268 3 4 145 5 165 6 178 2 7 230 4 340 

Dynamic Events

# Machine Breakdowns (machine_id start_time end_time)
Machine Breakdowns
2 647 750
5 829 926
6 585 685

# Added Jobs (arrival_time: num_ops num_alts_op1 m1 p1 ... num_alts_op2 m1 p1 ...)
Added Jobs
110: 4 3 5 114 0 217 3 138 3 5 135 1 219 4 50 2 1 128 2 87 2 6 205 2 95 
283: 4 3 6 183 4 184 3 126 3 4 228 3 213 0 176 3 5 234 2 304 7 146 3 4 114 6 197 1 92 
376: 4 2 3 172 2 137 3 0 236 2 301 3 132 2 1 179 4 327 3 0 180 1 219 7 145 
437: 4 3 7 171 5 111 0 220 3 2 192 1 346 5 110 2 3 156 6 152 3 0 191 2 207 3 221 
514: 4 3 5 196 2 301 1 247 2 1 94 3 125 2 2 208 0 151 3 3 226 0 94 1 128 
546: 4 2 2 189 3 85 2 1 182 6 176 3 5 217 7 226 0 227 3 3 197 1 146 5 94 

# Cancelled Jobs (cancel_time initial_job_sim_idx_to_cancel)
Cancelled Jobs
81 9

# ETPC Constraints (fore_job_sim_idx fore_op_idx hind_job_sim_idx hind_op_idx time_lapse)
ETPC Constraints
8 0 16 0 5
13 0 12 1 10
12 0 15 3 19
3 1 14 3 12
12 2 7 2 7
6 0 3 3 12
3 1 9 2 3
17 2 2 2 12
3 0 17 1 4
1 0 15 2 6
2 3 12 3 4
2 0 11 0 14
2 0 12 3 15
1 3 0 3 7
4 2 11 3 4
15 2 9 0 4
8 3 4 3 5
5 0 7 3 15
5 1 10 1 7
11 0 10 1 18
7 2 6 1 11
6 0 7 0 17
11 3 3 0 17
2 3 17 1 5
13 0 16 0 15
16 3 2 1 10
14 1 0 2 4
2 1 3 0 19
3 0 4 2 10
0 0 8 1 9
