9 8
4 3 0 247 1 123 2 100 3 3 140 1 130 6 123 3 3 150 4 160 6 200 2 6 210 7 145 
4 2 0 214 2 150 2 2 87 1 66 3 4 178 5 95 6 150 2 4 120 7 150 
4 2 0 87 1 62 3 6 145 2 180 3 105 3 3 190 4 100 5 153 2 5 170 7 165 
4 2 0 87 1 65 2 2 250 4 173 2 3 145 5 136 2 4 250 5 170 
4 3 1 123 2 145 0 128 3 6 86 3 65 4 47 3 4 110 5 85 1 100 2 7 165 5 180 
4 3 1 145 2 320 3 154 3 3 150 2 123 4 192 3 4 120 5 240 6 180 2 3 120 6 50 
4 2 2 145 1 157 2 2 124 4 168 3 4 145 5 165 6 178 2 7 230 4 140 
4 2 3 245 2 257 2 5 224 4 268 3 4 145 5 165 6 178 2 6 150 7 150 
4 2 1 150 2 150 2 2 180 3 220 2 4 40 6 50 2 5 150 7 170 

Dynamic Events

# Machine Breakdowns (machine_id start_time end_time)
Machine Breakdowns
2 716 813
3 957 1062
6 574 677

# Added Jobs (arrival_time: num_ops num_alts_op1 m1 p1 ... num_alts_op2 m1 p1 ...)
Added Jobs
236: 4 3 7 184 5 156 6 71 2 7 163 4 69 2 4 132 0 160 2 1 102 2 113 
238: 4 2 6 64 5 179 2 7 180 3 203 3 4 198 5 239 3 183 2 5 234 0 106 
333: 4 2 5 207 4 144 3 3 144 2 159 6 209 3 6 161 4 50 7 224 3 2 147 0 187 3 120 
398: 4 3 2 256 6 122 3 106 2 5 191 1 107 2 1 120 4 49 2 6 209 2 211 

# ETPC Constraints (fore_job_sim_idx fore_op_idx hind_job_sim_idx hind_op_idx time_lapse)
ETPC Constraints
9 3 1 2 18
4 0 9 3 13
6 2 7 1 13
0 2 5 0 4
1 1 4 0 18
6 0 4 3 13
2 0 8 1 9
5 0 7 1 17
10 2 0 3 3
12 1 5 3 3
8 3 3 0 9
8 0 6 1 15
6 2 1 1 11
1 3 12 3 13
6 1 0 0 9
