8 7
4 3 0 247 1 223 2 100 3 3 140 1 130 6 123 3 3 150 4 160 6 200 2 6 210 5 145 
4 2 0 214 2 150 2 2 87 1 66 3 4 178 5 95 6 150 2 4 120 6 150 
4 2 0 87 1 62 3 6 145 2 180 3 105 3 3 190 4 100 5 153 2 5 170 6 165 
4 2 0 87 1 65 2 2 250 4 173 2 3 145 5 136 2 4 250 5 170 
4 3 1 123 2 145 0 128 3 6 86 3 65 4 47 3 4 110 5 85 1 100 2 3 165 5 180 
4 3 1 145 2 320 3 154 3 3 150 2 123 4 192 3 4 120 5 240 6 180 2 3 120 6 50 
4 2 2 145 1 157 2 2 124 4 168 3 4 145 5 165 6 178 2 6 230 4 140 
4 2 3 245 2 257 2 5 224 4 268 3 4 145 5 165 6 178 2 6 150 5 150 

Dynamic Events

# Machine Breakdowns (machine_id start_time end_time)
Machine Breakdowns
0 1102 1194
3 895 985
5 853 962
6 462 545

# Added Jobs (arrival_time: num_ops num_alts_op1 m1 p1 ... num_alts_op2 m1 p1 ...)
Added Jobs
218: 4 3 4 208 1 86 5 101 2 1 116 3 177 3 2 222 4 181 1 160 3 3 184 6 53 5 219 
229: 4 2 3 92 2 171 2 1 145 2 213 3 6 143 4 156 0 117 3 3 137 4 88 5 145 
429: 4 3 4 263 0 243 6 202 3 1 217 2 189 0 185 3 6 168 5 182 4 47 2 5 125 0 189 
517: 4 2 6 91 2 135 3 2 298 0 132 3 172 3 3 112 2 299 0 192 3 1 81 2 309 3 176 

# ETPC Constraints (fore_job_sim_idx fore_op_idx hind_job_sim_idx hind_op_idx time_lapse)
ETPC Constraints
1 0 0 0 4
1 2 9 3 3
6 1 10 3 7
5 1 9 3 17
1 1 9 3 10
9 0 11 3 20
10 2 0 1 9
1 2 9 0 14
6 3 10 2 9
2 0 7 0 20
4 3 5 2 16
4 1 11 0 13
