7 7
3 3 0 247 1 223 2 100 3 3 140 1 130 6 123 3 3 150 4 160 6 200 
3 2 0 214 2 150 2 2 87 1 66 3 4 178 5 95 6 150 
3 2 0 87 1 62 3 6 145 2 180 3 105 3 3 190 4 100 5 153 
3 2 0 87 1 65 2 2 250 4 173 2 3 145 5 136 
3 3 1 123 2 145 0 128 3 6 86 3 65 4 47 3 4 110 5 85 1 100 
3 3 1 145 2 320 3 154 3 3 150 2 123 4 192 3 4 120 5 240 6 180 
3 2 2 145 1 157 2 2 124 4 168 3 4 145 5 165 6 178 

Dynamic Events

# Machine Breakdowns (machine_id start_time end_time)
Machine Breakdowns
1 599 693
5 633 737

# Added Jobs (arrival_time: num_ops num_alts_op1 m1 p1 ... num_alts_op2 m1 p1 ...)
Added Jobs
95: 3 3 4 179 6 185 5 199 2 2 246 4 71 2 0 169 2 312 
99: 3 2 6 194 3 174 2 1 185 4 157 3 2 203 6 179 3 153 
131: 3 3 3 129 4 105 0 197 3 2 181 3 157 4 108 2 4 134 5 177 
152: 3 3 0 232 6 157 1 153 2 5 125 4 141 2 0 172 5 190 
249: 3 3 6 190 4 49 2 152 2 6 135 0 93 2 3 71 0 175 
280: 3 3 0 164 6 170 4 78 3 4 116 6 131 0 128 3 3 105 4 59 1 206 

# ETPC Constraints (fore_job_sim_idx fore_op_idx hind_job_sim_idx hind_op_idx time_lapse)
ETPC Constraints
0 0 5 1 6
0 0 8 0 13
7 1 11 2 4
1 0 5 2 8
4 1 6 1 16
6 0 4 0 5
2 0 7 2 20
12 0 5 2 8
6 1 7 0 18
2 0 11 0 5
7 0 3 0 19
11 2 4 1 10
5 0 0 2 17
4 2 1 1 16
8 0 12 1 5
