8 7
3 3 0 247 1 223 2 100 3 3 140 1 130 6 123 3 3 150 4 160 6 200 
3 2 0 214 2 150 2 2 87 1 66 3 4 178 5 95 6 150 
3 2 0 87 1 62 3 6 145 2 180 3 105 3 3 190 4 100 5 153 
3 2 0 87 1 65 2 2 250 4 173 2 3 145 5 136 
3 3 1 123 2 145 0 128 3 6 86 3 65 4 47 3 4 110 5 85 1 100 
3 3 1 145 2 320 3 154 3 3 150 2 123 4 192 3 4 120 5 240 6 180 
3 2 2 145 1 157 2 2 124 4 168 3 4 145 5 165 6 178 
3 2 3 245 2 257 2 5 224 4 268 3 4 145 5 165 6 178 

Dynamic Events

# Machine Breakdowns (machine_id start_time end_time)
Machine Breakdowns
0 530 630
6 548 641

# Added Jobs (arrival_time: num_ops num_alts_op1 m1 p1 ... num_alts_op2 m1 p1 ...)
Added Jobs
228: 3 2 1 118 3 199 3 6 186 3 134 0 92 3 4 206 0 190 2 111 
246: 3 3 5 205 0 221 4 214 2 0 92 3 145 2 4 105 3 198 
269: 3 2 6 97 5 149 2 0 176 2 194 2 4 116 6 109 
304: 3 3 3 67 2 276 4 191 3 3 140 5 183 2 195 3 6 95 1 220 3 199 
329: 3 2 3 126 2 161 2 0 145 6 170 3 6 126 3 104 2 158 
385: 3 2 5 162 3 135 2 2 221 1 181 3 2 224 6 158 5 194 
407: 3 2 2 146 0 116 2 2 111 4 246 3 6 188 3 206 5 93 

# ETPC Constraints (fore_job_sim_idx fore_op_idx hind_job_sim_idx hind_op_idx time_lapse)
ETPC Constraints
12 2 0 1 3
9 1 2 0 20
10 2 0 1 17
8 2 4 1 3
5 1 9 2 3
6 2 1 1 7
10 0 11 2 20
0 0 8 2 18
1 2 10 1 12
9 1 6 1 7
7 1 3 0 20
12 1 9 1 7
12 2 13 0 11
6 0 3 2 18
8 0 4 2 6
7 2 2 2 11
0 0 5 0 19
0 0 8 1 14
0 0 11 0 12
4 0 10 2 16
13 1 10 2 10
