10 6
6 2 0 5 2 4 3 4 3 2 5 1 1 2 2 4 5 2 3 5 5 1 6 0 1 1 2 1 3 5 6 2 6 3 3 
5 1 1 6 1 2 1 1 0 2 2 1 6 3 6 3 5 5 1 6 0 1 
5 1 1 6 2 2 4 5 2 3 5 5 1 6 0 1 3 2 4 1 6 5 6 2 0 1 4 5 
5 3 5 5 1 6 0 1 1 1 6 1 2 1 3 4 3 2 5 1 1 2 2 4 5 2 
6 3 4 3 2 5 1 1 3 5 5 1 6 0 1 1 1 6 2 0 5 2 4 2 1 6 3 6 3 2 4 1 6 5 6 
6 2 2 4 5 2 1 0 2 3 2 4 1 6 5 6 1 1 6 3 5 5 1 6 0 1 2 0 3 3 2 
5 1 5 1 2 0 3 3 2 3 2 4 1 6 5 6 3 1 6 4 1 0 6 1 2 1 
5 2 2 4 5 2 3 2 4 1 6 5 6 3 5 5 1 6 0 1 1 1 6 2 1 6 3 6 
6 1 5 1 2 0 1 4 5 3 5 6 2 6 3 3 1 0 2 3 2 4 1 6 5 6 2 1 6 3 6 
6 2 2 4 5 2 3 2 4 1 6 5 6 3 4 3 2 5 1 1 1 5 1 2 1 6 3 6 2 0 3 3 2 

Dynamic Events

# Machine Breakdowns (machine_id start_time end_time)
Machine Breakdowns
0 18 19
5 6 8

# Added Jobs (arrival_time: num_ops num_alts_op1 m1 p1 ... num_alts_op2 m1 p1 ...)
Added Jobs
17: 5 2 0 5 1 2 3 5 1 3 4 1 3 2 5 5 3 6 1 2 5 1 1 2 
21: 5 3 1 4 5 1 2 6 3 1 2 2 5 4 1 2 2 1 0 1 2 4 3 0 1 2 1 1 2 6 
25: 6 3 5 5 2 5 0 2 1 4 1 3 1 3 2 5 4 5 2 4 3 2 1 3 2 3 0 1 3 2 3 5 4 2 2 0 3 
25: 6 1 3 4 2 0 2 4 5 3 1 6 3 5 4 1 3 3 3 1 6 5 5 1 2 2 1 0 5 
25: 6 3 2 2 4 3 5 1 2 1 3 3 3 3 0 2 5 6 3 4 3 2 6 0 6 5 4 1 2 6 3 1 3 5 3 2 2 

# Cancelled Jobs (cancel_time initial_job_sim_idx_to_cancel)
Cancelled Jobs
13 3
45 4

# ETPC Constraints (fore_job_sim_idx fore_op_idx hind_job_sim_idx hind_op_idx time_lapse)
ETPC Constraints
3 3 13 3 7
5 1 12 1 10
0 5 8 1 15
7 4 2 3 6
1 0 7 4 15
9 0 14 1 3
1 3 9 3 17
9 4 12 1 12
7 2 9 0 3
8 0 2 1 11
8 2 12 4 18
13 5 2 1 3
8 2 9 3 13
8 3 9 2 18
1 0 6 2 17
3 2 0 3 10
2 2 10 5 13
7 1 2 2 20
0 4 8 4 13
3 0 0 2 18
7 1 14 4 7
