10 6
6 6 2 3 3 5 0 3 5 6 1 2 4 3 2 5 5 2 4 6 0 1 4 6 2 3 3 3 1 6 5 5 1 1 6 2 5 3 4 6 3 2 2 1 1 4 4 
6 5 5 1 4 6 0 3 1 4 3 2 2 5 3 4 6 1 4 2 2 1 4 2 3 3 2 2 1 1 4 4 6 2 3 3 5 0 3 5 6 1 2 4 3 
6 6 0 1 4 6 2 3 3 3 1 6 5 5 6 4 3 3 6 1 4 5 6 2 6 0 2 3 2 2 1 1 4 4 5 2 5 0 4 1 3 5 3 4 2 6 3 1 0 5 1 4 4 5 2 3 5 3 5 5 3 0 4 3 6 2 6 4 3 
6 5 2 5 0 4 1 3 5 3 4 2 5 5 1 4 6 0 3 1 4 3 2 1 1 6 6 0 1 4 6 2 3 3 3 1 6 5 5 5 0 4 3 5 1 3 5 3 4 4 6 3 1 0 5 1 4 4 5 2 3 5 3 
6 6 4 3 3 6 1 4 5 6 2 6 0 2 5 0 4 3 5 1 3 5 3 4 4 1 3 3 5 5 3 0 4 3 6 2 6 4 3 5 5 1 4 6 0 3 1 4 3 2 2 1 4 2 3 
6 5 5 3 0 4 3 6 2 6 4 3 2 5 5 2 4 5 2 5 0 4 1 3 5 3 4 2 6 4 3 3 6 1 4 5 6 2 6 0 2 1 1 6 5 5 1 4 6 0 3 1 4 3 2 
5 6 3 1 0 5 1 4 4 5 2 3 5 3 1 4 2 6 4 3 3 6 1 4 5 6 2 6 0 2 6 2 3 3 5 0 3 5 6 1 2 4 3 5 5 3 0 4 3 6 2 6 4 3 
6 2 1 4 2 3 5 2 5 0 4 1 3 5 3 4 2 6 4 3 3 6 1 4 5 6 2 6 0 2 5 5 3 0 4 3 6 2 6 4 3 5 0 4 3 5 1 3 5 3 4 4 5 5 1 4 6 0 3 1 4 3 2 
5 1 1 6 2 5 5 2 4 5 5 1 4 6 0 3 1 4 3 2 5 0 4 3 5 1 3 5 3 4 4 2 1 4 2 3 
6 1 3 3 6 4 3 3 6 1 4 5 6 2 6 0 2 5 5 3 0 4 3 6 2 6 4 3 6 3 1 0 5 1 4 4 5 2 3 5 3 2 5 3 4 6 5 5 1 4 6 0 3 1 4 3 2 

Dynamic Events

# Machine Breakdowns (machine_id start_time end_time)
Machine Breakdowns
1 18 20
3 13 15
4 26 28

# Added Jobs (arrival_time: num_ops num_alts_op1 m1 p1 ... num_alts_op2 m1 p1 ...)
Added Jobs
11: 5 5 2 5 3 3 1 4 0 1 5 2 2 5 6 2 2 2 3 6 0 1 4 2 4 3 6 0 1 4 5 5 0 3 1 2 2 6 5 5 4 3 
12: 6 4 3 2 0 3 4 4 2 3 2 0 1 4 2 5 5 6 3 6 4 4 1 6 2 6 1 4 5 5 5 4 0 1 4 3 3 5 1 1 2 1 4 0 2 
13: 6 4 2 6 0 3 4 3 3 1 6 2 2 3 5 1 2 5 1 0 2 4 4 3 2 3 4 5 5 6 1 1 2 4 5 5 1 3 3 3 0 2 6 3 5 2 5 5 6 4 3 0 5 1 2 
15: 5 2 2 4 1 4 4 1 1 2 2 3 6 5 4 5 3 4 4 5 2 2 5 6 1 5 1 0 1 4 0 3 1 5 3 1 4 2 

# Cancelled Jobs (cancel_time initial_job_sim_idx_to_cancel)
Cancelled Jobs
24 6

# ETPC Constraints (fore_job_sim_idx fore_op_idx hind_job_sim_idx hind_op_idx time_lapse)
ETPC Constraints
4 0 0 5 19
8 1 1 4 17
4 4 9 3 11
10 2 7 3 3
6 2 5 2 15
11 0 2 4 15
0 0 8 3 12
5 2 8 1 17
10 4 12 1 20
5 4 10 3 20
11 4 13 3 5
10 1 1 3 9
6 3 4 4 14
4 1 3 5 6
12 2 4 3 16
2 3 13 4 14
4 2 5 1 5
12 3 0 5 20
