10 6
6 6 2 3 3 5 0 3 5 6 1 2 4 3 2 5 5 2 4 6 0 1 4 6 2 3 3 3 1 6 5 5 1 1 6 2 5 3 4 6 3 2 2 1 1 4 4 
6 5 5 1 4 6 0 3 1 4 3 2 2 5 3 4 6 1 4 2 2 1 4 2 3 3 2 2 1 1 4 4 6 2 3 3 5 0 3 5 6 1 2 4 3 
6 6 0 1 4 6 2 3 3 3 1 6 5 5 6 4 3 3 6 1 4 5 6 2 6 0 2 3 2 2 1 1 4 4 5 2 5 0 4 1 3 5 3 4 2 6 3 1 0 5 1 4 4 5 2 3 5 3 5 5 3 0 4 3 6 2 6 4 3 
6 5 2 5 0 4 1 3 5 3 4 2 5 5 1 4 6 0 3 1 4 3 2 1 1 6 6 0 1 4 6 2 3 3 3 1 6 5 5 5 0 4 3 5 1 3 5 3 4 4 6 3 1 0 5 1 4 4 5 2 3 5 3 
6 6 4 3 3 6 1 4 5 6 2 6 0 2 5 0 4 3 5 1 3 5 3 4 4 1 3 3 5 5 3 0 4 3 6 2 6 4 3 5 5 1 4 6 0 3 1 4 3 2 2 1 4 2 3 
6 5 5 3 0 4 3 6 2 6 4 3 2 5 5 2 4 5 2 5 0 4 1 3 5 3 4 2 6 4 3 3 6 1 4 5 6 2 6 0 2 1 1 6 5 5 1 4 6 0 3 1 4 3 2 
5 6 3 1 0 5 1 4 4 5 2 3 5 3 1 4 2 6 4 3 3 6 1 4 5 6 2 6 0 2 6 2 3 3 5 0 3 5 6 1 2 4 3 5 5 3 0 4 3 6 2 6 4 3 
6 2 1 4 2 3 5 2 5 0 4 1 3 5 3 4 2 6 4 3 3 6 1 4 5 6 2 6 0 2 5 5 3 0 4 3 6 2 6 4 3 5 0 4 3 5 1 3 5 3 4 4 5 5 1 4 6 0 3 1 4 3 2 
5 1 1 6 2 5 5 2 4 5 5 1 4 6 0 3 1 4 3 2 5 0 4 3 5 1 3 5 3 4 4 2 1 4 2 3 
6 1 3 3 6 4 3 3 6 1 4 5 6 2 6 0 2 5 5 3 0 4 3 6 2 6 4 3 6 3 1 0 5 1 4 4 5 2 3 5 3 2 5 3 4 6 5 5 1 4 6 0 3 1 4 3 2 

Dynamic Events

# Machine Breakdowns (machine_id start_time end_time)
Machine Breakdowns
2 12 14
4 23 24
5 26 28

# Added Jobs (arrival_time: num_ops num_alts_op1 m1 p1 ... num_alts_op2 m1 p1 ...)
Added Jobs
3: 6 4 0 3 2 5 4 5 3 5 6 2 2 5 1 1 2 3 5 4 5 0 4 6 2 3 5 1 1 4 0 4 3 5 4 3 2 5 6 1 3 4 0 2 2 5 4 4 3 2 3 4 3 3 1 1 6 
8: 5 1 3 4 2 2 3 1 2 5 4 4 3 2 1 5 5 1 2 6 5 4 5 5 2 3 4 2 4 0 5 4 0 5 3 2 5 4 1 1 
9: 5 1 2 6 2 1 3 4 3 5 4 6 2 2 1 4 5 4 0 3 5 3 6 5 2 4 2 0 5 2 3 5 4 4 0 2 2 2 5 1 3 6 
14: 5 6 0 1 5 4 2 4 3 3 1 5 4 3 1 1 3 6 4 3 3 5 1 3 0 3 5 2 2 5 3 5 4 4 4 3 1 6 5 5 2 2 1 6 0 5 3 4 4 6 
14: 5 3 3 2 2 5 5 3 6 1 4 3 2 2 5 0 1 5 3 4 4 4 4 3 1 6 2 5 3 5 2 0 4 4 3 3 3 1 5 2 1 6 

# Cancelled Jobs (cancel_time initial_job_sim_idx_to_cancel)
Cancelled Jobs
17 8

# ETPC Constraints (fore_job_sim_idx fore_op_idx hind_job_sim_idx hind_op_idx time_lapse)
ETPC Constraints
14 1 8 2 12
9 5 8 2 19
14 3 6 4 13
0 3 8 4 7
5 2 9 2 16
8 4 10 2 16
12 1 10 0 9
2 2 9 3 8
13 2 7 0 11
11 1 4 5 5
3 1 12 2 5
14 2 1 4 9
7 5 11 2 5
9 1 6 2 11
4 1 1 3 20
9 4 14 0 15
9 0 12 2 11
12 4 3 2 7
11 4 8 3 17
11 0 6 0 4
11 3 2 1 9
