15 8
10 4 6 15 7 11 3 5 4 19 2 2 18 3 5 4 7 18 6 3 5 11 2 16 4 4 7 1 1 6 2 2 19 2 4 6 5 3 3 3 5 4 2 7 18 1 4 2 1 0 17 5 4 10 1 10 0 12 7 5 2 14 3 6 15 5 2 7 19 
10 4 7 18 6 3 5 11 2 16 1 0 17 2 1 1 3 13 5 4 10 1 10 0 12 7 5 2 14 5 3 11 0 9 1 18 5 18 2 13 2 5 15 6 13 4 6 15 7 11 3 5 4 19 4 4 7 1 1 6 2 2 19 4 3 11 0 7 5 13 7 3 3 6 15 5 2 7 19 
10 2 2 3 4 5 4 4 7 1 1 6 2 2 19 2 2 18 3 5 2 4 6 5 3 4 3 11 0 7 5 13 7 3 3 6 15 5 2 7 19 5 3 11 0 9 1 18 5 18 2 13 3 3 5 4 2 7 18 1 0 17 2 1 1 3 13 
10 2 2 18 3 5 2 2 3 4 5 5 3 11 0 9 1 18 5 18 2 13 4 3 11 0 7 5 13 7 3 2 5 15 6 13 4 4 7 1 1 6 2 2 19 1 4 2 4 7 18 6 3 5 11 2 16 1 0 17 2 4 6 5 3 
10 2 5 15 6 13 3 6 15 5 2 7 19 1 4 2 4 6 15 7 11 3 5 4 19 5 3 11 0 9 1 18 5 18 2 13 4 4 7 1 1 6 2 2 19 3 3 5 4 2 7 18 2 4 6 5 3 2 2 3 4 5 5 4 10 1 10 0 12 7 5 2 14 
10 2 1 1 3 13 2 5 15 6 13 2 2 18 3 5 4 7 18 6 3 5 11 2 16 5 3 11 0 9 1 18 5 18 2 13 5 4 10 1 10 0 12 7 5 2 14 4 3 11 0 7 5 13 7 3 4 6 15 7 11 3 5 4 19 2 4 6 5 3 2 2 3 4 5 
10 5 4 10 1 10 0 12 7 5 2 14 4 3 11 0 7 5 13 7 3 2 1 1 3 13 1 0 17 2 5 15 6 13 4 4 7 1 1 6 2 2 19 1 4 2 5 3 11 0 9 1 18 5 18 2 13 2 2 18 3 5 3 6 15 5 2 7 19 
10 3 6 15 5 2 7 19 1 0 17 4 6 15 7 11 3 5 4 19 2 5 15 6 13 5 4 10 1 10 0 12 7 5 2 14 4 3 11 0 7 5 13 7 3 5 3 11 0 9 1 18 5 18 2 13 2 1 1 3 13 2 2 18 3 5 2 2 3 4 5 
10 1 0 17 5 4 10 1 10 0 12 7 5 2 14 4 7 18 6 3 5 11 2 16 3 6 15 5 2 7 19 2 5 15 6 13 4 3 11 0 7 5 13 7 3 1 4 2 2 1 1 3 13 5 3 11 0 9 1 18 5 18 2 13 4 6 15 7 11 3 5 4 19 
10 1 0 17 2 5 15 6 13 3 3 5 4 2 7 18 5 3 11 0 9 1 18 5 18 2 13 4 3 11 0 7 5 13 7 3 2 2 18 3 5 2 4 6 5 3 3 6 15 5 2 7 19 4 7 18 6 3 5 11 2 16 5 4 10 1 10 0 12 7 5 2 14 
10 2 1 1 3 13 3 6 15 5 2 7 19 4 7 18 6 3 5 11 2 16 2 2 18 3 5 2 4 6 5 3 1 0 17 2 2 3 4 5 3 3 5 4 2 7 18 5 4 10 1 10 0 12 7 5 2 14 5 3 11 0 9 1 18 5 18 2 13 
10 4 3 11 0 7 5 13 7 3 3 3 5 4 2 7 18 4 7 18 6 3 5 11 2 16 1 0 17 5 3 11 0 9 1 18 5 18 2 13 3 6 15 5 2 7 19 1 4 2 2 2 3 4 5 4 6 15 7 11 3 5 4 19 2 1 1 3 13 
10 5 4 10 1 10 0 12 7 5 2 14 1 4 2 2 2 18 3 5 4 4 7 1 1 6 2 2 19 2 5 15 6 13 4 7 18 6 3 5 11 2 16 4 6 15 7 11 3 5 4 19 5 3 11 0 9 1 18 5 18 2 13 2 4 6 5 3 4 3 11 0 7 5 13 7 3 
10 4 7 18 6 3 5 11 2 16 3 3 5 4 2 7 18 2 1 1 3 13 4 4 7 1 1 6 2 2 19 2 4 6 5 3 2 2 18 3 5 2 5 15 6 13 1 4 2 5 3 11 0 9 1 18 5 18 2 13 1 0 17 
10 5 4 10 1 10 0 12 7 5 2 14 2 4 6 5 3 2 5 15 6 13 4 6 15 7 11 3 5 4 19 4 7 18 6 3 5 11 2 16 1 0 17 5 3 11 0 9 1 18 5 18 2 13 3 3 5 4 2 7 18 2 2 18 3 5 4 4 7 1 1 6 2 2 19 

Dynamic Events

# Machine Breakdowns (machine_id start_time end_time)
Machine Breakdowns
6 192 198

# Added Jobs (arrival_time: num_ops num_alts_op1 m1 p1 ... num_alts_op2 m1 p1 ...)
Added Jobs
19: 10 1 3 5 2 5 6 0 13 3 1 11 6 14 5 5 3 5 6 2 11 4 2 5 7 8 5 4 1 15 3 7 2 14 3 1 5 0 10 3 12 3 5 18 2 10 3 11 3 4 16 5 14 3 7 1 2 4 2 7 15 5 9 
30: 10 4 6 9 0 12 5 18 1 3 1 0 10 1 5 18 4 3 6 2 12 1 12 6 15 2 6 9 2 13 4 0 16 3 12 5 18 2 8 2 1 1 7 7 4 7 8 4 19 3 11 2 14 1 4 8 2 1 3 5 13 
52: 10 5 6 11 4 7 3 10 7 11 1 18 3 0 8 5 17 4 7 3 0 15 6 6 3 12 4 2 3 4 7 0 8 1 16 3 5 2 6 8 3 13 1 2 7 2 3 5 2 14 1 4 6 2 5 12 6 8 3 1 4 3 5 5 7 
76: 10 5 6 2 2 10 0 14 1 5 5 13 4 0 12 5 17 7 13 2 16 1 1 12 4 5 8 3 8 4 17 2 4 5 5 5 1 8 7 5 6 8 4 11 4 6 9 2 3 7 9 4 10 2 0 11 5 8 5 7 19 1 9 6 14 5 8 3 11 3 5 4 6 6 0 10 1 6 14 
97: 10 2 4 7 1 12 4 0 8 3 6 5 2 4 16 2 1 17 6 4 4 0 8 1 15 4 16 2 18 4 5 3 7 19 3 6 6 4 5 5 11 2 11 3 11 0 17 6 4 1 0 9 2 5 7 7 9 3 0 13 3 13 5 18 4 0 13 1 3 6 8 3 10 
108: 10 3 7 9 5 13 6 2 3 4 14 1 5 5 17 1 0 10 4 7 11 6 7 5 17 4 18 4 6 10 0 17 1 11 7 17 2 7 12 4 6 3 4 9 0 14 7 7 1 0 14 4 0 16 6 6 5 9 7 18 3 3 8 1 18 0 14 

# Cancelled Jobs (cancel_time initial_job_sim_idx_to_cancel)
Cancelled Jobs
110 2
175 4
193 1

# ETPC Constraints (fore_job_sim_idx fore_op_idx hind_job_sim_idx hind_op_idx time_lapse)
ETPC Constraints
2 2 7 1 12
13 9 7 8 9
3 2 9 9 3
1 7 18 6 7
11 1 13 8 9
3 4 17 5 13
18 6 3 6 10
1 3 18 6 12
5 6 10 4 6
6 3 11 6 20
7 3 0 4 14
7 1 4 1 17
16 7 0 2 5
18 2 16 3 16
8 5 11 7 14
3 8 1 1 18
8 1 17 1 12
8 5 3 9 18
13 3 20 0 11
0 4 3 0 14
13 0 19 6 11
20 2 0 8 20
19 1 3 6 9
13 8 9 0 13
15 4 6 1 15
5 8 20 8 3
11 7 2 7 5
14 0 10 0 19
8 6 16 6 7
1 8 0 8 4
0 7 12 8 5
12 8 3 4 8
0 4 5 6 19
15 0 11 4 16
12 5 3 0 7
18 2 10 6 14
7 3 0 6 11
3 3 1 2 9
1 7 3 9 4
12 5 5 5 9
4 2 0 0 11
11 6 3 3 18
