15 8
8 1 0 6 2 0 6 6 9 2 5 7 2 1 2 3 2 6 5 3 0 8 2 9 7 9 3 1 3 3 8 2 2 2 4 5 5 7 2 5 1 3 7 
7 1 5 1 2 5 1 3 7 1 0 6 2 5 7 2 1 3 1 3 3 8 2 2 1 5 2 1 6 2 
6 1 5 1 3 1 3 3 8 2 2 3 2 2 6 1 3 4 2 3 2 6 5 2 0 7 2 7 2 3 4 2 1 
5 1 6 2 1 0 6 2 0 6 6 9 2 5 7 2 1 2 3 5 4 7 
7 1 6 2 2 0 6 6 9 2 3 4 2 1 3 0 8 2 9 7 9 2 0 7 2 7 3 1 3 3 8 2 2 2 3 5 4 7 
9 1 5 2 2 3 4 2 1 3 2 2 6 1 3 4 2 5 1 3 7 2 3 5 4 7 3 0 8 2 9 7 9 2 0 7 2 7 1 5 1 2 0 6 6 9 
5 2 4 5 5 7 2 0 7 2 7 2 5 1 3 7 1 5 2 2 5 7 2 1 
6 2 3 5 4 7 2 4 5 5 7 3 1 3 3 8 2 2 1 5 2 1 5 1 2 0 6 6 9 
9 1 0 6 2 0 6 6 9 2 3 4 2 1 3 0 8 2 9 7 9 2 3 2 6 5 2 5 1 3 7 1 6 2 2 0 7 2 7 3 1 3 3 8 2 2 
5 2 4 5 5 7 1 0 6 1 6 2 2 3 5 4 7 2 0 6 6 9 
4 3 0 8 2 9 7 9 1 0 6 3 1 3 3 8 2 2 2 3 2 6 5 
6 2 3 2 6 5 1 5 1 1 0 6 2 0 7 2 7 3 0 8 2 9 7 9 1 6 2 
4 1 5 2 2 5 7 2 1 2 5 1 3 7 2 4 5 5 7 
3 2 4 5 5 7 1 5 1 2 3 2 6 5 
6 2 3 5 4 7 1 6 2 3 0 8 2 9 7 9 3 1 3 3 8 2 2 3 2 2 6 1 3 4 1 0 6 

Dynamic Events

# Machine Breakdowns (machine_id start_time end_time)
Machine Breakdowns
0 156 159

# Added Jobs (arrival_time: num_ops num_alts_op1 m1 p1 ... num_alts_op2 m1 p1 ...)
Added Jobs
13: 3 1 6 7 1 0 8 3 2 5 5 7 1 3 
23: 3 1 3 7 1 4 6 1 1 3 
24: 4 3 7 9 0 8 4 7 1 3 5 1 3 2 2 3 8 5 5 
27: 4 3 4 6 5 1 7 9 1 0 6 3 2 1 4 7 0 6 3 0 6 2 9 5 5 

# Cancelled Jobs (cancel_time initial_job_sim_idx_to_cancel)
Cancelled Jobs
11 0
33 11
117 13

# ETPC Constraints (fore_job_sim_idx fore_op_idx hind_job_sim_idx hind_op_idx time_lapse)
ETPC Constraints
14 3 3 0 12
18 1 17 1 19
18 0 1 5 17
2 1 3 2 12
12 1 7 5 9
0 2 11 3 9
10 3 17 0 4
7 0 5 5 10
8 3 14 3 9
16 1 17 2 9
2 1 9 1 5
13 1 18 2 17
4 6 10 2 9
12 3 11 0 20
16 1 5 2 16
5 4 15 0 16
15 2 4 4 7
7 3 10 0 3
6 4 1 1 10
7 0 17 1 16
6 0 7 0 11
6 0 12 2 12
16 2 2 4 17
3 1 0 3 13
16 1 13 0 4
2 3 0 7 10
9 1 17 0 17
6 3 18 2 19
14 0 11 5 20
15 0 2 4 15
8 1 6 3 9
13 0 14 3 8
5 3 1 4 16
3 2 12 2 17
