15 8
8 1 0 6 2 0 6 6 9 2 5 7 2 1 2 3 2 6 5 3 0 8 2 9 7 9 3 1 3 3 8 2 2 2 4 5 5 7 2 5 1 3 7 
7 1 5 1 2 5 1 3 7 1 0 6 2 5 7 2 1 3 1 3 3 8 2 2 1 5 2 1 6 2 
6 1 5 1 3 1 3 3 8 2 2 3 2 2 6 1 3 4 2 3 2 6 5 2 0 7 2 7 2 3 4 2 1 
5 1 6 2 1 0 6 2 0 6 6 9 2 5 7 2 1 2 3 5 4 7 
7 1 6 2 2 0 6 6 9 2 3 4 2 1 3 0 8 2 9 7 9 2 0 7 2 7 3 1 3 3 8 2 2 2 3 5 4 7 
9 1 5 2 2 3 4 2 1 3 2 2 6 1 3 4 2 5 1 3 7 2 3 5 4 7 3 0 8 2 9 7 9 2 0 7 2 7 1 5 1 2 0 6 6 9 
5 2 4 5 5 7 2 0 7 2 7 2 5 1 3 7 1 5 2 2 5 7 2 1 
6 2 3 5 4 7 2 4 5 5 7 3 1 3 3 8 2 2 1 5 2 1 5 1 2 0 6 6 9 
9 1 0 6 2 0 6 6 9 2 3 4 2 1 3 0 8 2 9 7 9 2 3 2 6 5 2 5 1 3 7 1 6 2 2 0 7 2 7 3 1 3 3 8 2 2 
5 2 4 5 5 7 1 0 6 1 6 2 2 3 5 4 7 2 0 6 6 9 
4 3 0 8 2 9 7 9 1 0 6 3 1 3 3 8 2 2 2 3 2 6 5 
6 2 3 2 6 5 1 5 1 1 0 6 2 0 7 2 7 3 0 8 2 9 7 9 1 6 2 
4 1 5 2 2 5 7 2 1 2 5 1 3 7 2 4 5 5 7 
3 2 4 5 5 7 1 5 1 2 3 2 6 5 
6 2 3 5 4 7 1 6 2 3 0 8 2 9 7 9 3 1 3 3 8 2 2 3 2 2 6 1 3 4 1 0 6 

Dynamic Events

# Machine Breakdowns (machine_id start_time end_time)
Machine Breakdowns
4 45 47
6 112 114
7 27 29

# Added Jobs (arrival_time: num_ops num_alts_op1 m1 p1 ... num_alts_op2 m1 p1 ...)
Added Jobs
35: 8 1 4 7 1 6 4 1 4 5 2 6 3 5 3 2 0 8 5 7 3 2 7 7 9 1 3 3 6 3 3 3 7 9 1 7 9 
45: 3 2 2 3 3 3 3 5 4 1 3 7 9 2 2 3 0 8 
49: 6 2 5 5 2 7 2 1 3 7 9 3 2 2 4 7 6 7 2 0 6 3 8 3 0 7 3 6 6 5 2 3 4 0 7 
52: 6 3 3 8 5 7 4 6 1 4 7 3 5 5 6 8 3 8 2 6 7 4 6 1 4 5 1 7 9 
72: 4 1 3 6 2 2 8 0 8 3 6 7 7 9 3 2 3 6 9 2 3 7 9 

# Cancelled Jobs (cancel_time initial_job_sim_idx_to_cancel)
Cancelled Jobs
77 11

# ETPC Constraints (fore_job_sim_idx fore_op_idx hind_job_sim_idx hind_op_idx time_lapse)
ETPC Constraints
14 5 18 0 10
10 3 15 1 4
0 3 8 8 15
6 4 17 1 16
14 5 10 2 20
7 5 1 3 13
10 1 5 3 14
10 2 15 3 17
13 1 4 3 12
11 5 8 5 15
15 3 14 1 8
15 1 5 8 19
10 1 7 4 10
14 4 5 8 4
14 3 17 6 13
16 3 10 1 15
7 5 4 2 15
15 3 14 5 17
15 1 8 0 8
17 6 8 7 14
19 4 7 5 6
13 2 0 4 17
5 0 8 8 15
6 3 11 1 11
19 3 6 2 5
16 4 1 1 11
7 5 5 0 5
2 3 11 2 9
7 3 5 6 20
3 0 15 2 12
6 4 5 5 11
12 0 3 3 13
19 1 14 3 11
14 5 0 2 15
13 1 2 2 10
16 2 12 2 16
1 2 17 5 15
11 5 0 2 16
