15 4
6 2 2 5 1 7 2 0 8 3 8 2 0 6 1 5 1 2 7 2 3 5 1 6 2 3 5 0 5 
5 1 2 7 2 0 6 1 5 1 3 6 2 3 5 1 6 2 0 8 1 6 
8 2 3 7 2 9 2 2 5 1 7 2 3 5 0 5 2 0 8 3 8 2 0 6 1 5 1 3 6 2 0 8 1 6 2 3 9 2 6 
7 2 3 5 0 5 2 3 7 2 9 2 0 8 3 8 1 3 8 2 0 8 1 6 2 3 5 1 6 1 3 6 
6 2 2 7 0 5 2 3 6 1 7 2 3 7 2 9 1 2 8 2 2 5 1 7 2 0 8 1 6 
9 1 3 6 2 3 5 1 6 1 2 8 2 2 7 0 5 2 3 6 1 7 1 3 8 2 0 8 1 6 2 0 8 3 8 2 3 5 0 5 
5 1 2 8 2 3 7 2 9 2 0 6 1 5 2 3 6 1 7 1 2 7 
8 2 2 7 0 5 1 2 8 2 3 7 2 9 2 3 5 0 5 1 2 7 1 3 8 2 3 9 2 6 2 0 6 1 5 
9 2 2 5 1 7 1 3 8 2 3 5 1 6 2 0 6 1 5 1 3 6 2 0 8 3 9 2 0 8 3 8 2 0 8 1 6 1 2 7 
9 2 0 8 1 6 2 0 8 3 8 2 0 8 3 9 2 3 9 2 6 2 0 6 1 5 1 2 8 1 2 7 1 3 6 2 3 5 1 6 
7 2 0 8 1 6 2 0 8 3 8 2 0 6 1 5 1 2 7 1 3 6 1 2 8 2 3 9 2 6 
6 1 3 8 1 2 7 2 3 7 2 9 2 0 6 1 5 1 2 8 2 0 8 3 8 
7 1 3 8 2 3 9 2 6 2 0 8 3 8 2 3 6 1 7 2 3 6 1 7 2 0 8 1 6 2 2 7 0 5 
7 2 0 6 1 5 2 2 7 0 5 2 0 8 3 8 2 0 8 1 6 2 3 5 0 5 2 3 6 1 7 1 3 6 
7 1 2 8 2 0 8 3 9 2 3 9 2 6 1 2 7 2 3 5 1 6 2 0 8 1 6 2 0 6 1 5 

Dynamic Events

# Machine Breakdowns (machine_id start_time end_time)
Machine Breakdowns
0 26 31
1 50 55

# Added Jobs (arrival_time: num_ops num_alts_op1 m1 p1 ... num_alts_op2 m1 p1 ...)
Added Jobs
17: 5 2 1 5 2 8 2 2 5 3 9 1 1 5 2 3 6 1 7 2 2 7 1 6 
20: 7 2 0 8 3 8 2 3 8 1 5 1 2 8 2 1 5 3 5 1 0 5 2 2 9 1 7 1 2 8 
39: 7 1 2 9 1 1 6 1 0 8 1 0 5 2 2 8 1 5 2 2 7 1 6 1 3 7 
73: 8 1 0 5 2 3 5 0 8 1 1 5 1 2 5 1 1 6 2 3 9 0 6 2 0 7 2 7 2 2 8 1 5 
106: 5 2 0 6 3 6 2 1 5 2 6 2 0 5 2 6 2 2 6 0 7 2 2 9 3 5 

# Cancelled Jobs (cancel_time initial_job_sim_idx_to_cancel)
Cancelled Jobs
50 9
145 13

# ETPC Constraints (fore_job_sim_idx fore_op_idx hind_job_sim_idx hind_op_idx time_lapse)
ETPC Constraints
11 0 13 1 11
0 1 5 4 7
16 1 10 6 13
2 1 14 0 6
8 5 9 8 15
12 5 0 4 18
8 1 1 1 10
18 3 2 2 14
16 6 5 0 4
2 6 19 3 15
6 4 0 3 4
16 6 9 7 9
3 1 9 0 4
18 3 12 1 11
19 2 12 1 13
11 4 10 2 20
16 6 5 8 19
18 4 16 4 6
15 4 3 4 12
7 2 4 2 12
10 0 3 2 18
11 2 12 1 5
2 3 6 4 4
18 2 1 0 11
0 4 10 3 20
15 2 14 6 19
9 3 14 6 13
13 2 18 3 12
0 3 18 0 7
13 5 1 2 4
8 1 14 6 19
4 0 2 6 10
17 4 5 3 16
3 5 18 1 11
9 7 12 6 14
1 1 7 4 8
19 2 3 0 3
10 1 1 0 14
