15 4
6 2 2 5 1 7 2 0 8 3 8 2 0 6 1 5 1 2 7 2 3 5 1 6 2 3 5 0 5 
5 1 2 7 2 0 6 1 5 1 3 6 2 3 5 1 6 2 0 8 1 6 
8 2 3 7 2 9 2 2 5 1 7 2 3 5 0 5 2 0 8 3 8 2 0 6 1 5 1 3 6 2 0 8 1 6 2 3 9 2 6 
7 2 3 5 0 5 2 3 7 2 9 2 0 8 3 8 1 3 8 2 0 8 1 6 2 3 5 1 6 1 3 6 
6 2 2 7 0 5 2 3 6 1 7 2 3 7 2 9 1 2 8 2 2 5 1 7 2 0 8 1 6 
9 1 3 6 2 3 5 1 6 1 2 8 2 2 7 0 5 2 3 6 1 7 1 3 8 2 0 8 1 6 2 0 8 3 8 2 3 5 0 5 
5 1 2 8 2 3 7 2 9 2 0 6 1 5 2 3 6 1 7 1 2 7 
8 2 2 7 0 5 1 2 8 2 3 7 2 9 2 3 5 0 5 1 2 7 1 3 8 2 3 9 2 6 2 0 6 1 5 
9 2 2 5 1 7 1 3 8 2 3 5 1 6 2 0 6 1 5 1 3 6 2 0 8 3 9 2 0 8 3 8 2 0 8 1 6 1 2 7 
9 2 0 8 1 6 2 0 8 3 8 2 0 8 3 9 2 3 9 2 6 2 0 6 1 5 1 2 8 1 2 7 1 3 6 2 3 5 1 6 
7 2 0 8 1 6 2 0 8 3 8 2 0 6 1 5 1 2 7 1 3 6 1 2 8 2 3 9 2 6 
6 1 3 8 1 2 7 2 3 7 2 9 2 0 6 1 5 1 2 8 2 0 8 3 8 
7 1 3 8 2 3 9 2 6 2 0 8 3 8 2 3 6 1 7 2 3 6 1 7 2 0 8 1 6 2 2 7 0 5 
7 2 0 6 1 5 2 2 7 0 5 2 0 8 3 8 2 0 8 1 6 2 3 5 0 5 2 3 6 1 7 1 3 6 
7 1 2 8 2 0 8 3 9 2 3 9 2 6 1 2 7 2 3 5 1 6 2 0 8 1 6 2 0 6 1 5 

Dynamic Events

# Machine Breakdowns (machine_id start_time end_time)
Machine Breakdowns
0 91 95
1 227 231

# Added Jobs (arrival_time: num_ops num_alts_op1 m1 p1 ... num_alts_op2 m1 p1 ...)
Added Jobs
49: 8 2 0 5 2 7 2 0 5 1 5 1 0 6 1 3 6 1 2 7 2 1 7 3 7 2 3 5 1 6 1 3 7 
75: 8 2 3 7 0 5 2 2 5 0 6 1 1 6 2 3 5 0 6 2 3 9 0 5 1 1 7 2 2 9 1 5 1 3 5 
93: 7 2 1 6 3 6 1 0 6 2 1 6 3 8 2 0 7 1 6 1 2 5 2 1 6 3 6 1 0 6 
98: 9 1 3 5 2 1 7 0 8 2 1 5 0 6 1 1 6 1 2 9 1 1 6 1 2 6 1 2 7 1 0 8 
101: 5 2 1 7 2 5 1 0 5 2 0 7 2 9 1 0 7 1 2 8 
110: 9 2 3 7 1 7 2 2 6 1 7 2 1 7 0 8 2 1 7 3 8 1 3 7 2 2 6 1 7 1 0 5 1 2 9 1 1 7 

# Cancelled Jobs (cancel_time initial_job_sim_idx_to_cancel)
Cancelled Jobs
66 13
95 14
150 6

# ETPC Constraints (fore_job_sim_idx fore_op_idx hind_job_sim_idx hind_op_idx time_lapse)
ETPC Constraints
6 1 13 4 11
16 5 17 4 12
4 2 6 4 10
16 3 12 6 6
3 2 2 4 17
19 4 20 4 5
11 1 18 0 8
6 2 1 3 11
9 3 8 4 14
20 5 11 5 4
12 3 3 4 20
8 1 14 5 8
4 4 13 2 6
2 3 7 1 6
12 5 3 1 16
4 2 16 6 15
4 2 13 1 9
14 2 6 4 15
5 1 17 0 18
11 5 18 3 4
11 1 19 4 6
13 1 7 5 9
17 2 16 4 8
13 4 5 5 20
10 6 20 6 6
3 0 1 1 10
18 0 20 7 15
7 2 9 7 17
1 0 8 2 6
16 1 15 4 10
20 4 9 3 12
9 6 8 7 10
3 4 12 0 13
3 1 10 3 5
12 6 4 3 5
16 6 13 5 11
2 5 13 5 6
1 0 17 4 16
2 6 1 4 18
8 2 11 1 9
10 4 17 2 9
20 1 13 1 8
