20 5
5 2 1 4 0 15 2 2 18 0 15 1 1 4 1 3 18 5 2 8 4 2 3 5 0 7 1 7 
5 2 0 3 4 13 5 2 8 4 2 3 5 0 7 1 7 2 1 4 0 15 3 0 8 4 1 1 5 3 0 3 4 13 2 2 
5 5 1 18 4 1 3 19 0 9 2 3 1 3 18 2 3 11 2 9 1 1 4 3 4 12 2 14 3 19 
5 2 1 4 0 15 4 3 10 2 10 1 17 4 8 4 4 18 2 13 1 2 0 5 5 3 10 4 15 0 2 2 9 1 16 2 2 15 0 6 
5 3 0 3 4 13 2 2 2 2 18 0 15 5 1 18 4 1 3 19 0 9 2 3 3 4 12 2 14 3 19 1 3 5 
5 5 2 8 4 2 3 5 0 7 1 7 2 2 18 0 15 2 0 15 4 7 2 1 7 0 17 2 1 4 0 15 
5 1 3 5 2 0 15 4 7 2 1 4 0 15 3 0 3 4 13 2 2 4 3 6 1 17 2 15 4 7 
5 4 3 6 1 17 2 15 4 7 3 2 18 0 2 3 15 4 1 14 3 14 2 19 4 15 1 1 4 2 1 7 0 17 
5 5 1 18 4 1 3 19 0 9 2 3 4 3 6 1 17 2 15 4 7 3 0 8 4 1 1 5 4 1 14 3 14 2 19 4 15 2 0 17 4 15 
5 2 0 15 4 7 4 3 10 2 10 1 17 4 8 2 2 15 0 6 1 3 5 5 2 16 4 17 3 10 1 10 0 7 
5 1 3 18 3 0 8 4 1 1 5 5 2 8 4 2 3 5 0 7 1 7 2 0 15 4 7 2 0 17 4 15 
5 3 4 12 2 14 3 19 4 3 10 2 10 1 17 4 8 2 2 15 0 6 5 2 8 4 2 3 5 0 7 1 7 5 2 16 4 17 3 10 1 10 0 7 
5 2 0 17 4 15 1 3 18 4 1 17 4 19 3 5 2 12 3 2 18 0 2 3 15 3 0 8 4 1 1 5 
5 2 4 1 2 5 3 2 18 0 2 3 15 4 3 10 2 10 1 17 4 8 2 2 18 0 15 5 2 8 4 2 3 5 0 7 1 7 
5 5 2 8 4 2 3 5 0 7 1 7 2 4 1 2 5 3 4 12 2 14 3 19 5 2 16 4 17 3 10 1 10 0 7 2 0 17 4 15 
5 5 3 10 4 15 0 2 2 9 1 16 2 3 11 2 9 1 1 4 2 0 15 4 7 1 3 5 
5 5 2 8 4 2 3 5 0 7 1 7 4 1 14 3 14 2 19 4 15 3 2 18 0 2 3 15 2 2 15 0 6 5 1 18 4 1 3 19 0 9 2 3 
5 1 1 4 3 0 8 4 1 1 5 2 4 1 2 5 2 2 18 0 15 2 0 15 4 7 
5 3 0 3 4 13 2 2 4 3 6 1 17 2 15 4 7 4 4 18 2 13 1 2 0 5 1 3 18 2 0 3 4 13 
5 1 3 5 2 1 4 0 15 1 3 18 2 0 15 4 7 5 3 10 4 15 0 2 2 9 1 16 

Dynamic Events

# Machine Breakdowns (machine_id start_time end_time)
Machine Breakdowns
3 30 36

# Added Jobs (arrival_time: num_ops num_alts_op1 m1 p1 ... num_alts_op2 m1 p1 ...)
Added Jobs
44: 5 3 4 13 2 15 3 12 3 0 16 1 3 2 18 3 1 12 2 16 4 3 5 0 8 3 11 2 5 4 8 1 15 1 0 15 
54: 5 1 3 18 4 4 3 2 6 0 11 1 4 4 0 7 4 3 1 17 3 16 5 1 5 3 13 2 19 4 18 0 8 4 4 12 0 2 3 6 1 9 
97: 5 4 1 2 2 5 0 6 3 8 1 1 9 4 4 9 2 5 3 10 0 11 2 3 5 2 6 5 1 5 4 19 3 11 0 17 2 9 
116: 5 5 4 11 1 9 2 4 3 19 0 6 5 1 5 0 6 2 12 3 6 4 10 5 1 5 2 11 3 14 4 3 0 7 4 3 5 1 7 2 10 4 17 5 1 3 4 9 3 7 0 15 2 15 
122: 5 5 2 2 1 3 3 5 4 18 0 5 5 2 7 0 14 4 9 3 6 1 13 5 4 7 1 11 0 15 2 3 3 9 5 3 17 2 13 1 3 0 5 4 14 5 2 13 3 19 1 7 0 8 4 9 
131: 5 1 4 10 5 3 17 1 12 4 16 2 3 0 10 3 4 11 1 5 3 16 5 0 7 3 19 4 16 2 19 1 6 5 0 14 2 11 3 13 1 13 4 3 

# Cancelled Jobs (cancel_time initial_job_sim_idx_to_cancel)
Cancelled Jobs
135 1

# ETPC Constraints (fore_job_sim_idx fore_op_idx hind_job_sim_idx hind_op_idx time_lapse)
ETPC Constraints
7 1 18 1 18
3 4 1 2 4
19 2 1 1 20
7 0 12 0 12
11 2 10 4 19
15 0 22 4 15
10 2 17 2 11
6 2 0 2 8
6 2 23 3 9
19 4 0 2 16
3 2 2 3 18
0 1 25 1 5
10 3 18 4 11
8 2 17 2 18
8 2 17 3 3
8 2 17 0 13
21 1 13 4 18
5 3 22 1 12
18 4 22 4 13
15 1 10 3 3
15 4 14 3 5
23 1 19 0 17
0 0 7 4 18
13 0 14 4 8
23 4 15 2 7
2 1 14 1 18
3 3 10 4 10
8 1 1 1 7
15 1 9 3 17
1 1 10 4 14
13 2 23 3 18
1 0 7 3 10
13 4 9 3 12
12 0 24 3 8
10 3 17 2 14
2 3 11 0 14
24 3 23 0 5
14 0 5 0 3
2 3 23 0 7
19 0 18 2 19
20 0 17 2 19
8 3 23 0 14
8 0 10 2 9
16 2 15 2 3
17 0 14 4 7
13 1 24 0 13
10 1 8 3 9
17 4 22 4 14
8 3 21 2 6
21 0 0 4 6
10 4 22 4 9
16 1 3 4 6
