20 5
5 2 1 4 0 15 2 2 18 0 15 1 1 4 1 3 18 5 2 8 4 2 3 5 0 7 1 7 
5 2 0 3 4 13 5 2 8 4 2 3 5 0 7 1 7 2 1 4 0 15 3 0 8 4 1 1 5 3 0 3 4 13 2 2 
5 5 1 18 4 1 3 19 0 9 2 3 1 3 18 2 3 11 2 9 1 1 4 3 4 12 2 14 3 19 
5 2 1 4 0 15 4 3 10 2 10 1 17 4 8 4 4 18 2 13 1 2 0 5 5 3 10 4 15 0 2 2 9 1 16 2 2 15 0 6 
5 3 0 3 4 13 2 2 2 2 18 0 15 5 1 18 4 1 3 19 0 9 2 3 3 4 12 2 14 3 19 1 3 5 
5 5 2 8 4 2 3 5 0 7 1 7 2 2 18 0 15 2 0 15 4 7 2 1 7 0 17 2 1 4 0 15 
5 1 3 5 2 0 15 4 7 2 1 4 0 15 3 0 3 4 13 2 2 4 3 6 1 17 2 15 4 7 
5 4 3 6 1 17 2 15 4 7 3 2 18 0 2 3 15 4 1 14 3 14 2 19 4 15 1 1 4 2 1 7 0 17 
5 5 1 18 4 1 3 19 0 9 2 3 4 3 6 1 17 2 15 4 7 3 0 8 4 1 1 5 4 1 14 3 14 2 19 4 15 2 0 17 4 15 
5 2 0 15 4 7 4 3 10 2 10 1 17 4 8 2 2 15 0 6 1 3 5 5 2 16 4 17 3 10 1 10 0 7 
5 1 3 18 3 0 8 4 1 1 5 5 2 8 4 2 3 5 0 7 1 7 2 0 15 4 7 2 0 17 4 15 
5 3 4 12 2 14 3 19 4 3 10 2 10 1 17 4 8 2 2 15 0 6 5 2 8 4 2 3 5 0 7 1 7 5 2 16 4 17 3 10 1 10 0 7 
5 2 0 17 4 15 1 3 18 4 1 17 4 19 3 5 2 12 3 2 18 0 2 3 15 3 0 8 4 1 1 5 
5 2 4 1 2 5 3 2 18 0 2 3 15 4 3 10 2 10 1 17 4 8 2 2 18 0 15 5 2 8 4 2 3 5 0 7 1 7 
5 5 2 8 4 2 3 5 0 7 1 7 2 4 1 2 5 3 4 12 2 14 3 19 5 2 16 4 17 3 10 1 10 0 7 2 0 17 4 15 
5 5 3 10 4 15 0 2 2 9 1 16 2 3 11 2 9 1 1 4 2 0 15 4 7 1 3 5 
5 5 2 8 4 2 3 5 0 7 1 7 4 1 14 3 14 2 19 4 15 3 2 18 0 2 3 15 2 2 15 0 6 5 1 18 4 1 3 19 0 9 2 3 
5 1 1 4 3 0 8 4 1 1 5 2 4 1 2 5 2 2 18 0 15 2 0 15 4 7 
5 3 0 3 4 13 2 2 4 3 6 1 17 2 15 4 7 4 4 18 2 13 1 2 0 5 1 3 18 2 0 3 4 13 
5 1 3 5 2 1 4 0 15 1 3 18 2 0 15 4 7 5 3 10 4 15 0 2 2 9 1 16 

Dynamic Events

# Machine Breakdowns (machine_id start_time end_time)
Machine Breakdowns
1 81 87
3 300 307
4 63 70

# Added Jobs (arrival_time: num_ops num_alts_op1 m1 p1 ... num_alts_op2 m1 p1 ...)
Added Jobs
17: 5 3 1 4 2 5 4 1 4 2 16 4 13 3 7 0 2 1 3 7 1 0 2 2 0 3 1 10 
31: 5 2 4 14 1 5 2 1 18 3 13 1 4 17 1 2 18 4 0 13 2 7 1 13 3 7 
41: 5 2 4 18 0 5 2 4 4 3 6 4 2 4 0 12 3 8 1 13 3 2 19 1 16 3 10 4 2 16 4 2 3 9 1 15 
117: 5 3 3 14 0 16 4 17 3 1 4 2 4 4 18 1 0 17 4 3 8 0 17 4 17 1 13 3 4 19 3 11 0 16 

# ETPC Constraints (fore_job_sim_idx fore_op_idx hind_job_sim_idx hind_op_idx time_lapse)
ETPC Constraints
13 4 4 4 18
14 0 7 2 19
19 1 5 0 20
19 2 3 2 3
4 3 13 2 4
14 4 22 2 8
8 1 21 1 18
10 0 5 0 20
4 3 8 1 14
23 3 15 2 7
14 4 0 2 11
11 0 1 2 19
0 3 21 3 17
9 4 16 3 20
14 0 12 3 4
18 3 4 0 20
13 4 20 0 15
1 3 2 0 16
1 2 12 4 3
19 3 8 0 10
22 0 14 1 14
20 3 18 3 8
3 3 20 0 6
13 2 11 4 17
11 3 6 3 15
19 0 14 0 9
18 3 10 1 16
8 1 1 3 18
1 3 17 3 7
16 2 0 4 16
6 4 17 0 11
6 0 7 2 19
0 3 17 4 13
8 0 1 2 20
19 4 18 0 14
1 4 10 2 18
8 1 11 1 17
4 3 12 4 12
16 4 13 0 8
14 0 10 0 4
4 0 14 4 12
13 0 20 1 20
11 1 19 0 20
20 2 6 0 19
10 0 21 2 10
23 4 22 0 18
3 0 21 3 3
