20 10
10 2 6 18 3 5 2 4 7 6 7 1 2 19 1 6 14 2 3 5 9 12 1 0 10 1 9 18 2 6 10 7 19 2 2 11 7 9 2 2 5 7 12 
12 1 1 5 2 6 18 3 5 2 2 5 7 12 1 0 10 1 9 19 2 2 15 3 19 1 6 14 1 4 9 2 4 14 8 5 1 0 19 2 6 10 7 19 1 0 16 
14 2 4 14 8 5 1 0 19 1 0 10 1 2 19 2 6 18 3 5 2 3 5 9 12 2 2 5 7 12 1 9 10 1 4 9 1 0 7 2 6 10 7 19 1 0 10 1 9 19 1 9 18 
10 1 9 10 2 4 7 6 7 1 6 14 1 0 10 1 9 18 2 2 15 6 13 2 9 14 4 7 2 2 11 7 9 1 8 11 1 4 9 
12 1 4 9 2 4 14 8 5 2 6 18 3 5 2 2 11 7 9 1 0 10 1 8 11 1 0 7 1 6 14 2 3 5 9 12 2 2 15 3 19 1 7 18 1 9 19 
10 2 2 15 6 13 1 2 19 1 4 9 1 9 19 2 2 5 7 12 2 6 18 3 5 2 7 14 9 9 2 3 5 9 12 1 9 18 1 0 7 
12 1 0 10 1 9 18 1 0 7 1 4 9 2 7 14 9 9 2 6 10 7 19 2 2 15 3 19 2 9 14 4 7 1 7 18 1 9 19 1 0 19 1 0 10 
11 1 0 10 1 6 14 1 0 10 2 2 15 3 19 2 4 14 8 5 2 6 18 3 5 1 2 19 1 0 19 2 3 5 9 12 1 4 9 1 9 19 
14 2 6 10 7 19 2 7 14 9 9 1 0 19 1 9 19 2 9 14 4 7 1 1 5 2 3 5 9 12 2 4 7 6 7 1 0 16 1 0 7 1 8 11 1 2 19 1 0 10 1 9 18 
11 1 9 19 2 9 14 4 7 1 7 18 2 2 11 7 9 1 0 7 1 0 10 2 4 14 8 5 2 2 15 3 19 1 9 18 1 2 19 1 0 19 
11 2 4 14 8 5 1 0 10 1 7 18 2 2 15 3 19 2 6 10 7 19 2 2 5 7 12 2 2 11 7 9 2 7 14 9 9 1 9 10 1 8 11 1 2 19 
10 1 9 19 2 2 11 7 9 2 4 7 6 7 1 0 16 1 6 14 2 6 18 3 5 2 3 5 9 12 1 0 10 1 7 18 2 4 14 8 5 
11 2 9 14 4 7 1 9 19 2 6 10 7 19 2 2 15 3 19 1 0 19 1 7 18 2 7 14 9 9 2 2 11 7 9 1 9 18 2 4 14 8 5 1 1 5 
11 1 0 10 2 4 7 6 7 1 0 10 1 8 11 1 6 14 2 2 15 6 13 2 7 14 9 9 1 0 16 2 2 5 7 12 2 4 14 8 5 1 1 5 
11 2 4 14 8 5 2 4 7 6 7 1 6 14 1 9 10 2 6 10 7 19 2 2 15 3 19 2 6 18 3 5 1 0 7 2 2 11 7 9 1 0 19 1 7 18 
11 1 1 5 2 6 10 7 19 1 9 10 1 8 11 1 7 18 2 9 14 4 7 2 4 14 8 5 1 0 10 1 0 19 2 2 15 6 13 2 7 14 9 9 
13 1 9 10 2 4 14 8 5 1 4 9 1 9 19 1 0 10 2 2 5 7 12 1 1 5 2 9 14 4 7 1 0 10 2 7 14 9 9 2 2 15 6 13 1 0 16 1 6 14 
11 2 2 15 6 13 1 1 5 1 9 19 1 2 19 1 7 18 1 0 7 1 4 9 1 6 14 2 6 18 3 5 1 0 10 2 4 14 8 5 
10 2 6 10 7 19 1 1 5 2 2 11 7 9 1 8 11 2 3 5 9 12 1 9 18 2 6 18 3 5 2 7 14 9 9 2 2 5 7 12 1 9 19 
10 1 9 18 1 9 10 1 6 14 1 8 11 2 2 15 6 13 1 1 5 2 7 14 9 9 2 2 5 7 12 1 4 9 1 0 16 

Dynamic Events

# Machine Breakdowns (machine_id start_time end_time)
Machine Breakdowns
1 521 526
6 82 89
8 348 354

# Added Jobs (arrival_time: num_ops num_alts_op1 m1 p1 ... num_alts_op2 m1 p1 ...)
Added Jobs
47: 14 1 6 8 2 7 18 3 18 1 7 15 1 0 15 1 6 15 1 0 15 2 9 16 0 11 2 0 11 2 15 1 1 5 1 4 12 2 4 13 6 14 2 2 7 8 6 2 7 16 5 5 1 2 18 
77: 10 2 8 8 3 10 1 6 8 1 1 5 1 7 9 2 2 15 9 19 1 9 16 2 9 14 5 19 1 5 12 1 1 5 1 3 14 
112: 11 2 7 9 8 10 1 7 10 2 8 9 0 12 2 7 16 4 10 1 7 16 2 9 17 7 17 2 7 9 5 17 2 4 9 9 18 1 3 19 1 2 8 1 6 13 
162: 11 1 1 5 2 5 8 6 10 2 4 14 6 11 1 5 18 1 2 17 1 6 16 1 7 9 2 8 11 7 12 1 5 17 1 0 11 2 2 14 1 5 
163: 14 2 0 14 6 12 2 5 17 2 10 2 8 11 4 7 2 4 7 3 5 1 5 12 2 6 10 1 5 1 6 12 1 4 12 1 4 12 1 5 7 2 4 13 8 6 2 0 10 8 5 1 0 14 1 4 8 

# Cancelled Jobs (cancel_time initial_job_sim_idx_to_cancel)
Cancelled Jobs
50 3
250 12
260 5

# ETPC Constraints (fore_job_sim_idx fore_op_idx hind_job_sim_idx hind_op_idx time_lapse)
ETPC Constraints
15 7 24 6 16
6 1 21 3 14
22 13 14 3 7
24 3 17 1 13
20 0 11 9 17
12 8 4 9 8
17 8 12 10 19
13 7 4 9 17
10 10 16 2 14
4 3 15 4 5
13 0 21 6 17
6 6 12 10 7
11 4 1 6 7
20 0 4 10 8
0 5 19 1 19
16 4 11 6 18
24 0 20 6 19
9 3 21 8 20
13 5 11 4 12
2 6 18 6 18
8 2 18 0 15
8 8 14 0 16
14 0 12 9 15
7 8 4 3 7
16 11 24 8 15
2 3 18 4 19
21 5 16 11 20
18 8 9 0 6
15 7 8 11 8
12 10 23 9 6
0 3 10 6 15
16 0 6 6 4
10 4 20 6 4
9 7 17 4 15
19 7 3 1 4
11 9 14 0 11
13 8 8 1 7
11 5 2 6 3
19 8 8 11 3
2 6 12 0 20
2 8 4 3 20
3 3 5 9 3
24 7 1 11 19
17 5 5 1 4
4 3 11 1 8
8 7 21 7 9
8 2 5 3 20
5 4 22 6 9
10 6 15 9 11
10 2 24 8 11
