20 10
10 2 6 18 3 5 2 4 7 6 7 1 2 19 1 6 14 2 3 5 9 12 1 0 10 1 9 18 2 6 10 7 19 2 2 11 7 9 2 2 5 7 12 
12 1 1 5 2 6 18 3 5 2 2 5 7 12 1 0 10 1 9 19 2 2 15 3 19 1 6 14 1 4 9 2 4 14 8 5 1 0 19 2 6 10 7 19 1 0 16 
14 2 4 14 8 5 1 0 19 1 0 10 1 2 19 2 6 18 3 5 2 3 5 9 12 2 2 5 7 12 1 9 10 1 4 9 1 0 7 2 6 10 7 19 1 0 10 1 9 19 1 9 18 
10 1 9 10 2 4 7 6 7 1 6 14 1 0 10 1 9 18 2 2 15 6 13 2 9 14 4 7 2 2 11 7 9 1 8 11 1 4 9 
12 1 4 9 2 4 14 8 5 2 6 18 3 5 2 2 11 7 9 1 0 10 1 8 11 1 0 7 1 6 14 2 3 5 9 12 2 2 15 3 19 1 7 18 1 9 19 
10 2 2 15 6 13 1 2 19 1 4 9 1 9 19 2 2 5 7 12 2 6 18 3 5 2 7 14 9 9 2 3 5 9 12 1 9 18 1 0 7 
12 1 0 10 1 9 18 1 0 7 1 4 9 2 7 14 9 9 2 6 10 7 19 2 2 15 3 19 2 9 14 4 7 1 7 18 1 9 19 1 0 19 1 0 10 
11 1 0 10 1 6 14 1 0 10 2 2 15 3 19 2 4 14 8 5 2 6 18 3 5 1 2 19 1 0 19 2 3 5 9 12 1 4 9 1 9 19 
14 2 6 10 7 19 2 7 14 9 9 1 0 19 1 9 19 2 9 14 4 7 1 1 5 2 3 5 9 12 2 4 7 6 7 1 0 16 1 0 7 1 8 11 1 2 19 1 0 10 1 9 18 
11 1 9 19 2 9 14 4 7 1 7 18 2 2 11 7 9 1 0 7 1 0 10 2 4 14 8 5 2 2 15 3 19 1 9 18 1 2 19 1 0 19 
11 2 4 14 8 5 1 0 10 1 7 18 2 2 15 3 19 2 6 10 7 19 2 2 5 7 12 2 2 11 7 9 2 7 14 9 9 1 9 10 1 8 11 1 2 19 
10 1 9 19 2 2 11 7 9 2 4 7 6 7 1 0 16 1 6 14 2 6 18 3 5 2 3 5 9 12 1 0 10 1 7 18 2 4 14 8 5 
11 2 9 14 4 7 1 9 19 2 6 10 7 19 2 2 15 3 19 1 0 19 1 7 18 2 7 14 9 9 2 2 11 7 9 1 9 18 2 4 14 8 5 1 1 5 
11 1 0 10 2 4 7 6 7 1 0 10 1 8 11 1 6 14 2 2 15 6 13 2 7 14 9 9 1 0 16 2 2 5 7 12 2 4 14 8 5 1 1 5 
11 2 4 14 8 5 2 4 7 6 7 1 6 14 1 9 10 2 6 10 7 19 2 2 15 3 19 2 6 18 3 5 1 0 7 2 2 11 7 9 1 0 19 1 7 18 
11 1 1 5 2 6 10 7 19 1 9 10 1 8 11 1 7 18 2 9 14 4 7 2 4 14 8 5 1 0 10 1 0 19 2 2 15 6 13 2 7 14 9 9 
13 1 9 10 2 4 14 8 5 1 4 9 1 9 19 1 0 10 2 2 5 7 12 1 1 5 2 9 14 4 7 1 0 10 2 7 14 9 9 2 2 15 6 13 1 0 16 1 6 14 
11 2 2 15 6 13 1 1 5 1 9 19 1 2 19 1 7 18 1 0 7 1 4 9 1 6 14 2 6 18 3 5 1 0 10 2 4 14 8 5 
10 2 6 10 7 19 1 1 5 2 2 11 7 9 1 8 11 2 3 5 9 12 1 9 18 2 6 18 3 5 2 7 14 9 9 2 2 5 7 12 1 9 19 
10 1 9 18 1 9 10 1 6 14 1 8 11 2 2 15 6 13 1 1 5 2 7 14 9 9 2 2 5 7 12 1 4 9 1 0 16 

Dynamic Events

# Machine Breakdowns (machine_id start_time end_time)
Machine Breakdowns
1 209 217
4 237 244
5 110 118

# Added Jobs (arrival_time: num_ops num_alts_op1 m1 p1 ... num_alts_op2 m1 p1 ...)
Added Jobs
117: 14 2 0 9 5 8 2 3 18 9 17 2 7 14 8 11 2 3 5 9 9 1 5 9 1 4 10 2 8 9 9 10 2 1 5 0 10 1 5 6 2 2 14 1 5 1 2 9 1 5 11 2 7 12 0 9 1 0 15 
120: 10 2 6 9 2 12 2 8 11 5 7 2 8 5 4 8 1 8 7 1 9 12 2 7 10 6 11 1 4 9 2 5 14 3 8 2 0 7 9 17 1 3 9 
126: 11 2 0 7 6 15 1 5 11 1 7 11 1 1 5 1 1 5 2 7 11 1 5 2 2 18 7 15 2 9 14 1 5 2 3 9 1 5 2 4 12 5 10 2 0 10 9 19 
133: 12 2 7 17 0 13 2 0 9 4 9 2 3 15 7 18 1 1 5 2 8 11 4 12 1 6 11 1 6 15 2 5 15 4 9 2 9 16 1 5 1 7 13 2 0 17 3 7 2 4 12 9 13 
235: 10 2 6 9 9 9 1 7 15 2 9 9 7 9 2 6 11 5 16 1 4 10 1 7 19 1 9 13 1 2 10 1 5 7 2 8 7 4 12 

# Cancelled Jobs (cancel_time initial_job_sim_idx_to_cancel)
Cancelled Jobs
10 3
95 6

# ETPC Constraints (fore_job_sim_idx fore_op_idx hind_job_sim_idx hind_op_idx time_lapse)
ETPC Constraints
24 10 4 4 18
14 4 2 11 19
10 10 8 3 18
10 7 7 9 8
1 9 8 11 13
1 3 10 8 17
10 2 24 9 3
14 2 11 7 16
1 1 13 10 16
4 3 2 0 14
5 6 21 0 8
3 1 20 2 16
14 2 8 11 7
14 9 0 0 19
20 6 11 1 19
0 7 17 4 16
15 0 3 6 20
7 3 3 7 17
3 8 7 3 15
18 7 13 4 17
17 10 7 5 14
18 8 11 1 17
5 7 0 1 9
9 9 0 5 17
17 2 4 6 7
6 7 3 4 8
7 5 23 0 8
21 1 7 2 16
8 3 13 5 18
12 4 9 7 8
17 2 3 2 9
8 2 4 1 6
5 7 22 6 7
19 7 0 1 16
10 5 14 10 18
4 5 21 8 18
1 4 16 0 9
12 8 5 3 16
5 9 7 4 7
18 8 7 2 14
20 8 24 9 10
0 9 16 2 11
7 10 9 8 20
24 5 15 7 14
10 10 18 4 16
23 8 11 5 20
3 1 19 1 13
21 4 22 9 18
17 7 10 7 17
5 9 13 4 19
