20 10
12 2 1 10 0 11 1 7 17 1 7 14 1 0 10 2 1 16 9 18 2 8 6 1 12 4 6 9 3 11 2 10 0 16 2 4 19 0 7 1 8 11 1 3 16 1 1 5 5 6 9 8 9 3 6 7 14 5 16 
13 1 7 17 2 4 6 3 11 2 1 10 0 11 2 4 9 7 8 2 1 16 2 11 4 0 8 4 14 9 15 5 12 4 5 10 7 15 6 5 1 8 2 4 19 0 7 4 6 9 3 11 2 10 0 16 1 0 10 4 0 16 2 11 6 17 3 7 1 3 16 4 2 11 4 8 6 11 8 17 
11 4 5 10 7 15 6 5 1 8 2 4 9 7 8 2 1 16 9 18 2 1 10 0 11 5 6 9 8 9 3 6 7 14 5 16 1 3 16 2 4 19 0 7 1 0 10 2 4 6 3 11 2 1 16 2 11 1 2 14 
11 4 0 8 4 14 9 15 5 12 2 4 19 0 7 4 3 11 7 16 8 15 0 6 1 7 14 1 3 16 1 7 17 4 0 16 2 11 6 17 3 7 4 9 6 7 13 4 5 1 8 1 2 14 4 6 9 3 11 2 10 0 16 1 0 10 
14 1 7 17 1 3 16 1 4 9 4 9 6 7 13 4 5 1 8 4 0 16 2 11 6 17 3 7 2 1 16 9 18 4 5 10 7 15 6 5 1 8 1 7 14 2 4 6 3 11 4 1 5 6 13 9 10 4 11 5 6 9 8 9 3 6 7 14 5 16 2 4 9 7 8 4 0 8 4 14 9 15 5 12 2 4 19 0 7 
11 4 1 5 6 13 9 10 4 11 2 1 16 9 18 1 0 10 1 2 14 1 4 9 5 6 9 8 9 3 6 7 14 5 16 1 7 17 1 7 14 1 1 5 4 5 10 7 15 6 5 1 8 4 3 11 7 16 8 15 0 6 
14 1 7 14 1 7 17 2 4 9 7 8 1 3 16 1 0 10 4 1 5 6 13 9 10 4 11 1 1 5 2 4 6 3 11 5 6 9 8 9 3 6 7 14 5 16 4 3 11 7 16 8 15 0 6 5 1 8 0 19 7 13 5 14 9 18 4 5 10 7 15 6 5 1 8 4 0 16 2 11 6 17 3 7 2 1 16 9 18 
13 1 0 10 4 9 6 7 13 4 5 1 8 1 4 9 4 6 9 3 11 2 10 0 16 1 8 11 4 1 5 6 13 9 10 4 11 4 5 10 7 15 6 5 1 8 1 1 5 5 1 8 0 19 7 13 5 14 9 18 5 6 9 8 9 3 6 7 14 5 16 2 1 10 0 11 4 0 16 2 11 6 17 3 7 2 4 6 3 11 
11 1 7 17 1 1 5 1 0 10 1 3 16 2 4 6 3 11 4 6 9 3 11 2 10 0 16 5 1 8 0 19 7 13 5 14 9 18 1 8 11 2 8 6 1 12 2 1 10 0 11 2 4 9 7 8 
12 1 3 16 4 3 11 7 16 8 15 0 6 1 2 14 4 1 5 6 13 9 10 4 11 1 8 11 5 6 9 8 9 3 6 7 14 5 16 2 4 6 3 11 4 0 16 2 11 6 17 3 7 2 1 10 0 11 2 1 16 2 11 4 0 8 4 14 9 15 5 12 1 0 10 
10 1 8 11 1 4 9 5 1 8 0 19 7 13 5 14 9 18 1 3 16 4 3 11 7 16 8 15 0 6 2 4 9 7 8 4 6 9 3 11 2 10 0 16 1 2 14 1 0 10 4 0 16 2 11 6 17 3 7 
11 4 9 6 7 13 4 5 1 8 4 3 11 7 16 8 15 0 6 1 3 16 2 8 6 1 12 4 5 10 7 15 6 5 1 8 4 6 9 3 11 2 10 0 16 1 1 5 1 7 14 5 6 9 8 9 3 6 7 14 5 16 2 4 6 3 11 2 1 16 9 18 
11 1 1 5 1 2 14 2 8 6 1 12 1 4 9 4 1 5 6 13 9 10 4 11 4 0 16 2 11 6 17 3 7 2 1 10 0 11 1 7 17 2 4 19 0 7 1 0 10 4 6 9 3 11 2 10 0 16 
10 4 2 11 4 8 6 11 8 17 1 0 10 2 1 16 9 18 2 1 10 0 11 4 5 10 7 15 6 5 1 8 4 3 11 7 16 8 15 0 6 1 3 16 4 0 16 2 11 6 17 3 7 4 6 9 3 11 2 10 0 16 2 1 16 2 11 
12 1 0 10 4 3 11 7 16 8 15 0 6 4 1 5 6 13 9 10 4 11 5 1 8 0 19 7 13 5 14 9 18 2 4 6 3 11 2 8 6 1 12 1 1 5 4 9 6 7 13 4 5 1 8 1 3 16 2 1 16 2 11 2 1 10 0 11 4 5 10 7 15 6 5 1 8 
14 1 7 17 4 3 11 7 16 8 15 0 6 1 2 14 2 8 6 1 12 1 7 14 4 5 10 7 15 6 5 1 8 4 6 9 3 11 2 10 0 16 4 1 5 6 13 9 10 4 11 4 0 8 4 14 9 15 5 12 2 1 10 0 11 1 3 16 4 2 11 4 8 6 11 8 17 2 4 19 0 7 4 9 6 7 13 4 5 1 8 
13 5 1 8 0 19 7 13 5 14 9 18 1 8 11 4 6 9 3 11 2 10 0 16 1 7 17 4 9 6 7 13 4 5 1 8 2 4 6 3 11 1 0 10 4 5 10 7 15 6 5 1 8 2 1 10 0 11 2 1 16 9 18 4 0 16 2 11 6 17 3 7 1 2 14 2 4 19 0 7 
11 5 1 8 0 19 7 13 5 14 9 18 5 6 9 8 9 3 6 7 14 5 16 2 4 6 3 11 4 9 6 7 13 4 5 1 8 1 2 14 4 2 11 4 8 6 11 8 17 1 8 11 2 1 10 0 11 4 1 5 6 13 9 10 4 11 1 7 14 4 0 8 4 14 9 15 5 12 
13 1 2 14 2 1 10 0 11 4 6 9 3 11 2 10 0 16 2 1 16 9 18 2 1 16 2 11 4 3 11 7 16 8 15 0 6 4 0 16 2 11 6 17 3 7 4 1 5 6 13 9 10 4 11 4 9 6 7 13 4 5 1 8 2 4 9 7 8 1 1 5 4 5 10 7 15 6 5 1 8 1 4 9 
13 4 0 16 2 11 6 17 3 7 4 1 5 6 13 9 10 4 11 4 5 10 7 15 6 5 1 8 1 2 14 2 4 6 3 11 4 3 11 7 16 8 15 0 6 1 4 9 1 0 10 1 7 17 2 8 6 1 12 5 1 8 0 19 7 13 5 14 9 18 2 1 16 2 11 2 1 16 9 18 

Dynamic Events

# Machine Breakdowns (machine_id start_time end_time)
Machine Breakdowns
0 28 34
2 249 255
9 489 496

# Added Jobs (arrival_time: num_ops num_alts_op1 m1 p1 ... num_alts_op2 m1 p1 ...)
Added Jobs
57: 14 4 8 6 5 16 7 8 0 18 2 5 14 3 6 5 0 12 6 6 9 12 5 13 3 15 2 5 15 7 12 5 0 11 3 6 6 15 9 13 4 19 1 1 13 2 1 5 4 5 5 1 16 5 13 2 14 6 9 4 13 2 6 7 9 13 2 8 7 1 11 4 5 15 6 12 9 13 1 7 5 1 7 3 8 9 14 7 16 5 11 5 3 13 9 17 5 12 7 15 8 13 4 8 12 2 12 7 9 9 12 
62: 13 1 7 12 4 4 19 2 13 8 14 1 10 4 4 14 7 17 1 13 3 8 1 9 8 2 8 6 2 13 1 0 19 1 7 14 4 2 12 3 9 1 16 8 9 4 5 15 0 7 3 10 9 16 4 0 6 4 9 8 14 5 10 3 5 14 6 13 3 12 4 8 13 9 8 0 16 6 12 5 9 17 4 5 1 8 3 15 8 8 
68: 10 5 5 15 6 7 3 12 8 6 7 12 1 4 19 4 8 11 7 9 2 14 5 16 2 0 8 9 17 4 9 18 3 12 4 11 1 14 3 7 13 0 12 8 16 1 4 5 1 0 14 2 9 9 8 11 4 8 14 4 16 6 11 5 12 
98: 11 1 9 12 5 5 14 3 10 4 10 7 15 9 18 3 1 5 8 6 0 16 3 1 11 8 16 9 13 3 0 6 7 13 1 8 2 3 15 9 14 3 1 12 3 14 8 9 4 5 15 3 6 1 13 0 17 4 9 12 0 11 6 16 5 16 5 2 10 7 15 0 6 1 10 6 15 2 5 16 0 17 
110: 11 4 7 17 3 15 6 10 0 17 3 5 13 3 11 6 5 5 1 11 0 7 8 17 4 13 2 14 1 9 18 1 9 14 2 8 15 6 15 4 6 8 3 7 2 11 7 14 5 7 9 1 12 9 15 0 13 4 6 2 4 16 5 10 1 9 10 1 9 13 

# Cancelled Jobs (cancel_time initial_job_sim_idx_to_cancel)
Cancelled Jobs
259 11
303 7
355 15

# ETPC Constraints (fore_job_sim_idx fore_op_idx hind_job_sim_idx hind_op_idx time_lapse)
ETPC Constraints
8 9 22 2 9
12 1 1 3 14
9 10 19 0 5
11 10 10 8 16
5 3 23 1 13
5 8 1 12 19
24 8 11 7 14
17 0 12 6 4
6 6 24 2 17
19 0 11 3 8
1 1 8 3 19
15 3 13 0 14
16 12 10 6 11
23 5 13 6 11
13 7 2 9 11
10 8 1 10 11
24 4 8 0 18
9 9 18 10 9
21 1 19 4 17
15 10 24 4 14
13 6 12 5 13
6 0 11 5 9
16 0 8 9 14
3 8 10 0 7
15 6 13 4 16
4 9 3 4 17
9 10 7 5 6
2 10 18 12 14
12 8 11 3 16
21 2 3 4 19
7 2 14 2 16
9 9 14 6 19
2 10 23 13 13
13 7 2 8 10
16 7 3 3 13
18 7 12 4 20
13 4 11 6 12
19 3 15 10 3
18 7 12 3 20
23 12 1 9 16
14 10 19 6 18
14 2 3 0 19
6 1 17 1 17
18 4 2 2 17
24 1 17 0 14
13 3 4 1 6
21 11 4 7 20
13 5 5 0 14
8 2 7 9 6
14 7 0 11 9
