30 5
7 2 3 25 1 12 2 0 12 3 22 1 1 14 1 2 10 2 2 16 0 10 1 0 29 1 1 26 
5 1 1 18 2 3 17 4 18 2 2 10 3 22 1 2 10 2 1 15 3 19 
7 1 4 11 2 2 10 3 22 2 3 17 4 18 1 1 14 1 2 10 1 0 29 1 4 22 
5 1 3 14 2 2 10 3 10 1 1 18 2 1 15 3 19 2 4 24 0 25 
5 1 1 18 2 2 18 3 11 2 1 15 3 19 2 3 17 4 18 1 1 14 
6 2 0 12 3 22 2 2 16 0 10 1 4 11 2 2 18 3 11 2 2 28 3 22 1 4 22 
5 2 3 25 1 12 1 4 11 2 0 28 2 23 2 4 24 0 25 1 2 10 
5 1 4 22 1 3 14 2 1 15 3 19 1 1 14 1 1 14 
5 2 1 15 3 19 1 4 11 2 3 25 1 12 1 3 14 1 1 14 
7 1 2 22 1 4 22 1 2 10 2 2 10 3 10 2 2 18 3 11 2 2 28 3 22 1 4 22 
7 2 2 20 3 14 1 4 22 2 2 13 3 12 2 1 15 3 19 1 2 10 2 0 12 3 22 1 1 18 
5 1 2 10 1 0 23 1 2 22 1 4 22 2 2 16 0 10 
6 1 3 14 2 0 12 3 22 1 2 10 2 1 22 2 21 1 1 18 1 2 22 
7 2 0 28 2 23 2 2 20 3 14 1 1 18 2 1 22 2 21 1 0 23 2 2 28 3 22 1 4 11 
6 1 4 22 1 1 14 1 1 14 1 2 22 2 0 28 2 23 1 4 22 
6 2 2 10 3 22 2 2 20 4 23 1 2 10 1 4 22 1 0 23 2 3 25 1 12 
7 2 3 24 2 22 2 2 13 3 12 2 0 12 3 22 1 2 10 2 4 24 0 25 2 3 17 4 18 1 1 14 
5 2 4 24 0 25 1 4 22 2 2 13 3 12 2 1 22 2 21 2 2 20 4 23 
6 1 2 22 2 3 25 1 12 1 4 22 2 0 12 3 22 1 1 18 1 2 10 
7 1 0 29 2 0 12 3 22 2 2 18 3 11 1 1 14 2 2 20 4 23 2 3 17 4 18 1 0 23 
7 2 3 25 1 12 2 1 22 2 21 1 2 22 1 1 18 1 1 14 2 2 20 4 23 1 4 22 
5 2 3 24 2 22 1 4 22 2 2 20 4 23 1 2 10 1 3 14 
6 1 1 14 1 2 10 2 3 25 1 12 2 2 18 3 11 2 2 20 4 23 1 1 14 
7 1 2 10 2 1 22 2 21 1 3 14 2 0 28 2 23 2 3 25 1 12 2 0 12 3 22 1 2 22 
6 2 2 16 0 10 1 1 18 2 4 24 0 25 1 0 23 1 4 22 2 2 10 3 22 
6 2 4 24 0 25 2 2 10 3 22 1 1 14 1 1 14 1 3 14 1 1 18 
6 1 1 26 2 3 24 2 22 2 0 28 2 23 2 2 16 0 10 2 1 22 2 21 2 4 24 0 25 
5 2 0 12 3 22 2 0 28 2 23 2 2 28 3 22 1 4 11 2 2 18 3 11 
6 2 2 18 3 11 1 2 10 2 2 20 4 23 2 2 10 3 10 2 2 28 3 22 2 1 22 2 21 
6 2 2 20 4 23 1 3 14 1 4 22 2 2 10 3 22 2 2 20 3 14 1 1 26 

Dynamic Events

# Machine Breakdowns (machine_id start_time end_time)
Machine Breakdowns
2 236 249
3 892 902

# Added Jobs (arrival_time: num_ops num_alts_op1 m1 p1 ... num_alts_op2 m1 p1 ...)
Added Jobs
67: 5 2 2 20 4 16 2 1 18 0 29 2 3 18 1 23 2 1 20 2 23 2 0 18 1 13 
71: 6 1 0 15 1 0 21 2 0 15 2 13 1 4 19 1 0 11 1 0 26 
269: 5 1 0 14 2 1 14 4 13 2 1 21 0 19 1 1 25 2 0 21 1 21 
382: 6 1 0 14 2 0 26 3 14 2 1 12 3 17 2 2 20 0 21 2 1 16 4 12 2 0 27 4 21 

# Cancelled Jobs (cancel_time initial_job_sim_idx_to_cancel)
Cancelled Jobs
284 0
373 11
458 26
513 12
626 15

# ETPC Constraints (fore_job_sim_idx fore_op_idx hind_job_sim_idx hind_op_idx time_lapse)
ETPC Constraints
23 2 21 4 18
31 0 12 5 15
32 0 29 1 6
9 6 0 5 10
1 2 0 4 11
27 3 24 0 3
9 6 17 2 16
18 0 10 6 8
29 5 17 1 13
29 0 0 6 18
25 3 11 3 19
14 3 18 2 9
32 4 1 0 4
18 1 23 0 13
3 1 12 3 13
24 5 14 5 6
30 5 19 2 4
22 5 29 1 11
9 0 18 1 7
4 3 1 0 15
19 0 21 1 15
13 4 32 1 14
29 0 13 0 19
21 4 14 2 9
3 1 7 2 6
10 6 7 3 20
27 1 25 0 9
12 1 2 3 18
7 4 26 2 17
24 3 20 0 18
22 5 18 3 19
24 0 5 3 9
3 1 22 1 9
8 1 6 2 15
18 5 9 3 11
33 4 13 2 19
7 1 11 0 8
8 3 14 3 12
27 4 33 1 7
0 1 25 3 8
17 1 26 3 8
33 3 9 5 8
29 1 13 4 7
29 5 16 3 9
4 3 19 1 3
18 5 8 2 6
0 5 16 3 9
29 2 1 1 12
0 4 23 3 7
23 3 9 0 16
15 5 9 0 9
10 3 20 3 15
26 5 23 6 10
6 1 33 3 7
13 4 24 5 9
13 6 32 3 14
33 4 4 1 14
10 1 25 1 3
13 3 23 3 10
8 0 13 1 20
2 2 15 2 9
26 2 9 5 15
26 1 16 1 20
19 4 17 3 18
1 0 12 2 13
27 0 6 0 4
5 4 7 0 13
20 4 12 5 14
