30 5
7 2 3 25 1 12 2 0 12 3 22 1 1 14 1 2 10 2 2 16 0 10 1 0 29 1 1 26 
5 1 1 18 2 3 17 4 18 2 2 10 3 22 1 2 10 2 1 15 3 19 
7 1 4 11 2 2 10 3 22 2 3 17 4 18 1 1 14 1 2 10 1 0 29 1 4 22 
5 1 3 14 2 2 10 3 10 1 1 18 2 1 15 3 19 2 4 24 0 25 
5 1 1 18 2 2 18 3 11 2 1 15 3 19 2 3 17 4 18 1 1 14 
6 2 0 12 3 22 2 2 16 0 10 1 4 11 2 2 18 3 11 2 2 28 3 22 1 4 22 
5 2 3 25 1 12 1 4 11 2 0 28 2 23 2 4 24 0 25 1 2 10 
5 1 4 22 1 3 14 2 1 15 3 19 1 1 14 1 1 14 
5 2 1 15 3 19 1 4 11 2 3 25 1 12 1 3 14 1 1 14 
7 1 2 22 1 4 22 1 2 10 2 2 10 3 10 2 2 18 3 11 2 2 28 3 22 1 4 22 
7 2 2 20 3 14 1 4 22 2 2 13 3 12 2 1 15 3 19 1 2 10 2 0 12 3 22 1 1 18 
5 1 2 10 1 0 23 1 2 22 1 4 22 2 2 16 0 10 
6 1 3 14 2 0 12 3 22 1 2 10 2 1 22 2 21 1 1 18 1 2 22 
7 2 0 28 2 23 2 2 20 3 14 1 1 18 2 1 22 2 21 1 0 23 2 2 28 3 22 1 4 11 
6 1 4 22 1 1 14 1 1 14 1 2 22 2 0 28 2 23 1 4 22 
6 2 2 10 3 22 2 2 20 4 23 1 2 10 1 4 22 1 0 23 2 3 25 1 12 
7 2 3 24 2 22 2 2 13 3 12 2 0 12 3 22 1 2 10 2 4 24 0 25 2 3 17 4 18 1 1 14 
5 2 4 24 0 25 1 4 22 2 2 13 3 12 2 1 22 2 21 2 2 20 4 23 
6 1 2 22 2 3 25 1 12 1 4 22 2 0 12 3 22 1 1 18 1 2 10 
7 1 0 29 2 0 12 3 22 2 2 18 3 11 1 1 14 2 2 20 4 23 2 3 17 4 18 1 0 23 
7 2 3 25 1 12 2 1 22 2 21 1 2 22 1 1 18 1 1 14 2 2 20 4 23 1 4 22 
5 2 3 24 2 22 1 4 22 2 2 20 4 23 1 2 10 1 3 14 
6 1 1 14 1 2 10 2 3 25 1 12 2 2 18 3 11 2 2 20 4 23 1 1 14 
7 1 2 10 2 1 22 2 21 1 3 14 2 0 28 2 23 2 3 25 1 12 2 0 12 3 22 1 2 22 
6 2 2 16 0 10 1 1 18 2 4 24 0 25 1 0 23 1 4 22 2 2 10 3 22 
6 2 4 24 0 25 2 2 10 3 22 1 1 14 1 1 14 1 3 14 1 1 18 
6 1 1 26 2 3 24 2 22 2 0 28 2 23 2 2 16 0 10 2 1 22 2 21 2 4 24 0 25 
5 2 0 12 3 22 2 0 28 2 23 2 2 28 3 22 1 4 11 2 2 18 3 11 
6 2 2 18 3 11 1 2 10 2 2 20 4 23 2 2 10 3 10 2 2 28 3 22 2 1 22 2 21 
6 2 2 20 4 23 1 3 14 1 4 22 2 2 10 3 22 2 2 20 3 14 1 1 26 

Dynamic Events

# Machine Breakdowns (machine_id start_time end_time)
Machine Breakdowns
2 307 319

# Added Jobs (arrival_time: num_ops num_alts_op1 m1 p1 ... num_alts_op2 m1 p1 ...)
Added Jobs
118: 6 2 2 20 3 10 1 3 14 2 1 12 0 14 2 4 11 1 12 2 0 11 4 17 2 2 14 4 12 
198: 7 2 3 23 4 20 1 0 27 1 2 21 1 4 19 1 0 18 1 1 13 2 2 13 0 22 
216: 5 2 3 24 4 21 2 2 21 3 20 2 2 23 3 12 2 1 16 2 22 2 2 15 4 21 
385: 7 1 4 21 2 1 23 0 25 2 3 23 0 26 2 4 16 1 21 2 1 14 4 14 1 1 16 2 2 11 3 15 

# Cancelled Jobs (cancel_time initial_job_sim_idx_to_cancel)
Cancelled Jobs
282 16
299 10

# ETPC Constraints (fore_job_sim_idx fore_op_idx hind_job_sim_idx hind_op_idx time_lapse)
ETPC Constraints
10 4 6 3 20
4 1 0 4 4
1 4 25 2 13
24 1 23 4 7
5 2 24 4 14
28 1 16 3 15
31 4 27 1 19
27 0 11 1 7
25 0 13 4 17
24 3 22 1 9
25 1 20 4 16
17 3 26 1 10
28 5 27 0 14
28 3 26 3 6
30 3 18 4 11
23 3 8 3 11
26 0 22 5 4
14 5 22 3 20
25 1 27 4 9
13 1 15 4 19
8 4 20 0 9
26 0 5 4 17
12 0 17 4 19
10 3 13 5 8
19 0 4 1 20
9 6 20 6 13
0 4 5 4 7
32 1 11 3 13
14 2 13 2 4
18 1 22 3 12
8 0 0 2 8
14 5 23 6 16
28 4 10 0 8
18 4 29 2 10
7 0 0 2 7
23 0 4 1 18
8 0 10 4 10
18 4 32 6 13
6 2 0 3 6
16 3 24 5 14
25 2 3 2 8
26 4 14 2 16
8 3 26 0 3
10 1 29 4 12
31 1 29 5 17
25 0 27 4 4
19 1 15 2 19
4 3 22 4 3
26 5 24 5 6
31 1 23 5 13
16 4 15 4 11
1 4 27 4 8
25 1 24 0 11
5 1 25 3 17
2 0 10 3 19
10 0 8 0 14
6 0 19 1 16
1 4 10 0 12
15 5 25 0 14
25 2 33 5 19
29 0 24 2 14
19 5 29 3 7
9 4 26 5 4
31 1 16 3 7
9 6 31 1 4
16 1 13 1 3
26 4 23 6 5
23 2 16 5 18
