30 10
6 1 9 28 2 8 14 5 10 2 4 22 9 15 2 6 24 4 18 2 2 10 0 10 1 7 18 
6 2 2 12 8 12 2 8 14 5 10 1 4 17 1 6 10 1 0 15 2 9 12 4 11 
6 2 0 22 4 29 1 4 28 2 2 18 6 16 1 7 18 2 6 17 3 19 2 8 14 5 10 
8 1 1 13 2 2 12 8 12 2 7 26 5 26 1 7 22 1 7 13 1 6 10 1 5 23 2 2 10 0 10 
8 2 6 17 3 19 1 4 28 2 9 28 3 20 2 4 16 5 11 1 7 22 1 4 17 2 4 22 9 15 2 7 26 5 26 
7 2 6 17 3 19 1 6 11 2 2 18 6 16 1 0 15 1 4 28 1 7 19 2 5 29 7 16 
5 2 6 24 4 18 2 9 12 4 11 1 6 29 2 8 14 5 10 1 7 22 
6 2 2 10 0 10 2 6 11 4 25 2 9 28 3 20 1 1 13 1 7 18 1 6 10 
6 2 9 28 3 20 2 6 11 4 25 2 2 12 8 12 1 7 19 1 6 11 1 5 23 
5 2 9 28 3 20 2 6 11 4 25 2 8 14 5 10 2 8 12 1 23 2 2 10 0 10 
5 1 4 28 1 7 19 2 8 14 5 10 1 6 29 2 9 28 3 20 
7 1 5 23 2 2 18 6 16 2 0 22 4 29 1 7 18 1 4 17 1 7 22 1 6 10 
5 1 9 28 2 2 18 6 16 1 6 11 1 5 23 1 7 19 
5 1 6 10 2 4 16 5 11 2 7 26 5 26 2 6 24 4 18 1 6 29 
6 2 8 14 5 10 2 4 22 9 15 2 6 11 4 25 2 9 28 3 20 2 9 14 6 26 1 6 10 
8 2 9 12 4 11 2 6 11 4 25 1 6 10 1 4 28 1 7 19 1 1 13 1 4 17 2 2 12 8 12 
7 1 6 10 2 2 10 0 10 2 9 14 6 26 1 9 28 1 6 11 1 0 15 1 6 29 
5 1 7 22 1 1 13 1 0 15 2 2 10 0 10 2 0 22 4 29 
9 1 7 13 1 4 28 1 6 10 2 2 12 8 12 2 9 28 3 20 2 5 29 7 16 1 1 13 1 7 19 1 7 18 
8 1 6 10 1 1 13 2 9 14 6 26 1 5 23 1 6 29 2 9 12 4 11 2 0 22 4 29 1 6 11 
7 2 6 11 4 25 1 5 23 2 9 28 3 20 1 6 29 1 4 17 2 6 24 4 18 2 5 29 7 16 
6 2 4 16 5 11 1 7 19 1 6 10 2 0 22 4 29 1 4 28 2 6 24 4 18 
8 2 2 18 6 16 1 0 15 1 7 13 1 6 10 1 6 11 2 6 17 3 19 1 7 19 2 0 22 4 29 
7 1 6 29 2 9 28 3 20 2 4 22 9 15 1 5 23 2 9 12 4 11 2 5 29 7 16 1 6 10 
9 2 9 28 3 20 2 8 14 5 10 1 9 28 1 1 13 1 7 19 2 6 17 3 19 2 4 16 5 11 1 6 11 1 5 23 
6 2 8 12 1 23 1 6 10 1 9 28 2 9 12 4 11 2 9 14 6 26 2 8 14 5 10 
5 2 8 12 1 23 1 0 15 2 4 22 9 15 1 6 11 1 5 23 
6 1 7 22 1 0 15 2 6 17 3 19 2 2 18 6 16 1 7 13 2 9 14 6 26 
5 1 7 22 2 6 11 4 25 1 7 19 2 2 18 6 16 1 5 23 
6 1 7 22 2 6 11 4 25 1 6 10 2 8 14 5 10 2 2 10 0 10 2 8 12 1 23 

Dynamic Events

# Machine Breakdowns (machine_id start_time end_time)
Machine Breakdowns
1 607 618
9 552 560

# Added Jobs (arrival_time: num_ops num_alts_op1 m1 p1 ... num_alts_op2 m1 p1 ...)
Added Jobs
39: 7 2 2 10 7 23 1 6 13 1 6 17 1 9 22 1 3 19 1 7 24 2 5 14 3 20 
54: 9 2 4 19 3 19 1 3 20 2 6 26 0 20 2 1 14 6 14 1 4 26 2 0 14 6 10 1 9 21 2 5 20 6 22 2 1 22 9 24 
98: 8 1 0 20 2 3 20 5 18 2 8 12 1 22 1 8 13 2 5 11 3 19 1 5 28 1 0 14 1 4 22 
189: 8 2 5 28 2 15 1 5 26 1 9 12 2 7 22 5 12 1 9 13 1 1 18 1 6 25 1 6 12 
258: 5 2 4 29 5 12 2 5 23 9 22 2 0 22 5 17 2 0 16 1 17 2 8 12 5 28 

# Cancelled Jobs (cancel_time initial_job_sim_idx_to_cancel)
Cancelled Jobs
309 26
420 1
481 17

# ETPC Constraints (fore_job_sim_idx fore_op_idx hind_job_sim_idx hind_op_idx time_lapse)
ETPC Constraints
5 2 31 3 3
26 2 1 5 18
19 7 15 7 9
16 6 20 1 8
15 0 13 4 3
31 3 16 1 19
29 0 2 5 19
26 4 34 1 18
18 7 1 2 20
32 1 11 4 15
16 0 15 5 9
32 3 10 4 17
30 3 12 3 6
15 4 18 7 11
18 4 13 0 14
22 5 30 7 20
12 1 26 1 7
23 3 2 5 15
8 0 29 5 13
5 1 1 5 3
30 1 28 3 17
11 5 23 1 8
25 2 1 0 18
20 5 7 4 20
9 2 14 3 18
8 2 0 3 13
33 4 1 2 10
25 5 10 3 10
16 2 20 5 20
4 4 17 0 19
10 3 31 3 16
13 1 24 3 18
1 3 5 0 18
0 5 29 4 7
25 1 17 4 18
3 6 11 2 11
21 1 34 3 20
1 0 18 5 9
5 3 4 0 4
9 4 25 3 19
11 0 23 6 14
1 0 17 3 7
25 5 9 2 16
6 0 4 0 17
8 4 24 0 15
7 0 9 1 13
32 4 2 2 12
0 2 12 2 9
9 1 27 5 4
18 4 20 6 18
15 4 0 2 18
24 8 11 2 12
20 4 1 1 14
18 8 23 2 11
33 0 0 1 9
21 0 3 2 18
31 2 3 1 4
20 5 24 5 10
9 3 32 7 20
22 4 8 3 13
7 2 28 4 17
27 0 17 0 3
25 2 27 2 20
17 3 16 3 14
20 0 19 7 11
5 5 26 4 6
32 4 19 2 16
24 2 20 4 7
33 5 13 4 3
15 0 12 4 10
