30 10
6 1 9 28 2 8 14 5 10 2 4 22 9 15 2 6 24 4 18 2 2 10 0 10 1 7 18 
6 2 2 12 8 12 2 8 14 5 10 1 4 17 1 6 10 1 0 15 2 9 12 4 11 
6 2 0 22 4 29 1 4 28 2 2 18 6 16 1 7 18 2 6 17 3 19 2 8 14 5 10 
8 1 1 13 2 2 12 8 12 2 7 26 5 26 1 7 22 1 7 13 1 6 10 1 5 23 2 2 10 0 10 
8 2 6 17 3 19 1 4 28 2 9 28 3 20 2 4 16 5 11 1 7 22 1 4 17 2 4 22 9 15 2 7 26 5 26 
7 2 6 17 3 19 1 6 11 2 2 18 6 16 1 0 15 1 4 28 1 7 19 2 5 29 7 16 
5 2 6 24 4 18 2 9 12 4 11 1 6 29 2 8 14 5 10 1 7 22 
6 2 2 10 0 10 2 6 11 4 25 2 9 28 3 20 1 1 13 1 7 18 1 6 10 
6 2 9 28 3 20 2 6 11 4 25 2 2 12 8 12 1 7 19 1 6 11 1 5 23 
5 2 9 28 3 20 2 6 11 4 25 2 8 14 5 10 2 8 12 1 23 2 2 10 0 10 
5 1 4 28 1 7 19 2 8 14 5 10 1 6 29 2 9 28 3 20 
7 1 5 23 2 2 18 6 16 2 0 22 4 29 1 7 18 1 4 17 1 7 22 1 6 10 
5 1 9 28 2 2 18 6 16 1 6 11 1 5 23 1 7 19 
5 1 6 10 2 4 16 5 11 2 7 26 5 26 2 6 24 4 18 1 6 29 
6 2 8 14 5 10 2 4 22 9 15 2 6 11 4 25 2 9 28 3 20 2 9 14 6 26 1 6 10 
8 2 9 12 4 11 2 6 11 4 25 1 6 10 1 4 28 1 7 19 1 1 13 1 4 17 2 2 12 8 12 
7 1 6 10 2 2 10 0 10 2 9 14 6 26 1 9 28 1 6 11 1 0 15 1 6 29 
5 1 7 22 1 1 13 1 0 15 2 2 10 0 10 2 0 22 4 29 
9 1 7 13 1 4 28 1 6 10 2 2 12 8 12 2 9 28 3 20 2 5 29 7 16 1 1 13 1 7 19 1 7 18 
8 1 6 10 1 1 13 2 9 14 6 26 1 5 23 1 6 29 2 9 12 4 11 2 0 22 4 29 1 6 11 
7 2 6 11 4 25 1 5 23 2 9 28 3 20 1 6 29 1 4 17 2 6 24 4 18 2 5 29 7 16 
6 2 4 16 5 11 1 7 19 1 6 10 2 0 22 4 29 1 4 28 2 6 24 4 18 
8 2 2 18 6 16 1 0 15 1 7 13 1 6 10 1 6 11 2 6 17 3 19 1 7 19 2 0 22 4 29 
7 1 6 29 2 9 28 3 20 2 4 22 9 15 1 5 23 2 9 12 4 11 2 5 29 7 16 1 6 10 
9 2 9 28 3 20 2 8 14 5 10 1 9 28 1 1 13 1 7 19 2 6 17 3 19 2 4 16 5 11 1 6 11 1 5 23 
6 2 8 12 1 23 1 6 10 1 9 28 2 9 12 4 11 2 9 14 6 26 2 8 14 5 10 
5 2 8 12 1 23 1 0 15 2 4 22 9 15 1 6 11 1 5 23 
6 1 7 22 1 0 15 2 6 17 3 19 2 2 18 6 16 1 7 13 2 9 14 6 26 
5 1 7 22 2 6 11 4 25 1 7 19 2 2 18 6 16 1 5 23 
6 1 7 22 2 6 11 4 25 1 6 10 2 8 14 5 10 2 2 10 0 10 2 8 12 1 23 

Dynamic Events

# Machine Breakdowns (machine_id start_time end_time)
Machine Breakdowns
6 648 656

# Added Jobs (arrival_time: num_ops num_alts_op1 m1 p1 ... num_alts_op2 m1 p1 ...)
Added Jobs
126: 7 2 8 14 5 27 2 6 16 5 26 1 1 14 2 5 18 3 19 1 9 14 1 1 16 2 9 21 2 16 
150: 7 2 3 20 5 12 1 5 28 1 0 10 2 8 12 3 20 1 1 17 2 5 19 9 15 1 3 20 
180: 8 2 3 20 6 13 1 7 26 2 2 10 0 21 1 2 10 1 4 19 1 6 14 1 9 20 1 4 11 
205: 5 1 9 17 1 3 19 2 5 23 0 15 2 8 13 6 20 1 8 12 
224: 5 1 9 27 2 0 14 2 11 1 0 19 1 3 20 1 6 14 
268: 9 2 7 15 8 14 1 0 22 1 6 23 1 8 12 2 4 29 9 23 2 6 22 9 19 2 6 13 2 13 2 5 22 4 20 1 1 17 

# Cancelled Jobs (cancel_time initial_job_sim_idx_to_cancel)
Cancelled Jobs
312 14
477 6

# ETPC Constraints (fore_job_sim_idx fore_op_idx hind_job_sim_idx hind_op_idx time_lapse)
ETPC Constraints
22 4 31 2 3
4 4 14 4 14
6 2 10 4 19
29 2 6 2 20
4 3 6 1 19
0 3 8 1 6
34 4 16 4 16
7 1 26 3 11
34 0 2 1 15
32 0 25 4 15
3 0 6 2 7
0 2 33 7 11
27 4 20 4 4
23 2 11 6 9
32 3 12 1 10
20 0 34 3 11
29 0 20 5 5
24 5 1 4 20
4 1 31 4 6
24 2 7 2 12
14 1 12 1 18
7 1 3 6 13
18 0 31 0 4
15 3 18 6 19
3 3 19 7 3
32 3 25 1 9
35 6 8 3 20
14 3 21 0 17
0 1 4 5 16
11 6 29 2 16
25 3 15 6 11
11 0 24 0 19
30 6 2 0 6
15 1 19 6 13
29 3 28 3 15
16 2 22 4 14
0 3 10 0 8
3 2 21 4 7
20 0 27 4 11
27 4 34 3 5
13 4 28 2 15
11 0 4 5 14
16 6 15 6 12
30 5 16 4 13
14 3 0 1 16
29 4 21 2 19
15 5 30 3 4
0 3 9 0 4
14 2 21 4 10
20 0 7 1 3
29 0 12 4 7
26 3 35 2 6
22 3 25 2 5
7 0 13 3 12
9 3 15 1 17
1 4 24 0 16
12 4 5 2 10
23 2 7 2 8
11 6 5 2 13
5 3 13 0 10
16 4 32 3 14
30 6 25 5 18
12 2 21 4 7
22 4 0 4 9
1 4 27 4 19
34 3 11 2 4
14 3 25 1 8
2 4 9 0 10
32 5 9 0 6
27 2 33 6 14
19 0 2 2 16
24 5 22 2 19
