30 10
7 3 0 15 6 11 7 26 5 1 15 0 29 7 21 5 22 9 27 2 0 19 2 11 4 3 21 0 16 4 22 1 23 1 7 13 4 9 24 5 20 2 12 3 11 4 3 18 7 25 8 24 0 12 
7 4 4 29 1 28 0 23 9 16 1 7 13 5 1 15 0 29 7 21 5 22 9 27 2 1 21 9 18 1 0 23 2 1 24 2 18 4 9 11 7 21 4 10 1 14 
8 5 1 20 2 18 7 15 3 19 4 17 5 1 15 0 29 7 21 5 22 9 27 3 0 15 6 11 7 26 4 9 27 1 25 6 16 8 11 4 1 10 6 21 9 17 4 18 1 2 18 2 8 29 0 29 1 0 23 
9 5 1 15 0 29 7 21 5 22 9 27 4 3 21 0 16 4 22 1 23 5 4 21 6 29 8 25 3 27 2 14 3 0 15 6 11 7 26 3 3 24 6 18 7 22 2 1 21 9 18 5 3 13 1 16 7 24 5 17 6 22 4 9 27 1 25 6 16 8 11 4 3 14 6 25 5 24 8 21 
6 5 3 13 1 16 7 24 5 17 6 22 3 0 15 6 11 7 26 4 9 27 1 25 6 16 8 11 4 9 11 7 21 4 10 1 14 2 8 29 0 29 2 1 21 9 18 
7 5 4 21 6 29 8 25 3 27 2 14 5 1 20 2 18 7 15 3 19 4 17 4 3 18 7 25 8 24 0 12 5 6 15 8 16 3 11 7 23 5 24 4 9 27 1 25 6 16 8 11 4 9 24 5 20 2 12 3 11 3 3 19 9 10 1 10 
9 2 0 19 2 11 1 0 23 1 7 13 2 1 21 9 18 5 1 15 0 29 7 21 5 22 9 27 3 3 24 6 18 7 22 1 0 17 5 6 15 8 16 3 11 7 23 5 24 4 3 21 0 16 4 22 1 23 
9 4 3 21 0 16 4 22 1 23 5 1 15 0 29 7 21 5 22 9 27 2 1 21 9 18 2 8 29 0 29 1 0 17 3 3 24 6 18 7 22 1 7 13 4 3 19 0 29 1 24 9 11 5 1 20 2 18 7 15 3 19 4 17 
9 2 1 24 2 18 4 9 27 1 25 6 16 8 11 4 9 11 7 21 4 10 1 14 1 2 18 4 3 19 0 29 1 24 9 11 1 0 23 1 7 13 2 7 22 5 24 5 3 13 1 16 7 24 5 17 6 22 
9 5 6 15 8 16 3 11 7 23 5 24 4 3 19 0 29 1 24 9 11 2 1 24 2 18 5 1 15 0 29 7 21 5 22 9 27 5 4 21 6 29 8 25 3 27 2 14 2 0 19 2 11 1 2 18 2 8 29 0 29 5 3 13 1 16 7 24 5 17 6 22 
9 4 3 19 0 29 1 24 9 11 4 3 14 6 25 5 24 8 21 5 3 18 1 19 4 23 2 20 7 19 5 4 21 6 29 8 25 3 27 2 14 1 7 13 5 1 15 0 29 7 21 5 22 9 27 2 0 19 2 11 5 4 22 2 18 6 19 8 26 3 12 2 1 21 9 18 
5 4 9 27 1 25 6 16 8 11 5 4 21 6 29 8 25 3 27 2 14 1 2 18 4 3 21 0 16 4 22 1 23 5 1 20 2 18 7 15 3 19 4 17 
8 4 3 21 0 16 4 22 1 23 5 3 18 1 19 4 23 2 20 7 19 4 6 16 3 19 2 17 0 25 5 1 15 0 29 7 21 5 22 9 27 2 1 21 9 18 2 8 29 0 29 3 3 24 6 18 7 22 5 3 13 1 16 7 24 5 17 6 22 
8 5 4 21 6 29 8 25 3 27 2 14 4 6 16 3 19 2 17 0 25 2 8 29 0 29 4 3 18 7 25 8 24 0 12 4 4 29 1 28 0 23 9 16 2 7 22 5 24 4 3 14 6 25 5 24 8 21 4 3 19 0 29 1 24 9 11 
9 1 0 23 4 6 16 3 19 2 17 0 25 4 9 11 7 21 4 10 1 14 4 9 24 5 20 2 12 3 11 1 2 18 2 1 21 9 18 1 0 17 2 7 22 5 24 4 3 21 0 16 4 22 1 23 
7 4 8 15 7 10 2 18 0 22 5 1 15 0 29 7 21 5 22 9 27 1 2 18 5 4 21 6 29 8 25 3 27 2 14 2 1 21 9 18 1 0 23 5 1 20 2 18 7 15 3 19 4 17 
9 2 1 24 2 18 4 3 18 7 25 8 24 0 12 4 4 29 1 28 0 23 9 16 5 4 22 2 18 6 19 8 26 3 12 3 0 15 6 11 7 26 4 9 27 1 25 6 16 8 11 1 0 23 2 1 21 9 18 5 3 18 1 19 4 23 2 20 7 19 
8 2 7 22 5 24 4 4 29 1 28 0 23 9 16 2 1 24 2 18 5 1 20 2 18 7 15 3 19 4 17 5 6 15 8 16 3 11 7 23 5 24 3 3 24 6 18 7 22 4 3 14 6 25 5 24 8 21 3 0 15 6 11 7 26 
9 4 9 24 5 20 2 12 3 11 5 4 21 6 29 8 25 3 27 2 14 4 4 29 1 28 0 23 9 16 2 8 29 0 29 4 6 16 3 19 2 17 0 25 4 3 19 0 29 1 24 9 11 2 1 24 2 18 4 3 14 6 25 5 24 8 21 5 3 18 1 19 4 23 2 20 7 19 
6 4 3 21 0 16 4 22 1 23 5 6 15 8 16 3 11 7 23 5 24 3 3 24 6 18 7 22 4 8 15 7 10 2 18 0 22 1 0 17 5 3 18 1 19 4 23 2 20 7 19 
5 5 4 22 2 18 6 19 8 26 3 12 4 3 14 6 25 5 24 8 21 4 3 21 0 16 4 22 1 23 1 2 18 1 7 13 
9 4 9 11 7 21 4 10 1 14 5 1 20 2 18 7 15 3 19 4 17 1 7 13 5 4 22 2 18 6 19 8 26 3 12 1 0 23 5 6 15 8 16 3 11 7 23 5 24 2 8 29 0 29 2 7 22 5 24 1 2 18 
5 3 0 15 6 11 7 26 3 3 24 6 18 7 22 4 9 11 7 21 4 10 1 14 3 3 19 9 10 1 10 4 3 21 0 16 4 22 1 23 
9 4 4 29 1 28 0 23 9 16 5 3 13 1 16 7 24 5 17 6 22 5 4 21 6 29 8 25 3 27 2 14 3 0 15 6 11 7 26 2 8 29 0 29 5 3 18 1 19 4 23 2 20 7 19 2 1 21 9 18 4 3 21 0 16 4 22 1 23 4 1 10 6 21 9 17 4 18 
7 5 4 21 6 29 8 25 3 27 2 14 2 7 22 5 24 2 1 24 2 18 3 3 19 9 10 1 10 5 4 22 2 18 6 19 8 26 3 12 1 0 23 1 0 17 
6 2 1 21 9 18 4 1 10 6 21 9 17 4 18 3 0 15 6 11 7 26 4 3 14 6 25 5 24 8 21 5 4 21 6 29 8 25 3 27 2 14 5 1 15 0 29 7 21 5 22 9 27 
9 5 6 15 8 16 3 11 7 23 5 24 2 0 19 2 11 4 3 14 6 25 5 24 8 21 4 3 21 0 16 4 22 1 23 5 1 15 0 29 7 21 5 22 9 27 5 4 21 6 29 8 25 3 27 2 14 1 7 13 4 3 18 7 25 8 24 0 12 4 9 24 5 20 2 12 3 11 
7 2 0 19 2 11 4 3 14 6 25 5 24 8 21 4 8 15 7 10 2 18 0 22 4 3 18 7 25 8 24 0 12 3 3 19 9 10 1 10 4 9 24 5 20 2 12 3 11 1 0 17 
8 4 6 16 3 19 2 17 0 25 4 4 29 1 28 0 23 9 16 4 3 18 7 25 8 24 0 12 4 9 11 7 21 4 10 1 14 1 0 17 5 1 15 0 29 7 21 5 22 9 27 3 3 19 9 10 1 10 4 3 21 0 16 4 22 1 23 
8 4 3 21 0 16 4 22 1 23 2 8 29 0 29 3 0 15 6 11 7 26 5 3 13 1 16 7 24 5 17 6 22 4 6 16 3 19 2 17 0 25 4 3 18 7 25 8 24 0 12 3 3 24 6 18 7 22 5 6 15 8 16 3 11 7 23 5 24 

Dynamic Events

# Machine Breakdowns (machine_id start_time end_time)
Machine Breakdowns
5 723 737

# Added Jobs (arrival_time: num_ops num_alts_op1 m1 p1 ... num_alts_op2 m1 p1 ...)
Added Jobs
234: 5 3 5 18 9 20 6 17 5 7 22 2 11 6 14 1 20 5 24 3 7 24 9 11 5 17 5 6 18 4 29 8 22 2 14 0 26 3 6 20 3 11 7 24 
330: 7 4 1 19 6 14 5 23 4 24 1 5 23 1 5 19 4 1 19 0 26 7 17 2 15 5 8 27 2 13 9 13 7 24 1 11 1 9 22 2 2 18 8 25 
345: 6 2 2 14 1 16 3 9 14 5 17 6 18 5 3 22 1 23 8 22 0 20 4 27 4 2 17 6 25 0 19 9 16 3 7 13 4 16 1 20 2 4 17 1 13 
362: 9 3 1 11 3 20 4 17 1 4 21 5 8 26 7 24 5 17 4 26 6 13 3 6 21 5 17 9 16 4 2 13 3 12 6 19 1 23 1 5 17 2 8 27 6 15 3 8 29 5 23 9 16 2 8 29 3 11 
405: 8 3 8 27 1 24 0 26 1 2 14 2 5 23 1 18 2 0 22 1 25 4 2 17 8 22 3 20 4 21 2 1 10 3 11 3 4 11 7 17 0 25 4 5 22 8 20 3 24 4 14 
465: 6 5 4 29 2 19 5 24 0 23 8 12 4 1 28 8 19 7 26 4 14 5 2 11 6 20 4 10 0 21 5 24 3 9 22 2 19 4 17 4 9 18 0 24 4 16 1 19 4 0 25 5 18 7 15 1 22 

# Cancelled Jobs (cancel_time initial_job_sim_idx_to_cancel)
Cancelled Jobs
59 23
194 10
312 8
608 29
646 5

# ETPC Constraints (fore_job_sim_idx fore_op_idx hind_job_sim_idx hind_op_idx time_lapse)
ETPC Constraints
27 4 32 4 10
18 4 4 5 6
12 0 31 7 8
3 1 24 0 5
31 6 15 5 10
5 1 32 0 6
7 8 35 6 11
6 6 4 3 12
0 5 3 7 16
35 1 26 0 5
16 1 30 4 7
13 0 21 4 11
17 2 9 3 18
28 4 34 0 9
11 2 15 4 7
6 6 0 1 7
22 4 32 3 20
33 0 0 3 16
10 8 33 3 10
27 4 28 6 19
32 5 25 5 20
13 4 19 4 16
2 1 29 0 8
4 2 30 1 19
13 7 23 2 10
19 3 16 0 20
21 7 22 0 20
30 1 1 3 13
14 5 31 4 13
25 2 22 0 13
27 3 30 2 16
4 1 26 5 11
17 1 21 6 12
31 7 4 2 12
19 0 32 1 7
30 1 16 3 11
27 5 34 0 8
26 2 28 5 16
25 3 1 4 7
14 4 9 4 7
2 1 8 5 4
10 4 18 3 6
15 1 16 2 4
7 2 11 4 3
32 4 7 3 20
11 4 35 1 4
35 4 1 3 16
35 3 2 4 15
29 6 34 4 11
33 0 35 1 15
13 3 30 4 3
6 7 28 6 12
0 0 20 4 15
34 1 14 1 14
17 2 31 5 7
5 5 13 0 7
6 2 4 3 5
13 5 20 0 13
15 4 5 5 19
0 1 17 3 19
9 4 18 0 20
18 7 22 0 20
9 4 13 0 20
31 7 20 0 18
33 3 26 7 4
10 1 17 0 16
34 3 29 5 13
33 4 2 3 5
11 1 30 1 9
29 3 11 3 12
27 5 31 3 6
4 1 24 4 6
