30 10
7 3 0 15 6 11 7 26 5 1 15 0 29 7 21 5 22 9 27 2 0 19 2 11 4 3 21 0 16 4 22 1 23 1 7 13 4 9 24 5 20 2 12 3 11 4 3 18 7 25 8 24 0 12 
7 4 4 29 1 28 0 23 9 16 1 7 13 5 1 15 0 29 7 21 5 22 9 27 2 1 21 9 18 1 0 23 2 1 24 2 18 4 9 11 7 21 4 10 1 14 
8 5 1 20 2 18 7 15 3 19 4 17 5 1 15 0 29 7 21 5 22 9 27 3 0 15 6 11 7 26 4 9 27 1 25 6 16 8 11 4 1 10 6 21 9 17 4 18 1 2 18 2 8 29 0 29 1 0 23 
9 5 1 15 0 29 7 21 5 22 9 27 4 3 21 0 16 4 22 1 23 5 4 21 6 29 8 25 3 27 2 14 3 0 15 6 11 7 26 3 3 24 6 18 7 22 2 1 21 9 18 5 3 13 1 16 7 24 5 17 6 22 4 9 27 1 25 6 16 8 11 4 3 14 6 25 5 24 8 21 
6 5 3 13 1 16 7 24 5 17 6 22 3 0 15 6 11 7 26 4 9 27 1 25 6 16 8 11 4 9 11 7 21 4 10 1 14 2 8 29 0 29 2 1 21 9 18 
7 5 4 21 6 29 8 25 3 27 2 14 5 1 20 2 18 7 15 3 19 4 17 4 3 18 7 25 8 24 0 12 5 6 15 8 16 3 11 7 23 5 24 4 9 27 1 25 6 16 8 11 4 9 24 5 20 2 12 3 11 3 3 19 9 10 1 10 
9 2 0 19 2 11 1 0 23 1 7 13 2 1 21 9 18 5 1 15 0 29 7 21 5 22 9 27 3 3 24 6 18 7 22 1 0 17 5 6 15 8 16 3 11 7 23 5 24 4 3 21 0 16 4 22 1 23 
9 4 3 21 0 16 4 22 1 23 5 1 15 0 29 7 21 5 22 9 27 2 1 21 9 18 2 8 29 0 29 1 0 17 3 3 24 6 18 7 22 1 7 13 4 3 19 0 29 1 24 9 11 5 1 20 2 18 7 15 3 19 4 17 
9 2 1 24 2 18 4 9 27 1 25 6 16 8 11 4 9 11 7 21 4 10 1 14 1 2 18 4 3 19 0 29 1 24 9 11 1 0 23 1 7 13 2 7 22 5 24 5 3 13 1 16 7 24 5 17 6 22 
9 5 6 15 8 16 3 11 7 23 5 24 4 3 19 0 29 1 24 9 11 2 1 24 2 18 5 1 15 0 29 7 21 5 22 9 27 5 4 21 6 29 8 25 3 27 2 14 2 0 19 2 11 1 2 18 2 8 29 0 29 5 3 13 1 16 7 24 5 17 6 22 
9 4 3 19 0 29 1 24 9 11 4 3 14 6 25 5 24 8 21 5 3 18 1 19 4 23 2 20 7 19 5 4 21 6 29 8 25 3 27 2 14 1 7 13 5 1 15 0 29 7 21 5 22 9 27 2 0 19 2 11 5 4 22 2 18 6 19 8 26 3 12 2 1 21 9 18 
5 4 9 27 1 25 6 16 8 11 5 4 21 6 29 8 25 3 27 2 14 1 2 18 4 3 21 0 16 4 22 1 23 5 1 20 2 18 7 15 3 19 4 17 
8 4 3 21 0 16 4 22 1 23 5 3 18 1 19 4 23 2 20 7 19 4 6 16 3 19 2 17 0 25 5 1 15 0 29 7 21 5 22 9 27 2 1 21 9 18 2 8 29 0 29 3 3 24 6 18 7 22 5 3 13 1 16 7 24 5 17 6 22 
8 5 4 21 6 29 8 25 3 27 2 14 4 6 16 3 19 2 17 0 25 2 8 29 0 29 4 3 18 7 25 8 24 0 12 4 4 29 1 28 0 23 9 16 2 7 22 5 24 4 3 14 6 25 5 24 8 21 4 3 19 0 29 1 24 9 11 
9 1 0 23 4 6 16 3 19 2 17 0 25 4 9 11 7 21 4 10 1 14 4 9 24 5 20 2 12 3 11 1 2 18 2 1 21 9 18 1 0 17 2 7 22 5 24 4 3 21 0 16 4 22 1 23 
7 4 8 15 7 10 2 18 0 22 5 1 15 0 29 7 21 5 22 9 27 1 2 18 5 4 21 6 29 8 25 3 27 2 14 2 1 21 9 18 1 0 23 5 1 20 2 18 7 15 3 19 4 17 
9 2 1 24 2 18 4 3 18 7 25 8 24 0 12 4 4 29 1 28 0 23 9 16 5 4 22 2 18 6 19 8 26 3 12 3 0 15 6 11 7 26 4 9 27 1 25 6 16 8 11 1 0 23 2 1 21 9 18 5 3 18 1 19 4 23 2 20 7 19 
8 2 7 22 5 24 4 4 29 1 28 0 23 9 16 2 1 24 2 18 5 1 20 2 18 7 15 3 19 4 17 5 6 15 8 16 3 11 7 23 5 24 3 3 24 6 18 7 22 4 3 14 6 25 5 24 8 21 3 0 15 6 11 7 26 
9 4 9 24 5 20 2 12 3 11 5 4 21 6 29 8 25 3 27 2 14 4 4 29 1 28 0 23 9 16 2 8 29 0 29 4 6 16 3 19 2 17 0 25 4 3 19 0 29 1 24 9 11 2 1 24 2 18 4 3 14 6 25 5 24 8 21 5 3 18 1 19 4 23 2 20 7 19 
6 4 3 21 0 16 4 22 1 23 5 6 15 8 16 3 11 7 23 5 24 3 3 24 6 18 7 22 4 8 15 7 10 2 18 0 22 1 0 17 5 3 18 1 19 4 23 2 20 7 19 
5 5 4 22 2 18 6 19 8 26 3 12 4 3 14 6 25 5 24 8 21 4 3 21 0 16 4 22 1 23 1 2 18 1 7 13 
9 4 9 11 7 21 4 10 1 14 5 1 20 2 18 7 15 3 19 4 17 1 7 13 5 4 22 2 18 6 19 8 26 3 12 1 0 23 5 6 15 8 16 3 11 7 23 5 24 2 8 29 0 29 2 7 22 5 24 1 2 18 
5 3 0 15 6 11 7 26 3 3 24 6 18 7 22 4 9 11 7 21 4 10 1 14 3 3 19 9 10 1 10 4 3 21 0 16 4 22 1 23 
9 4 4 29 1 28 0 23 9 16 5 3 13 1 16 7 24 5 17 6 22 5 4 21 6 29 8 25 3 27 2 14 3 0 15 6 11 7 26 2 8 29 0 29 5 3 18 1 19 4 23 2 20 7 19 2 1 21 9 18 4 3 21 0 16 4 22 1 23 4 1 10 6 21 9 17 4 18 
7 5 4 21 6 29 8 25 3 27 2 14 2 7 22 5 24 2 1 24 2 18 3 3 19 9 10 1 10 5 4 22 2 18 6 19 8 26 3 12 1 0 23 1 0 17 
6 2 1 21 9 18 4 1 10 6 21 9 17 4 18 3 0 15 6 11 7 26 4 3 14 6 25 5 24 8 21 5 4 21 6 29 8 25 3 27 2 14 5 1 15 0 29 7 21 5 22 9 27 
9 5 6 15 8 16 3 11 7 23 5 24 2 0 19 2 11 4 3 14 6 25 5 24 8 21 4 3 21 0 16 4 22 1 23 5 1 15 0 29 7 21 5 22 9 27 5 4 21 6 29 8 25 3 27 2 14 1 7 13 4 3 18 7 25 8 24 0 12 4 9 24 5 20 2 12 3 11 
7 2 0 19 2 11 4 3 14 6 25 5 24 8 21 4 8 15 7 10 2 18 0 22 4 3 18 7 25 8 24 0 12 3 3 19 9 10 1 10 4 9 24 5 20 2 12 3 11 1 0 17 
8 4 6 16 3 19 2 17 0 25 4 4 29 1 28 0 23 9 16 4 3 18 7 25 8 24 0 12 4 9 11 7 21 4 10 1 14 1 0 17 5 1 15 0 29 7 21 5 22 9 27 3 3 19 9 10 1 10 4 3 21 0 16 4 22 1 23 
8 4 3 21 0 16 4 22 1 23 2 8 29 0 29 3 0 15 6 11 7 26 5 3 13 1 16 7 24 5 17 6 22 4 6 16 3 19 2 17 0 25 4 3 18 7 25 8 24 0 12 3 3 24 6 18 7 22 5 6 15 8 16 3 11 7 23 5 24 

Dynamic Events

# Machine Breakdowns (machine_id start_time end_time)
Machine Breakdowns
0 877 886
4 868 882
6 176 190
7 745 758

# Added Jobs (arrival_time: num_ops num_alts_op1 m1 p1 ... num_alts_op2 m1 p1 ...)
Added Jobs
179: 6 4 8 16 7 16 6 20 2 14 1 8 17 3 2 20 8 14 7 13 3 1 17 8 25 5 24 1 8 29 1 1 16 
255: 9 5 1 15 5 24 3 25 4 22 2 14 1 1 22 5 0 18 7 23 4 25 6 26 1 19 3 1 10 7 22 9 19 4 8 19 3 13 7 23 6 22 2 3 26 5 21 2 9 21 1 28 2 8 20 5 18 2 4 18 8 29 
377: 5 4 8 17 9 25 1 11 7 12 4 7 19 0 24 8 25 1 24 2 0 29 2 19 1 6 26 1 0 21 
379: 5 2 1 19 8 19 2 8 16 0 29 3 4 19 9 15 0 23 1 0 18 3 0 21 2 13 7 23 
432: 8 2 0 12 8 20 3 2 18 7 23 5 23 5 3 22 0 28 9 20 2 19 7 14 3 3 19 9 20 6 27 4 4 13 8 16 1 22 6 16 4 5 22 9 12 3 18 7 16 5 8 19 2 15 4 15 6 22 0 29 5 2 17 8 15 5 18 0 20 9 24 

# Cancelled Jobs (cancel_time initial_job_sim_idx_to_cancel)
Cancelled Jobs
213 12
364 23
717 15

# ETPC Constraints (fore_job_sim_idx fore_op_idx hind_job_sim_idx hind_op_idx time_lapse)
ETPC Constraints
22 2 31 3 18
11 1 15 0 16
32 4 26 2 11
7 8 16 2 15
8 3 17 1 9
1 4 29 7 10
11 4 26 6 8
10 7 2 1 4
13 6 17 5 3
21 1 6 6 19
24 4 13 0 6
24 3 21 2 14
20 4 12 1 18
12 2 28 7 19
19 1 26 4 5
22 4 19 1 8
11 0 25 1 16
18 0 21 4 6
5 5 22 1 6
15 6 0 3 18
4 1 34 0 17
23 5 28 5 8
9 5 20 4 12
29 7 22 0 16
5 4 29 6 5
29 0 7 4 4
26 5 16 2 6
4 0 22 3 17
1 6 27 2 6
5 4 17 2 7
15 2 8 5 11
13 3 21 5 7
31 8 26 4 19
1 1 21 1 14
29 4 27 2 8
33 6 34 0 18
22 4 4 5 15
29 4 18 7 20
13 0 17 2 8
4 4 20 3 12
17 4 5 6 3
4 1 17 3 4
3 1 7 2 4
15 5 28 7 9
31 1 5 4 8
2 5 24 3 14
14 7 8 8 4
0 5 13 0 9
25 5 0 3 15
12 3 34 0 14
12 1 1 1 4
21 0 4 1 8
3 2 9 4 11
34 3 21 1 19
8 3 23 0 11
34 1 0 5 7
6 8 34 3 12
31 4 12 6 10
6 4 15 1 9
15 5 21 6 5
26 6 14 1 10
11 2 31 4 13
13 0 18 3 12
14 3 22 4 10
14 3 29 1 9
17 7 13 0 19
13 4 32 3 9
19 0 18 6 11
6 3 10 7 9
32 1 0 5 11
