30 15
8 1 8 20 2 4 28 9 19 1 11 17 1 11 17 2 12 27 13 25 2 8 28 4 25 1 8 20 2 12 15 1 21 
11 2 4 29 9 28 1 13 14 2 12 27 13 25 2 8 28 4 25 1 13 18 2 4 22 14 27 2 13 20 9 18 1 13 16 1 8 20 1 6 17 2 13 27 7 23 
8 2 12 17 2 19 2 13 20 9 18 1 11 17 2 4 28 0 11 1 0 25 2 3 16 12 10 2 10 25 5 23 1 13 16 
10 2 4 29 9 28 1 6 17 2 4 12 8 17 1 3 16 2 11 19 13 13 1 1 20 2 13 20 9 18 1 13 16 2 4 28 0 11 2 3 16 12 10 
9 2 4 22 14 27 2 4 28 0 11 1 8 20 2 13 27 7 23 2 8 28 4 25 1 11 17 1 10 11 2 4 28 9 19 1 6 17 
8 1 13 20 1 10 11 2 4 29 9 28 1 10 27 2 10 25 5 23 1 11 17 2 13 27 7 23 2 12 27 13 25 
8 2 13 27 7 23 1 1 20 2 11 19 13 13 2 4 28 0 11 2 3 16 12 10 2 4 12 8 17 2 11 13 3 10 2 10 25 5 23 
11 1 13 16 1 13 18 2 4 12 8 17 2 12 27 13 25 1 11 17 2 4 22 14 27 2 10 25 5 23 1 0 25 2 4 28 0 11 1 11 17 2 4 29 9 28 
11 1 10 11 1 11 17 1 13 14 2 8 14 5 19 1 13 20 1 6 17 1 0 25 1 8 20 2 4 28 0 11 1 1 20 2 3 16 12 10 
10 2 10 25 5 23 2 13 20 9 18 1 13 14 1 11 17 1 13 18 2 12 27 13 25 1 13 20 1 3 16 2 11 13 3 10 1 0 25 
10 2 4 29 9 28 1 8 20 2 12 17 2 19 2 13 27 7 23 2 3 16 12 10 1 13 14 2 8 14 5 19 1 11 17 1 13 20 1 13 16 
8 2 4 29 9 28 2 10 25 5 23 1 11 17 1 8 20 2 12 27 13 25 2 12 15 1 21 2 4 28 9 19 2 11 13 3 10 
11 2 13 20 9 18 2 11 19 13 13 2 12 17 2 19 2 3 16 12 10 1 13 16 1 13 18 2 12 15 1 21 2 10 25 5 23 1 13 14 1 8 20 1 11 17 
9 1 10 27 2 3 16 12 10 2 4 28 0 11 1 13 18 1 1 20 2 12 15 1 21 1 13 14 1 3 16 2 13 20 9 18 
10 2 4 12 8 17 1 11 17 1 10 11 1 13 18 2 4 29 9 28 1 1 20 2 3 16 12 10 2 4 22 14 27 1 8 20 2 4 28 0 11 
9 1 8 20 1 13 18 2 4 28 9 19 1 8 20 2 12 15 1 21 2 8 28 4 25 2 4 28 0 11 2 4 22 14 27 2 10 25 5 23 
8 2 4 22 14 27 2 13 27 7 23 1 13 18 1 1 20 2 12 15 1 21 1 10 27 1 6 17 2 3 16 12 10 
9 1 10 11 2 12 17 2 19 1 8 20 1 13 14 2 8 28 4 25 2 11 19 13 13 2 4 28 9 19 2 4 12 8 17 1 11 17 
10 1 8 20 2 11 13 3 10 2 4 29 9 28 1 11 17 2 4 22 14 27 2 12 15 1 21 1 10 27 2 8 14 5 19 2 10 25 5 23 2 11 19 13 13 
8 2 8 28 4 25 2 12 27 13 25 2 13 27 7 23 2 4 28 0 11 1 11 17 2 10 25 5 23 1 8 20 1 13 20 
8 1 13 14 2 13 20 9 18 2 4 22 14 27 2 8 14 5 19 2 3 16 12 10 2 11 19 13 13 1 8 20 2 12 27 13 25 
8 2 4 29 9 28 2 12 17 2 19 1 11 17 2 8 28 4 25 1 13 14 1 13 18 2 10 25 5 23 2 13 20 9 18 
8 2 3 16 12 10 1 11 17 1 6 17 2 8 14 5 19 2 4 12 8 17 1 1 20 1 13 20 2 4 29 9 28 
11 2 13 27 7 23 1 3 16 1 8 20 1 1 20 2 10 25 5 23 2 4 28 0 11 2 3 16 12 10 1 0 25 2 4 28 9 19 1 13 14 2 12 27 13 25 
9 2 10 25 5 23 2 8 14 5 19 2 4 28 0 11 1 13 18 2 13 27 7 23 2 12 27 13 25 2 3 16 12 10 2 11 19 13 13 1 10 27 
8 1 13 14 2 13 27 7 23 2 8 14 5 19 2 4 22 14 27 2 11 19 13 13 1 10 27 1 13 18 2 4 28 0 11 
10 1 13 20 1 11 17 2 3 16 12 10 1 6 17 1 8 20 2 4 22 14 27 2 4 28 9 19 1 10 11 2 11 19 13 13 2 8 14 5 19 
8 2 13 20 9 18 1 3 16 1 13 20 2 8 14 5 19 1 6 17 1 13 16 1 8 20 2 4 29 9 28 
10 2 11 13 3 10 2 8 28 4 25 1 11 17 2 4 28 0 11 2 13 27 7 23 1 8 20 1 13 20 2 13 20 9 18 2 12 27 13 25 1 3 16 
11 1 3 16 1 6 17 2 12 15 1 21 2 3 16 12 10 2 4 28 0 11 2 4 28 9 19 1 13 14 2 12 27 13 25 1 13 20 1 13 16 1 11 17 

Dynamic Events

# Machine Breakdowns (machine_id start_time end_time)
Machine Breakdowns
0 178 190
3 400 411
5 1088 1097
8 668 682
13 77 89

# Added Jobs (arrival_time: num_ops num_alts_op1 m1 p1 ... num_alts_op2 m1 p1 ...)
Added Jobs
170: 8 2 10 18 6 17 2 2 19 12 15 2 5 19 7 23 2 1 21 9 19 1 12 12 1 7 23 2 3 15 13 15 2 3 13 11 15 
327: 8 1 5 19 2 3 13 9 24 1 6 17 1 7 23 2 2 19 3 14 2 0 13 7 23 1 5 21 1 9 18 
412: 10 1 10 18 2 9 22 0 15 2 12 13 7 23 1 4 12 2 10 19 3 12 1 11 13 2 1 21 4 22 2 4 28 5 20 1 7 23 2 13 14 3 14 
460: 9 2 7 23 12 17 2 12 27 5 21 2 2 19 12 13 2 8 18 12 14 2 12 19 3 12 1 13 20 2 8 18 6 17 2 4 27 5 23 2 12 26 6 17 

# Cancelled Jobs (cancel_time initial_job_sim_idx_to_cancel)
Cancelled Jobs
384 9
435 5
578 13

# ETPC Constraints (fore_job_sim_idx fore_op_idx hind_job_sim_idx hind_op_idx time_lapse)
ETPC Constraints
16 2 19 4 17
12 0 32 6 19
1 8 20 4 18
17 2 14 0 17
16 1 12 10 4
21 1 16 7 7
22 3 1 8 17
23 1 12 1 18
31 9 29 10 6
16 6 28 3 16
22 4 7 2 7
30 8 0 3 8
13 2 9 3 3
14 3 13 0 6
31 4 17 4 12
5 2 1 2 19
24 4 26 7 5
5 6 25 4 19
26 1 16 1 9
27 1 18 8 19
19 3 21 3 11
26 9 19 0 4
11 6 21 1 18
1 7 32 1 20
31 8 15 2 14
0 2 9 4 15
28 0 23 1 19
19 3 31 8 5
6 4 25 4 19
15 6 10 8 19
20 5 15 2 13
4 7 2 0 16
19 3 33 2 11
26 5 29 9 15
6 5 12 10 13
26 6 11 3 20
11 5 8 8 7
16 4 12 8 13
30 4 1 0 12
27 5 10 5 13
17 2 8 4 4
10 4 11 5 12
24 7 30 2 17
17 6 4 5 15
10 7 32 0 16
16 7 26 3 12
29 10 20 1 4
4 5 2 2 13
5 0 29 8 10
22 3 20 3 13
27 2 20 4 12
17 4 7 4 18
27 1 12 8 14
33 6 26 4 10
13 3 16 6 16
4 6 8 5 9
11 0 32 5 15
22 6 2 2 7
2 0 32 2 20
26 2 33 3 14
15 6 29 5 10
26 2 2 6 3
1 6 2 2 14
19 3 24 1 5
17 1 23 6 4
9 7 18 0 6
33 5 29 10 14
19 0 14 8 5
