30 15
8 1 8 20 2 4 28 9 19 1 11 17 1 11 17 2 12 27 13 25 2 8 28 4 25 1 8 20 2 12 15 1 21 
11 2 4 29 9 28 1 13 14 2 12 27 13 25 2 8 28 4 25 1 13 18 2 4 22 14 27 2 13 20 9 18 1 13 16 1 8 20 1 6 17 2 13 27 7 23 
8 2 12 17 2 19 2 13 20 9 18 1 11 17 2 4 28 0 11 1 0 25 2 3 16 12 10 2 10 25 5 23 1 13 16 
10 2 4 29 9 28 1 6 17 2 4 12 8 17 1 3 16 2 11 19 13 13 1 1 20 2 13 20 9 18 1 13 16 2 4 28 0 11 2 3 16 12 10 
9 2 4 22 14 27 2 4 28 0 11 1 8 20 2 13 27 7 23 2 8 28 4 25 1 11 17 1 10 11 2 4 28 9 19 1 6 17 
8 1 13 20 1 10 11 2 4 29 9 28 1 10 27 2 10 25 5 23 1 11 17 2 13 27 7 23 2 12 27 13 25 
8 2 13 27 7 23 1 1 20 2 11 19 13 13 2 4 28 0 11 2 3 16 12 10 2 4 12 8 17 2 11 13 3 10 2 10 25 5 23 
11 1 13 16 1 13 18 2 4 12 8 17 2 12 27 13 25 1 11 17 2 4 22 14 27 2 10 25 5 23 1 0 25 2 4 28 0 11 1 11 17 2 4 29 9 28 
11 1 10 11 1 11 17 1 13 14 2 8 14 5 19 1 13 20 1 6 17 1 0 25 1 8 20 2 4 28 0 11 1 1 20 2 3 16 12 10 
10 2 10 25 5 23 2 13 20 9 18 1 13 14 1 11 17 1 13 18 2 12 27 13 25 1 13 20 1 3 16 2 11 13 3 10 1 0 25 
10 2 4 29 9 28 1 8 20 2 12 17 2 19 2 13 27 7 23 2 3 16 12 10 1 13 14 2 8 14 5 19 1 11 17 1 13 20 1 13 16 
8 2 4 29 9 28 2 10 25 5 23 1 11 17 1 8 20 2 12 27 13 25 2 12 15 1 21 2 4 28 9 19 2 11 13 3 10 
11 2 13 20 9 18 2 11 19 13 13 2 12 17 2 19 2 3 16 12 10 1 13 16 1 13 18 2 12 15 1 21 2 10 25 5 23 1 13 14 1 8 20 1 11 17 
9 1 10 27 2 3 16 12 10 2 4 28 0 11 1 13 18 1 1 20 2 12 15 1 21 1 13 14 1 3 16 2 13 20 9 18 
10 2 4 12 8 17 1 11 17 1 10 11 1 13 18 2 4 29 9 28 1 1 20 2 3 16 12 10 2 4 22 14 27 1 8 20 2 4 28 0 11 
9 1 8 20 1 13 18 2 4 28 9 19 1 8 20 2 12 15 1 21 2 8 28 4 25 2 4 28 0 11 2 4 22 14 27 2 10 25 5 23 
8 2 4 22 14 27 2 13 27 7 23 1 13 18 1 1 20 2 12 15 1 21 1 10 27 1 6 17 2 3 16 12 10 
9 1 10 11 2 12 17 2 19 1 8 20 1 13 14 2 8 28 4 25 2 11 19 13 13 2 4 28 9 19 2 4 12 8 17 1 11 17 
10 1 8 20 2 11 13 3 10 2 4 29 9 28 1 11 17 2 4 22 14 27 2 12 15 1 21 1 10 27 2 8 14 5 19 2 10 25 5 23 2 11 19 13 13 
8 2 8 28 4 25 2 12 27 13 25 2 13 27 7 23 2 4 28 0 11 1 11 17 2 10 25 5 23 1 8 20 1 13 20 
8 1 13 14 2 13 20 9 18 2 4 22 14 27 2 8 14 5 19 2 3 16 12 10 2 11 19 13 13 1 8 20 2 12 27 13 25 
8 2 4 29 9 28 2 12 17 2 19 1 11 17 2 8 28 4 25 1 13 14 1 13 18 2 10 25 5 23 2 13 20 9 18 
8 2 3 16 12 10 1 11 17 1 6 17 2 8 14 5 19 2 4 12 8 17 1 1 20 1 13 20 2 4 29 9 28 
11 2 13 27 7 23 1 3 16 1 8 20 1 1 20 2 10 25 5 23 2 4 28 0 11 2 3 16 12 10 1 0 25 2 4 28 9 19 1 13 14 2 12 27 13 25 
9 2 10 25 5 23 2 8 14 5 19 2 4 28 0 11 1 13 18 2 13 27 7 23 2 12 27 13 25 2 3 16 12 10 2 11 19 13 13 1 10 27 
8 1 13 14 2 13 27 7 23 2 8 14 5 19 2 4 22 14 27 2 11 19 13 13 1 10 27 1 13 18 2 4 28 0 11 
10 1 13 20 1 11 17 2 3 16 12 10 1 6 17 1 8 20 2 4 22 14 27 2 4 28 9 19 1 10 11 2 11 19 13 13 2 8 14 5 19 
8 2 13 20 9 18 1 3 16 1 13 20 2 8 14 5 19 1 6 17 1 13 16 1 8 20 2 4 29 9 28 
10 2 11 13 3 10 2 8 28 4 25 1 11 17 2 4 28 0 11 2 13 27 7 23 1 8 20 1 13 20 2 13 20 9 18 2 12 27 13 25 1 3 16 
11 1 3 16 1 6 17 2 12 15 1 21 2 3 16 12 10 2 4 28 0 11 2 4 28 9 19 1 13 14 2 12 27 13 25 1 13 20 1 13 16 1 11 17 

Dynamic Events

# Machine Breakdowns (machine_id start_time end_time)
Machine Breakdowns
6 571 583
8 694 708
11 729 738

# Added Jobs (arrival_time: num_ops num_alts_op1 m1 p1 ... num_alts_op2 m1 p1 ...)
Added Jobs
133: 8 2 2 19 4 23 2 3 14 0 19 2 3 15 1 20 2 6 17 4 16 1 8 18 1 12 15 1 11 14 1 1 20 
242: 11 1 8 26 1 14 27 2 2 19 10 26 2 5 19 6 17 1 12 12 2 13 23 2 19 2 8 17 6 17 2 6 17 7 23 1 2 19 1 8 22 1 6 17 
346: 11 2 11 13 0 14 1 4 27 2 2 19 14 27 2 1 21 9 28 1 12 13 2 5 21 7 23 1 11 16 1 7 23 1 8 27 2 11 19 2 19 2 0 18 1 20 
447: 11 1 1 20 1 9 19 1 2 19 2 1 21 2 19 2 3 12 9 22 1 1 20 1 4 21 2 5 19 2 19 2 2 19 9 27 1 6 17 1 9 18 
483: 9 2 3 10 11 13 1 6 17 2 4 20 10 12 2 14 27 9 25 2 2 19 8 20 2 6 17 12 18 2 9 19 5 19 1 12 18 2 1 20 8 19 

# Cancelled Jobs (cancel_time initial_job_sim_idx_to_cancel)
Cancelled Jobs
40 6
104 19
133 27
168 23
194 29
436 26

# ETPC Constraints (fore_job_sim_idx fore_op_idx hind_job_sim_idx hind_op_idx time_lapse)
ETPC Constraints
25 3 8 0 18
32 5 20 1 7
5 5 27 1 3
13 6 28 7 19
29 7 19 4 13
28 8 30 0 7
32 1 10 1 14
15 7 13 0 13
1 5 6 3 4
24 4 8 4 13
24 4 2 3 12
20 1 29 2 14
2 4 17 8 8
29 5 11 2 7
20 6 8 7 9
17 6 10 3 12
32 3 1 7 9
5 2 31 10 12
2 4 34 0 14
5 5 32 1 6
12 3 25 7 17
22 4 9 2 8
19 2 23 2 13
17 7 6 4 13
33 1 21 4 9
30 8 9 5 19
10 6 7 5 11
14 0 23 1 15
9 8 25 4 8
21 6 11 1 18
21 3 26 4 15
5 0 25 3 7
9 0 29 2 20
15 0 4 1 9
10 6 17 8 4
20 0 34 5 10
9 8 15 7 11
10 4 26 5 13
4 1 10 9 6
8 8 30 4 9
11 7 4 5 11
34 6 20 5 3
10 7 2 7 9
3 2 16 1 9
21 1 13 2 6
28 5 9 9 9
7 7 31 2 6
5 6 11 0 19
8 8 3 6 12
8 4 27 4 4
26 3 14 9 11
25 4 31 6 17
22 0 12 5 6
15 1 17 6 4
15 7 5 3 13
3 3 33 7 4
32 2 13 3 13
5 6 24 0 18
12 1 14 8 17
16 2 29 6 16
23 8 18 9 7
27 5 20 2 12
31 1 1 0 12
32 7 9 9 19
23 8 14 5 9
15 1 1 7 16
31 3 30 8 13
10 7 19 2 11
11 0 15 1 8
32 6 28 7 12
