10 11
10 1 0 29 1 1 78 1 2 9 2 3 36 10 36 1 4 49 1 5 11 1 6 62 1 7 56 1 8 44 1 9 21 
10 1 0 43 1 2 90 1 4 75 1 9 11 2 3 69 10 69 1 1 28 1 6 46 1 5 46 1 7 72 1 8 30 
10 1 1 91 1 0 85 2 3 39 10 39 1 2 74 1 8 90 1 5 10 1 7 12 1 6 89 1 9 45 1 4 33 
10 1 1 81 1 2 95 1 0 71 1 4 99 1 6 9 1 8 52 1 7 85 2 3 98 10 98 1 9 22 1 5 43 
10 1 2 14 1 0 6 1 1 22 1 5 61 2 3 26 10 26 1 4 69 1 8 21 1 7 49 1 9 72 1 6 53 
10 1 2 84 1 1 2 1 5 52 2 3 95 10 95 1 8 48 1 9 72 1 0 47 1 6 65 1 4 6 1 7 25 
10 1 1 46 1 0 37 2 3 61 10 61 1 2 13 1 6 32 1 5 21 1 9 32 1 8 89 1 7 30 1 4 55 
10 1 2 31 1 0 86 1 1 46 1 5 74 1 4 32 1 6 88 1 8 19 1 9 48 1 7 36 2 3 79 10 79 
10 1 0 76 1 1 69 2 3 76 10 76 1 5 51 1 2 85 1 9 11 1 6 40 1 7 89 1 4 26 1 8 74 
10 1 1 85 1 0 13 1 2 61 1 6 7 1 8 64 1 9 76 1 5 47 2 3 52 10 52 1 4 90 1 7 45 

Dynamic Events

# Machine Breakdowns (machine_id start_time end_time)
Machine Breakdowns
5 192 219
7 124 152
8 121 152

# Added Jobs (arrival_time: num_ops num_alts_op1 m1 p1 ... num_alts_op2 m1 p1 ...)
Added Jobs
69: 10 2 7 46 1 12 2 2 48 0 83 1 3 40 1 4 42 1 1 33 2 9 56 4 67 2 2 54 1 50 2 4 70 3 38 2 0 78 5 47 1 3 97 
104: 10 2 9 42 1 87 2 6 51 3 67 2 6 64 3 26 1 6 25 2 4 23 0 37 2 10 89 3 71 2 3 38 10 52 1 7 63 2 0 25 10 27 1 7 57 
147: 10 1 6 18 1 3 67 2 2 45 8 42 1 8 68 1 5 44 2 10 52 7 52 2 8 86 3 37 2 0 23 6 40 2 3 72 0 40 1 10 71 
193: 10 1 4 12 2 4 47 9 59 1 7 35 1 3 64 2 7 38 3 32 1 8 63 2 2 59 5 29 1 2 93 2 10 67 2 85 2 1 58 8 37 
239: 10 2 5 24 0 39 1 9 49 2 2 82 8 89 1 1 89 1 5 71 2 9 15 7 69 2 9 17 6 39 1 9 72 1 2 81 1 9 74 
240: 10 1 3 32 1 7 30 2 1 87 9 74 1 2 90 2 8 70 6 62 1 5 53 1 5 57 2 6 14 1 6 2 3 67 5 36 2 5 12 7 15 

# ETPC Constraints (fore_job_sim_idx fore_op_idx hind_job_sim_idx hind_op_idx time_lapse)
ETPC Constraints
4 5 10 8 11
8 3 12 9 15
9 3 11 0 9
1 5 4 2 4
7 9 14 5 11
12 4 10 5 10
0 4 3 8 3
8 6 10 5 16
11 9 1 2 17
15 2 11 6 5
1 3 2 6 8
0 4 14 0 5
10 2 1 1 15
3 9 1 0 13
6 6 8 6 6
12 6 9 6 6
14 6 11 0 18
9 6 14 4 5
3 3 2 1 14
10 9 15 2 15
14 7 3 1 18
14 6 9 3 7
14 7 5 2 11
12 9 11 4 20
