10 12
10 1 0 29 1 1 78 2 2 9 11 9 2 3 36 10 36 1 4 49 1 5 11 1 6 62 1 7 56 1 8 44 1 9 21 
10 1 0 43 2 2 90 11 90 1 4 75 1 9 11 2 3 69 10 69 1 1 28 1 6 46 1 5 46 1 7 72 1 8 30 
10 1 1 91 1 0 85 2 3 39 10 39 2 2 74 11 74 1 8 90 1 5 10 1 7 12 1 6 89 1 9 45 1 4 33 
10 1 1 81 2 2 95 11 95 1 0 71 1 4 99 1 6 9 1 8 52 1 7 85 2 3 98 10 98 1 9 22 1 5 43 
10 2 2 14 11 14 1 0 6 1 1 22 1 5 61 2 3 26 10 26 1 4 69 1 8 21 1 7 49 1 9 72 1 6 53 
10 2 2 84 11 84 1 1 2 1 5 52 2 3 95 10 95 1 8 48 1 9 72 1 0 47 1 6 65 1 4 6 1 7 25 
10 1 1 46 1 0 37 2 3 61 10 61 2 2 13 11 13 1 6 32 1 5 21 1 9 32 1 8 89 1 7 30 1 4 55 
10 2 2 31 11 31 1 0 86 1 1 46 1 5 74 1 4 32 1 6 88 1 8 19 1 9 48 1 7 36 2 3 79 10 79 
10 1 0 76 1 1 69 2 3 76 10 76 1 5 51 2 2 85 11 85 1 9 11 1 6 40 1 7 89 1 4 26 1 8 74 
10 1 1 85 1 0 13 2 2 61 11 61 1 6 7 1 8 64 1 9 76 1 5 47 2 3 52 10 52 1 4 90 1 7 45 

Dynamic Events

# Machine Breakdowns (machine_id start_time end_time)
Machine Breakdowns
1 487 517
4 108 142
6 343 374
9 523 550
11 97 126

# Added Jobs (arrival_time: num_ops num_alts_op1 m1 p1 ... num_alts_op2 m1 p1 ...)
Added Jobs
135: 10 1 1 46 1 9 48 2 2 80 1 21 1 10 36 2 11 59 7 84 2 1 84 8 25 2 8 57 5 67 2 5 23 4 37 2 3 41 4 36 2 10 44 7 24 
187: 10 1 11 69 1 6 12 2 4 75 2 90 1 2 32 2 9 32 4 23 2 4 14 11 86 2 9 34 4 64 2 8 21 11 93 2 2 78 7 42 2 5 32 3 75 
202: 10 2 3 73 7 34 2 0 17 10 56 2 11 40 10 98 1 6 61 2 4 38 0 67 1 10 36 2 11 61 3 59 2 11 42 1 2 1 7 57 1 7 39 
213: 10 2 5 29 6 61 2 10 83 7 35 2 0 81 11 38 1 3 51 2 8 45 10 63 1 10 35 2 11 81 10 93 1 8 55 1 10 53 1 11 87 
248: 10 1 1 49 2 8 25 7 77 1 5 59 2 5 16 9 35 2 10 71 1 62 1 2 70 1 5 40 2 9 68 4 77 2 4 93 5 16 2 10 66 1 15 

# Cancelled Jobs (cancel_time initial_job_sim_idx_to_cancel)
Cancelled Jobs
279 1

# ETPC Constraints (fore_job_sim_idx fore_op_idx hind_job_sim_idx hind_op_idx time_lapse)
ETPC Constraints
13 4 8 4 6
13 0 14 3 4
13 2 0 9 19
3 3 4 4 9
7 9 12 6 5
1 7 14 5 5
5 1 13 7 19
6 9 13 9 18
13 7 0 7 4
12 1 0 9 6
8 1 9 7 10
5 1 8 0 4
2 1 5 0 14
10 1 6 4 17
2 6 9 7 20
9 7 8 3 20
9 5 11 2 6
10 3 6 0 16
8 0 6 7 9
6 2 10 1 19
2 1 8 5 13
