10 12
10 1 0 29 1 1 78 1 2 9 3 3 36 10 36 11 36 1 4 49 1 5 11 1 6 62 1 7 56 1 8 44 1 9 21 
10 1 0 43 1 2 90 1 4 75 1 9 11 3 3 69 10 69 11 69 1 1 28 1 6 46 1 5 46 1 7 72 1 8 30 
10 1 1 91 1 0 85 3 3 39 10 39 11 39 1 2 74 1 8 90 1 5 10 1 7 12 1 6 89 1 9 45 1 4 33 
10 1 1 81 1 2 95 1 0 71 1 4 99 1 6 9 1 8 52 1 7 85 3 3 98 10 98 11 98 1 9 22 1 5 43 
10 1 2 14 1 0 6 1 1 22 1 5 61 3 3 26 10 26 11 26 1 4 69 1 8 21 1 7 49 1 9 72 1 6 53 
10 1 2 84 1 1 2 1 5 52 3 3 95 10 95 11 95 1 8 48 1 9 72 1 0 47 1 6 65 1 4 6 1 7 25 
10 1 1 46 1 0 37 3 3 61 10 61 11 61 1 2 13 1 6 32 1 5 21 1 9 32 1 8 89 1 7 30 1 4 55 
10 1 2 31 1 0 86 1 1 46 1 5 74 1 4 32 1 6 88 1 8 19 1 9 48 1 7 36 3 3 79 10 79 11 79 
10 1 0 76 1 1 69 3 3 76 10 76 11 76 1 5 51 1 2 85 1 9 11 1 6 40 1 7 89 1 4 26 1 8 74 
10 1 1 85 1 0 13 1 2 61 1 6 7 1 8 64 1 9 76 1 5 47 3 3 52 10 52 11 52 1 4 90 1 7 45 

Dynamic Events

# Machine Breakdowns (machine_id start_time end_time)
Machine Breakdowns
8 201 238
10 85 115
11 550 583

# Added Jobs (arrival_time: num_ops num_alts_op1 m1 p1 ... num_alts_op2 m1 p1 ...)
Added Jobs
51: 10 1 11 32 2 7 67 2 89 1 6 69 1 0 34 2 0 86 3 93 2 6 41 9 64 3 2 55 4 75 9 71 3 0 66 5 26 7 86 2 6 42 5 11 3 5 24 10 81 1 60 
65: 10 1 5 57 2 0 61 9 60 3 4 68 3 33 10 27 1 2 83 1 1 21 3 8 65 4 31 2 15 2 1 23 2 19 3 3 54 6 20 0 20 2 6 83 11 45 1 6 12 
83: 10 2 8 32 9 13 3 0 75 10 37 7 39 2 9 41 1 64 2 4 7 5 23 3 10 95 8 87 0 86 1 2 20 1 10 89 1 1 64 1 1 29 2 3 73 10 88 
125: 10 3 10 48 0 35 2 65 1 4 77 2 6 73 3 68 1 5 64 2 6 16 1 18 1 4 21 1 6 58 2 4 28 11 81 2 7 39 8 81 1 3 82 
148: 10 2 2 79 6 66 1 4 60 2 5 36 9 24 2 9 36 1 84 3 3 31 6 53 5 57 3 0 77 10 34 5 54 3 2 58 11 71 5 48 3 0 86 3 68 2 18 3 11 78 3 43 6 9 2 3 49 10 33 
210: 10 1 9 54 1 3 90 1 11 31 1 5 15 2 8 77 9 52 1 1 52 1 10 58 1 0 17 3 11 83 8 50 6 85 3 6 53 4 51 3 28 
230: 10 2 4 76 5 15 2 9 17 11 49 3 3 84 6 44 7 82 2 8 78 1 89 1 4 68 1 2 67 1 11 56 1 5 63 3 11 43 10 49 3 44 1 4 19 

# Cancelled Jobs (cancel_time initial_job_sim_idx_to_cancel)
Cancelled Jobs
24 3
26 7

# ETPC Constraints (fore_job_sim_idx fore_op_idx hind_job_sim_idx hind_op_idx time_lapse)
ETPC Constraints
5 5 12 3 8
14 3 9 5 6
3 4 12 9 3
12 6 9 4 20
11 8 7 9 6
6 3 3 6 19
2 4 10 7 5
2 2 8 9 6
1 4 5 6 19
14 5 4 9 15
14 9 13 9 9
16 5 8 4 12
0 8 5 3 17
10 7 9 2 18
3 6 16 8 3
7 1 12 4 14
9 7 6 6 20
1 7 6 1 10
7 3 13 2 18
11 8 0 3 4
8 7 2 5 4
0 7 16 8 19
4 2 0 0 17
7 9 2 5 8
11 3 4 0 13
13 6 16 3 19
2 2 11 6 9
