10 13
10 1 0 29 1 1 78 1 2 9 4 3 36 10 36 11 36 12 36 1 4 49 1 5 11 1 6 62 1 7 56 1 8 44 1 9 21 
10 1 0 43 1 2 90 1 4 75 1 9 11 4 3 69 10 69 11 69 12 69 1 1 28 1 6 46 1 5 46 1 7 72 1 8 30 
10 1 1 91 1 0 85 4 3 39 10 39 11 39 12 39 1 2 74 1 8 90 1 5 10 1 7 12 1 6 89 1 9 45 1 4 33 
10 1 1 81 1 2 95 1 0 71 1 4 99 1 6 9 1 8 52 1 7 85 4 3 98 10 98 11 98 12 98 1 9 22 1 5 43 
10 1 2 14 1 0 6 1 1 22 1 5 61 4 3 26 10 26 11 26 12 26 1 4 69 1 8 21 1 7 49 1 9 72 1 6 53 
10 1 2 84 1 1 2 1 5 52 4 3 95 10 95 11 95 12 95 1 8 48 1 9 72 1 0 47 1 6 65 1 4 6 1 7 25 
10 1 1 46 1 0 37 4 3 61 10 61 11 61 12 61 1 2 13 1 6 32 1 5 21 1 9 32 1 8 89 1 7 30 1 4 55 
10 1 2 31 1 0 86 1 1 46 1 5 74 1 4 32 1 6 88 1 8 19 1 9 48 1 7 36 4 3 79 10 79 11 79 12 79 
10 1 0 76 1 1 69 4 3 76 10 76 11 76 12 76 1 5 51 1 2 85 1 9 11 1 6 40 1 7 89 1 4 26 1 8 74 
10 1 1 85 1 0 13 1 2 61 1 6 7 1 8 64 1 9 76 1 5 47 4 3 52 10 52 11 52 12 52 1 4 90 1 7 45 

Dynamic Events

# Machine Breakdowns (machine_id start_time end_time)
Machine Breakdowns
0 330 364
1 136 173
5 359 391
10 366 406
11 182 216

# Added Jobs (arrival_time: num_ops num_alts_op1 m1 p1 ... num_alts_op2 m1 p1 ...)
Added Jobs
61: 10 4 2 17 0 59 3 71 5 23 1 5 25 1 3 52 4 10 41 5 43 2 45 1 80 2 0 22 11 47 2 9 67 10 49 4 4 52 2 16 7 50 3 44 3 6 27 10 44 9 15 3 9 47 0 62 12 36 3 6 18 10 40 5 45 
97: 10 3 9 27 12 82 4 43 2 6 61 4 81 4 1 88 9 74 6 82 5 39 2 5 15 11 56 2 3 28 11 59 2 9 46 6 30 2 5 57 7 65 1 12 75 2 6 77 12 43 4 9 41 8 22 2 10 1 36 
104: 10 1 10 34 2 10 52 9 41 2 0 84 6 63 2 6 15 12 58 4 11 97 2 45 10 87 3 79 2 3 57 12 47 2 10 67 6 49 3 3 70 2 87 8 71 2 11 57 8 79 4 9 66 11 69 7 35 0 36 
178: 10 3 8 33 1 78 12 31 1 11 94 3 8 79 12 80 9 70 2 8 32 5 52 4 1 67 12 54 5 33 3 83 2 9 72 4 14 2 0 40 2 72 1 7 77 1 10 76 1 9 50 
222: 10 3 5 64 12 92 10 39 3 4 50 10 79 2 45 4 2 11 7 36 10 91 1 26 4 2 60 6 27 1 75 8 30 3 6 84 7 59 1 32 2 10 74 3 42 2 12 73 6 72 1 1 8 3 9 30 6 52 2 85 1 6 29 

# ETPC Constraints (fore_job_sim_idx fore_op_idx hind_job_sim_idx hind_op_idx time_lapse)
ETPC Constraints
10 4 5 7 12
6 1 3 9 11
4 3 12 8 19
14 4 11 9 9
9 2 14 8 3
8 0 5 0 11
14 3 5 6 15
0 0 12 7 18
3 0 2 5 6
10 7 3 2 19
10 1 13 1 18
7 5 10 6 13
8 3 11 2 15
8 1 6 1 6
8 3 9 3 18
14 0 2 4 6
6 6 0 5 20
13 2 8 2 13
0 1 3 7 15
7 6 4 1 18
6 9 14 6 15
