10 12
10 1 0 29 1 1 78 1 2 9 3 3 36 10 36 11 36 1 4 49 1 5 11 1 6 62 1 7 56 1 8 44 1 9 21 
10 1 0 43 1 2 90 1 4 75 1 9 11 3 3 69 10 69 11 69 1 1 28 1 6 46 1 5 46 1 7 72 1 8 30 
10 1 1 91 1 0 85 3 3 39 10 39 11 39 1 2 74 1 8 90 1 5 10 1 7 12 1 6 89 1 9 45 1 4 33 
10 1 1 81 1 2 95 1 0 71 1 4 99 1 6 9 1 8 52 1 7 85 3 3 98 10 98 11 98 1 9 22 1 5 43 
10 1 2 14 1 0 6 1 1 22 1 5 61 3 3 26 10 26 11 26 1 4 69 1 8 21 1 7 49 1 9 72 1 6 53 
10 1 2 84 1 1 2 1 5 52 3 3 95 10 95 11 95 1 8 48 1 9 72 1 0 47 1 6 65 1 4 6 1 7 25 
10 1 1 46 1 0 37 3 3 61 10 61 11 61 1 2 13 1 6 32 1 5 21 1 9 32 1 8 89 1 7 30 1 4 55 
10 1 2 31 1 0 86 1 1 46 1 5 74 1 4 32 1 6 88 1 8 19 1 9 48 1 7 36 3 3 79 10 79 11 79 
10 1 0 76 1 1 69 3 3 76 10 76 11 76 1 5 51 1 2 85 1 9 11 1 6 40 1 7 89 1 4 26 1 8 74 
10 1 1 85 1 0 13 1 2 61 1 6 7 1 8 64 1 9 76 1 5 47 3 3 52 10 52 11 52 1 4 90 1 7 45 

Dynamic Events

# Machine Breakdowns (machine_id start_time end_time)
Machine Breakdowns
1 252 281
7 242 277
9 322 351

# Added Jobs (arrival_time: num_ops num_alts_op1 m1 p1 ... num_alts_op2 m1 p1 ...)
Added Jobs
64: 10 3 4 29 3 86 1 67 1 7 82 2 8 33 10 40 3 5 12 10 79 6 69 3 8 62 9 29 2 65 3 2 40 11 74 5 13 2 7 45 9 28 3 9 25 8 65 2 56 2 8 47 0 28 1 8 62 
187: 10 2 8 78 2 20 1 3 98 1 8 24 3 4 74 0 75 2 37 3 8 34 4 66 7 62 3 8 50 0 21 10 56 2 4 65 6 40 3 6 14 11 94 1 45 2 9 19 4 15 1 7 72 
209: 10 1 2 66 2 0 76 9 73 2 1 16 11 76 3 10 42 3 94 8 22 2 1 7 9 16 1 0 62 3 7 49 9 73 6 16 1 1 5 3 3 86 10 59 4 75 1 0 30 

# ETPC Constraints (fore_job_sim_idx fore_op_idx hind_job_sim_idx hind_op_idx time_lapse)
ETPC Constraints
6 0 9 1 12
9 5 2 4 19
12 8 9 2 3
9 6 2 0 3
3 7 6 0 4
7 9 6 4 15
6 6 0 6 7
12 7 6 3 12
7 9 9 1 19
5 8 12 2 4
1 3 8 9 14
0 1 10 0 6
10 5 4 0 13
7 0 12 3 13
9 1 11 8 5
