10 11
10 2 0 29 10 29 1 1 78 1 2 9 1 3 36 1 4 49 1 5 11 1 6 62 1 7 56 1 8 44 1 9 21 
10 2 0 43 10 43 1 2 90 1 4 75 1 9 11 1 3 69 1 1 28 1 6 46 1 5 46 1 7 72 1 8 30 
10 1 1 91 2 0 85 10 85 1 3 39 1 2 74 1 8 90 1 5 10 1 7 12 1 6 89 1 9 45 1 4 33 
10 1 1 81 1 2 95 2 0 71 10 71 1 4 99 1 6 9 1 8 52 1 7 85 1 3 98 1 9 22 1 5 43 
10 1 2 14 2 0 6 10 6 1 1 22 1 5 61 1 3 26 1 4 69 1 8 21 1 7 49 1 9 72 1 6 53 
10 1 2 84 1 1 2 1 5 52 1 3 95 1 8 48 1 9 72 2 0 47 10 47 1 6 65 1 4 6 1 7 25 
10 1 1 46 2 0 37 10 37 1 3 61 1 2 13 1 6 32 1 5 21 1 9 32 1 8 89 1 7 30 1 4 55 
10 1 2 31 2 0 86 10 86 1 1 46 1 5 74 1 4 32 1 6 88 1 8 19 1 9 48 1 7 36 1 3 79 
10 2 0 76 10 76 1 1 69 1 3 76 1 5 51 1 2 85 1 9 11 1 6 40 1 7 89 1 4 26 1 8 74 
10 1 1 85 2 0 13 10 13 1 2 61 1 6 7 1 8 64 1 9 76 1 5 47 1 3 52 1 4 90 1 7 45 

Dynamic Events

# Machine Breakdowns (machine_id start_time end_time)
Machine Breakdowns
0 494 524
2 79 114
4 59 87
6 519 552
8 79 111
10 270 300

# Added Jobs (arrival_time: num_ops num_alts_op1 m1 p1 ... num_alts_op2 m1 p1 ...)
Added Jobs
46: 10 1 6 52 1 9 36 1 6 12 1 0 10 2 9 44 6 38 2 1 30 9 64 1 10 61 1 4 87 1 1 75 2 0 51 10 11 
147: 10 1 1 3 1 10 63 1 5 17 2 3 85 2 19 2 2 29 3 60 1 3 89 2 0 82 3 71 1 6 16 1 1 2 2 9 66 2 23 
172: 10 2 8 47 4 75 2 5 41 6 87 1 5 34 2 6 19 5 23 2 10 82 0 64 1 2 37 2 9 51 4 74 1 7 12 1 7 83 1 3 30 
181: 10 2 1 35 10 67 2 10 46 0 40 1 7 69 1 0 28 2 2 22 0 83 2 6 86 0 40 2 3 45 8 39 2 6 25 7 86 2 10 45 5 54 2 2 49 9 13 
226: 10 2 8 49 3 41 1 6 73 2 9 70 6 74 2 10 38 3 83 2 1 60 7 39 1 5 47 2 0 81 10 75 1 7 70 1 4 76 2 10 51 1 19 

# Cancelled Jobs (cancel_time initial_job_sim_idx_to_cancel)
Cancelled Jobs
102 9

# ETPC Constraints (fore_job_sim_idx fore_op_idx hind_job_sim_idx hind_op_idx time_lapse)
ETPC Constraints
10 7 9 0 4
14 2 0 5 12
14 7 0 4 9
14 2 3 6 10
6 7 13 4 9
6 2 12 0 15
10 4 13 9 14
10 2 9 9 8
3 6 14 4 8
1 5 3 8 4
12 2 10 5 18
7 6 13 9 3
0 9 3 6 5
12 0 3 0 11
3 3 14 1 17
11 1 4 0 13
12 8 3 4 5
7 8 2 4 5
9 3 14 8 13
10 1 7 5 9
13 8 3 0 18
