10 11
10 1 0 29 1 1 78 1 2 9 2 3 36 10 36 1 4 49 1 5 11 1 6 62 1 7 56 1 8 44 1 9 21 
10 1 0 43 1 2 90 1 4 75 1 9 11 2 3 69 10 69 1 1 28 1 6 46 1 5 46 1 7 72 1 8 30 
10 1 1 91 1 0 85 2 3 39 10 39 1 2 74 1 8 90 1 5 10 1 7 12 1 6 89 1 9 45 1 4 33 
10 1 1 81 1 2 95 1 0 71 1 4 99 1 6 9 1 8 52 1 7 85 2 3 98 10 98 1 9 22 1 5 43 
10 1 2 14 1 0 6 1 1 22 1 5 61 2 3 26 10 26 1 4 69 1 8 21 1 7 49 1 9 72 1 6 53 
10 1 2 84 1 1 2 1 5 52 2 3 95 10 95 1 8 48 1 9 72 1 0 47 1 6 65 1 4 6 1 7 25 
10 1 1 46 1 0 37 2 3 61 10 61 1 2 13 1 6 32 1 5 21 1 9 32 1 8 89 1 7 30 1 4 55 
10 1 2 31 1 0 86 1 1 46 1 5 74 1 4 32 1 6 88 1 8 19 1 9 48 1 7 36 2 3 79 10 79 
10 1 0 76 1 1 69 2 3 76 10 76 1 5 51 1 2 85 1 9 11 1 6 40 1 7 89 1 4 26 1 8 74 
10 1 1 85 1 0 13 1 2 61 1 6 7 1 8 64 1 9 76 1 5 47 2 3 52 10 52 1 4 90 1 7 45 

Dynamic Events

# Machine Breakdowns (machine_id start_time end_time)
Machine Breakdowns
1 293 329
2 116 152
3 240 268
9 90 129
10 543 577

# Added Jobs (arrival_time: num_ops num_alts_op1 m1 p1 ... num_alts_op2 m1 p1 ...)
Added Jobs
47: 10 1 9 46 1 3 54 2 0 42 9 27 2 5 43 6 34 1 10 86 2 0 10 8 80 1 1 57 2 5 31 2 21 1 8 29 2 9 39 4 53 
127: 10 2 9 45 4 52 1 7 32 2 2 10 7 33 2 6 88 7 43 2 10 72 2 85 2 5 64 0 84 1 3 67 1 5 28 2 4 49 10 34 2 5 61 3 49 
144: 10 2 8 50 5 10 2 2 51 4 93 2 2 16 10 85 2 10 46 3 44 2 7 30 6 32 1 7 33 1 1 51 2 4 48 10 32 1 9 50 1 6 62 
164: 10 1 2 34 1 8 29 1 3 89 1 1 52 1 6 16 1 1 55 1 8 51 1 2 81 1 3 92 2 0 63 4 67 
200: 10 2 8 59 10 86 1 4 79 2 7 70 2 13 2 10 86 9 72 2 2 61 7 77 2 2 73 3 80 1 7 60 2 4 14 9 68 2 3 79 7 49 2 9 35 1 10 

# Cancelled Jobs (cancel_time initial_job_sim_idx_to_cancel)
Cancelled Jobs
385 5

# ETPC Constraints (fore_job_sim_idx fore_op_idx hind_job_sim_idx hind_op_idx time_lapse)
ETPC Constraints
8 5 5 9 6
0 6 10 1 13
2 5 8 5 9
10 1 9 1 12
0 4 10 2 12
3 9 7 0 14
14 2 11 5 7
6 8 3 6 16
8 5 13 9 5
13 2 3 7 10
2 3 6 8 18
7 9 10 1 18
7 5 8 8 7
10 8 9 8 14
5 7 2 8 5
11 5 1 2 11
11 8 2 2 13
13 4 3 1 17
11 5 9 9 20
7 0 3 2 20
14 3 11 9 8
