10 13
10 1 0 29 1 1 78 1 2 9 4 3 36 10 36 11 36 12 36 1 4 49 1 5 11 1 6 62 1 7 56 1 8 44 1 9 21 
10 1 0 43 1 2 90 1 4 75 1 9 11 4 3 69 10 69 11 69 12 69 1 1 28 1 6 46 1 5 46 1 7 72 1 8 30 
10 1 1 91 1 0 85 4 3 39 10 39 11 39 12 39 1 2 74 1 8 90 1 5 10 1 7 12 1 6 89 1 9 45 1 4 33 
10 1 1 81 1 2 95 1 0 71 1 4 99 1 6 9 1 8 52 1 7 85 4 3 98 10 98 11 98 12 98 1 9 22 1 5 43 
10 1 2 14 1 0 6 1 1 22 1 5 61 4 3 26 10 26 11 26 12 26 1 4 69 1 8 21 1 7 49 1 9 72 1 6 53 
10 1 2 84 1 1 2 1 5 52 4 3 95 10 95 11 95 12 95 1 8 48 1 9 72 1 0 47 1 6 65 1 4 6 1 7 25 
10 1 1 46 1 0 37 4 3 61 10 61 11 61 12 61 1 2 13 1 6 32 1 5 21 1 9 32 1 8 89 1 7 30 1 4 55 
10 1 2 31 1 0 86 1 1 46 1 5 74 1 4 32 1 6 88 1 8 19 1 9 48 1 7 36 4 3 79 10 79 11 79 12 79 
10 1 0 76 1 1 69 4 3 76 10 76 11 76 12 76 1 5 51 1 2 85 1 9 11 1 6 40 1 7 89 1 4 26 1 8 74 
10 1 1 85 1 0 13 1 2 61 1 6 7 1 8 64 1 9 76 1 5 47 4 3 52 10 52 11 52 12 52 1 4 90 1 7 45 

Dynamic Events

# Machine Breakdowns (machine_id start_time end_time)
Machine Breakdowns
3 506 546
5 277 313
9 465 493
10 431 462

# Added Jobs (arrival_time: num_ops num_alts_op1 m1 p1 ... num_alts_op2 m1 p1 ...)
Added Jobs
32: 10 4 3 47 1 82 11 87 10 95 3 1 45 10 47 9 22 2 10 97 6 26 3 4 37 12 98 11 91 1 3 56 2 7 26 6 50 2 1 69 10 62 2 8 38 3 57 1 12 74 4 2 61 7 62 9 76 4 84 
84: 10 4 11 78 6 58 8 66 2 40 1 2 70 3 0 62 9 68 12 91 2 0 37 8 52 1 6 25 4 1 12 2 35 3 40 4 27 4 4 36 11 71 12 82 0 56 1 11 77 4 1 90 5 44 7 54 8 59 3 11 91 5 73 4 83 
98: 10 3 5 42 1 39 10 56 4 9 59 10 63 6 45 1 44 1 0 56 1 6 43 3 4 52 5 19 12 98 3 5 21 11 89 9 13 2 7 51 6 28 2 10 75 7 47 4 12 33 2 16 9 15 6 50 1 10 82 
160: 10 3 10 50 5 72 3 65 4 2 93 0 53 1 48 10 56 4 3 53 1 13 0 57 8 56 1 9 30 2 11 75 1 38 1 9 38 4 2 43 6 68 8 41 4 41 1 6 57 4 11 48 4 6 6 11 2 41 3 6 26 12 60 8 78 
191: 10 4 6 43 9 24 8 43 11 80 4 4 84 9 45 5 34 3 79 3 4 15 6 33 12 58 4 7 85 4 16 1 81 11 83 1 3 85 4 3 81 12 86 4 59 8 19 4 4 74 0 18 7 76 6 23 3 10 50 6 86 5 21 3 8 90 4 91 1 81 2 1 8 2 88 
191: 10 1 2 28 4 6 57 12 59 1 63 5 60 3 10 66 6 43 9 54 1 12 70 2 1 38 4 86 4 11 96 5 46 7 73 9 24 2 3 80 0 17 3 12 46 11 35 0 40 3 12 56 9 16 3 39 4 4 64 11 89 9 20 8 56 

# ETPC Constraints (fore_job_sim_idx fore_op_idx hind_job_sim_idx hind_op_idx time_lapse)
ETPC Constraints
0 7 9 6 7
3 7 5 3 4
2 9 5 4 13
6 4 0 4 5
8 1 2 6 16
14 8 12 3 9
3 5 4 0 14
3 9 9 7 10
15 8 1 6 19
5 1 4 9 10
2 4 4 2 15
12 3 9 4 4
8 8 13 3 10
6 1 7 3 12
9 0 14 3 8
8 4 13 7 4
2 7 14 1 19
2 0 3 8 3
15 0 9 2 10
10 4 13 7 11
4 9 2 8 18
1 2 11 9 6
11 3 7 9 11
2 6 10 1 10
