10 12
10 2 0 29 10 29 1 1 78 1 2 9 1 3 36 1 4 49 1 5 11 1 6 62 2 7 56 11 56 1 8 44 1 9 21 
10 2 0 43 10 43 1 2 90 1 4 75 1 9 11 1 3 69 1 1 28 1 6 46 1 5 46 2 7 72 11 72 1 8 30 
10 1 1 91 2 0 85 10 85 1 3 39 1 2 74 1 8 90 1 5 10 2 7 12 11 12 1 6 89 1 9 45 1 4 33 
10 1 1 81 1 2 95 2 0 71 10 71 1 4 99 1 6 9 1 8 52 2 7 85 11 85 1 3 98 1 9 22 1 5 43 
10 1 2 14 2 0 6 10 6 1 1 22 1 5 61 1 3 26 1 4 69 1 8 21 2 7 49 11 49 1 9 72 1 6 53 
10 1 2 84 1 1 2 1 5 52 1 3 95 1 8 48 1 9 72 2 0 47 10 47 1 6 65 1 4 6 2 7 25 11 25 
10 1 1 46 2 0 37 10 37 1 3 61 1 2 13 1 6 32 1 5 21 1 9 32 1 8 89 2 7 30 11 30 1 4 55 
10 1 2 31 2 0 86 10 86 1 1 46 1 5 74 1 4 32 1 6 88 1 8 19 1 9 48 2 7 36 11 36 1 3 79 
10 2 0 76 10 76 1 1 69 1 3 76 1 5 51 1 2 85 1 9 11 1 6 40 2 7 89 11 89 1 4 26 1 8 74 
10 1 1 85 2 0 13 10 13 1 2 61 1 6 7 1 8 64 1 9 76 1 5 47 1 3 52 1 4 90 2 7 45 11 45 

Dynamic Events

# Machine Breakdowns (machine_id start_time end_time)
Machine Breakdowns
1 172 203
3 117 153
8 211 249

# Added Jobs (arrival_time: num_ops num_alts_op1 m1 p1 ... num_alts_op2 m1 p1 ...)
Added Jobs
87: 10 1 10 29 1 11 78 1 10 22 1 5 60 1 6 52 1 5 22 2 5 41 7 32 1 0 60 1 5 48 2 3 97 10 39 
107: 10 1 1 74 1 4 50 2 3 26 5 68 1 5 41 1 9 70 1 5 12 2 11 45 2 26 2 4 16 8 39 1 10 47 1 7 52 
158: 10 2 2 50 4 59 2 6 59 11 12 2 5 56 1 57 1 9 59 2 4 74 9 50 2 5 17 8 48 1 0 82 1 9 37 2 2 52 6 45 2 7 26 0 66 
229: 10 2 0 8 3 93 2 5 74 9 50 1 9 32 1 10 34 1 6 23 2 5 13 3 82 2 3 38 10 78 2 0 7 10 77 1 4 9 2 11 70 8 41 

# Cancelled Jobs (cancel_time initial_job_sim_idx_to_cancel)
Cancelled Jobs
141 3

# ETPC Constraints (fore_job_sim_idx fore_op_idx hind_job_sim_idx hind_op_idx time_lapse)
ETPC Constraints
3 3 7 4 20
1 6 4 8 20
6 6 1 3 15
8 6 4 8 17
1 4 12 0 10
13 6 9 1 11
3 8 2 9 10
5 9 2 0 4
9 6 2 8 6
11 3 9 5 9
6 3 5 1 4
2 4 0 0 11
10 9 11 6 6
10 1 5 4 12
9 8 4 7 13
4 6 8 6 4
3 4 1 3 17
0 8 13 2 18
