10 12
10 1 0 29 1 1 78 2 2 9 11 9 2 3 36 10 36 1 4 49 1 5 11 1 6 62 1 7 56 1 8 44 1 9 21 
10 1 0 43 2 2 90 11 90 1 4 75 1 9 11 2 3 69 10 69 1 1 28 1 6 46 1 5 46 1 7 72 1 8 30 
10 1 1 91 1 0 85 2 3 39 10 39 2 2 74 11 74 1 8 90 1 5 10 1 7 12 1 6 89 1 9 45 1 4 33 
10 1 1 81 2 2 95 11 95 1 0 71 1 4 99 1 6 9 1 8 52 1 7 85 2 3 98 10 98 1 9 22 1 5 43 
10 2 2 14 11 14 1 0 6 1 1 22 1 5 61 2 3 26 10 26 1 4 69 1 8 21 1 7 49 1 9 72 1 6 53 
10 2 2 84 11 84 1 1 2 1 5 52 2 3 95 10 95 1 8 48 1 9 72 1 0 47 1 6 65 1 4 6 1 7 25 
10 1 1 46 1 0 37 2 3 61 10 61 2 2 13 11 13 1 6 32 1 5 21 1 9 32 1 8 89 1 7 30 1 4 55 
10 2 2 31 11 31 1 0 86 1 1 46 1 5 74 1 4 32 1 6 88 1 8 19 1 9 48 1 7 36 2 3 79 10 79 
10 1 0 76 1 1 69 2 3 76 10 76 1 5 51 2 2 85 11 85 1 9 11 1 6 40 1 7 89 1 4 26 1 8 74 
10 1 1 85 1 0 13 2 2 61 11 61 1 6 7 1 8 64 1 9 76 1 5 47 2 3 52 10 52 1 4 90 1 7 45 

Dynamic Events

# Machine Breakdowns (machine_id start_time end_time)
Machine Breakdowns
2 250 278
3 530 558
4 246 276
5 187 221
6 315 347
8 401 436
9 223 254

# Added Jobs (arrival_time: num_ops num_alts_op1 m1 p1 ... num_alts_op2 m1 p1 ...)
Added Jobs
112: 10 2 2 47 4 10 1 6 88 2 10 38 9 20 2 7 65 10 42 2 6 80 1 39 1 8 78 1 0 20 1 6 79 1 4 78 1 3 31 
177: 10 2 9 28 5 58 1 9 74 1 6 36 1 3 33 2 0 41 9 69 2 3 33 1 52 1 11 35 2 2 37 11 28 2 4 59 1 52 2 7 72 2 56 
205: 10 2 8 75 7 46 1 7 20 2 4 15 8 47 1 8 20 1 1 33 2 0 28 2 95 2 8 58 1 33 2 0 46 4 27 1 4 32 2 3 79 1 41 
207: 10 2 10 30 3 97 1 2 76 1 0 37 2 6 18 1 56 2 10 36 2 26 2 10 41 8 82 1 5 71 1 8 73 2 7 47 10 52 1 5 45 
249: 10 1 11 74 1 7 33 1 11 38 2 11 11 5 38 1 8 79 1 1 75 2 3 84 8 52 2 5 41 3 43 2 3 34 5 55 1 11 69 

# ETPC Constraints (fore_job_sim_idx fore_op_idx hind_job_sim_idx hind_op_idx time_lapse)
ETPC Constraints
8 6 3 2 12
8 0 14 3 18
12 9 8 7 14
8 7 4 6 7
14 3 13 3 17
3 2 6 4 9
9 5 12 5 3
0 6 6 9 19
10 2 6 3 5
3 9 14 2 4
8 8 7 1 18
9 5 0 6 14
14 2 2 6 11
4 1 10 3 10
2 2 3 3 6
14 2 4 9 9
8 2 0 6 4
9 5 5 9 9
6 2 14 4 14
11 9 3 9 19
10 6 0 2 13
