10 10
10 1 0 29 1 1 78 1 2 9 1 3 36 2 4 49 7 49 1 5 11 1 6 62 1 7 56 1 8 44 1 9 21 
10 1 0 43 1 2 90 2 4 75 5 75 1 9 11 1 3 69 1 1 28 2 6 46 5 46 1 5 46 1 7 72 1 8 30 
10 1 1 91 2 0 85 9 85 1 3 39 1 2 74 1 8 90 1 5 10 1 7 12 1 6 89 2 9 45 3 45 1 4 33 
10 1 1 81 2 2 95 9 95 1 0 71 1 4 99 1 6 9 1 8 52 1 7 85 1 3 98 1 9 22 1 5 43 
10 1 2 14 2 0 6 2 6 1 1 22 1 5 61 2 3 26 4 26 1 4 69 1 8 21 1 7 49 2 9 72 8 72 1 6 53 
10 2 2 84 7 84 1 1 2 1 5 52 1 3 95 1 8 48 1 9 72 1 0 47 1 6 65 1 4 6 1 7 25 
10 1 1 46 1 0 37 1 3 61 1 2 13 1 6 32 1 5 21 1 9 32 1 8 89 1 7 30 1 4 55 
10 1 2 31 2 0 86 2 86 1 1 46 1 5 74 1 4 32 1 6 88 1 8 19 1 9 48 1 7 36 1 3 79 
10 1 0 76 2 1 69 4 69 1 3 76 1 5 51 1 2 85 1 9 11 1 6 40 1 7 89 1 4 26 1 8 74 
10 1 1 85 1 0 13 2 2 61 4 61 1 6 7 1 8 64 1 9 76 1 5 47 1 3 52 1 4 90 1 7 45 

Dynamic Events

# Machine Breakdowns (machine_id start_time end_time)
Machine Breakdowns
5 268 299
8 385 421

# Added Jobs (arrival_time: num_ops num_alts_op1 m1 p1 ... num_alts_op2 m1 p1 ...)
Added Jobs
55: 10 1 1 47 2 5 18 8 37 1 0 14 2 7 17 4 85 2 1 56 3 73 1 6 35 2 3 28 8 83 1 1 2 1 2 26 2 1 77 8 60 
148: 10 2 2 61 1 84 2 2 57 1 80 1 6 37 1 1 17 1 5 10 1 1 31 2 1 10 8 69 2 6 61 1 24 1 6 25 1 9 62 
151: 10 2 2 66 3 98 2 3 86 6 82 1 0 29 2 8 44 3 81 2 8 69 4 41 2 9 11 5 23 1 8 58 2 0 51 7 88 2 1 42 7 41 1 9 74 
227: 10 2 1 21 9 42 2 2 83 1 46 1 5 59 2 9 86 5 34 2 3 83 2 56 1 6 26 1 6 87 1 3 48 1 5 13 2 9 23 1 30 
241: 10 1 6 32 1 7 55 2 1 61 7 48 1 9 44 1 5 14 2 8 38 1 14 2 1 52 9 38 2 7 58 6 46 1 5 48 1 1 15 

# ETPC Constraints (fore_job_sim_idx fore_op_idx hind_job_sim_idx hind_op_idx time_lapse)
ETPC Constraints
11 2 14 0 12
11 1 9 3 3
10 0 14 6 6
1 0 5 2 17
5 8 7 4 3
7 8 5 8 18
14 8 1 6 13
11 1 13 2 17
3 5 5 4 19
4 5 1 8 14
12 4 1 6 11
6 8 4 4 3
14 5 4 0 15
8 3 4 5 5
4 1 14 7 3
14 2 8 0 13
2 9 7 6 12
14 3 0 6 13
5 8 13 8 11
5 3 1 1 10
12 3 5 0 18
