10 11
10 2 0 29 10 29 1 1 78 1 2 9 1 3 36 1 4 49 1 5 11 1 6 62 1 7 56 1 8 44 1 9 21 
10 2 0 43 10 43 1 2 90 1 4 75 1 9 11 1 3 69 1 1 28 1 6 46 1 5 46 1 7 72 1 8 30 
10 1 1 91 2 0 85 10 85 1 3 39 1 2 74 1 8 90 1 5 10 1 7 12 1 6 89 1 9 45 1 4 33 
10 1 1 81 1 2 95 2 0 71 10 71 1 4 99 1 6 9 1 8 52 1 7 85 1 3 98 1 9 22 1 5 43 
10 1 2 14 2 0 6 10 6 1 1 22 1 5 61 1 3 26 1 4 69 1 8 21 1 7 49 1 9 72 1 6 53 
10 1 2 84 1 1 2 1 5 52 1 3 95 1 8 48 1 9 72 2 0 47 10 47 1 6 65 1 4 6 1 7 25 
10 1 1 46 2 0 37 10 37 1 3 61 1 2 13 1 6 32 1 5 21 1 9 32 1 8 89 1 7 30 1 4 55 
10 1 2 31 2 0 86 10 86 1 1 46 1 5 74 1 4 32 1 6 88 1 8 19 1 9 48 1 7 36 1 3 79 
10 2 0 76 10 76 1 1 69 1 3 76 1 5 51 1 2 85 1 9 11 1 6 40 1 7 89 1 4 26 1 8 74 
10 1 1 85 2 0 13 10 13 1 2 61 1 6 7 1 8 64 1 9 76 1 5 47 1 3 52 1 4 90 1 7 45 

Dynamic Events

# Machine Breakdowns (machine_id start_time end_time)
Machine Breakdowns
3 518 552
4 235 262
8 104 138
9 430 457
10 94 119

# Added Jobs (arrival_time: num_ops num_alts_op1 m1 p1 ... num_alts_op2 m1 p1 ...)
Added Jobs
87: 10 2 1 16 10 64 1 1 79 2 7 62 3 55 1 7 64 1 5 68 1 8 25 2 9 34 5 55 1 4 57 2 5 60 0 67 1 5 23 
127: 10 2 6 48 4 77 1 9 23 2 4 53 1 75 1 6 83 1 10 62 2 10 86 7 49 1 7 40 1 9 32 1 4 31 2 7 17 2 80 
136: 10 2 5 23 10 74 2 6 82 1 74 1 7 87 2 2 61 9 47 2 6 9 0 79 2 4 67 10 27 1 4 63 2 8 30 0 79 1 10 81 1 1 60 
147: 10 1 8 39 2 6 66 4 76 2 5 32 3 53 1 7 16 1 8 90 2 2 39 9 72 1 6 70 2 4 96 6 78 1 10 62 2 4 91 1 8 
176: 10 1 10 80 2 1 78 8 41 1 5 56 1 9 38 1 6 44 1 4 24 1 6 44 2 3 39 1 23 1 10 86 2 4 22 3 89 
201: 10 1 9 21 2 2 79 8 81 1 9 47 2 6 24 0 9 2 5 19 10 80 2 6 36 8 46 2 4 84 0 19 2 2 59 1 19 2 7 27 8 37 1 5 51 

# ETPC Constraints (fore_job_sim_idx fore_op_idx hind_job_sim_idx hind_op_idx time_lapse)
ETPC Constraints
6 4 8 4 17
8 1 15 3 13
2 1 12 2 13
5 9 6 7 19
13 7 7 8 3
6 8 2 7 13
10 1 8 2 18
0 0 3 8 17
14 7 10 3 3
9 2 14 0 14
2 9 13 2 12
12 3 7 0 16
10 5 15 3 16
8 6 5 7 5
3 9 7 0 4
9 2 7 1 7
2 0 9 2 17
2 4 3 2 15
9 2 3 5 6
11 9 4 2 15
15 8 14 3 16
10 4 11 2 17
11 0 15 4 15
0 6 12 8 12
