10 13
10 1 0 29 2 1 78 12 78 2 2 9 11 9 2 3 36 10 36 1 4 49 1 5 11 1 6 62 1 7 56 1 8 44 1 9 21 
10 1 0 43 2 2 90 11 90 1 4 75 1 9 11 2 3 69 10 69 2 1 28 12 28 1 6 46 1 5 46 1 7 72 1 8 30 
10 2 1 91 12 91 1 0 85 2 3 39 10 39 2 2 74 11 74 1 8 90 1 5 10 1 7 12 1 6 89 1 9 45 1 4 33 
10 2 1 81 12 81 2 2 95 11 95 1 0 71 1 4 99 1 6 9 1 8 52 1 7 85 2 3 98 10 98 1 9 22 1 5 43 
10 2 2 14 11 14 1 0 6 2 1 22 12 22 1 5 61 2 3 26 10 26 1 4 69 1 8 21 1 7 49 1 9 72 1 6 53 
10 2 2 84 11 84 2 1 2 12 2 1 5 52 2 3 95 10 95 1 8 48 1 9 72 1 0 47 1 6 65 1 4 6 1 7 25 
10 2 1 46 12 46 1 0 37 2 3 61 10 61 2 2 13 11 13 1 6 32 1 5 21 1 9 32 1 8 89 1 7 30 1 4 55 
10 2 2 31 11 31 1 0 86 2 1 46 12 46 1 5 74 1 4 32 1 6 88 1 8 19 1 9 48 1 7 36 2 3 79 10 79 
10 1 0 76 2 1 69 12 69 2 3 76 10 76 1 5 51 2 2 85 11 85 1 9 11 1 6 40 1 7 89 1 4 26 1 8 74 
10 2 1 85 12 85 1 0 13 2 2 61 11 61 1 6 7 1 8 64 1 9 76 1 5 47 2 3 52 10 52 1 4 90 1 7 45 

Dynamic Events

# Machine Breakdowns (machine_id start_time end_time)
Machine Breakdowns
2 153 189
3 55 89

# Added Jobs (arrival_time: num_ops num_alts_op1 m1 p1 ... num_alts_op2 m1 p1 ...)
Added Jobs
33: 10 1 11 66 1 10 37 2 5 31 10 90 2 6 10 11 68 2 10 83 9 64 1 7 75 2 7 65 2 88 1 0 65 2 9 50 12 33 1 9 35 
48: 10 1 12 22 2 9 17 0 11 1 3 81 2 9 57 12 9 1 9 65 1 3 60 1 4 54 2 9 30 12 88 1 5 12 1 3 47 
122: 10 2 7 21 11 79 1 10 69 1 6 84 1 7 63 1 5 20 1 12 27 1 7 71 2 5 71 12 52 1 2 95 2 10 57 0 36 
174: 10 2 5 63 0 13 2 7 16 6 71 1 9 33 1 6 76 1 12 12 2 11 27 10 53 1 9 40 2 5 28 0 74 2 8 42 9 27 1 11 15 
233: 10 2 11 82 7 51 2 8 73 12 79 2 3 36 6 81 2 9 70 7 34 1 6 88 1 7 21 2 4 69 10 52 1 7 77 1 9 49 1 0 33 
245: 10 2 3 34 12 32 1 9 18 2 4 45 2 45 1 7 21 1 1 35 1 9 72 1 7 69 2 2 66 12 80 2 5 53 4 43 1 7 13 

# Cancelled Jobs (cancel_time initial_job_sim_idx_to_cancel)
Cancelled Jobs
401 1

# ETPC Constraints (fore_job_sim_idx fore_op_idx hind_job_sim_idx hind_op_idx time_lapse)
ETPC Constraints
13 0 5 6 20
5 4 10 8 14
11 9 15 8 19
10 6 4 6 6
5 0 15 2 20
12 2 10 6 19
12 4 4 4 13
15 4 10 2 3
14 2 2 8 14
14 5 9 8 19
11 6 8 0 19
10 7 7 1 15
6 1 5 6 11
8 1 13 8 4
9 7 12 2 7
12 2 6 0 5
11 8 2 2 8
14 3 1 3 3
13 2 12 9 13
0 3 13 2 9
6 6 15 0 20
13 6 14 0 15
5 4 8 3 11
5 2 15 1 10
