10 10
10 1 0 29 1 1 78 1 2 9 1 3 36 2 4 49 7 49 1 5 11 1 6 62 1 7 56 1 8 44 1 9 21 
10 1 0 43 1 2 90 2 4 75 5 75 1 9 11 1 3 69 1 1 28 2 6 46 5 46 1 5 46 1 7 72 1 8 30 
10 1 1 91 2 0 85 9 85 1 3 39 1 2 74 1 8 90 1 5 10 1 7 12 1 6 89 2 9 45 3 45 1 4 33 
10 1 1 81 2 2 95 9 95 1 0 71 1 4 99 1 6 9 1 8 52 1 7 85 1 3 98 1 9 22 1 5 43 
10 1 2 14 2 0 6 2 6 1 1 22 1 5 61 2 3 26 4 26 1 4 69 1 8 21 1 7 49 2 9 72 8 72 1 6 53 
10 2 2 84 7 84 1 1 2 1 5 52 1 3 95 1 8 48 1 9 72 1 0 47 1 6 65 1 4 6 1 7 25 
10 1 1 46 1 0 37 1 3 61 1 2 13 1 6 32 1 5 21 1 9 32 1 8 89 1 7 30 1 4 55 
10 1 2 31 2 0 86 2 86 1 1 46 1 5 74 1 4 32 1 6 88 1 8 19 1 9 48 1 7 36 1 3 79 
10 1 0 76 2 1 69 4 69 1 3 76 1 5 51 1 2 85 1 9 11 1 6 40 1 7 89 1 4 26 1 8 74 
10 1 1 85 1 0 13 2 2 61 4 61 1 6 7 1 8 64 1 9 76 1 5 47 1 3 52 1 4 90 1 7 45 

Dynamic Events

# Machine Breakdowns (machine_id start_time end_time)
Machine Breakdowns
5 407 438
9 430 462

# Added Jobs (arrival_time: num_ops num_alts_op1 m1 p1 ... num_alts_op2 m1 p1 ...)
Added Jobs
32: 10 2 6 71 2 75 2 3 94 5 14 2 7 64 9 89 2 6 25 8 55 1 0 66 1 8 52 2 0 61 1 13 2 0 44 6 36 2 5 31 6 47 2 4 71 0 56 
40: 10 1 8 63 1 2 95 2 5 14 4 19 1 2 88 1 7 26 2 2 15 5 46 2 7 12 3 31 2 8 76 2 32 1 3 57 1 8 33 
77: 10 1 1 38 2 9 59 7 59 1 9 43 2 7 81 2 34 2 9 27 6 49 2 4 50 0 28 2 3 77 1 15 1 5 16 2 9 37 5 19 2 2 18 1 75 
173: 10 2 9 74 4 28 2 0 21 5 18 2 8 82 3 54 1 5 10 1 1 16 2 9 33 4 77 1 7 34 2 7 19 1 24 1 1 15 2 3 30 1 32 
215: 10 2 4 87 5 59 1 7 68 2 0 27 9 17 1 2 51 2 1 10 4 86 2 7 25 9 20 1 2 49 1 6 17 1 1 65 1 8 80 

# Cancelled Jobs (cancel_time initial_job_sim_idx_to_cancel)
Cancelled Jobs
214 5

# ETPC Constraints (fore_job_sim_idx fore_op_idx hind_job_sim_idx hind_op_idx time_lapse)
ETPC Constraints
7 8 14 0 11
11 4 8 0 14
11 5 6 2 8
2 7 9 8 17
6 1 9 6 7
9 8 10 3 5
10 5 13 0 17
9 0 8 5 18
0 1 1 3 18
12 0 0 2 10
14 4 1 0 10
6 9 0 1 20
7 4 0 8 10
9 0 6 1 15
3 3 9 2 11
11 6 5 7 6
6 8 7 8 11
8 3 7 5 14
3 4 12 8 13
9 6 8 2 10
12 6 3 5 14
