20 5
5 1 0 29 1 1 9 1 2 49 1 3 62 2 4 44 2 44 
5 1 0 43 1 1 75 1 3 69 1 2 46 1 4 72 
5 1 1 91 1 0 39 2 2 90 0 90 1 4 12 1 3 45 
5 1 1 81 2 0 71 3 71 1 4 9 1 2 85 1 3 22 
5 1 2 14 2 1 22 2 22 1 0 26 1 3 21 1 4 72 
5 1 2 84 1 1 52 2 4 48 3 48 1 0 47 1 3 6 
5 2 1 46 2 46 1 0 61 1 2 32 1 3 32 1 4 30 
5 1 2 31 1 1 46 1 0 32 1 3 19 1 4 36 
5 1 0 76 2 3 76 0 76 1 2 85 1 1 40 2 4 26 2 26 
5 1 1 85 1 2 61 2 0 64 3 64 1 3 47 2 4 90 2 90 
5 1 1 78 1 3 36 1 0 11 1 4 56 1 2 21 
5 1 2 90 1 0 11 1 1 28 1 3 46 1 4 30 
5 1 0 85 1 2 74 1 1 10 1 3 89 1 4 33 
5 1 2 95 1 0 99 1 1 52 1 3 98 1 4 43 
5 2 0 6 2 6 1 1 61 1 4 69 1 2 49 1 3 53 
5 1 1 2 1 0 95 1 3 72 1 4 65 1 2 25 
5 2 0 37 4 37 1 2 13 1 1 21 1 3 89 1 4 55 
5 1 0 86 1 1 74 1 4 88 1 2 48 1 3 79 
5 1 1 69 2 2 51 4 51 1 0 11 1 3 89 1 4 74 
5 1 0 13 1 1 7 1 2 76 1 3 52 1 4 45 

Dynamic Events

# Machine Breakdowns (machine_id start_time end_time)
Machine Breakdowns
1 678 703
3 385 416

# Added Jobs (arrival_time: num_ops num_alts_op1 m1 p1 ... num_alts_op2 m1 p1 ...)
Added Jobs
110: 5 1 0 10 1 3 76 1 4 20 2 4 24 2 75 1 2 16 
224: 5 1 4 43 1 3 16 2 1 27 0 66 1 3 98 2 3 92 4 57 
323: 5 2 4 75 0 8 2 1 62 3 20 1 3 89 2 1 14 2 48 2 0 92 3 74 
403: 5 1 3 30 2 0 36 3 89 2 4 75 1 86 2 4 85 1 83 2 4 48 2 22 
415: 5 1 1 55 1 0 61 2 2 6 0 41 2 4 42 1 34 1 0 36 

# Cancelled Jobs (cancel_time initial_job_sim_idx_to_cancel)
Cancelled Jobs
1 11
279 18
546 17
592 5

# ETPC Constraints (fore_job_sim_idx fore_op_idx hind_job_sim_idx hind_op_idx time_lapse)
ETPC Constraints
21 4 19 0 14
2 2 11 4 19
7 3 23 4 19
17 0 21 0 18
15 3 4 4 20
11 0 8 2 16
1 4 19 0 6
18 2 5 3 12
20 0 6 2 19
16 3 8 3 6
19 1 14 2 11
18 0 7 2 11
18 3 15 2 17
8 1 17 0 4
11 1 3 4 15
1 4 9 0 7
11 3 2 3 8
9 2 18 2 4
17 1 12 4 7
3 3 14 2 10
3 4 8 4 8
1 1 24 2 5
15 1 10 0 9
11 4 5 0 19
24 4 2 0 10
19 3 8 0 20
17 1 18 0 15
10 3 2 4 14
22 3 15 4 18
7 1 10 3 6
23 4 13 1 17
2 0 19 4 7
9 0 11 3 11
3 3 8 0 4
3 2 8 3 11
13 3 10 0 10
20 3 7 4 14
13 1 16 4 20
16 2 19 2 18
10 2 19 3 16
10 1 4 0 13
22 3 14 3 18
2 1 22 1 17
21 0 19 2 6
22 3 24 2 10
3 3 10 0 10
7 2 20 2 4
19 4 4 3 7
3 2 13 3 10
16 1 6 2 4
