20 5
5 1 0 29 1 1 9 1 2 49 1 3 62 2 4 44 2 44 
5 1 0 43 1 1 75 1 3 69 1 2 46 1 4 72 
5 1 1 91 1 0 39 2 2 90 0 90 1 4 12 1 3 45 
5 1 1 81 2 0 71 3 71 1 4 9 1 2 85 1 3 22 
5 1 2 14 2 1 22 2 22 1 0 26 1 3 21 1 4 72 
5 1 2 84 1 1 52 2 4 48 3 48 1 0 47 1 3 6 
5 2 1 46 2 46 1 0 61 1 2 32 1 3 32 1 4 30 
5 1 2 31 1 1 46 1 0 32 1 3 19 1 4 36 
5 1 0 76 2 3 76 0 76 1 2 85 1 1 40 2 4 26 2 26 
5 1 1 85 1 2 61 2 0 64 3 64 1 3 47 2 4 90 2 90 
5 1 1 78 1 3 36 1 0 11 1 4 56 1 2 21 
5 1 2 90 1 0 11 1 1 28 1 3 46 1 4 30 
5 1 0 85 1 2 74 1 1 10 1 3 89 1 4 33 
5 1 2 95 1 0 99 1 1 52 1 3 98 1 4 43 
5 2 0 6 2 6 1 1 61 1 4 69 1 2 49 1 3 53 
5 1 1 2 1 0 95 1 3 72 1 4 65 1 2 25 
5 2 0 37 4 37 1 2 13 1 1 21 1 3 89 1 4 55 
5 1 0 86 1 1 74 1 4 88 1 2 48 1 3 79 
5 1 1 69 2 2 51 4 51 1 0 11 1 3 89 1 4 74 
5 1 0 13 1 1 7 1 2 76 1 3 52 1 4 45 

Dynamic Events

# Machine Breakdowns (machine_id start_time end_time)
Machine Breakdowns
2 364 395

# Added Jobs (arrival_time: num_ops num_alts_op1 m1 p1 ... num_alts_op2 m1 p1 ...)
Added Jobs
70: 5 1 0 89 2 4 9 1 49 2 4 19 0 35 1 4 84 2 1 51 0 91 
94: 5 1 0 74 1 4 46 1 3 32 2 0 62 3 63 2 3 52 4 25 
289: 5 2 1 66 3 82 2 4 86 1 73 2 1 75 4 24 1 4 58 2 1 60 3 79 
306: 5 1 0 51 1 1 81 1 2 86 1 4 32 2 3 15 2 37 
329: 5 2 3 44 1 69 2 3 75 1 54 2 2 8 4 61 2 4 63 1 12 1 2 94 

# Cancelled Jobs (cancel_time initial_job_sim_idx_to_cancel)
Cancelled Jobs
255 19
723 10

# ETPC Constraints (fore_job_sim_idx fore_op_idx hind_job_sim_idx hind_op_idx time_lapse)
ETPC Constraints
3 4 23 1 14
1 1 10 0 6
3 2 11 2 6
3 3 19 0 8
3 1 9 0 6
19 1 6 1 6
16 1 11 1 7
6 4 1 1 12
12 0 5 2 9
3 2 22 0 9
7 1 9 2 3
2 1 11 2 3
21 1 11 3 17
21 1 1 1 14
20 2 8 3 10
18 3 10 2 16
18 3 23 3 19
9 4 7 0 19
7 2 3 2 15
1 2 5 4 7
8 3 6 0 11
24 3 17 0 15
3 2 24 0 7
11 1 23 0 17
18 4 17 2 19
22 3 9 1 13
6 3 13 1 18
24 0 19 4 14
5 4 23 1 3
8 4 5 0 18
1 1 13 4 4
9 4 7 3 20
14 0 2 3 16
22 3 24 1 20
4 1 14 1 5
22 1 12 2 6
11 2 20 3 12
9 0 6 3 10
0 2 20 3 17
4 4 9 1 14
11 1 7 1 18
19 1 7 2 8
9 1 3 2 12
8 3 4 2 7
21 3 17 3 17
4 3 14 3 20
7 1 12 3 15
13 1 3 0 13
8 4 9 2 4
23 4 6 4 12
