10 10
10 1 9 66 1 8 13 1 0 93 1 7 91 2 6 14 7 14 1 5 70 1 3 99 1 2 53 1 4 86 1 1 16 
10 1 8 34 1 9 99 2 0 62 5 62 1 7 65 1 5 62 1 4 64 2 6 21 5 21 1 2 12 1 3 9 1 1 75 
10 1 9 12 2 8 26 9 26 1 7 64 1 6 92 1 4 67 1 5 28 1 3 66 1 2 83 2 1 38 3 38 1 0 58 
10 1 0 77 2 1 73 2 73 1 3 82 1 2 75 1 6 84 1 4 19 1 5 18 1 7 89 1 8 8 1 9 73 
10 1 0 34 1 1 74 2 7 48 0 48 1 5 44 1 4 92 2 6 40 2 40 1 3 60 1 2 62 2 8 22 5 22 2 9 67 7 67 
10 2 9 8 7 8 1 8 85 1 3 58 1 7 97 1 5 92 1 4 89 1 6 75 1 2 77 1 1 95 1 0 5 
10 1 8 52 1 9 43 1 6 5 1 7 78 1 5 12 1 3 62 1 4 21 1 2 80 1 1 60 1 0 31 
10 1 9 81 2 8 23 2 23 1 7 23 1 6 75 1 4 78 1 5 56 1 3 51 1 2 39 1 1 53 1 0 96 
10 1 9 79 2 8 55 4 55 1 2 88 1 4 21 1 5 83 1 3 93 1 6 47 1 7 10 1 0 63 1 1 14 
10 1 0 43 1 1 63 2 2 83 4 83 1 3 29 1 4 52 1 5 98 1 6 54 1 7 39 1 8 33 1 9 23 

Dynamic Events

# Machine Breakdowns (machine_id start_time end_time)
Machine Breakdowns
2 461 501
6 566 598
9 369 396

# Added Jobs (arrival_time: num_ops num_alts_op1 m1 p1 ... num_alts_op2 m1 p1 ...)
Added Jobs
56: 10 1 4 20 1 5 81 2 1 51 6 20 1 3 25 2 5 88 8 21 1 1 35 1 3 40 1 1 81 2 3 22 1 25 2 7 33 0 34 
65: 10 2 5 42 7 23 1 5 23 1 5 61 1 5 14 2 4 23 5 59 1 6 58 2 9 82 3 57 2 1 15 6 45 1 9 56 2 4 74 9 45 
125: 10 2 6 29 0 72 1 6 87 2 8 59 9 68 2 6 77 1 49 1 6 91 2 0 62 8 53 1 5 16 2 7 89 0 56 1 3 62 2 4 36 2 48 
130: 10 2 2 48 5 12 2 0 86 1 57 2 5 23 9 24 1 3 93 2 6 57 0 20 2 1 45 9 56 2 4 65 6 74 1 9 72 1 0 60 2 4 75 9 12 
160: 10 2 1 22 0 14 1 1 35 2 8 82 0 50 2 8 69 1 82 2 0 91 3 65 1 9 34 1 3 85 2 3 17 6 55 2 4 85 5 55 2 8 26 3 81 

# ETPC Constraints (fore_job_sim_idx fore_op_idx hind_job_sim_idx hind_op_idx time_lapse)
ETPC Constraints
13 4 14 5 16
5 9 7 3 12
1 8 13 4 6
2 2 13 7 9
1 0 12 4 11
3 2 12 0 11
0 5 7 7 8
13 1 2 0 4
11 2 8 6 7
11 1 5 5 12
4 2 12 1 8
3 6 12 9 5
13 1 6 2 10
4 9 9 1 14
11 0 12 3 6
2 5 3 2 13
4 1 10 9 14
8 7 9 0 5
10 3 9 8 10
6 5 12 9 18
9 3 1 2 16
