10 10
10 1 0 72 1 1 64 1 2 55 1 3 31 2 4 53 7 53 1 5 95 1 6 11 1 7 52 1 8 6 1 9 84 
10 1 0 61 1 3 27 2 4 88 5 88 1 2 78 1 1 49 1 5 83 2 8 91 5 91 1 6 74 1 7 29 1 9 87 
10 1 0 86 2 3 32 9 32 1 1 35 1 2 37 1 5 18 1 4 48 1 6 91 1 7 52 2 9 60 3 60 1 8 30 
10 1 0 8 2 1 82 2 82 1 4 27 1 3 99 1 6 74 1 5 9 1 2 33 1 9 20 1 7 59 1 8 98 
10 1 1 50 1 0 94 2 5 43 0 43 1 3 62 1 4 55 2 7 48 2 48 1 2 5 1 8 36 2 9 47 5 47 2 6 36 7 36 
10 2 0 53 7 53 1 6 30 1 2 7 1 3 12 1 1 68 1 8 87 1 4 28 1 9 70 1 7 45 1 5 7 
10 1 2 29 1 3 96 1 0 99 1 1 14 1 4 34 1 7 14 1 5 7 1 6 76 1 8 57 1 9 76 
10 1 2 90 2 0 19 2 19 1 3 87 1 4 51 1 1 84 1 5 45 1 9 84 1 6 58 1 7 81 1 8 96 
10 1 2 97 2 1 99 4 99 1 4 93 1 0 38 1 7 13 1 5 96 1 3 40 1 9 64 1 6 32 1 8 45 
10 1 2 44 1 0 60 2 8 29 4 29 1 3 5 1 6 74 1 1 85 1 4 34 1 7 95 1 9 51 1 5 47 

Dynamic Events

# Machine Breakdowns (machine_id start_time end_time)
Machine Breakdowns
8 365 403
9 325 359

# Added Jobs (arrival_time: num_ops num_alts_op1 m1 p1 ... num_alts_op2 m1 p1 ...)
Added Jobs
57: 10 2 5 45 8 82 2 2 36 7 21 2 7 21 4 93 2 4 98 7 93 2 9 46 6 60 1 1 34 2 1 97 2 15 1 7 25 2 0 19 6 23 2 4 42 0 31 
72: 10 2 0 13 1 75 2 0 86 5 87 1 0 12 2 3 9 2 13 1 7 40 2 1 94 4 82 1 0 37 1 0 98 2 0 70 6 85 2 4 65 7 23 
155: 10 2 3 17 5 77 1 1 43 1 6 77 2 8 68 6 20 2 4 30 7 68 2 2 50 5 22 1 7 70 2 0 32 2 54 1 1 62 1 8 73 
205: 10 1 0 10 2 3 54 6 89 1 5 69 2 1 33 9 70 2 7 36 9 40 1 0 85 2 9 62 0 90 2 3 5 6 28 1 7 25 2 0 15 9 71 
242: 10 2 6 87 3 87 1 7 45 2 0 67 9 56 2 6 79 5 24 2 3 80 2 54 1 1 18 2 4 60 7 92 1 2 97 1 9 54 1 4 51 

# ETPC Constraints (fore_job_sim_idx fore_op_idx hind_job_sim_idx hind_op_idx time_lapse)
ETPC Constraints
12 6 2 8 9
8 8 10 9 15
2 4 4 2 9
8 0 10 0 8
11 7 10 3 13
8 9 2 5 13
5 0 6 1 7
9 1 8 4 15
5 3 8 1 11
5 4 2 6 3
8 4 2 3 17
14 9 6 1 8
4 9 10 3 18
14 5 5 0 14
8 5 10 1 12
12 5 2 2 10
6 9 8 0 19
4 6 10 1 18
1 2 8 4 3
0 1 2 4 4
3 7 5 0 20
