10 10
10 1 0 72 1 1 64 1 2 55 1 3 31 2 4 53 7 53 1 5 95 1 6 11 1 7 52 1 8 6 1 9 84 
10 1 0 61 1 3 27 2 4 88 5 88 1 2 78 1 1 49 1 5 83 2 8 91 5 91 1 6 74 1 7 29 1 9 87 
10 1 0 86 2 3 32 9 32 1 1 35 1 2 37 1 5 18 1 4 48 1 6 91 1 7 52 2 9 60 3 60 1 8 30 
10 1 0 8 2 1 82 2 82 1 4 27 1 3 99 1 6 74 1 5 9 1 2 33 1 9 20 1 7 59 1 8 98 
10 1 1 50 1 0 94 2 5 43 0 43 1 3 62 1 4 55 2 7 48 2 48 1 2 5 1 8 36 2 9 47 5 47 2 6 36 7 36 
10 2 0 53 7 53 1 6 30 1 2 7 1 3 12 1 1 68 1 8 87 1 4 28 1 9 70 1 7 45 1 5 7 
10 1 2 29 1 3 96 1 0 99 1 1 14 1 4 34 1 7 14 1 5 7 1 6 76 1 8 57 1 9 76 
10 1 2 90 2 0 19 2 19 1 3 87 1 4 51 1 1 84 1 5 45 1 9 84 1 6 58 1 7 81 1 8 96 
10 1 2 97 2 1 99 4 99 1 4 93 1 0 38 1 7 13 1 5 96 1 3 40 1 9 64 1 6 32 1 8 45 
10 1 2 44 1 0 60 2 8 29 4 29 1 3 5 1 6 74 1 1 85 1 4 34 1 7 95 1 9 51 1 5 47 

Dynamic Events

# Machine Breakdowns (machine_id start_time end_time)
Machine Breakdowns
3 109 141
6 497 525
7 435 468

# Added Jobs (arrival_time: num_ops num_alts_op1 m1 p1 ... num_alts_op2 m1 p1 ...)
Added Jobs
46: 10 1 7 35 1 1 71 2 6 75 4 53 1 5 38 2 3 89 8 72 2 9 27 0 59 1 8 33 1 6 26 2 4 94 6 56 2 4 54 0 78 
153: 10 1 9 22 2 7 38 2 42 2 0 47 7 36 1 9 41 1 1 41 2 8 10 0 94 1 7 33 1 5 45 1 7 83 1 1 38 
153: 10 2 9 85 8 42 1 1 72 2 5 95 1 76 1 9 70 1 9 57 2 5 83 7 23 1 9 68 1 2 31 1 0 54 1 3 47 
206: 10 2 2 59 6 32 1 4 46 1 6 26 2 8 48 6 88 2 7 51 4 76 2 9 41 8 16 2 6 72 3 20 1 2 17 2 7 53 2 59 2 7 24 6 21 
209: 10 1 7 44 1 1 39 2 3 28 6 69 1 9 63 1 6 65 2 6 20 3 43 2 7 30 4 89 1 6 68 2 0 56 7 63 2 9 55 2 6 

# Cancelled Jobs (cancel_time initial_job_sim_idx_to_cancel)
Cancelled Jobs
264 4
323 0

# ETPC Constraints (fore_job_sim_idx fore_op_idx hind_job_sim_idx hind_op_idx time_lapse)
ETPC Constraints
1 4 12 8 10
4 8 14 0 17
14 0 2 7 9
9 3 3 3 3
10 5 8 5 8
3 2 10 0 20
12 2 4 1 9
8 9 9 1 20
4 1 9 1 6
6 6 14 3 6
6 0 4 7 14
8 0 9 4 7
0 5 3 9 14
4 6 5 1 15
0 1 5 3 17
10 8 3 2 13
7 5 13 1 19
6 9 1 4 6
4 5 7 9 8
13 7 10 7 9
6 3 9 0 9
