10 10
10 1 9 66 1 8 13 1 0 93 1 7 91 2 6 14 7 14 1 5 70 1 3 99 1 2 53 1 4 86 1 1 16 
10 1 8 34 1 9 99 2 0 62 5 62 1 7 65 1 5 62 1 4 64 2 6 21 5 21 1 2 12 1 3 9 1 1 75 
10 1 9 12 2 8 26 9 26 1 7 64 1 6 92 1 4 67 1 5 28 1 3 66 1 2 83 2 1 38 3 38 1 0 58 
10 1 0 77 2 1 73 2 73 1 3 82 1 2 75 1 6 84 1 4 19 1 5 18 1 7 89 1 8 8 1 9 73 
10 1 0 34 1 1 74 2 7 48 0 48 1 5 44 1 4 92 2 6 40 2 40 1 3 60 1 2 62 2 8 22 5 22 2 9 67 7 67 
10 2 9 8 7 8 1 8 85 1 3 58 1 7 97 1 5 92 1 4 89 1 6 75 1 2 77 1 1 95 1 0 5 
10 1 8 52 1 9 43 1 6 5 1 7 78 1 5 12 1 3 62 1 4 21 1 2 80 1 1 60 1 0 31 
10 1 9 81 2 8 23 2 23 1 7 23 1 6 75 1 4 78 1 5 56 1 3 51 1 2 39 1 1 53 1 0 96 
10 1 9 79 2 8 55 4 55 1 2 88 1 4 21 1 5 83 1 3 93 1 6 47 1 7 10 1 0 63 1 1 14 
10 1 0 43 1 1 63 2 2 83 4 83 1 3 29 1 4 52 1 5 98 1 6 54 1 7 39 1 8 33 1 9 23 

Dynamic Events

# Machine Breakdowns (machine_id start_time end_time)
Machine Breakdowns
2 158 190
3 236 264
5 535 572
8 56 96

# Added Jobs (arrival_time: num_ops num_alts_op1 m1 p1 ... num_alts_op2 m1 p1 ...)
Added Jobs
33: 10 2 1 94 5 57 2 0 5 8 85 2 5 36 8 38 2 7 13 1 93 2 6 29 3 11 1 8 80 1 5 91 1 1 77 1 0 51 2 7 87 2 14 
34: 10 1 4 57 1 0 70 1 6 65 2 5 60 8 83 2 5 96 7 60 1 7 13 2 4 84 3 19 2 0 57 8 39 2 0 32 4 24 1 6 65 
71: 10 2 7 36 3 39 1 7 54 2 2 46 6 69 1 1 52 2 5 42 0 70 2 1 67 2 79 1 3 41 1 9 37 2 7 56 2 43 1 6 43 
133: 10 2 7 80 3 96 2 4 34 2 63 1 9 92 1 5 65 2 6 91 8 60 1 1 74 1 2 46 1 8 59 2 8 10 2 84 1 7 94 
196: 10 1 3 18 1 6 36 2 9 37 0 14 2 5 17 1 32 2 1 82 7 95 1 1 45 2 5 91 0 53 2 1 26 6 57 1 1 26 2 6 73 7 38 
210: 10 1 3 60 1 8 28 2 3 76 6 19 2 1 20 4 19 1 2 20 1 8 69 1 4 44 2 2 20 6 5 2 7 14 9 77 2 4 43 6 61 

# Cancelled Jobs (cancel_time initial_job_sim_idx_to_cancel)
Cancelled Jobs
166 5

# ETPC Constraints (fore_job_sim_idx fore_op_idx hind_job_sim_idx hind_op_idx time_lapse)
ETPC Constraints
6 1 3 4 6
12 5 9 6 11
14 5 0 7 10
6 5 5 0 17
8 8 6 8 16
11 6 10 8 3
7 7 2 4 13
1 7 2 7 10
9 3 11 3 9
1 3 10 6 16
8 6 6 4 17
4 2 3 6 14
11 3 1 1 11
14 0 6 2 7
8 7 2 2 15
10 7 0 2 7
11 4 4 7 9
3 0 14 1 18
2 9 11 2 6
6 5 1 6 15
2 3 13 4 11
13 4 4 0 20
0 7 5 1 9
11 2 7 5 16
