10 10
10 1 0 72 1 1 54 1 2 33 1 3 86 2 4 75 7 75 1 5 16 1 6 96 1 7 7 1 8 99 1 9 76 
10 1 0 16 1 3 88 2 4 48 5 48 1 8 52 1 9 60 1 6 29 2 7 18 5 18 1 5 89 1 2 80 1 1 76 
10 1 0 47 2 7 11 9 11 1 3 14 1 2 56 1 6 16 1 4 83 1 1 10 1 5 61 2 8 24 3 24 1 9 58 
10 1 0 49 2 1 31 2 31 1 3 17 1 8 50 1 5 63 1 2 35 1 4 65 1 7 23 1 6 50 1 9 29 
10 1 0 55 1 6 6 2 1 28 0 28 1 3 96 1 5 86 2 2 99 7 99 1 9 14 1 7 70 2 8 64 4 64 1 4 24 
10 2 4 46 2 46 1 0 23 1 6 70 1 8 19 1 2 54 1 3 22 1 9 85 1 7 87 1 5 79 1 1 93 
10 1 4 76 1 3 60 1 0 76 1 9 98 1 2 76 1 1 50 1 8 86 1 7 14 1 6 27 1 5 57 
10 2 4 93 0 93 1 6 27 1 9 57 1 3 87 1 8 86 1 2 54 1 7 24 1 5 49 1 0 20 1 1 47 
10 2 2 28 9 28 1 6 11 1 8 78 1 7 85 1 4 63 1 9 81 1 3 10 1 1 9 1 5 46 1 0 32 
10 1 2 22 2 9 76 4 76 1 5 89 1 8 13 1 6 88 1 3 10 1 7 75 1 4 98 1 1 78 1 0 17 

Dynamic Events

# Machine Breakdowns (machine_id start_time end_time)
Machine Breakdowns
3 288 315

# Added Jobs (arrival_time: num_ops num_alts_op1 m1 p1 ... num_alts_op2 m1 p1 ...)
Added Jobs
70: 10 1 2 42 1 6 10 2 3 22 6 95 1 1 48 1 7 97 2 7 7 1 87 1 4 82 2 8 43 7 68 2 9 34 2 51 2 4 88 8 67 
90: 10 2 2 38 1 26 2 1 49 5 18 1 4 31 1 7 60 1 2 43 2 1 10 0 63 2 0 70 5 24 2 7 95 9 15 1 8 44 1 4 35 
136: 10 2 8 36 9 19 2 1 12 9 53 2 8 66 4 83 1 4 59 1 9 55 1 5 49 1 2 97 1 5 54 1 6 15 2 6 11 7 50 
152: 10 2 9 56 6 51 2 9 27 2 95 2 9 60 6 86 1 4 43 2 2 55 6 96 1 1 70 2 2 66 4 76 2 7 88 8 15 1 0 75 2 1 92 8 68 
238: 10 1 3 33 1 3 14 1 3 96 1 1 93 1 7 99 1 5 20 2 4 86 9 37 1 3 38 1 5 39 1 1 37 

# Cancelled Jobs (cancel_time initial_job_sim_idx_to_cancel)
Cancelled Jobs
371 0

# ETPC Constraints (fore_job_sim_idx fore_op_idx hind_job_sim_idx hind_op_idx time_lapse)
ETPC Constraints
6 4 10 1 9
5 6 14 5 4
7 3 1 7 13
7 3 1 1 17
1 9 14 3 9
12 2 11 7 11
7 2 12 7 11
12 5 9 9 10
4 2 12 8 6
13 5 3 5 5
6 3 1 8 5
13 1 0 3 7
7 5 0 9 14
7 4 2 9 10
10 9 8 0 6
9 4 14 9 10
13 7 9 1 15
9 8 7 3 18
2 1 14 8 5
1 9 4 0 19
3 5 5 4 15
