10 10
10 1 0 72 1 1 54 1 2 33 1 3 86 2 4 75 7 75 1 5 16 1 6 96 1 7 7 1 8 99 1 9 76 
10 1 0 16 1 3 88 2 4 48 5 48 1 8 52 1 9 60 1 6 29 2 7 18 5 18 1 5 89 1 2 80 1 1 76 
10 1 0 47 2 7 11 9 11 1 3 14 1 2 56 1 6 16 1 4 83 1 1 10 1 5 61 2 8 24 3 24 1 9 58 
10 1 0 49 2 1 31 2 31 1 3 17 1 8 50 1 5 63 1 2 35 1 4 65 1 7 23 1 6 50 1 9 29 
10 1 0 55 1 6 6 2 1 28 0 28 1 3 96 1 5 86 2 2 99 7 99 1 9 14 1 7 70 2 8 64 4 64 1 4 24 
10 2 4 46 2 46 1 0 23 1 6 70 1 8 19 1 2 54 1 3 22 1 9 85 1 7 87 1 5 79 1 1 93 
10 1 4 76 1 3 60 1 0 76 1 9 98 1 2 76 1 1 50 1 8 86 1 7 14 1 6 27 1 5 57 
10 2 4 93 0 93 1 6 27 1 9 57 1 3 87 1 8 86 1 2 54 1 7 24 1 5 49 1 0 20 1 1 47 
10 2 2 28 9 28 1 6 11 1 8 78 1 7 85 1 4 63 1 9 81 1 3 10 1 1 9 1 5 46 1 0 32 
10 1 2 22 2 9 76 4 76 1 5 89 1 8 13 1 6 88 1 3 10 1 7 75 1 4 98 1 1 78 1 0 17 

Dynamic Events

# Machine Breakdowns (machine_id start_time end_time)
Machine Breakdowns
1 376 402
6 362 395

# Added Jobs (arrival_time: num_ops num_alts_op1 m1 p1 ... num_alts_op2 m1 p1 ...)
Added Jobs
56: 10 2 8 19 4 63 1 3 56 2 1 76 7 43 2 4 74 7 38 2 6 72 9 33 2 7 88 3 18 1 9 32 2 5 59 6 90 2 0 78 7 62 1 6 77 
90: 10 2 1 54 2 99 2 0 41 8 36 1 2 96 1 6 40 2 7 26 1 38 1 6 61 2 0 39 2 43 1 7 72 2 9 47 6 18 2 6 11 9 69 
127: 10 2 5 31 4 30 2 9 89 1 9 2 7 33 8 70 2 9 72 5 76 1 8 54 2 2 48 4 65 1 5 80 1 7 53 1 8 29 1 4 33 
183: 10 1 5 26 2 1 11 4 78 2 9 94 7 75 1 7 55 2 4 47 0 22 2 8 46 6 82 1 2 77 1 7 18 2 6 68 2 39 1 2 53 
187: 10 2 2 75 5 49 1 2 38 1 0 75 1 5 19 2 5 18 1 35 2 3 69 0 23 1 0 60 1 9 31 1 0 25 1 4 69 
197: 10 2 4 71 3 92 1 8 32 1 1 54 2 1 32 2 74 1 2 70 1 3 37 1 0 48 2 1 83 9 59 2 8 42 0 37 2 5 31 2 36 
246: 10 2 7 54 3 54 2 5 24 8 15 1 8 89 1 8 82 1 0 24 2 1 47 9 63 1 1 68 1 9 62 1 3 26 1 7 48 

# Cancelled Jobs (cancel_time initial_job_sim_idx_to_cancel)
Cancelled Jobs
309 1

# ETPC Constraints (fore_job_sim_idx fore_op_idx hind_job_sim_idx hind_op_idx time_lapse)
ETPC Constraints
15 3 5 7 20
6 9 7 6 20
6 2 2 5 13
4 0 5 4 19
5 4 16 1 13
4 9 14 1 7
9 0 10 6 10
7 6 3 3 20
7 5 3 9 13
1 2 11 4 18
10 4 7 8 5
16 0 15 4 14
8 2 15 9 12
9 6 4 4 17
7 3 14 1 8
9 7 3 7 9
16 1 2 2 5
12 3 9 4 18
5 4 11 8 20
2 0 7 8 17
0 3 14 0 16
0 3 4 4 11
6 0 5 1 19
7 2 11 8 11
15 4 9 6 7
16 2 1 0 7
