10 10
10 1 0 96 1 1 69 1 2 25 1 3 5 2 4 55 7 55 1 5 15 1 6 88 1 7 11 1 8 17 1 9 82 
10 1 0 11 1 1 48 2 2 67 5 67 1 3 38 1 4 18 1 7 24 2 6 62 5 62 1 5 92 1 9 96 1 8 81 
10 1 2 67 2 1 63 9 63 1 0 93 1 4 85 1 3 25 1 5 72 1 6 51 1 7 81 2 8 58 3 58 1 9 15 
10 1 2 30 2 1 35 2 35 1 0 27 1 4 82 1 3 44 1 7 92 1 6 25 1 5 49 1 9 28 1 8 77 
10 1 1 53 1 0 83 2 4 73 0 73 1 3 26 1 2 77 2 6 33 2 33 1 5 92 1 9 99 2 8 38 5 38 2 7 38 2 38 
10 2 1 20 2 20 1 0 44 1 4 81 1 3 88 1 2 66 1 6 70 1 5 91 1 9 37 1 8 55 1 7 96 
10 1 1 21 1 2 93 1 4 22 1 0 56 1 3 34 1 6 40 1 7 53 1 9 46 1 5 29 1 8 63 
10 2 1 32 0 32 1 2 63 1 4 36 1 0 26 1 3 17 1 5 85 1 7 15 1 8 55 1 9 16 1 6 82 
10 2 0 73 9 73 1 2 46 1 3 89 1 4 24 1 1 99 1 6 92 1 7 7 1 9 51 1 5 19 1 8 14 
10 1 0 52 2 2 20 9 20 1 3 70 1 4 98 1 1 23 1 5 15 1 7 81 1 8 71 1 9 24 1 6 81 

Dynamic Events

# Machine Breakdowns (machine_id start_time end_time)
Machine Breakdowns
2 224 254
5 139 173

# Added Jobs (arrival_time: num_ops num_alts_op1 m1 p1 ... num_alts_op2 m1 p1 ...)
Added Jobs
31: 10 2 4 53 3 37 2 8 32 9 66 1 2 79 1 5 37 1 8 57 1 0 44 1 2 62 2 6 72 7 10 1 2 41 2 1 39 2 80 
57: 10 2 7 21 2 81 2 0 73 1 72 1 6 87 1 5 37 1 9 99 1 8 53 1 5 90 2 3 53 2 66 1 2 54 1 8 23 
82: 10 2 9 49 6 37 1 5 67 1 2 53 1 8 14 1 6 83 1 1 44 1 3 37 2 3 32 5 52 2 4 27 9 24 2 0 52 3 23 
170: 10 1 8 14 2 8 38 5 84 1 5 24 1 6 56 1 9 88 2 3 49 0 67 2 5 17 9 61 1 4 54 1 4 82 1 2 53 
207: 10 1 8 20 1 4 82 2 2 78 5 89 2 4 88 8 31 1 2 83 1 9 18 2 9 77 8 26 2 4 39 9 42 1 7 53 1 9 78 
231: 10 2 3 21 6 50 2 8 69 3 37 2 2 39 8 42 1 5 24 2 9 91 7 61 1 5 45 2 0 70 3 40 2 7 89 1 28 1 2 60 2 0 78 9 77 

# ETPC Constraints (fore_job_sim_idx fore_op_idx hind_job_sim_idx hind_op_idx time_lapse)
ETPC Constraints
3 8 9 3 4
6 1 2 4 3
3 1 15 7 8
14 3 10 8 6
12 5 6 0 19
8 4 5 1 5
3 6 12 3 3
14 5 10 0 7
1 5 3 5 19
5 7 3 4 9
1 2 15 4 19
0 8 6 2 19
0 4 10 8 15
9 0 2 6 8
14 6 11 7 7
13 2 5 3 19
2 7 6 1 17
8 1 1 0 20
7 5 12 3 14
11 0 4 0 3
0 6 5 3 12
12 4 7 0 6
0 9 13 6 3
7 0 12 6 19
