10 10
10 1 0 96 1 1 69 1 2 25 1 3 5 2 4 55 7 55 1 5 15 1 6 88 1 7 11 1 8 17 1 9 82 
10 1 0 11 1 1 48 2 2 67 5 67 1 3 38 1 4 18 1 7 24 2 6 62 5 62 1 5 92 1 9 96 1 8 81 
10 1 2 67 2 1 63 9 63 1 0 93 1 4 85 1 3 25 1 5 72 1 6 51 1 7 81 2 8 58 3 58 1 9 15 
10 1 2 30 2 1 35 2 35 1 0 27 1 4 82 1 3 44 1 7 92 1 6 25 1 5 49 1 9 28 1 8 77 
10 1 1 53 1 0 83 2 4 73 0 73 1 3 26 1 2 77 2 6 33 2 33 1 5 92 1 9 99 2 8 38 5 38 2 7 38 2 38 
10 2 1 20 2 20 1 0 44 1 4 81 1 3 88 1 2 66 1 6 70 1 5 91 1 9 37 1 8 55 1 7 96 
10 1 1 21 1 2 93 1 4 22 1 0 56 1 3 34 1 6 40 1 7 53 1 9 46 1 5 29 1 8 63 
10 2 1 32 0 32 1 2 63 1 4 36 1 0 26 1 3 17 1 5 85 1 7 15 1 8 55 1 9 16 1 6 82 
10 2 0 73 9 73 1 2 46 1 3 89 1 4 24 1 1 99 1 6 92 1 7 7 1 9 51 1 5 19 1 8 14 
10 1 0 52 2 2 20 9 20 1 3 70 1 4 98 1 1 23 1 5 15 1 7 81 1 8 71 1 9 24 1 6 81 

Dynamic Events

# Machine Breakdowns (machine_id start_time end_time)
Machine Breakdowns
6 498 530

# Added Jobs (arrival_time: num_ops num_alts_op1 m1 p1 ... num_alts_op2 m1 p1 ...)
Added Jobs
77: 10 2 9 62 7 90 1 3 22 2 6 77 8 55 2 9 66 7 47 1 9 57 2 1 89 4 94 2 4 61 5 69 2 1 86 2 46 2 9 23 3 12 1 7 77 
111: 10 1 8 24 1 1 56 2 5 83 4 81 2 1 88 9 71 2 5 39 7 89 2 3 72 6 52 2 8 24 9 70 2 0 81 3 27 2 1 38 0 39 2 8 46 1 82 
113: 10 1 5 55 2 9 18 0 12 1 0 69 1 5 80 1 5 64 1 6 38 1 8 30 1 9 65 2 2 47 0 55 1 0 71 
143: 10 1 5 82 1 7 91 1 7 87 2 7 13 2 36 1 2 56 1 2 51 1 7 80 1 4 38 1 8 78 2 9 60 2 92 
195: 10 2 3 78 5 37 2 9 60 3 63 2 9 98 2 38 2 7 38 4 39 2 2 92 5 64 2 3 60 8 22 1 8 40 2 9 24 3 8 2 1 84 5 67 2 5 63 7 92 
202: 10 1 3 65 2 0 19 7 25 2 4 63 9 20 2 4 35 6 48 2 0 61 1 86 2 6 58 9 22 2 6 59 9 16 2 6 67 1 87 2 3 82 9 99 1 8 71 

# ETPC Constraints (fore_job_sim_idx fore_op_idx hind_job_sim_idx hind_op_idx time_lapse)
ETPC Constraints
14 6 4 9 20
15 8 14 5 18
3 7 13 3 20
0 5 5 7 3
7 9 10 5 3
5 4 10 4 14
15 2 4 6 18
13 9 14 1 13
5 6 12 2 20
0 2 2 7 7
8 1 11 3 18
8 4 4 9 18
5 6 10 7 17
14 3 5 4 16
3 5 10 9 15
8 5 3 9 4
11 5 14 8 10
13 7 0 3 5
0 2 5 5 16
0 5 7 9 13
7 9 0 7 18
6 2 13 6 15
1 3 6 0 14
9 7 4 1 6
