10 10
10 1 0 8 1 1 10 1 2 35 1 3 44 2 4 15 7 15 1 5 92 1 6 70 1 7 89 1 8 50 1 9 12 
10 1 0 63 1 8 39 2 3 80 5 80 1 5 22 1 2 88 1 1 39 2 9 85 5 85 1 6 27 1 7 74 1 4 69 
10 1 0 52 2 6 22 9 22 1 1 33 1 3 68 1 8 27 1 2 68 1 5 25 1 4 34 2 7 24 3 24 1 9 84 
10 1 0 31 2 1 85 2 85 1 4 55 1 8 80 1 5 58 1 7 11 1 6 69 1 9 56 1 3 73 1 2 25 
10 1 0 97 1 5 98 2 9 87 0 87 1 8 47 1 7 77 2 4 90 2 90 1 3 98 1 2 80 2 1 39 5 39 2 6 40 7 40 
10 2 1 97 7 97 1 5 68 1 0 44 1 9 67 1 2 44 1 8 85 1 3 78 1 6 90 1 7 33 1 4 81 
10 1 0 34 1 3 76 1 8 48 1 7 61 1 9 11 1 2 36 1 4 33 1 6 98 1 1 7 1 5 44 
10 1 0 44 2 9 5 2 5 1 4 85 1 1 51 1 5 58 1 7 79 1 2 95 1 6 48 1 3 86 1 8 73 
10 1 0 24 2 1 63 4 63 1 9 48 1 7 77 1 8 73 1 6 74 1 4 63 1 5 17 1 2 93 1 3 84 
10 1 0 51 1 2 5 2 4 40 6 40 1 9 60 1 1 46 1 5 58 1 8 54 1 3 72 1 6 29 1 7 94 

Dynamic Events

# Machine Breakdowns (machine_id start_time end_time)
Machine Breakdowns
2 537 573
3 488 524
4 552 584
6 434 464
7 259 286
8 278 306
9 664 699

# Added Jobs (arrival_time: num_ops num_alts_op1 m1 p1 ... num_alts_op2 m1 p1 ...)
Added Jobs
38: 10 1 3 94 2 5 66 3 31 2 5 97 0 22 1 7 62 1 7 51 2 6 44 4 45 2 2 33 0 90 2 6 60 3 84 2 8 42 9 63 2 1 95 6 46 
181: 10 2 3 60 7 26 1 4 58 2 5 45 6 96 1 4 43 2 9 8 2 9 2 6 78 1 61 1 8 46 1 9 68 1 5 70 2 8 83 6 71 
239: 10 1 9 71 2 1 27 6 44 2 4 76 7 59 2 7 16 9 38 2 6 69 5 71 2 1 83 7 55 2 7 17 0 87 2 9 84 7 15 2 4 52 8 51 2 1 18 0 26 
289: 10 1 9 35 2 7 93 4 22 2 7 91 0 82 1 2 36 1 8 30 1 4 75 1 0 96 1 6 28 1 0 58 1 3 25 

# Cancelled Jobs (cancel_time initial_job_sim_idx_to_cancel)
Cancelled Jobs
392 6

# ETPC Constraints (fore_job_sim_idx fore_op_idx hind_job_sim_idx hind_op_idx time_lapse)
ETPC Constraints
12 4 5 9 6
4 3 0 3 19
11 7 0 9 16
9 7 11 6 12
1 0 9 3 19
4 6 6 6 14
6 6 1 4 20
0 2 5 8 6
10 3 6 4 5
10 3 13 7 17
1 1 3 0 5
11 0 5 0 8
9 1 12 4 11
12 4 10 5 9
5 7 12 7 8
3 0 12 3 20
7 4 3 2 10
11 2 0 0 13
