10 10
10 1 0 8 1 1 10 1 2 35 1 3 44 2 4 15 7 15 1 5 92 1 6 70 1 7 89 1 8 50 1 9 12 
10 1 0 63 1 8 39 2 3 80 5 80 1 5 22 1 2 88 1 1 39 2 9 85 5 85 1 6 27 1 7 74 1 4 69 
10 1 0 52 2 6 22 9 22 1 1 33 1 3 68 1 8 27 1 2 68 1 5 25 1 4 34 2 7 24 3 24 1 9 84 
10 1 0 31 2 1 85 2 85 1 4 55 1 8 80 1 5 58 1 7 11 1 6 69 1 9 56 1 3 73 1 2 25 
10 1 0 97 1 5 98 2 9 87 0 87 1 8 47 1 7 77 2 4 90 2 90 1 3 98 1 2 80 2 1 39 5 39 2 6 40 7 40 
10 2 1 97 7 97 1 5 68 1 0 44 1 9 67 1 2 44 1 8 85 1 3 78 1 6 90 1 7 33 1 4 81 
10 1 0 34 1 3 76 1 8 48 1 7 61 1 9 11 1 2 36 1 4 33 1 6 98 1 1 7 1 5 44 
10 1 0 44 2 9 5 2 5 1 4 85 1 1 51 1 5 58 1 7 79 1 2 95 1 6 48 1 3 86 1 8 73 
10 1 0 24 2 1 63 4 63 1 9 48 1 7 77 1 8 73 1 6 74 1 4 63 1 5 17 1 2 93 1 3 84 
10 1 0 51 1 2 5 2 4 40 6 40 1 9 60 1 1 46 1 5 58 1 8 54 1 3 72 1 6 29 1 7 94 

Dynamic Events

# Machine Breakdowns (machine_id start_time end_time)
Machine Breakdowns
0 416 456
2 587 620
5 74 105

# Added Jobs (arrival_time: num_ops num_alts_op1 m1 p1 ... num_alts_op2 m1 p1 ...)
Added Jobs
87: 10 2 1 87 8 47 2 0 73 1 71 2 6 67 9 70 2 1 90 9 83 1 0 43 2 9 81 5 23 1 7 80 1 6 45 2 3 49 1 15 1 2 95 
98: 10 2 1 11 5 20 1 9 58 2 6 53 7 55 1 0 41 1 3 32 1 5 98 1 1 36 1 5 56 2 0 63 2 44 2 2 69 6 29 
242: 10 1 4 74 1 2 12 1 3 41 1 9 25 1 1 21 1 9 58 2 5 67 0 42 2 3 71 4 44 1 4 78 2 4 77 5 30 
247: 10 2 7 53 3 83 1 0 17 2 8 57 0 54 2 9 76 0 61 1 7 59 1 3 98 2 3 82 4 18 1 2 62 1 0 67 1 1 31 
289: 10 1 8 83 1 9 63 1 9 18 1 5 97 2 9 15 1 37 2 9 45 2 91 2 8 28 2 62 2 8 76 2 58 1 5 41 2 4 67 7 73 

# Cancelled Jobs (cancel_time initial_job_sim_idx_to_cancel)
Cancelled Jobs
320 7

# ETPC Constraints (fore_job_sim_idx fore_op_idx hind_job_sim_idx hind_op_idx time_lapse)
ETPC Constraints
11 5 0 5 13
6 6 5 8 19
8 0 1 7 16
14 5 0 5 11
0 1 14 4 10
4 9 10 4 7
6 6 9 5 6
13 7 11 3 9
4 2 11 0 13
5 2 3 3 6
4 1 14 4 17
11 1 12 8 4
3 2 11 2 7
8 8 10 2 10
1 2 12 7 14
7 4 12 9 11
1 2 8 4 19
1 0 9 0 7
8 7 2 9 12
8 0 5 3 11
6 6 7 6 10
