10 10
10 1 9 11 1 8 93 1 0 48 1 7 76 2 6 13 7 13 1 5 71 1 3 59 1 2 90 1 4 10 1 1 65 
10 1 8 52 1 9 76 2 0 84 5 84 1 7 73 1 5 56 1 4 10 2 6 26 5 26 1 2 43 1 3 39 1 1 49 
10 1 9 28 2 8 44 9 44 1 7 26 1 6 66 1 4 68 1 5 74 1 3 27 1 2 14 2 1 6 3 6 1 0 21 
10 1 0 18 2 1 58 2 58 1 3 62 1 2 46 1 6 25 1 4 6 1 5 60 1 7 28 1 8 80 1 9 30 
10 1 0 78 1 1 47 2 7 29 0 29 1 5 16 1 4 29 2 6 57 2 57 1 3 78 1 2 87 2 8 39 5 39 2 9 73 7 73 
10 2 9 66 7 66 1 8 51 1 3 12 1 7 64 1 5 67 1 4 15 1 6 66 1 2 26 1 1 20 1 0 98 
10 1 8 23 1 9 76 1 6 45 1 7 75 1 5 24 1 3 18 1 4 83 1 2 15 1 1 88 1 0 17 
10 1 9 56 2 8 83 2 83 1 7 80 1 6 16 1 4 31 1 5 93 1 3 30 1 2 29 1 1 66 1 0 28 
10 1 9 79 2 8 69 4 69 1 2 82 1 4 16 1 5 62 1 3 41 1 6 91 1 7 35 1 0 34 1 1 75 
10 1 0 5 1 1 19 2 2 20 4 20 1 3 12 1 4 94 1 5 60 1 6 99 1 7 31 1 8 96 1 9 63 

Dynamic Events

# Machine Breakdowns (machine_id start_time end_time)
Machine Breakdowns
1 520 554
2 125 150
8 144 168

# Added Jobs (arrival_time: num_ops num_alts_op1 m1 p1 ... num_alts_op2 m1 p1 ...)
Added Jobs
57: 10 1 7 60 1 0 13 1 4 85 1 7 51 1 8 38 2 9 42 3 53 1 6 30 2 4 60 7 27 2 4 25 5 25 2 5 45 2 62 
65: 10 2 5 36 9 39 2 6 61 2 71 2 5 70 1 42 2 3 44 8 89 1 7 67 1 7 52 1 6 24 1 1 75 1 2 18 1 6 25 
83: 10 1 1 76 2 0 42 5 36 2 7 62 1 70 2 2 24 6 81 1 0 14 1 4 62 1 0 56 1 5 20 2 7 14 6 38 2 3 58 1 55 
99: 10 1 1 57 2 8 40 7 33 1 6 61 1 7 14 1 0 80 1 3 64 1 8 90 1 4 61 2 2 59 5 41 2 1 81 0 37 
150: 10 2 4 91 0 53 1 5 45 2 8 31 0 20 1 6 77 2 8 56 3 43 1 0 58 1 3 20 1 8 49 1 2 90 1 7 71 

# Cancelled Jobs (cancel_time initial_job_sim_idx_to_cancel)
Cancelled Jobs
106 1
113 9
183 8
184 4

# ETPC Constraints (fore_job_sim_idx fore_op_idx hind_job_sim_idx hind_op_idx time_lapse)
ETPC Constraints
6 4 11 1 17
13 5 3 7 16
0 1 13 1 3
13 3 12 3 3
3 8 4 4 13
1 2 12 0 7
14 4 12 5 20
13 1 11 6 13
5 7 4 3 5
6 5 11 7 8
2 7 4 5 14
7 8 9 2 18
9 2 14 0 11
3 3 10 4 3
10 9 1 2 13
13 7 0 2 9
13 3 4 9 7
6 2 4 2 10
5 5 4 5 14
9 3 8 3 14
3 4 2 5 4
