10 10
10 1 9 11 1 8 93 1 0 48 1 7 76 2 6 13 7 13 1 5 71 1 3 59 1 2 90 1 4 10 1 1 65 
10 1 8 52 1 9 76 2 0 84 5 84 1 7 73 1 5 56 1 4 10 2 6 26 5 26 1 2 43 1 3 39 1 1 49 
10 1 9 28 2 8 44 9 44 1 7 26 1 6 66 1 4 68 1 5 74 1 3 27 1 2 14 2 1 6 3 6 1 0 21 
10 1 0 18 2 1 58 2 58 1 3 62 1 2 46 1 6 25 1 4 6 1 5 60 1 7 28 1 8 80 1 9 30 
10 1 0 78 1 1 47 2 7 29 0 29 1 5 16 1 4 29 2 6 57 2 57 1 3 78 1 2 87 2 8 39 5 39 2 9 73 7 73 
10 2 9 66 7 66 1 8 51 1 3 12 1 7 64 1 5 67 1 4 15 1 6 66 1 2 26 1 1 20 1 0 98 
10 1 8 23 1 9 76 1 6 45 1 7 75 1 5 24 1 3 18 1 4 83 1 2 15 1 1 88 1 0 17 
10 1 9 56 2 8 83 2 83 1 7 80 1 6 16 1 4 31 1 5 93 1 3 30 1 2 29 1 1 66 1 0 28 
10 1 9 79 2 8 69 4 69 1 2 82 1 4 16 1 5 62 1 3 41 1 6 91 1 7 35 1 0 34 1 1 75 
10 1 0 5 1 1 19 2 2 20 4 20 1 3 12 1 4 94 1 5 60 1 6 99 1 7 31 1 8 96 1 9 63 

Dynamic Events

# Machine Breakdowns (machine_id start_time end_time)
Machine Breakdowns
5 512 547
7 173 201

# Added Jobs (arrival_time: num_ops num_alts_op1 m1 p1 ... num_alts_op2 m1 p1 ...)
Added Jobs
117: 10 1 6 49 2 3 56 2 52 1 0 76 1 3 71 1 9 22 2 5 35 6 23 1 8 35 1 7 31 2 3 43 0 36 2 6 66 1 55 
124: 10 1 1 41 1 3 59 2 9 29 1 57 2 0 73 2 86 2 0 94 3 17 1 3 42 2 9 67 1 19 1 5 68 2 3 6 2 27 1 2 45 
146: 10 1 6 98 1 5 43 2 3 69 6 60 2 9 50 8 91 1 1 64 2 4 54 8 70 2 2 77 4 18 2 1 73 2 49 1 1 88 2 6 89 9 57 
209: 10 1 3 47 2 0 59 5 71 1 1 66 1 5 38 1 3 41 1 7 60 1 8 76 2 8 82 6 30 2 7 45 5 84 1 5 36 
230: 10 1 4 87 1 0 27 2 6 87 1 30 1 1 61 2 1 30 5 18 2 2 46 7 73 1 6 99 2 7 19 3 42 1 5 38 1 4 48 

# ETPC Constraints (fore_job_sim_idx fore_op_idx hind_job_sim_idx hind_op_idx time_lapse)
ETPC Constraints
3 2 4 8 17
12 5 4 6 17
7 6 3 5 9
0 8 13 5 5
4 5 2 6 18
9 1 12 2 5
8 4 2 0 5
0 1 10 6 7
3 5 0 1 14
12 1 8 7 3
1 0 8 9 17
3 8 7 0 5
1 5 5 3 15
11 3 9 6 14
9 0 14 5 16
3 6 7 5 16
8 3 10 9 13
2 8 14 9 17
10 9 11 0 17
6 5 4 2 11
10 5 6 5 17
