10 10
10 1 0 99 1 1 74 1 2 49 1 3 67 2 4 17 7 17 1 5 7 1 6 9 1 7 39 1 8 35 1 9 49 
10 1 0 49 1 3 67 2 4 82 5 82 1 2 92 1 1 62 1 5 84 2 8 45 5 45 1 6 30 1 7 42 1 9 71 
10 1 0 26 2 3 33 9 33 1 1 82 1 2 98 1 5 83 1 4 16 1 6 64 1 7 65 2 9 36 3 36 1 8 77 
10 1 0 41 2 1 62 2 62 1 4 73 1 3 94 1 6 51 1 5 46 1 2 55 1 9 31 1 7 64 1 8 46 
10 1 1 68 1 0 26 2 5 50 0 50 1 3 46 1 4 25 2 7 88 2 88 1 2 6 1 8 13 2 9 98 5 98 2 6 84 7 84 
10 2 0 24 7 24 1 6 80 1 2 91 1 3 55 1 1 48 1 8 99 1 4 72 1 9 91 1 7 84 1 5 12 
10 1 2 16 1 3 13 1 0 9 1 1 58 1 4 23 1 7 85 1 5 36 1 6 89 1 8 71 1 9 41 
10 1 2 54 2 0 41 2 41 1 3 38 1 4 53 1 1 11 1 5 74 1 9 88 1 6 46 1 7 41 1 8 65 
10 1 2 53 2 1 50 4 50 1 4 40 1 0 90 1 7 7 1 5 80 1 3 57 1 9 60 1 6 91 1 8 47 
10 1 2 45 1 0 59 2 8 81 4 81 1 3 99 1 6 71 1 1 19 1 4 75 1 7 77 1 9 94 1 5 95 

Dynamic Events

# Machine Breakdowns (machine_id start_time end_time)
Machine Breakdowns
1 124 157
5 102 138
6 542 575

# Added Jobs (arrival_time: num_ops num_alts_op1 m1 p1 ... num_alts_op2 m1 p1 ...)
Added Jobs
72: 10 1 8 66 1 5 26 2 5 71 8 84 2 3 98 4 22 1 6 38 2 7 65 9 86 2 3 96 5 29 2 9 83 1 68 2 5 63 7 80 2 9 93 8 70 
136: 10 2 1 72 5 29 2 8 81 1 42 2 4 27 2 78 2 2 36 1 72 1 7 53 1 9 55 1 3 82 1 8 28 1 1 58 1 5 38 
136: 10 1 0 42 2 0 38 8 37 2 8 15 2 17 2 2 58 6 77 2 6 58 5 47 1 5 36 1 1 28 1 4 24 1 1 56 1 0 48 
147: 10 1 3 23 1 5 66 2 3 66 2 51 2 3 36 7 59 2 9 37 2 79 2 0 83 9 57 2 5 28 0 75 2 7 41 3 95 2 9 89 7 34 2 2 37 6 12 
170: 10 1 6 74 1 1 33 1 0 74 1 9 96 1 5 66 1 2 6 1 1 41 2 0 24 6 44 2 7 86 9 71 2 8 64 1 34 
218: 10 1 7 49 1 9 68 2 8 57 4 34 1 4 17 2 9 42 2 76 2 6 74 8 27 2 0 23 1 14 1 3 73 2 0 12 7 31 2 9 31 5 49 

# Cancelled Jobs (cancel_time initial_job_sim_idx_to_cancel)
Cancelled Jobs
0 5
250 6

# ETPC Constraints (fore_job_sim_idx fore_op_idx hind_job_sim_idx hind_op_idx time_lapse)
ETPC Constraints
0 2 8 2 9
0 6 1 7 19
6 5 1 9 8
11 5 3 5 8
4 0 10 8 18
7 4 10 8 3
0 2 11 7 5
4 0 11 8 8
12 7 2 5 4
10 1 9 6 3
11 3 14 5 14
1 8 4 2 19
15 8 7 0 5
0 5 15 7 5
14 1 12 4 9
15 6 11 5 8
2 8 3 8 3
0 0 2 8 19
10 1 13 4 4
4 2 2 3 11
10 2 12 8 4
5 6 7 6 11
7 6 15 2 6
11 6 6 4 15
