10 10
10 1 0 32 1 1 14 1 2 15 1 3 37 2 4 18 7 18 1 5 43 1 6 19 1 7 27 1 8 28 1 9 31 
10 1 0 8 1 3 12 2 4 49 5 49 1 8 24 1 9 52 1 6 19 2 7 23 5 23 1 5 19 1 2 17 1 1 32 
10 1 0 25 2 7 19 9 19 1 3 27 1 2 45 1 6 21 1 4 15 1 1 13 1 5 16 2 8 43 3 43 1 9 19 
10 1 0 24 2 1 18 2 18 1 3 41 1 8 29 1 5 14 1 2 17 1 4 23 1 7 15 1 6 18 1 9 23 
10 1 0 27 1 6 29 2 1 39 0 39 1 3 21 1 5 15 2 2 15 7 15 1 9 25 1 7 26 2 8 44 4 44 1 4 20 
10 2 4 17 2 17 1 0 15 1 6 51 1 8 17 1 2 46 1 3 16 1 9 33 1 7 25 1 5 30 1 1 25 
10 1 4 15 1 3 31 1 0 25 1 9 12 1 2 13 1 1 51 1 8 19 1 7 21 1 6 12 1 5 26 
10 2 4 8 0 8 1 6 29 1 9 25 1 3 15 1 8 17 1 2 22 1 7 32 1 5 20 1 0 11 1 1 28 
10 2 2 41 9 41 1 6 10 1 8 32 1 7 5 1 4 21 1 9 59 1 3 26 1 1 10 1 5 16 1 0 29 
10 1 2 20 2 9 7 4 7 1 5 44 1 8 22 1 6 33 1 3 25 1 7 29 1 4 12 1 1 14 1 0 0 

Dynamic Events

# Machine Breakdowns (machine_id start_time end_time)
Machine Breakdowns
1 94 112
6 37 53
7 168 184
9 40 57

# Added Jobs (arrival_time: num_ops num_alts_op1 m1 p1 ... num_alts_op2 m1 p1 ...)
Added Jobs
31: 10 2 1 12 6 42 1 1 41 1 2 34 1 9 42 1 4 17 2 8 18 6 43 2 4 41 8 18 1 7 5 1 5 36 1 5 17 
52: 10 2 8 37 3 37 1 6 17 1 6 33 1 4 32 1 1 40 2 1 10 9 26 1 3 29 1 3 42 2 6 14 0 24 2 3 27 1 17 
57: 10 2 6 46 1 39 2 2 25 0 29 1 9 50 1 6 50 1 0 33 2 7 18 2 20 2 6 22 2 27 1 6 20 2 1 33 6 50 1 3 25 
87: 10 1 2 24 2 1 29 6 31 1 6 19 2 8 22 9 18 2 2 16 1 14 2 1 16 2 34 2 5 46 3 27 2 4 25 2 15 1 9 34 2 4 37 3 14 

# ETPC Constraints (fore_job_sim_idx fore_op_idx hind_job_sim_idx hind_op_idx time_lapse)
ETPC Constraints
13 2 8 1 5
5 0 9 4 5
0 5 2 6 14
7 1 10 6 4
5 4 1 8 5
1 5 5 6 20
5 0 1 4 20
8 5 0 9 18
8 1 12 2 15
1 5 7 9 16
7 8 9 9 10
5 0 7 8 9
13 3 10 7 5
2 7 3 2 19
6 2 13 9 7
6 9 8 1 12
3 3 6 3 6
5 2 8 7 20
