10 10
10 1 0 32 1 1 14 1 2 15 1 3 37 2 4 18 7 18 1 5 43 1 6 19 1 7 27 1 8 28 1 9 31 
10 1 0 8 1 3 12 2 4 49 5 49 1 8 24 1 9 52 1 6 19 2 7 23 5 23 1 5 19 1 2 17 1 1 32 
10 1 0 25 2 7 19 9 19 1 3 27 1 2 45 1 6 21 1 4 15 1 1 13 1 5 16 2 8 43 3 43 1 9 19 
10 1 0 24 2 1 18 2 18 1 3 41 1 8 29 1 5 14 1 2 17 1 4 23 1 7 15 1 6 18 1 9 23 
10 1 0 27 1 6 29 2 1 39 0 39 1 3 21 1 5 15 2 2 15 7 15 1 9 25 1 7 26 2 8 44 4 44 1 4 20 
10 2 4 17 2 17 1 0 15 1 6 51 1 8 17 1 2 46 1 3 16 1 9 33 1 7 25 1 5 30 1 1 25 
10 1 4 15 1 3 31 1 0 25 1 9 12 1 2 13 1 1 51 1 8 19 1 7 21 1 6 12 1 5 26 
10 2 4 8 0 8 1 6 29 1 9 25 1 3 15 1 8 17 1 2 22 1 7 32 1 5 20 1 0 11 1 1 28 
10 2 2 41 9 41 1 6 10 1 8 32 1 7 5 1 4 21 1 9 59 1 3 26 1 1 10 1 5 16 1 0 29 
10 1 2 20 2 9 7 4 7 1 5 44 1 8 22 1 6 33 1 3 25 1 7 29 1 4 12 1 1 14 1 0 0 

Dynamic Events

# Machine Breakdowns (machine_id start_time end_time)
Machine Breakdowns
0 234 249
1 73 86

# Added Jobs (arrival_time: num_ops num_alts_op1 m1 p1 ... num_alts_op2 m1 p1 ...)
Added Jobs
51: 10 1 6 22 1 8 17 1 4 16 1 4 25 1 4 44 2 7 10 0 39 2 4 27 1 42 2 4 34 1 42 2 5 14 0 29 1 8 29 
62: 10 2 0 17 8 43 2 0 27 4 44 2 6 33 9 50 2 2 24 7 13 2 3 32 8 17 1 1 39 2 2 15 6 42 1 2 37 1 6 14 1 9 21 
106: 10 1 3 25 2 9 11 3 15 1 0 34 1 4 42 1 1 43 2 2 16 9 13 1 7 27 2 9 12 7 21 2 7 21 5 47 1 4 16 

# Cancelled Jobs (cancel_time initial_job_sim_idx_to_cancel)
Cancelled Jobs
130 6

# ETPC Constraints (fore_job_sim_idx fore_op_idx hind_job_sim_idx hind_op_idx time_lapse)
ETPC Constraints
5 2 12 2 16
11 5 12 6 5
5 6 11 1 19
0 0 9 3 19
3 2 5 8 13
0 4 4 3 13
11 6 3 6 14
7 3 6 0 6
12 2 7 6 12
9 1 1 7 16
8 1 3 3 5
6 9 0 6 5
8 0 7 6 20
4 1 2 2 17
11 7 2 2 14
