10 10
10 1 0 55 1 1 74 1 2 45 1 3 23 2 4 76 7 76 1 5 19 1 6 18 1 7 61 1 8 44 1 9 11 
10 1 0 63 1 1 43 2 2 51 5 51 1 3 18 1 4 42 1 7 11 2 6 29 5 29 1 5 52 1 9 29 1 8 88 
10 1 2 88 2 1 31 9 31 1 0 47 1 4 10 1 3 62 1 5 60 1 6 58 1 7 29 2 8 52 3 52 1 9 92 
10 1 2 16 2 1 71 2 71 1 0 55 1 4 55 1 3 9 1 7 49 1 6 83 1 5 54 1 9 7 1 8 57 
10 1 1 7 1 0 41 2 4 92 0 92 1 3 94 1 2 46 2 6 79 2 79 1 5 34 1 9 38 2 8 8 5 8 2 7 18 2 18 
10 2 1 25 2 25 1 0 5 1 4 89 1 3 94 1 2 14 1 6 94 1 5 20 1 9 23 1 8 44 1 7 39 
10 1 1 24 1 2 21 1 4 47 1 0 40 1 3 94 1 6 71 1 7 89 1 9 75 1 5 97 1 8 15 
10 2 1 5 0 5 1 2 7 1 4 74 1 0 28 1 3 72 1 5 61 1 7 9 1 8 53 1 9 32 1 6 97 
10 2 0 34 9 34 1 2 52 1 3 37 1 4 6 1 1 94 1 6 6 1 7 56 1 9 41 1 5 5 1 8 16 
10 1 0 77 2 2 74 9 74 1 3 82 1 4 10 1 1 29 1 5 15 1 7 51 1 8 65 1 9 37 1 6 21 

Dynamic Events

# Machine Breakdowns (machine_id start_time end_time)
Machine Breakdowns
1 195 218
4 465 497
6 370 400
8 312 336

# Added Jobs (arrival_time: num_ops num_alts_op1 m1 p1 ... num_alts_op2 m1 p1 ...)
Added Jobs
34: 10 1 9 67 1 6 9 1 6 84 2 6 79 7 58 2 4 35 7 10 1 4 43 1 1 17 1 2 13 1 1 25 2 3 44 6 53 
37: 10 2 7 15 1 63 1 0 14 2 0 28 4 9 2 5 38 3 9 2 1 86 5 76 1 9 74 2 2 72 1 22 1 2 84 1 9 75 2 5 64 7 87 
48: 10 1 6 30 1 2 21 2 0 75 9 63 1 5 89 2 4 85 3 56 1 0 15 1 8 61 2 8 62 6 34 1 7 88 1 7 21 
49: 10 1 7 57 1 4 56 2 3 9 1 8 1 6 51 1 9 31 2 4 48 0 82 1 1 22 2 9 84 5 83 1 8 71 1 6 33 
130: 10 1 9 81 2 8 24 4 57 1 0 32 1 0 17 2 3 62 5 36 2 6 42 2 14 1 8 13 2 6 63 4 84 2 0 34 7 76 1 1 13 

# Cancelled Jobs (cancel_time initial_job_sim_idx_to_cancel)
Cancelled Jobs
159 1
223 9

# ETPC Constraints (fore_job_sim_idx fore_op_idx hind_job_sim_idx hind_op_idx time_lapse)
ETPC Constraints
14 7 4 8 6
11 2 12 9 15
9 8 2 0 6
12 8 1 3 7
9 9 10 8 14
11 9 0 4 14
1 8 12 9 20
11 9 13 9 7
11 4 6 3 8
14 2 7 5 7
3 4 11 7 20
8 0 12 1 15
10 2 11 9 11
14 7 11 9 4
3 7 7 7 11
9 7 4 3 13
14 1 3 6 10
3 3 6 2 15
7 4 0 6 20
14 3 10 1 19
5 4 12 0 13
