10 10
10 1 0 55 1 1 74 1 2 45 1 3 23 2 4 76 7 76 1 5 19 1 6 18 1 7 61 1 8 44 1 9 11 
10 1 0 63 1 1 43 2 2 51 5 51 1 3 18 1 4 42 1 7 11 2 6 29 5 29 1 5 52 1 9 29 1 8 88 
10 1 2 88 2 1 31 9 31 1 0 47 1 4 10 1 3 62 1 5 60 1 6 58 1 7 29 2 8 52 3 52 1 9 92 
10 1 2 16 2 1 71 2 71 1 0 55 1 4 55 1 3 9 1 7 49 1 6 83 1 5 54 1 9 7 1 8 57 
10 1 1 7 1 0 41 2 4 92 0 92 1 3 94 1 2 46 2 6 79 2 79 1 5 34 1 9 38 2 8 8 5 8 2 7 18 2 18 
10 2 1 25 2 25 1 0 5 1 4 89 1 3 94 1 2 14 1 6 94 1 5 20 1 9 23 1 8 44 1 7 39 
10 1 1 24 1 2 21 1 4 47 1 0 40 1 3 94 1 6 71 1 7 89 1 9 75 1 5 97 1 8 15 
10 2 1 5 0 5 1 2 7 1 4 74 1 0 28 1 3 72 1 5 61 1 7 9 1 8 53 1 9 32 1 6 97 
10 2 0 34 9 34 1 2 52 1 3 37 1 4 6 1 1 94 1 6 6 1 7 56 1 9 41 1 5 5 1 8 16 
10 1 0 77 2 2 74 9 74 1 3 82 1 4 10 1 1 29 1 5 15 1 7 51 1 8 65 1 9 37 1 6 21 

Dynamic Events

# Machine Breakdowns (machine_id start_time end_time)
Machine Breakdowns
1 72 96
3 525 557
5 279 312
6 311 343
7 100 123
9 79 109

# Added Jobs (arrival_time: num_ops num_alts_op1 m1 p1 ... num_alts_op2 m1 p1 ...)
Added Jobs
32: 10 1 8 77 1 5 34 2 0 84 7 40 2 8 53 6 70 1 2 55 2 9 85 5 39 2 3 81 6 69 2 5 64 0 78 2 7 44 1 11 2 9 67 1 91 
39: 10 1 7 19 1 2 81 1 7 30 2 6 69 9 55 1 4 57 2 1 63 7 86 1 5 67 1 7 44 2 7 82 1 25 1 8 18 
109: 10 1 8 79 1 0 72 1 3 83 1 8 53 1 8 76 2 6 54 5 63 1 4 33 2 4 21 3 93 1 7 63 2 9 52 0 26 
132: 10 2 7 85 0 53 1 9 76 1 5 18 1 7 9 2 5 17 8 33 1 7 67 1 9 19 1 8 30 2 1 43 2 7 2 4 63 9 17 
155: 10 1 6 11 1 7 28 2 0 53 2 52 1 0 61 1 2 63 1 6 30 2 5 83 4 68 2 6 45 7 9 2 8 11 5 53 1 3 73 
166: 10 1 3 44 2 2 47 6 68 1 2 53 1 3 92 1 2 86 1 5 46 1 4 64 2 4 62 1 81 1 3 15 1 1 22 
183: 10 2 0 36 6 55 1 3 17 1 2 63 2 3 33 2 28 1 3 60 2 9 46 8 26 2 4 38 8 22 2 6 82 0 66 2 7 32 4 64 2 7 77 9 81 

# ETPC Constraints (fore_job_sim_idx fore_op_idx hind_job_sim_idx hind_op_idx time_lapse)
ETPC Constraints
3 2 14 5 8
2 9 14 7 20
1 0 8 2 5
13 2 14 1 17
10 3 9 1 15
10 2 2 8 20
5 9 0 5 19
9 6 1 4 18
7 8 8 8 13
13 3 4 4 10
5 8 11 2 11
9 0 13 2 8
8 6 13 4 14
10 3 12 5 8
16 0 2 6 5
0 9 16 6 7
0 7 10 3 3
11 8 16 8 13
10 2 7 5 12
8 7 15 5 13
11 4 5 5 3
10 9 8 3 9
0 7 11 1 11
13 1 3 6 16
2 5 15 9 14
15 8 2 6 13
15 0 8 2 8
