10 10
10 1 0 36 1 1 96 1 2 86 1 3 7 2 4 20 7 20 1 5 9 1 6 39 1 7 79 1 8 82 1 9 24 
10 1 0 16 1 8 95 2 3 67 5 67 1 5 63 1 2 87 1 1 24 2 9 62 5 62 1 6 49 1 7 92 1 4 16 
10 1 0 65 2 6 71 9 71 1 1 9 1 3 67 1 8 70 1 2 48 1 5 49 1 4 66 2 7 5 3 5 1 9 96 
10 1 0 50 2 1 31 2 31 1 4 6 1 8 13 1 5 98 1 7 97 1 6 93 1 9 30 1 3 34 1 2 83 
10 1 0 99 1 5 7 2 9 55 0 55 1 8 78 1 7 68 2 4 81 2 81 1 3 90 1 2 75 2 1 66 5 66 2 6 40 7 40 
10 2 1 42 7 42 1 5 11 1 0 5 1 9 39 1 2 10 1 8 30 1 3 39 1 6 50 1 7 20 1 4 51 
10 1 0 38 1 3 68 1 8 86 1 7 77 1 9 32 1 2 89 1 4 37 1 6 53 1 1 43 1 5 89 
10 1 0 19 2 9 11 2 11 1 4 37 1 1 41 1 5 72 1 7 7 1 2 52 1 6 31 1 3 68 1 8 10 
10 1 0 83 2 1 21 4 21 1 9 23 1 7 87 1 8 58 1 6 89 1 4 74 1 5 29 1 2 74 1 3 23 
10 1 0 44 1 2 57 2 4 69 6 69 1 9 50 1 1 65 1 5 69 1 8 60 1 3 58 1 6 89 1 7 13 

Dynamic Events

# Machine Breakdowns (machine_id start_time end_time)
Machine Breakdowns
2 328 356
6 86 119
7 125 153

# Added Jobs (arrival_time: num_ops num_alts_op1 m1 p1 ... num_alts_op2 m1 p1 ...)
Added Jobs
106: 10 1 0 33 2 1 38 5 19 1 3 13 2 2 75 6 73 1 6 86 1 6 75 1 7 42 1 5 42 1 4 37 1 0 46 
116: 10 2 2 86 8 70 2 1 81 5 89 1 4 39 2 9 69 3 63 2 2 67 0 53 1 7 69 1 1 24 1 5 27 2 6 54 9 95 1 5 74 
139: 10 1 0 83 1 6 84 1 5 92 1 6 31 2 7 89 3 80 2 0 36 1 96 2 2 58 6 69 1 1 18 1 6 49 2 8 18 7 46 
254: 10 1 3 19 1 4 71 1 5 34 2 0 16 2 62 1 8 60 1 4 16 1 1 82 2 2 45 8 44 2 3 78 5 76 1 4 44 

# Cancelled Jobs (cancel_time initial_job_sim_idx_to_cancel)
Cancelled Jobs
213 8

# ETPC Constraints (fore_job_sim_idx fore_op_idx hind_job_sim_idx hind_op_idx time_lapse)
ETPC Constraints
9 1 13 4 11
6 7 8 0 20
0 9 9 9 5
8 2 7 4 11
4 5 5 6 19
12 8 6 4 17
2 6 9 8 13
12 5 6 6 15
7 7 4 6 10
7 8 9 7 8
9 6 5 5 3
1 0 8 6 14
5 0 2 8 9
9 9 0 0 20
10 4 4 8 18
9 6 12 2 17
3 6 0 8 7
7 8 10 4 9
