10 10
10 1 0 36 1 1 96 1 2 86 1 3 7 2 4 20 7 20 1 5 9 1 6 39 1 7 79 1 8 82 1 9 24 
10 1 0 16 1 8 95 2 3 67 5 67 1 5 63 1 2 87 1 1 24 2 9 62 5 62 1 6 49 1 7 92 1 4 16 
10 1 0 65 2 6 71 9 71 1 1 9 1 3 67 1 8 70 1 2 48 1 5 49 1 4 66 2 7 5 3 5 1 9 96 
10 1 0 50 2 1 31 2 31 1 4 6 1 8 13 1 5 98 1 7 97 1 6 93 1 9 30 1 3 34 1 2 83 
10 1 0 99 1 5 7 2 9 55 0 55 1 8 78 1 7 68 2 4 81 2 81 1 3 90 1 2 75 2 1 66 5 66 2 6 40 7 40 
10 2 1 42 7 42 1 5 11 1 0 5 1 9 39 1 2 10 1 8 30 1 3 39 1 6 50 1 7 20 1 4 51 
10 1 0 38 1 3 68 1 8 86 1 7 77 1 9 32 1 2 89 1 4 37 1 6 53 1 1 43 1 5 89 
10 1 0 19 2 9 11 2 11 1 4 37 1 1 41 1 5 72 1 7 7 1 2 52 1 6 31 1 3 68 1 8 10 
10 1 0 83 2 1 21 4 21 1 9 23 1 7 87 1 8 58 1 6 89 1 4 74 1 5 29 1 2 74 1 3 23 
10 1 0 44 1 2 57 2 4 69 6 69 1 9 50 1 1 65 1 5 69 1 8 60 1 3 58 1 6 89 1 7 13 

Dynamic Events

# Machine Breakdowns (machine_id start_time end_time)
Machine Breakdowns
0 315 347
2 206 244
7 53 88
9 548 584

# Added Jobs (arrival_time: num_ops num_alts_op1 m1 p1 ... num_alts_op2 m1 p1 ...)
Added Jobs
69: 10 1 5 30 1 2 47 1 2 32 2 9 46 8 70 2 6 48 3 8 2 2 21 8 88 2 5 77 2 19 2 1 80 9 74 1 7 86 1 9 80 
167: 10 2 6 36 1 88 2 3 8 8 74 2 7 56 5 85 2 4 77 5 38 1 5 41 1 8 17 1 3 27 2 6 41 0 73 2 8 19 5 62 1 5 20 
192: 10 1 3 66 1 3 28 1 0 21 1 5 66 1 9 36 2 2 80 6 80 2 9 80 1 93 2 8 21 6 89 1 5 30 2 9 86 2 22 
249: 10 2 5 69 8 41 1 0 94 2 1 42 4 58 1 6 80 2 9 88 3 53 2 9 46 1 25 2 3 38 7 87 1 9 90 2 9 80 1 53 1 1 36 

# Cancelled Jobs (cancel_time initial_job_sim_idx_to_cancel)
Cancelled Jobs
364 0

# ETPC Constraints (fore_job_sim_idx fore_op_idx hind_job_sim_idx hind_op_idx time_lapse)
ETPC Constraints
5 8 10 9 6
0 6 12 5 14
2 7 5 3 12
2 0 3 1 18
11 0 4 1 18
7 8 8 0 17
8 0 13 8 12
3 3 5 5 3
10 5 13 9 20
11 7 2 8 12
10 4 0 1 17
5 4 9 9 15
8 4 0 1 9
7 9 2 0 20
10 0 11 6 11
12 5 5 5 13
12 7 1 5 15
1 9 0 5 6
