15 11
10 1 7 8 2 9 75 10 75 1 0 72 1 6 74 1 4 30 1 8 43 1 2 38 1 5 98 1 1 26 1 3 19 
10 1 6 19 1 8 73 1 3 43 1 0 23 1 1 85 1 4 39 1 5 13 2 9 26 10 26 1 2 67 1 7 9 
10 1 1 50 1 3 93 1 5 80 1 4 7 1 0 55 1 2 61 1 6 57 1 8 72 2 9 42 10 42 1 7 46 
10 1 1 68 1 7 43 1 4 99 1 6 60 1 5 68 1 0 91 1 8 11 1 3 96 2 9 11 10 11 1 2 72 
10 1 7 84 1 2 34 1 8 40 1 5 7 1 1 70 1 6 74 1 3 12 1 0 43 2 9 69 10 69 1 4 30 
10 1 8 60 1 0 49 1 4 59 1 5 72 2 9 63 10 63 1 1 69 1 7 99 1 6 45 1 3 27 1 2 9 
10 1 6 71 1 2 91 1 8 65 1 1 90 2 9 98 10 98 1 4 8 1 7 50 1 0 75 1 5 37 1 3 17 
10 1 8 62 1 7 90 1 5 98 1 3 31 1 2 91 1 4 38 2 9 72 10 72 1 1 9 1 0 72 1 6 49 
10 1 4 35 1 0 39 2 9 74 10 74 1 5 25 1 7 47 1 3 52 1 2 63 1 8 21 1 6 35 1 1 80 
10 2 9 58 10 58 1 0 5 1 3 50 1 8 52 1 1 88 1 6 20 1 2 68 1 5 24 1 4 53 1 7 57 
10 1 7 99 1 3 91 1 4 33 1 5 19 1 2 18 1 6 38 1 0 24 2 9 35 10 35 1 1 49 1 8 9 
10 1 0 68 1 3 60 1 2 77 1 7 10 1 8 60 1 5 15 2 9 72 10 72 1 1 18 1 6 90 1 4 18 
10 2 9 79 10 79 1 1 60 1 3 56 1 6 91 1 2 40 1 8 86 1 7 72 1 0 80 1 5 89 1 4 51 
10 1 4 10 1 2 92 1 5 23 1 6 46 1 8 40 1 7 72 1 3 6 1 1 23 1 0 95 2 9 34 10 34 
10 1 2 24 1 5 29 2 9 49 10 49 1 8 55 1 0 47 1 6 77 1 3 77 1 7 8 1 1 28 1 4 48 

Dynamic Events

# Machine Breakdowns (machine_id start_time end_time)
Machine Breakdowns
0 664 697
4 293 332
9 94 131
10 586 615

# Added Jobs (arrival_time: num_ops num_alts_op1 m1 p1 ... num_alts_op2 m1 p1 ...)
Added Jobs
73: 10 1 2 82 1 2 65 1 8 75 1 3 94 1 0 14 2 7 13 6 25 1 3 44 1 7 8 2 5 80 0 75 1 6 34 
145: 10 2 0 5 9 65 2 6 81 3 20 2 0 84 9 38 1 9 48 2 9 20 7 15 2 9 86 1 31 2 2 71 10 12 2 4 25 10 20 1 3 12 1 5 89 
220: 10 1 8 66 2 10 94 2 90 1 4 85 2 8 45 4 11 1 2 86 1 0 62 1 10 87 1 6 21 2 9 62 5 9 2 2 39 7 67 
291: 10 1 6 68 2 5 70 8 43 2 0 70 9 93 1 8 65 2 9 34 3 60 2 2 24 1 20 1 1 22 1 10 79 1 6 60 2 1 59 4 80 

# Cancelled Jobs (cancel_time initial_job_sim_idx_to_cancel)
Cancelled Jobs
23 2

# ETPC Constraints (fore_job_sim_idx fore_op_idx hind_job_sim_idx hind_op_idx time_lapse)
ETPC Constraints
5 4 8 5 7
17 8 0 1 6
12 1 17 3 12
0 0 5 0 7
3 4 18 0 8
10 3 6 9 15
12 7 18 7 10
18 4 8 2 19
12 7 5 5 4
10 2 1 6 3
12 0 14 2 11
3 8 6 5 9
7 6 0 5 11
18 4 0 3 7
10 0 11 5 6
6 6 14 7 19
17 9 11 9 13
12 3 5 1 7
15 4 7 3 6
17 4 14 9 15
17 2 3 4 20
17 2 13 0 7
10 7 0 9 5
3 5 11 4 12
7 1 8 8 18
7 5 5 0 11
8 3 4 8 17
4 2 3 1 17
13 6 17 0 4
7 5 9 6 11
1 6 16 9 19
18 3 1 8 3
18 9 6 3 18
0 2 6 5 6
