15 11
10 1 7 8 1 9 75 1 0 72 1 6 74 1 4 30 2 8 43 10 43 1 2 38 1 5 98 1 1 26 1 3 19 
10 1 6 19 2 8 73 10 73 1 3 43 1 0 23 1 1 85 1 4 39 1 5 13 1 9 26 1 2 67 1 7 9 
10 1 1 50 1 3 93 1 5 80 1 4 7 1 0 55 1 2 61 1 6 57 2 8 72 10 72 1 9 42 1 7 46 
10 1 1 68 1 7 43 1 4 99 1 6 60 1 5 68 1 0 91 2 8 11 10 11 1 3 96 1 9 11 1 2 72 
10 1 7 84 1 2 34 2 8 40 10 40 1 5 7 1 1 70 1 6 74 1 3 12 1 0 43 1 9 69 1 4 30 
10 2 8 60 10 60 1 0 49 1 4 59 1 5 72 1 9 63 1 1 69 1 7 99 1 6 45 1 3 27 1 2 9 
10 1 6 71 1 2 91 2 8 65 10 65 1 1 90 1 9 98 1 4 8 1 7 50 1 0 75 1 5 37 1 3 17 
10 2 8 62 10 62 1 7 90 1 5 98 1 3 31 1 2 91 1 4 38 1 9 72 1 1 9 1 0 72 1 6 49 
10 1 4 35 1 0 39 1 9 74 1 5 25 1 7 47 1 3 52 1 2 63 2 8 21 10 21 1 6 35 1 1 80 
10 1 9 58 1 0 5 1 3 50 2 8 52 10 52 1 1 88 1 6 20 1 2 68 1 5 24 1 4 53 1 7 57 
10 1 7 99 1 3 91 1 4 33 1 5 19 1 2 18 1 6 38 1 0 24 1 9 35 1 1 49 2 8 9 10 9 
10 1 0 68 1 3 60 1 2 77 1 7 10 2 8 60 10 60 1 5 15 1 9 72 1 1 18 1 6 90 1 4 18 
10 1 9 79 1 1 60 1 3 56 1 6 91 1 2 40 2 8 86 10 86 1 7 72 1 0 80 1 5 89 1 4 51 
10 1 4 10 1 2 92 1 5 23 1 6 46 2 8 40 10 40 1 7 72 1 3 6 1 1 23 1 0 95 1 9 34 
10 1 2 24 1 5 29 1 9 49 2 8 55 10 55 1 0 47 1 6 77 1 3 77 1 7 8 1 1 28 1 4 48 

Dynamic Events

# Machine Breakdowns (machine_id start_time end_time)
Machine Breakdowns
0 295 324
4 214 248
5 201 232

# Added Jobs (arrival_time: num_ops num_alts_op1 m1 p1 ... num_alts_op2 m1 p1 ...)
Added Jobs
115: 10 1 0 80 1 5 95 2 5 81 0 6 2 7 95 2 47 2 6 22 1 13 1 4 77 1 5 22 1 10 84 1 3 44 2 3 11 10 11 
126: 10 1 4 63 1 3 14 2 3 40 1 35 1 2 39 2 0 73 2 42 2 0 23 8 11 2 7 96 3 21 2 3 62 2 59 1 6 34 1 6 91 
245: 10 2 8 67 4 74 1 9 69 2 7 82 4 88 2 1 69 3 6 1 2 22 2 5 73 7 92 2 0 18 2 57 2 0 76 6 68 2 7 80 6 24 2 4 29 6 26 
291: 10 2 1 37 7 95 2 10 70 7 29 1 3 52 2 6 56 0 60 2 1 55 7 48 2 4 84 8 24 2 8 68 10 48 1 4 32 2 2 45 0 72 2 2 71 9 58 
336: 10 1 6 88 1 2 80 1 6 60 1 1 76 1 0 79 1 8 52 2 6 48 0 20 2 9 53 5 46 2 10 51 6 26 1 6 37 

# Cancelled Jobs (cancel_time initial_job_sim_idx_to_cancel)
Cancelled Jobs
247 12
297 11

# ETPC Constraints (fore_job_sim_idx fore_op_idx hind_job_sim_idx hind_op_idx time_lapse)
ETPC Constraints
14 4 16 0 11
2 7 4 0 20
11 7 18 8 14
3 1 8 2 7
16 1 13 1 5
0 6 2 8 6
10 5 5 9 7
10 6 6 9 5
3 3 19 4 9
15 2 11 6 5
15 3 11 7 9
0 2 7 7 18
8 2 6 3 12
8 4 0 7 6
12 6 4 9 17
12 9 3 3 20
13 5 1 0 15
13 3 12 6 16
12 1 7 6 17
19 3 13 8 16
9 6 4 6 6
5 8 18 1 10
8 0 11 9 11
18 2 14 4 4
16 2 18 9 7
1 4 4 5 18
17 2 6 8 12
19 5 18 6 17
19 7 3 8 4
2 6 7 3 20
0 7 5 0 6
11 2 3 3 14
9 9 18 8 11
15 4 10 8 9
13 8 1 6 7
0 1 13 7 10
8 8 6 3 8
17 7 5 1 14
