15 12
10 1 7 8 1 9 75 1 0 72 1 6 74 1 4 30 2 8 43 10 43 1 2 38 2 5 98 11 98 1 1 26 1 3 19 
10 1 6 19 2 8 73 10 73 1 3 43 1 0 23 1 1 85 1 4 39 2 5 13 11 13 1 9 26 1 2 67 1 7 9 
10 1 1 50 1 3 93 2 5 80 11 80 1 4 7 1 0 55 1 2 61 1 6 57 2 8 72 10 72 1 9 42 1 7 46 
10 1 1 68 1 7 43 1 4 99 1 6 60 2 5 68 11 68 1 0 91 2 8 11 10 11 1 3 96 1 9 11 1 2 72 
10 1 7 84 1 2 34 2 8 40 10 40 2 5 7 11 7 1 1 70 1 6 74 1 3 12 1 0 43 1 9 69 1 4 30 
10 2 8 60 10 60 1 0 49 1 4 59 2 5 72 11 72 1 9 63 1 1 69 1 7 99 1 6 45 1 3 27 1 2 9 
10 1 6 71 1 2 91 2 8 65 10 65 1 1 90 1 9 98 1 4 8 1 7 50 1 0 75 2 5 37 11 37 1 3 17 
10 2 8 62 10 62 1 7 90 2 5 98 11 98 1 3 31 1 2 91 1 4 38 1 9 72 1 1 9 1 0 72 1 6 49 
10 1 4 35 1 0 39 1 9 74 2 5 25 11 25 1 7 47 1 3 52 1 2 63 2 8 21 10 21 1 6 35 1 1 80 
10 1 9 58 1 0 5 1 3 50 2 8 52 10 52 1 1 88 1 6 20 1 2 68 2 5 24 11 24 1 4 53 1 7 57 
10 1 7 99 1 3 91 1 4 33 2 5 19 11 19 1 2 18 1 6 38 1 0 24 1 9 35 1 1 49 2 8 9 10 9 
10 1 0 68 1 3 60 1 2 77 1 7 10 2 8 60 10 60 2 5 15 11 15 1 9 72 1 1 18 1 6 90 1 4 18 
10 1 9 79 1 1 60 1 3 56 1 6 91 1 2 40 2 8 86 10 86 1 7 72 1 0 80 2 5 89 11 89 1 4 51 
10 1 4 10 1 2 92 2 5 23 11 23 1 6 46 2 8 40 10 40 1 7 72 1 3 6 1 1 23 1 0 95 1 9 34 
10 1 2 24 2 5 29 11 29 1 9 49 2 8 55 10 55 1 0 47 1 6 77 1 3 77 1 7 8 1 1 28 1 4 48 

Dynamic Events

# Machine Breakdowns (machine_id start_time end_time)
Machine Breakdowns
0 562 598
3 424 460
5 246 279
8 695 731
10 586 622

# Added Jobs (arrival_time: num_ops num_alts_op1 m1 p1 ... num_alts_op2 m1 p1 ...)
Added Jobs
192: 10 2 4 92 1 71 2 7 40 3 49 2 5 23 1 84 1 10 38 2 1 55 2 39 2 6 34 2 72 1 2 71 1 0 23 1 9 80 1 5 37 
212: 10 2 0 64 9 64 1 2 74 1 11 69 1 0 51 1 4 15 1 8 29 1 7 95 2 4 87 3 23 1 0 17 1 9 63 
247: 10 2 4 98 5 93 1 11 97 1 5 66 1 5 44 2 1 27 7 93 2 1 48 7 26 2 4 87 5 66 2 11 21 7 56 2 4 93 0 47 1 10 25 
250: 10 2 7 66 10 65 1 9 37 2 2 75 5 82 1 5 34 1 6 20 2 3 51 0 17 1 3 75 2 2 82 9 26 2 2 58 0 7 1 9 55 
339: 10 1 5 17 1 0 56 2 0 85 2 79 1 6 31 2 11 71 6 49 1 4 45 2 10 75 7 93 2 11 85 8 10 2 9 96 11 55 2 3 57 9 68 

# Cancelled Jobs (cancel_time initial_job_sim_idx_to_cancel)
Cancelled Jobs
283 12
324 5
549 8

# ETPC Constraints (fore_job_sim_idx fore_op_idx hind_job_sim_idx hind_op_idx time_lapse)
ETPC Constraints
9 2 11 7 16
11 4 8 9 11
12 9 19 8 13
17 6 19 7 19
4 9 7 7 14
19 8 15 4 19
9 8 3 4 19
15 9 4 7 9
5 3 10 5 8
0 7 15 1 11
8 6 9 0 15
12 0 3 1 5
18 5 12 7 20
4 5 2 5 8
3 1 10 7 20
6 5 0 6 13
10 8 15 4 6
10 5 6 3 17
9 5 19 4 18
9 7 12 1 9
7 6 10 0 7
14 8 12 3 15
1 9 9 3 19
4 7 6 4 3
10 3 5 7 7
19 0 17 1 13
19 2 2 0 16
2 6 16 1 9
8 8 7 2 13
14 7 17 9 8
4 1 8 6 16
5 8 19 8 16
18 0 2 0 17
19 6 9 7 13
16 1 9 0 10
9 4 0 4 5
4 9 17 3 6
18 1 10 3 14
