15 13
10 1 7 8 4 9 75 10 75 11 75 12 75 1 0 72 1 6 74 1 4 30 1 8 43 1 2 38 1 5 98 1 1 26 1 3 19 
10 1 6 19 1 8 73 1 3 43 1 0 23 1 1 85 1 4 39 1 5 13 4 9 26 10 26 11 26 12 26 1 2 67 1 7 9 
10 1 1 50 1 3 93 1 5 80 1 4 7 1 0 55 1 2 61 1 6 57 1 8 72 4 9 42 10 42 11 42 12 42 1 7 46 
10 1 1 68 1 7 43 1 4 99 1 6 60 1 5 68 1 0 91 1 8 11 1 3 96 4 9 11 10 11 11 11 12 11 1 2 72 
10 1 7 84 1 2 34 1 8 40 1 5 7 1 1 70 1 6 74 1 3 12 1 0 43 4 9 69 10 69 11 69 12 69 1 4 30 
10 1 8 60 1 0 49 1 4 59 1 5 72 4 9 63 10 63 11 63 12 63 1 1 69 1 7 99 1 6 45 1 3 27 1 2 9 
10 1 6 71 1 2 91 1 8 65 1 1 90 4 9 98 10 98 11 98 12 98 1 4 8 1 7 50 1 0 75 1 5 37 1 3 17 
10 1 8 62 1 7 90 1 5 98 1 3 31 1 2 91 1 4 38 4 9 72 10 72 11 72 12 72 1 1 9 1 0 72 1 6 49 
10 1 4 35 1 0 39 4 9 74 10 74 11 74 12 74 1 5 25 1 7 47 1 3 52 1 2 63 1 8 21 1 6 35 1 1 80 
10 4 9 58 10 58 11 58 12 58 1 0 5 1 3 50 1 8 52 1 1 88 1 6 20 1 2 68 1 5 24 1 4 53 1 7 57 
10 1 7 99 1 3 91 1 4 33 1 5 19 1 2 18 1 6 38 1 0 24 4 9 35 10 35 11 35 12 35 1 1 49 1 8 9 
10 1 0 68 1 3 60 1 2 77 1 7 10 1 8 60 1 5 15 4 9 72 10 72 11 72 12 72 1 1 18 1 6 90 1 4 18 
10 4 9 79 10 79 11 79 12 79 1 1 60 1 3 56 1 6 91 1 2 40 1 8 86 1 7 72 1 0 80 1 5 89 1 4 51 
10 1 4 10 1 2 92 1 5 23 1 6 46 1 8 40 1 7 72 1 3 6 1 1 23 1 0 95 4 9 34 10 34 11 34 12 34 
10 1 2 24 1 5 29 4 9 49 10 49 11 49 12 49 1 8 55 1 0 47 1 6 77 1 3 77 1 7 8 1 1 28 1 4 48 

Dynamic Events

# Machine Breakdowns (machine_id start_time end_time)
Machine Breakdowns
2 100 131
5 675 714
8 342 380
10 527 553

# Added Jobs (arrival_time: num_ops num_alts_op1 m1 p1 ... num_alts_op2 m1 p1 ...)
Added Jobs
102: 10 1 3 38 4 3 80 7 47 5 40 8 61 3 10 43 1 23 0 35 4 2 92 3 63 9 78 1 47 4 4 60 2 31 0 52 8 9 2 0 46 12 75 2 4 42 6 24 3 10 78 0 5 8 68 4 11 31 10 29 1 49 12 73 2 4 51 12 19 
184: 10 4 10 47 9 41 5 39 1 36 2 5 46 4 62 3 12 64 8 69 4 82 3 10 97 8 81 6 82 2 6 90 12 89 1 5 19 4 5 39 12 49 2 28 6 32 4 3 13 6 68 12 71 4 37 1 12 57 4 2 67 1 72 11 61 9 56 
203: 10 2 2 90 1 32 3 9 27 10 51 11 95 4 9 88 3 73 2 85 1 84 2 6 23 0 54 4 0 15 9 32 4 28 6 72 4 1 15 0 62 7 57 12 16 1 1 54 1 8 17 2 9 51 0 81 3 11 81 10 47 1 76 
339: 10 3 8 74 0 81 10 78 3 8 22 7 95 12 38 2 8 64 3 41 1 7 65 4 9 97 10 61 2 61 3 8 2 10 37 3 52 3 12 83 4 91 1 70 4 12 56 7 33 4 65 3 38 1 7 31 1 2 69 

# Cancelled Jobs (cancel_time initial_job_sim_idx_to_cancel)
Cancelled Jobs
132 9

# ETPC Constraints (fore_job_sim_idx fore_op_idx hind_job_sim_idx hind_op_idx time_lapse)
ETPC Constraints
7 8 15 5 11
9 3 16 4 5
13 2 7 5 13
9 2 6 5 8
15 9 13 9 7
4 0 16 5 4
4 5 7 1 14
10 1 12 1 10
5 8 2 6 17
10 7 5 8 20
4 0 11 5 3
4 7 15 4 17
10 0 12 8 15
8 6 2 9 9
3 9 2 6 9
11 7 10 0 19
14 8 9 2 11
8 8 5 3 15
14 1 1 1 10
2 2 16 9 4
9 9 11 5 14
4 3 15 9 13
5 7 15 4 4
2 7 11 5 16
14 5 7 8 3
17 3 16 1 7
17 2 11 2 9
17 8 3 7 12
13 5 9 5 4
3 8 17 1 11
10 5 16 7 6
16 9 2 0 14
10 0 2 9 9
11 8 2 4 20
