15 13
10 1 7 8 2 9 75 10 75 1 0 72 2 6 74 11 74 1 4 30 1 8 43 2 2 38 12 38 1 5 98 1 1 26 1 3 19 
10 2 6 19 11 19 1 8 73 1 3 43 1 0 23 1 1 85 1 4 39 1 5 13 2 9 26 10 26 2 2 67 12 67 1 7 9 
10 1 1 50 1 3 93 1 5 80 1 4 7 1 0 55 2 2 61 12 61 2 6 57 11 57 1 8 72 2 9 42 10 42 1 7 46 
10 1 1 68 1 7 43 1 4 99 2 6 60 11 60 1 5 68 1 0 91 1 8 11 1 3 96 2 9 11 10 11 2 2 72 12 72 
10 1 7 84 2 2 34 12 34 1 8 40 1 5 7 1 1 70 2 6 74 11 74 1 3 12 1 0 43 2 9 69 10 69 1 4 30 
10 1 8 60 1 0 49 1 4 59 1 5 72 2 9 63 10 63 1 1 69 1 7 99 2 6 45 11 45 1 3 27 2 2 9 12 9 
10 2 6 71 11 71 2 2 91 12 91 1 8 65 1 1 90 2 9 98 10 98 1 4 8 1 7 50 1 0 75 1 5 37 1 3 17 
10 1 8 62 1 7 90 1 5 98 1 3 31 2 2 91 12 91 1 4 38 2 9 72 10 72 1 1 9 1 0 72 2 6 49 11 49 
10 1 4 35 1 0 39 2 9 74 10 74 1 5 25 1 7 47 1 3 52 2 2 63 12 63 1 8 21 2 6 35 11 35 1 1 80 
10 2 9 58 10 58 1 0 5 1 3 50 1 8 52 1 1 88 2 6 20 11 20 2 2 68 12 68 1 5 24 1 4 53 1 7 57 
10 1 7 99 1 3 91 1 4 33 1 5 19 2 2 18 12 18 2 6 38 11 38 1 0 24 2 9 35 10 35 1 1 49 1 8 9 
10 1 0 68 1 3 60 2 2 77 12 77 1 7 10 1 8 60 1 5 15 2 9 72 10 72 1 1 18 2 6 90 11 90 1 4 18 
10 2 9 79 10 79 1 1 60 1 3 56 2 6 91 11 91 2 2 40 12 40 1 8 86 1 7 72 1 0 80 1 5 89 1 4 51 
10 1 4 10 2 2 92 12 92 1 5 23 2 6 46 11 46 1 8 40 1 7 72 1 3 6 1 1 23 1 0 95 2 9 34 10 34 
10 2 2 24 12 24 1 5 29 2 9 49 10 49 1 8 55 1 0 47 2 6 77 11 77 1 3 77 1 7 8 1 1 28 1 4 48 

Dynamic Events

# Machine Breakdowns (machine_id start_time end_time)
Machine Breakdowns
2 74 111
6 177 203
10 203 240

# Added Jobs (arrival_time: num_ops num_alts_op1 m1 p1 ... num_alts_op2 m1 p1 ...)
Added Jobs
108: 10 1 3 48 1 1 80 2 9 73 6 52 1 4 11 2 10 41 2 62 2 1 57 11 47 2 3 36 4 36 1 11 74 2 6 34 10 36 1 4 70 
151: 10 2 1 88 11 27 1 12 60 2 5 8 10 76 2 4 63 0 39 1 7 97 2 6 45 7 49 1 8 38 2 3 54 11 34 1 12 47 2 1 76 12 39 
233: 10 1 10 19 1 11 30 2 5 45 2 73 2 11 63 8 37 2 9 73 8 78 2 7 90 0 43 2 4 42 1 84 1 1 74 1 6 41 2 5 8 10 37 
296: 10 2 7 57 9 22 2 5 95 4 61 1 7 98 2 11 63 7 9 1 8 39 1 2 47 1 4 31 2 11 69 10 81 1 8 25 2 10 87 4 79 
325: 10 1 2 30 2 11 86 1 43 1 3 12 2 6 57 12 49 1 1 16 1 6 85 1 6 75 1 2 15 1 4 9 2 1 53 0 22 
332: 10 1 7 56 1 3 40 2 12 62 2 73 1 5 29 1 1 74 2 10 96 5 50 2 3 25 0 18 1 1 27 2 9 21 2 90 2 4 64 6 21 

# Cancelled Jobs (cancel_time initial_job_sim_idx_to_cancel)
Cancelled Jobs
168 13
237 3
479 0

# ETPC Constraints (fore_job_sim_idx fore_op_idx hind_job_sim_idx hind_op_idx time_lapse)
ETPC Constraints
19 0 14 3 9
18 4 15 2 17
7 7 0 7 8
10 7 3 8 17
7 9 8 7 18
12 8 11 2 7
6 0 10 0 18
4 3 16 9 20
6 7 0 1 4
4 4 6 3 11
7 5 16 4 19
17 0 6 9 13
9 1 10 5 11
1 7 4 1 6
0 3 13 4 5
13 6 1 4 14
5 9 13 9 12
0 2 9 8 20
1 3 6 5 12
5 8 1 4 8
6 1 11 8 17
5 6 3 4 11
8 1 17 8 16
7 1 1 9 5
17 0 12 5 15
13 5 10 5 11
9 4 18 6 20
16 2 20 9 19
3 1 9 7 17
13 3 10 9 16
5 7 0 2 4
4 3 5 9 10
1 6 4 8 16
1 6 2 5 14
20 1 14 9 13
1 8 6 9 12
17 9 7 5 8
4 0 20 2 6
12 2 8 9 12
1 9 19 7 16
2 0 4 1 5
13 0 9 8 5
