15 12
10 1 7 8 3 9 75 10 75 11 75 1 0 72 1 6 74 1 4 30 1 8 43 1 2 38 1 5 98 1 1 26 1 3 19 
10 1 6 19 1 8 73 1 3 43 1 0 23 1 1 85 1 4 39 1 5 13 3 9 26 10 26 11 26 1 2 67 1 7 9 
10 1 1 50 1 3 93 1 5 80 1 4 7 1 0 55 1 2 61 1 6 57 1 8 72 3 9 42 10 42 11 42 1 7 46 
10 1 1 68 1 7 43 1 4 99 1 6 60 1 5 68 1 0 91 1 8 11 1 3 96 3 9 11 10 11 11 11 1 2 72 
10 1 7 84 1 2 34 1 8 40 1 5 7 1 1 70 1 6 74 1 3 12 1 0 43 3 9 69 10 69 11 69 1 4 30 
10 1 8 60 1 0 49 1 4 59 1 5 72 3 9 63 10 63 11 63 1 1 69 1 7 99 1 6 45 1 3 27 1 2 9 
10 1 6 71 1 2 91 1 8 65 1 1 90 3 9 98 10 98 11 98 1 4 8 1 7 50 1 0 75 1 5 37 1 3 17 
10 1 8 62 1 7 90 1 5 98 1 3 31 1 2 91 1 4 38 3 9 72 10 72 11 72 1 1 9 1 0 72 1 6 49 
10 1 4 35 1 0 39 3 9 74 10 74 11 74 1 5 25 1 7 47 1 3 52 1 2 63 1 8 21 1 6 35 1 1 80 
10 3 9 58 10 58 11 58 1 0 5 1 3 50 1 8 52 1 1 88 1 6 20 1 2 68 1 5 24 1 4 53 1 7 57 
10 1 7 99 1 3 91 1 4 33 1 5 19 1 2 18 1 6 38 1 0 24 3 9 35 10 35 11 35 1 1 49 1 8 9 
10 1 0 68 1 3 60 1 2 77 1 7 10 1 8 60 1 5 15 3 9 72 10 72 11 72 1 1 18 1 6 90 1 4 18 
10 3 9 79 10 79 11 79 1 1 60 1 3 56 1 6 91 1 2 40 1 8 86 1 7 72 1 0 80 1 5 89 1 4 51 
10 1 4 10 1 2 92 1 5 23 1 6 46 1 8 40 1 7 72 1 3 6 1 1 23 1 0 95 3 9 34 10 34 11 34 
10 1 2 24 1 5 29 3 9 49 10 49 11 49 1 8 55 1 0 47 1 6 77 1 3 77 1 7 8 1 1 28 1 4 48 

Dynamic Events

# Machine Breakdowns (machine_id start_time end_time)
Machine Breakdowns
2 107 134
8 324 359

# Added Jobs (arrival_time: num_ops num_alts_op1 m1 p1 ... num_alts_op2 m1 p1 ...)
Added Jobs
199: 10 3 0 6 4 66 2 21 2 4 14 3 53 3 6 30 5 24 1 40 1 10 96 1 0 70 2 10 37 1 67 3 3 20 1 80 9 31 1 5 77 3 5 73 10 53 1 64 3 9 58 1 65 0 16 
242: 10 2 11 44 1 19 1 5 85 3 0 50 5 9 7 58 1 11 43 1 4 11 1 0 40 1 6 51 2 8 39 5 62 3 6 48 4 17 2 67 1 3 41 
267: 10 1 9 23 1 4 55 3 10 47 4 29 9 67 3 4 30 6 48 10 56 2 3 93 2 56 3 0 27 6 24 7 51 3 9 52 4 17 5 87 3 9 41 8 41 11 50 2 9 92 0 93 3 6 85 5 20 0 16 
289: 10 3 1 78 0 60 11 67 3 10 40 8 53 5 24 3 0 67 5 46 10 55 2 9 95 3 95 3 5 62 8 53 3 46 3 6 78 9 68 5 32 2 6 30 0 42 2 8 60 9 50 2 10 98 9 76 3 5 68 1 30 7 82 
312: 10 2 9 26 8 70 2 11 35 6 59 1 11 20 2 6 37 1 42 2 2 49 4 38 2 5 89 8 29 2 4 74 7 97 2 0 37 9 24 1 11 67 2 2 47 6 77 

# Cancelled Jobs (cancel_time initial_job_sim_idx_to_cancel)
Cancelled Jobs
369 4

# ETPC Constraints (fore_job_sim_idx fore_op_idx hind_job_sim_idx hind_op_idx time_lapse)
ETPC Constraints
3 2 7 8 12
18 6 4 9 19
4 2 2 7 10
1 0 0 2 20
8 2 15 8 15
6 3 9 4 20
19 1 16 6 15
7 7 14 6 5
14 0 15 0 10
13 8 11 9 4
16 4 12 7 7
8 0 2 5 18
12 8 16 1 14
15 1 16 6 15
11 1 12 2 14
14 2 7 1 14
15 9 10 8 16
14 4 10 4 3
16 4 11 7 15
3 1 9 9 9
12 5 4 5 14
4 6 17 0 17
10 6 15 1 14
13 4 4 1 6
13 1 6 9 4
3 8 9 9 5
3 3 1 8 11
14 8 4 4 11
6 0 10 5 12
2 8 13 6 13
9 4 2 8 6
5 8 9 9 14
12 2 2 1 17
7 2 16 7 5
13 3 4 6 16
8 5 2 5 10
17 9 1 3 16
1 9 0 5 17
