15 12
10 1 7 8 2 9 75 10 75 1 0 72 2 6 74 11 74 1 4 30 1 8 43 1 2 38 1 5 98 1 1 26 1 3 19 
10 2 6 19 11 19 1 8 73 1 3 43 1 0 23 1 1 85 1 4 39 1 5 13 2 9 26 10 26 1 2 67 1 7 9 
10 1 1 50 1 3 93 1 5 80 1 4 7 1 0 55 1 2 61 2 6 57 11 57 1 8 72 2 9 42 10 42 1 7 46 
10 1 1 68 1 7 43 1 4 99 2 6 60 11 60 1 5 68 1 0 91 1 8 11 1 3 96 2 9 11 10 11 1 2 72 
10 1 7 84 1 2 34 1 8 40 1 5 7 1 1 70 2 6 74 11 74 1 3 12 1 0 43 2 9 69 10 69 1 4 30 
10 1 8 60 1 0 49 1 4 59 1 5 72 2 9 63 10 63 1 1 69 1 7 99 2 6 45 11 45 1 3 27 1 2 9 
10 2 6 71 11 71 1 2 91 1 8 65 1 1 90 2 9 98 10 98 1 4 8 1 7 50 1 0 75 1 5 37 1 3 17 
10 1 8 62 1 7 90 1 5 98 1 3 31 1 2 91 1 4 38 2 9 72 10 72 1 1 9 1 0 72 2 6 49 11 49 
10 1 4 35 1 0 39 2 9 74 10 74 1 5 25 1 7 47 1 3 52 1 2 63 1 8 21 2 6 35 11 35 1 1 80 
10 2 9 58 10 58 1 0 5 1 3 50 1 8 52 1 1 88 2 6 20 11 20 1 2 68 1 5 24 1 4 53 1 7 57 
10 1 7 99 1 3 91 1 4 33 1 5 19 1 2 18 2 6 38 11 38 1 0 24 2 9 35 10 35 1 1 49 1 8 9 
10 1 0 68 1 3 60 1 2 77 1 7 10 1 8 60 1 5 15 2 9 72 10 72 1 1 18 2 6 90 11 90 1 4 18 
10 2 9 79 10 79 1 1 60 1 3 56 2 6 91 11 91 1 2 40 1 8 86 1 7 72 1 0 80 1 5 89 1 4 51 
10 1 4 10 1 2 92 1 5 23 2 6 46 11 46 1 8 40 1 7 72 1 3 6 1 1 23 1 0 95 2 9 34 10 34 
10 1 2 24 1 5 29 2 9 49 10 49 1 8 55 1 0 47 2 6 77 11 77 1 3 77 1 7 8 1 1 28 1 4 48 

Dynamic Events

# Machine Breakdowns (machine_id start_time end_time)
Machine Breakdowns
2 580 613
7 121 157
8 63 93
11 268 297

# Added Jobs (arrival_time: num_ops num_alts_op1 m1 p1 ... num_alts_op2 m1 p1 ...)
Added Jobs
54: 10 1 11 52 1 1 69 1 11 86 1 4 18 2 9 97 11 47 2 7 37 3 53 1 11 24 1 6 23 2 1 72 4 61 1 8 70 
62: 10 1 6 37 2 8 25 4 61 2 9 30 8 52 1 1 42 1 0 72 1 8 11 1 2 75 1 2 55 2 2 37 3 7 1 9 47 
93: 10 1 2 68 1 2 37 2 0 84 5 26 1 10 70 1 6 64 1 2 79 1 11 39 1 5 13 1 1 26 1 10 87 
174: 10 1 4 69 1 7 17 2 5 35 7 17 1 6 44 1 5 50 2 6 65 7 80 1 0 75 2 8 35 2 78 1 3 40 2 11 52 4 71 
259: 10 1 4 49 1 4 94 2 6 26 11 55 1 9 78 1 6 80 2 10 96 11 51 1 11 72 2 5 89 4 10 1 6 35 2 6 75 8 22 
336: 10 1 7 55 1 5 86 2 10 15 3 78 2 11 58 9 97 1 3 25 2 10 42 11 19 2 1 58 3 45 1 7 42 2 0 84 1 46 2 1 80 4 14 

# Cancelled Jobs (cancel_time initial_job_sim_idx_to_cancel)
Cancelled Jobs
151 2

# ETPC Constraints (fore_job_sim_idx fore_op_idx hind_job_sim_idx hind_op_idx time_lapse)
ETPC Constraints
1 3 10 2 11
11 3 6 7 3
14 2 6 2 11
16 0 0 2 9
13 1 1 8 9
0 2 14 7 7
16 9 13 5 16
1 7 10 7 14
9 0 2 2 15
14 8 12 0 17
11 2 4 3 17
11 8 18 1 6
13 6 0 3 16
7 9 8 4 10
19 7 10 1 6
1 4 19 9 19
3 9 20 6 9
13 7 15 8 16
2 2 6 0 15
7 8 17 1 7
0 0 17 9 13
14 2 18 3 7
1 1 14 5 20
5 7 9 6 5
1 3 5 2 12
6 9 8 3 10
1 3 12 6 19
4 5 12 6 16
13 3 9 8 15
20 8 16 1 4
13 3 10 9 6
11 1 20 3 3
2 3 15 4 4
2 7 14 2 10
0 5 19 3 8
3 3 11 0 15
3 2 6 6 20
1 0 4 6 9
4 6 16 7 16
0 3 15 8 3
1 9 13 2 20
10 5 19 2 10
