15 11
10 1 7 8 1 9 75 1 0 72 1 6 74 1 4 30 2 8 43 10 43 1 2 38 1 5 98 1 1 26 1 3 19 
10 1 6 19 2 8 73 10 73 1 3 43 1 0 23 1 1 85 1 4 39 1 5 13 1 9 26 1 2 67 1 7 9 
10 1 1 50 1 3 93 1 5 80 1 4 7 1 0 55 1 2 61 1 6 57 2 8 72 10 72 1 9 42 1 7 46 
10 1 1 68 1 7 43 1 4 99 1 6 60 1 5 68 1 0 91 2 8 11 10 11 1 3 96 1 9 11 1 2 72 
10 1 7 84 1 2 34 2 8 40 10 40 1 5 7 1 1 70 1 6 74 1 3 12 1 0 43 1 9 69 1 4 30 
10 2 8 60 10 60 1 0 49 1 4 59 1 5 72 1 9 63 1 1 69 1 7 99 1 6 45 1 3 27 1 2 9 
10 1 6 71 1 2 91 2 8 65 10 65 1 1 90 1 9 98 1 4 8 1 7 50 1 0 75 1 5 37 1 3 17 
10 2 8 62 10 62 1 7 90 1 5 98 1 3 31 1 2 91 1 4 38 1 9 72 1 1 9 1 0 72 1 6 49 
10 1 4 35 1 0 39 1 9 74 1 5 25 1 7 47 1 3 52 1 2 63 2 8 21 10 21 1 6 35 1 1 80 
10 1 9 58 1 0 5 1 3 50 2 8 52 10 52 1 1 88 1 6 20 1 2 68 1 5 24 1 4 53 1 7 57 
10 1 7 99 1 3 91 1 4 33 1 5 19 1 2 18 1 6 38 1 0 24 1 9 35 1 1 49 2 8 9 10 9 
10 1 0 68 1 3 60 1 2 77 1 7 10 2 8 60 10 60 1 5 15 1 9 72 1 1 18 1 6 90 1 4 18 
10 1 9 79 1 1 60 1 3 56 1 6 91 1 2 40 2 8 86 10 86 1 7 72 1 0 80 1 5 89 1 4 51 
10 1 4 10 1 2 92 1 5 23 1 6 46 2 8 40 10 40 1 7 72 1 3 6 1 1 23 1 0 95 1 9 34 
10 1 2 24 1 5 29 1 9 49 2 8 55 10 55 1 0 47 1 6 77 1 3 77 1 7 8 1 1 28 1 4 48 

Dynamic Events

# Machine Breakdowns (machine_id start_time end_time)
Machine Breakdowns
9 716 751

# Added Jobs (arrival_time: num_ops num_alts_op1 m1 p1 ... num_alts_op2 m1 p1 ...)
Added Jobs
61: 10 1 8 75 1 0 13 1 10 70 1 7 42 2 4 45 0 33 2 0 65 2 24 2 10 56 6 82 2 6 35 8 25 2 3 33 10 61 1 8 58 
123: 10 2 3 78 1 90 2 1 54 4 7 2 5 9 1 29 2 0 79 5 17 2 7 30 0 42 1 4 32 1 10 30 2 4 59 1 63 2 5 20 10 42 2 6 65 10 38 
166: 10 1 7 38 2 10 82 1 22 2 8 60 9 41 2 5 35 9 69 2 8 53 9 75 2 0 11 7 55 1 4 27 2 4 85 6 44 1 7 27 2 2 37 8 16 
274: 10 2 0 38 3 72 1 0 70 1 8 40 1 9 69 2 2 84 6 73 1 0 11 1 6 53 1 9 78 2 8 30 9 27 2 7 32 9 45 
294: 10 1 3 15 1 0 47 1 6 86 1 1 86 1 4 7 1 6 70 1 10 84 2 6 68 10 9 1 9 26 1 1 64 

# ETPC Constraints (fore_job_sim_idx fore_op_idx hind_job_sim_idx hind_op_idx time_lapse)
ETPC Constraints
8 9 16 1 17
13 0 19 8 8
4 6 0 8 11
11 9 10 6 14
13 8 19 3 4
11 3 19 9 7
0 9 4 2 11
8 6 10 6 13
12 8 19 6 12
5 5 19 7 6
5 7 2 8 13
13 9 14 0 18
12 2 3 7 12
17 7 9 2 7
12 8 7 8 12
5 7 14 1 15
2 5 12 9 14
11 3 2 3 17
18 9 11 0 11
9 5 18 8 11
16 0 13 9 7
18 3 16 4 4
11 2 18 0 5
2 6 14 9 7
3 7 10 6 16
9 2 12 4 8
17 9 15 8 9
19 1 6 7 9
6 4 3 8 3
0 6 4 4 4
9 3 13 6 18
4 3 2 4 15
13 1 15 6 11
3 6 12 3 9
18 3 3 5 19
8 0 11 8 17
15 5 4 6 13
12 6 8 6 10
