15 12
10 1 7 8 1 9 75 1 0 72 1 6 74 1 4 30 2 8 43 10 43 1 2 38 2 5 98 11 98 1 1 26 1 3 19 
10 1 6 19 2 8 73 10 73 1 3 43 1 0 23 1 1 85 1 4 39 2 5 13 11 13 1 9 26 1 2 67 1 7 9 
10 1 1 50 1 3 93 2 5 80 11 80 1 4 7 1 0 55 1 2 61 1 6 57 2 8 72 10 72 1 9 42 1 7 46 
10 1 1 68 1 7 43 1 4 99 1 6 60 2 5 68 11 68 1 0 91 2 8 11 10 11 1 3 96 1 9 11 1 2 72 
10 1 7 84 1 2 34 2 8 40 10 40 2 5 7 11 7 1 1 70 1 6 74 1 3 12 1 0 43 1 9 69 1 4 30 
10 2 8 60 10 60 1 0 49 1 4 59 2 5 72 11 72 1 9 63 1 1 69 1 7 99 1 6 45 1 3 27 1 2 9 
10 1 6 71 1 2 91 2 8 65 10 65 1 1 90 1 9 98 1 4 8 1 7 50 1 0 75 2 5 37 11 37 1 3 17 
10 2 8 62 10 62 1 7 90 2 5 98 11 98 1 3 31 1 2 91 1 4 38 1 9 72 1 1 9 1 0 72 1 6 49 
10 1 4 35 1 0 39 1 9 74 2 5 25 11 25 1 7 47 1 3 52 1 2 63 2 8 21 10 21 1 6 35 1 1 80 
10 1 9 58 1 0 5 1 3 50 2 8 52 10 52 1 1 88 1 6 20 1 2 68 2 5 24 11 24 1 4 53 1 7 57 
10 1 7 99 1 3 91 1 4 33 2 5 19 11 19 1 2 18 1 6 38 1 0 24 1 9 35 1 1 49 2 8 9 10 9 
10 1 0 68 1 3 60 1 2 77 1 7 10 2 8 60 10 60 2 5 15 11 15 1 9 72 1 1 18 1 6 90 1 4 18 
10 1 9 79 1 1 60 1 3 56 1 6 91 1 2 40 2 8 86 10 86 1 7 72 1 0 80 2 5 89 11 89 1 4 51 
10 1 4 10 1 2 92 2 5 23 11 23 1 6 46 2 8 40 10 40 1 7 72 1 3 6 1 1 23 1 0 95 1 9 34 
10 1 2 24 2 5 29 11 29 1 9 49 2 8 55 10 55 1 0 47 1 6 77 1 3 77 1 7 8 1 1 28 1 4 48 

Dynamic Events

# Machine Breakdowns (machine_id start_time end_time)
Machine Breakdowns
0 81 109
5 600 631
9 641 678
10 266 294

# Added Jobs (arrival_time: num_ops num_alts_op1 m1 p1 ... num_alts_op2 m1 p1 ...)
Added Jobs
69: 10 1 6 34 1 4 92 2 0 25 6 51 1 0 15 2 5 22 10 34 1 5 42 1 6 86 1 4 93 1 8 37 2 3 24 2 52 
90: 10 1 11 97 1 4 12 1 7 41 1 5 89 1 3 56 1 11 32 2 0 41 9 37 2 5 13 9 40 2 11 34 3 41 1 4 21 
232: 10 2 9 29 8 25 2 8 56 9 22 2 0 46 9 72 1 0 34 2 7 80 4 47 1 3 60 2 3 33 7 19 2 8 64 2 62 1 9 87 2 0 65 5 74 

# Cancelled Jobs (cancel_time initial_job_sim_idx_to_cancel)
Cancelled Jobs
176 2
272 12

# ETPC Constraints (fore_job_sim_idx fore_op_idx hind_job_sim_idx hind_op_idx time_lapse)
ETPC Constraints
15 9 4 7 20
4 9 6 2 7
4 3 13 1 17
4 8 7 7 19
3 2 16 0 13
0 2 11 4 18
3 6 1 2 16
13 4 3 6 5
13 2 10 0 7
12 8 8 9 20
2 2 16 2 9
8 4 3 4 12
10 2 7 3 5
8 4 5 8 6
11 1 10 6 13
0 5 7 8 12
1 5 8 2 12
9 5 0 0 6
13 0 4 6 4
7 5 16 8 8
9 0 14 2 9
7 7 9 3 8
6 8 14 4 3
10 2 9 4 14
17 7 6 0 7
13 0 15 2 17
11 3 14 2 4
8 6 1 8 13
5 3 15 0 11
13 1 17 1 9
