15 13
10 1 7 8 4 9 75 10 75 11 75 12 75 1 0 72 1 6 74 1 4 30 1 8 43 1 2 38 1 5 98 1 1 26 1 3 19 
10 1 6 19 1 8 73 1 3 43 1 0 23 1 1 85 1 4 39 1 5 13 4 9 26 10 26 11 26 12 26 1 2 67 1 7 9 
10 1 1 50 1 3 93 1 5 80 1 4 7 1 0 55 1 2 61 1 6 57 1 8 72 4 9 42 10 42 11 42 12 42 1 7 46 
10 1 1 68 1 7 43 1 4 99 1 6 60 1 5 68 1 0 91 1 8 11 1 3 96 4 9 11 10 11 11 11 12 11 1 2 72 
10 1 7 84 1 2 34 1 8 40 1 5 7 1 1 70 1 6 74 1 3 12 1 0 43 4 9 69 10 69 11 69 12 69 1 4 30 
10 1 8 60 1 0 49 1 4 59 1 5 72 4 9 63 10 63 11 63 12 63 1 1 69 1 7 99 1 6 45 1 3 27 1 2 9 
10 1 6 71 1 2 91 1 8 65 1 1 90 4 9 98 10 98 11 98 12 98 1 4 8 1 7 50 1 0 75 1 5 37 1 3 17 
10 1 8 62 1 7 90 1 5 98 1 3 31 1 2 91 1 4 38 4 9 72 10 72 11 72 12 72 1 1 9 1 0 72 1 6 49 
10 1 4 35 1 0 39 4 9 74 10 74 11 74 12 74 1 5 25 1 7 47 1 3 52 1 2 63 1 8 21 1 6 35 1 1 80 
10 4 9 58 10 58 11 58 12 58 1 0 5 1 3 50 1 8 52 1 1 88 1 6 20 1 2 68 1 5 24 1 4 53 1 7 57 
10 1 7 99 1 3 91 1 4 33 1 5 19 1 2 18 1 6 38 1 0 24 4 9 35 10 35 11 35 12 35 1 1 49 1 8 9 
10 1 0 68 1 3 60 1 2 77 1 7 10 1 8 60 1 5 15 4 9 72 10 72 11 72 12 72 1 1 18 1 6 90 1 4 18 
10 4 9 79 10 79 11 79 12 79 1 1 60 1 3 56 1 6 91 1 2 40 1 8 86 1 7 72 1 0 80 1 5 89 1 4 51 
10 1 4 10 1 2 92 1 5 23 1 6 46 1 8 40 1 7 72 1 3 6 1 1 23 1 0 95 4 9 34 10 34 11 34 12 34 
10 1 2 24 1 5 29 4 9 49 10 49 11 49 12 49 1 8 55 1 0 47 1 6 77 1 3 77 1 7 8 1 1 28 1 4 48 

Dynamic Events

# Machine Breakdowns (machine_id start_time end_time)
Machine Breakdowns
4 423 458
5 226 253
10 678 706
11 530 566

# Added Jobs (arrival_time: num_ops num_alts_op1 m1 p1 ... num_alts_op2 m1 p1 ...)
Added Jobs
203: 10 3 1 22 0 18 2 86 2 0 19 1 79 4 10 92 6 90 8 63 4 93 2 3 91 8 50 3 6 51 2 64 11 75 1 2 10 1 6 50 1 4 46 1 8 39 4 12 22 5 65 6 74 2 14 
287: 10 4 10 65 1 77 3 46 5 47 4 6 82 9 11 10 50 4 91 2 0 72 2 43 2 1 22 11 95 1 10 72 4 11 29 6 25 7 35 1 16 4 4 91 2 41 1 15 0 48 3 12 37 6 87 7 25 1 9 18 1 5 85 
295: 10 3 12 42 4 90 2 75 1 5 7 1 1 12 4 9 39 8 82 1 68 5 71 4 0 83 9 71 7 49 8 24 3 7 61 1 41 12 69 2 11 83 10 59 4 9 27 5 11 4 24 2 66 4 5 45 0 18 6 84 7 96 4 7 80 8 19 11 13 4 23 
302: 10 3 12 32 5 18 11 56 3 11 87 1 78 10 69 3 1 21 8 22 11 61 4 12 76 9 48 1 27 6 87 1 7 50 1 11 43 4 6 64 0 9 10 88 4 72 1 9 24 3 11 22 6 60 1 85 2 6 73 5 82 

# ETPC Constraints (fore_job_sim_idx fore_op_idx hind_job_sim_idx hind_op_idx time_lapse)
ETPC Constraints
15 5 12 0 13
6 1 1 0 15
10 2 9 2 7
14 3 5 7 11
14 1 12 4 17
9 3 11 5 8
5 7 17 8 12
10 3 12 8 4
16 2 17 0 6
13 3 8 8 11
18 3 16 0 13
10 3 3 5 20
11 8 7 4 17
18 7 10 6 13
13 3 2 2 18
13 2 0 2 4
12 9 4 3 17
18 8 17 4 15
6 9 1 4 16
12 7 11 6 10
11 5 7 4 16
17 8 8 8 14
3 4 10 6 12
13 5 11 1 11
10 7 12 8 9
13 4 2 7 20
12 2 9 2 18
8 9 11 5 11
11 2 14 0 20
17 4 0 2 8
10 8 2 8 6
0 9 11 6 20
14 2 16 4 5
18 1 13 6 3
