15 13
10 1 7 8 2 9 75 10 75 1 0 72 2 6 74 11 74 1 4 30 1 8 43 2 2 38 12 38 1 5 98 1 1 26 1 3 19 
10 2 6 19 11 19 1 8 73 1 3 43 1 0 23 1 1 85 1 4 39 1 5 13 2 9 26 10 26 2 2 67 12 67 1 7 9 
10 1 1 50 1 3 93 1 5 80 1 4 7 1 0 55 2 2 61 12 61 2 6 57 11 57 1 8 72 2 9 42 10 42 1 7 46 
10 1 1 68 1 7 43 1 4 99 2 6 60 11 60 1 5 68 1 0 91 1 8 11 1 3 96 2 9 11 10 11 2 2 72 12 72 
10 1 7 84 2 2 34 12 34 1 8 40 1 5 7 1 1 70 2 6 74 11 74 1 3 12 1 0 43 2 9 69 10 69 1 4 30 
10 1 8 60 1 0 49 1 4 59 1 5 72 2 9 63 10 63 1 1 69 1 7 99 2 6 45 11 45 1 3 27 2 2 9 12 9 
10 2 6 71 11 71 2 2 91 12 91 1 8 65 1 1 90 2 9 98 10 98 1 4 8 1 7 50 1 0 75 1 5 37 1 3 17 
10 1 8 62 1 7 90 1 5 98 1 3 31 2 2 91 12 91 1 4 38 2 9 72 10 72 1 1 9 1 0 72 2 6 49 11 49 
10 1 4 35 1 0 39 2 9 74 10 74 1 5 25 1 7 47 1 3 52 2 2 63 12 63 1 8 21 2 6 35 11 35 1 1 80 
10 2 9 58 10 58 1 0 5 1 3 50 1 8 52 1 1 88 2 6 20 11 20 2 2 68 12 68 1 5 24 1 4 53 1 7 57 
10 1 7 99 1 3 91 1 4 33 1 5 19 2 2 18 12 18 2 6 38 11 38 1 0 24 2 9 35 10 35 1 1 49 1 8 9 
10 1 0 68 1 3 60 2 2 77 12 77 1 7 10 1 8 60 1 5 15 2 9 72 10 72 1 1 18 2 6 90 11 90 1 4 18 
10 2 9 79 10 79 1 1 60 1 3 56 2 6 91 11 91 2 2 40 12 40 1 8 86 1 7 72 1 0 80 1 5 89 1 4 51 
10 1 4 10 2 2 92 12 92 1 5 23 2 6 46 11 46 1 8 40 1 7 72 1 3 6 1 1 23 1 0 95 2 9 34 10 34 
10 2 2 24 12 24 1 5 29 2 9 49 10 49 1 8 55 1 0 47 2 6 77 11 77 1 3 77 1 7 8 1 1 28 1 4 48 

Dynamic Events

# Machine Breakdowns (machine_id start_time end_time)
Machine Breakdowns
4 568 601
8 140 166
11 227 260
12 717 751

# Added Jobs (arrival_time: num_ops num_alts_op1 m1 p1 ... num_alts_op2 m1 p1 ...)
Added Jobs
46: 10 2 3 79 7 47 2 2 31 7 25 1 8 40 2 8 46 1 46 2 7 97 12 59 1 8 81 1 2 10 2 6 20 12 20 1 10 69 2 9 60 2 60 
107: 10 2 9 17 12 73 2 10 42 11 71 2 10 40 1 83 1 12 77 2 7 67 5 43 2 10 78 5 18 1 3 23 1 6 50 2 9 19 1 67 1 10 78 
170: 10 2 8 61 7 45 2 0 32 10 79 1 12 44 1 11 41 2 1 67 11 22 2 4 36 1 65 2 7 30 5 77 1 12 85 1 5 15 2 5 86 10 46 
180: 10 2 12 62 2 83 1 0 63 1 6 42 2 10 26 12 9 1 0 93 2 7 50 1 64 2 10 79 2 29 1 7 95 2 9 11 10 84 2 0 18 12 18 
248: 10 1 2 62 1 4 58 2 10 58 3 72 1 12 47 1 7 87 2 3 18 5 59 2 4 73 12 61 1 7 93 1 10 98 1 6 52 

# Cancelled Jobs (cancel_time initial_job_sim_idx_to_cancel)
Cancelled Jobs
9 1

# ETPC Constraints (fore_job_sim_idx fore_op_idx hind_job_sim_idx hind_op_idx time_lapse)
ETPC Constraints
6 5 18 0 3
13 5 17 9 4
14 5 7 5 15
15 0 8 9 18
14 0 8 0 20
1 7 16 1 13
7 6 12 6 9
13 8 15 8 5
3 2 2 5 11
8 4 7 1 13
2 7 10 7 13
13 1 0 4 12
3 7 17 8 7
17 1 16 6 20
11 7 10 3 10
7 3 11 9 5
16 9 7 5 12
11 0 4 7 20
8 2 10 3 15
11 3 9 2 8
7 3 3 5 16
15 7 14 5 11
3 6 19 6 5
19 5 12 8 10
17 0 18 2 19
13 5 8 0 7
7 7 8 8 12
19 3 10 0 4
9 8 3 4 5
10 9 2 7 6
8 2 11 7 7
14 0 0 4 8
19 5 13 5 10
6 1 16 8 17
14 3 0 8 18
10 3 0 0 16
12 5 7 5 13
8 5 17 1 7
