15 12
10 1 7 8 3 9 75 10 75 11 75 1 0 72 1 6 74 1 4 30 1 8 43 1 2 38 1 5 98 1 1 26 1 3 19 
10 1 6 19 1 8 73 1 3 43 1 0 23 1 1 85 1 4 39 1 5 13 3 9 26 10 26 11 26 1 2 67 1 7 9 
10 1 1 50 1 3 93 1 5 80 1 4 7 1 0 55 1 2 61 1 6 57 1 8 72 3 9 42 10 42 11 42 1 7 46 
10 1 1 68 1 7 43 1 4 99 1 6 60 1 5 68 1 0 91 1 8 11 1 3 96 3 9 11 10 11 11 11 1 2 72 
10 1 7 84 1 2 34 1 8 40 1 5 7 1 1 70 1 6 74 1 3 12 1 0 43 3 9 69 10 69 11 69 1 4 30 
10 1 8 60 1 0 49 1 4 59 1 5 72 3 9 63 10 63 11 63 1 1 69 1 7 99 1 6 45 1 3 27 1 2 9 
10 1 6 71 1 2 91 1 8 65 1 1 90 3 9 98 10 98 11 98 1 4 8 1 7 50 1 0 75 1 5 37 1 3 17 
10 1 8 62 1 7 90 1 5 98 1 3 31 1 2 91 1 4 38 3 9 72 10 72 11 72 1 1 9 1 0 72 1 6 49 
10 1 4 35 1 0 39 3 9 74 10 74 11 74 1 5 25 1 7 47 1 3 52 1 2 63 1 8 21 1 6 35 1 1 80 
10 3 9 58 10 58 11 58 1 0 5 1 3 50 1 8 52 1 1 88 1 6 20 1 2 68 1 5 24 1 4 53 1 7 57 
10 1 7 99 1 3 91 1 4 33 1 5 19 1 2 18 1 6 38 1 0 24 3 9 35 10 35 11 35 1 1 49 1 8 9 
10 1 0 68 1 3 60 1 2 77 1 7 10 1 8 60 1 5 15 3 9 72 10 72 11 72 1 1 18 1 6 90 1 4 18 
10 3 9 79 10 79 11 79 1 1 60 1 3 56 1 6 91 1 2 40 1 8 86 1 7 72 1 0 80 1 5 89 1 4 51 
10 1 4 10 1 2 92 1 5 23 1 6 46 1 8 40 1 7 72 1 3 6 1 1 23 1 0 95 3 9 34 10 34 11 34 
10 1 2 24 1 5 29 3 9 49 10 49 11 49 1 8 55 1 0 47 1 6 77 1 3 77 1 7 8 1 1 28 1 4 48 

Dynamic Events

# Machine Breakdowns (machine_id start_time end_time)
Machine Breakdowns
2 150 186
4 108 143
8 765 799
9 434 463
10 603 635

# Added Jobs (arrival_time: num_ops num_alts_op1 m1 p1 ... num_alts_op2 m1 p1 ...)
Added Jobs
227: 10 2 4 74 10 38 1 3 19 2 7 61 6 64 1 8 22 1 11 24 1 11 58 2 4 49 1 9 3 5 17 7 8 9 93 2 7 93 9 75 1 9 90 
253: 10 1 1 76 2 8 76 2 42 1 5 46 3 9 84 2 92 7 85 1 4 91 3 0 55 4 23 6 62 2 2 84 5 76 3 8 23 5 18 0 86 3 6 34 9 22 0 83 2 9 41 4 63 
263: 10 3 6 82 11 25 8 34 1 2 29 3 11 18 4 49 2 84 1 3 29 1 2 58 3 0 72 10 18 4 12 2 8 68 2 88 1 11 23 2 10 54 1 26 1 1 60 
280: 10 2 11 28 7 70 3 8 36 7 21 11 18 3 3 6 0 72 4 62 1 9 39 2 3 34 9 39 3 3 24 10 64 1 14 2 6 42 2 70 3 5 72 9 96 0 35 2 2 22 0 30 1 10 57 
315: 10 2 8 77 5 40 3 8 55 10 14 0 41 3 6 35 4 37 2 61 2 4 85 5 35 2 4 7 8 9 3 9 46 7 43 2 58 2 10 92 11 96 3 8 77 11 62 9 17 1 5 15 3 0 29 7 78 8 15 

# Cancelled Jobs (cancel_time initial_job_sim_idx_to_cancel)
Cancelled Jobs
33 14

# ETPC Constraints (fore_job_sim_idx fore_op_idx hind_job_sim_idx hind_op_idx time_lapse)
ETPC Constraints
13 6 4 4 8
4 9 3 5 12
11 8 14 6 7
11 3 13 4 14
10 9 9 3 4
5 5 8 8 14
17 1 8 4 18
13 0 0 0 8
9 3 4 1 7
15 2 1 7 17
4 8 3 0 13
0 7 14 8 4
8 2 1 3 6
5 7 7 1 4
18 0 10 0 13
8 5 2 6 6
15 5 5 1 16
5 5 10 0 13
12 8 2 7 9
4 1 2 2 19
9 6 14 0 4
6 3 0 3 9
0 1 19 8 4
18 8 16 4 19
15 2 5 9 10
9 9 7 7 5
1 4 13 6 17
15 4 5 1 17
0 7 16 5 4
16 9 13 6 17
9 4 15 7 15
0 3 6 0 18
13 7 5 5 12
6 9 4 0 3
4 5 7 2 20
16 0 1 6 12
4 6 18 4 17
12 9 17 8 17
