15 12
10 1 7 8 2 9 75 10 75 1 0 72 2 6 74 11 74 1 4 30 1 8 43 1 2 38 1 5 98 1 1 26 1 3 19 
10 2 6 19 11 19 1 8 73 1 3 43 1 0 23 1 1 85 1 4 39 1 5 13 2 9 26 10 26 1 2 67 1 7 9 
10 1 1 50 1 3 93 1 5 80 1 4 7 1 0 55 1 2 61 2 6 57 11 57 1 8 72 2 9 42 10 42 1 7 46 
10 1 1 68 1 7 43 1 4 99 2 6 60 11 60 1 5 68 1 0 91 1 8 11 1 3 96 2 9 11 10 11 1 2 72 
10 1 7 84 1 2 34 1 8 40 1 5 7 1 1 70 2 6 74 11 74 1 3 12 1 0 43 2 9 69 10 69 1 4 30 
10 1 8 60 1 0 49 1 4 59 1 5 72 2 9 63 10 63 1 1 69 1 7 99 2 6 45 11 45 1 3 27 1 2 9 
10 2 6 71 11 71 1 2 91 1 8 65 1 1 90 2 9 98 10 98 1 4 8 1 7 50 1 0 75 1 5 37 1 3 17 
10 1 8 62 1 7 90 1 5 98 1 3 31 1 2 91 1 4 38 2 9 72 10 72 1 1 9 1 0 72 2 6 49 11 49 
10 1 4 35 1 0 39 2 9 74 10 74 1 5 25 1 7 47 1 3 52 1 2 63 1 8 21 2 6 35 11 35 1 1 80 
10 2 9 58 10 58 1 0 5 1 3 50 1 8 52 1 1 88 2 6 20 11 20 1 2 68 1 5 24 1 4 53 1 7 57 
10 1 7 99 1 3 91 1 4 33 1 5 19 1 2 18 2 6 38 11 38 1 0 24 2 9 35 10 35 1 1 49 1 8 9 
10 1 0 68 1 3 60 1 2 77 1 7 10 1 8 60 1 5 15 2 9 72 10 72 1 1 18 2 6 90 11 90 1 4 18 
10 2 9 79 10 79 1 1 60 1 3 56 2 6 91 11 91 1 2 40 1 8 86 1 7 72 1 0 80 1 5 89 1 4 51 
10 1 4 10 1 2 92 1 5 23 2 6 46 11 46 1 8 40 1 7 72 1 3 6 1 1 23 1 0 95 2 9 34 10 34 
10 1 2 24 1 5 29 2 9 49 10 49 1 8 55 1 0 47 2 6 77 11 77 1 3 77 1 7 8 1 1 28 1 4 48 

Dynamic Events

# Machine Breakdowns (machine_id start_time end_time)
Machine Breakdowns
3 108 139
5 502 530
7 403 434
9 170 206

# Added Jobs (arrival_time: num_ops num_alts_op1 m1 p1 ... num_alts_op2 m1 p1 ...)
Added Jobs
190: 10 2 0 60 9 25 1 8 40 1 9 25 1 10 45 1 2 66 2 9 93 0 29 2 11 30 1 88 2 4 33 3 41 2 3 44 2 80 1 2 60 
196: 10 1 5 46 2 0 67 9 51 1 1 34 1 11 24 1 0 83 1 0 92 1 6 35 2 6 35 5 80 2 0 8 3 52 1 3 6 
205: 10 1 3 70 1 5 53 1 0 48 1 3 68 1 1 28 1 10 48 1 9 95 1 1 26 2 3 42 8 62 1 3 46 
225: 10 1 0 19 2 9 38 2 54 1 2 27 1 9 17 1 7 96 2 0 70 5 18 1 7 69 2 8 65 11 65 1 8 16 2 7 32 3 12 
242: 10 1 4 80 2 6 29 1 51 1 4 99 2 8 49 11 78 2 9 11 6 25 2 9 35 8 27 2 8 75 4 76 1 0 48 2 10 14 3 65 2 2 37 6 38 

# Cancelled Jobs (cancel_time initial_job_sim_idx_to_cancel)
Cancelled Jobs
140 11
392 10

# ETPC Constraints (fore_job_sim_idx fore_op_idx hind_job_sim_idx hind_op_idx time_lapse)
ETPC Constraints
7 4 15 7 19
7 8 14 9 16
8 3 19 3 18
6 1 10 7 9
18 3 14 4 5
16 0 4 3 8
19 7 8 7 3
12 2 1 3 5
14 6 11 9 4
16 0 18 6 11
6 6 0 4 12
8 5 3 6 4
4 8 8 4 3
5 6 10 8 10
5 5 8 4 11
6 2 2 1 19
1 4 19 7 19
5 3 16 5 10
4 3 8 6 3
13 9 1 7 18
6 7 18 8 12
5 2 0 3 11
10 9 3 7 6
11 1 10 0 20
17 4 4 2 3
17 8 1 7 12
17 5 2 2 8
17 3 5 2 5
16 0 13 9 15
15 3 14 1 11
17 2 0 2 14
9 1 16 3 17
5 0 13 4 12
14 4 10 4 5
1 9 6 7 18
9 9 4 6 14
19 9 4 9 4
11 5 14 6 13
