15 11
10 1 7 8 2 9 75 10 75 1 0 72 1 6 74 1 4 30 1 8 43 1 2 38 1 5 98 1 1 26 1 3 19 
10 1 6 19 1 8 73 1 3 43 1 0 23 1 1 85 1 4 39 1 5 13 2 9 26 10 26 1 2 67 1 7 9 
10 1 1 50 1 3 93 1 5 80 1 4 7 1 0 55 1 2 61 1 6 57 1 8 72 2 9 42 10 42 1 7 46 
10 1 1 68 1 7 43 1 4 99 1 6 60 1 5 68 1 0 91 1 8 11 1 3 96 2 9 11 10 11 1 2 72 
10 1 7 84 1 2 34 1 8 40 1 5 7 1 1 70 1 6 74 1 3 12 1 0 43 2 9 69 10 69 1 4 30 
10 1 8 60 1 0 49 1 4 59 1 5 72 2 9 63 10 63 1 1 69 1 7 99 1 6 45 1 3 27 1 2 9 
10 1 6 71 1 2 91 1 8 65 1 1 90 2 9 98 10 98 1 4 8 1 7 50 1 0 75 1 5 37 1 3 17 
10 1 8 62 1 7 90 1 5 98 1 3 31 1 2 91 1 4 38 2 9 72 10 72 1 1 9 1 0 72 1 6 49 
10 1 4 35 1 0 39 2 9 74 10 74 1 5 25 1 7 47 1 3 52 1 2 63 1 8 21 1 6 35 1 1 80 
10 2 9 58 10 58 1 0 5 1 3 50 1 8 52 1 1 88 1 6 20 1 2 68 1 5 24 1 4 53 1 7 57 
10 1 7 99 1 3 91 1 4 33 1 5 19 1 2 18 1 6 38 1 0 24 2 9 35 10 35 1 1 49 1 8 9 
10 1 0 68 1 3 60 1 2 77 1 7 10 1 8 60 1 5 15 2 9 72 10 72 1 1 18 1 6 90 1 4 18 
10 2 9 79 10 79 1 1 60 1 3 56 1 6 91 1 2 40 1 8 86 1 7 72 1 0 80 1 5 89 1 4 51 
10 1 4 10 1 2 92 1 5 23 1 6 46 1 8 40 1 7 72 1 3 6 1 1 23 1 0 95 2 9 34 10 34 
10 1 2 24 1 5 29 2 9 49 10 49 1 8 55 1 0 47 1 6 77 1 3 77 1 7 8 1 1 28 1 4 48 

Dynamic Events

# Machine Breakdowns (machine_id start_time end_time)
Machine Breakdowns
3 142 178
7 114 147
8 522 550
10 405 440

# Added Jobs (arrival_time: num_ops num_alts_op1 m1 p1 ... num_alts_op2 m1 p1 ...)
Added Jobs
132: 10 1 10 83 2 8 50 1 64 1 4 64 2 0 30 8 33 2 10 89 5 14 1 9 24 2 3 91 5 43 1 10 63 1 7 45 1 9 86 
149: 10 2 4 42 2 48 1 3 55 2 3 15 8 9 2 5 28 7 11 1 3 9 1 10 66 2 7 64 2 20 1 3 55 2 1 64 5 13 2 10 23 2 89 
180: 10 2 4 63 6 53 2 0 21 4 77 1 1 70 2 0 32 7 45 2 10 58 9 90 2 4 82 8 59 2 4 97 2 88 1 5 98 1 2 11 2 8 44 1 57 
276: 10 2 7 9 0 73 2 1 20 0 76 1 1 16 1 0 50 1 6 80 1 6 46 1 1 34 1 4 80 2 7 91 5 36 1 6 73 
296: 10 2 9 32 8 12 1 8 35 1 3 81 1 1 45 1 2 9 1 1 74 1 8 27 1 10 91 2 7 95 1 37 1 5 16 

# Cancelled Jobs (cancel_time initial_job_sim_idx_to_cancel)
Cancelled Jobs
14 3
281 6
456 9
547 0
552 10

# ETPC Constraints (fore_job_sim_idx fore_op_idx hind_job_sim_idx hind_op_idx time_lapse)
ETPC Constraints
2 0 14 3 18
2 6 5 7 15
13 8 18 3 16
7 1 0 9 4
17 9 19 5 20
3 1 5 7 6
4 5 10 3 4
4 6 16 7 19
7 9 17 5 16
11 2 0 7 14
12 0 11 8 7
19 3 17 2 4
9 6 15 1 5
19 2 9 2 14
7 6 15 6 3
17 4 18 6 3
15 3 18 2 13
3 8 12 3 4
1 4 0 3 5
17 5 8 6 11
17 2 19 5 11
18 6 15 7 8
4 3 2 4 14
11 6 9 7 4
8 7 11 8 17
6 3 13 2 20
19 0 9 9 12
7 8 2 5 6
6 2 2 7 20
2 3 8 2 19
9 3 2 0 9
13 6 17 5 6
13 9 8 1 16
5 0 3 6 14
4 2 3 3 4
17 5 0 8 10
14 8 6 3 10
12 2 10 8 5
