15 17
15 1 9 65 1 10 28 1 4 74 1 12 33 1 2 51 2 14 75 15 75 1 5 73 1 8 32 1 6 13 1 3 81 1 1 35 1 7 59 1 13 38 2 11 55 16 55 1 0 27 
15 1 0 64 1 1 53 2 11 83 16 83 1 2 33 1 4 6 1 9 52 2 14 72 15 72 1 8 7 1 13 90 1 12 21 1 6 23 1 3 10 1 10 39 1 5 49 1 7 72 
15 2 14 73 15 73 1 3 82 1 1 23 1 12 62 1 6 88 1 5 21 1 8 65 2 11 70 16 70 1 7 53 1 10 81 1 2 93 1 13 77 1 0 61 1 9 28 1 4 78 
15 1 1 12 1 6 51 1 7 33 1 4 15 2 14 72 15 72 1 10 98 1 9 94 1 5 12 2 11 42 16 42 1 2 24 1 13 15 1 8 28 1 3 6 1 12 99 1 0 41 
15 1 12 97 1 5 7 1 9 96 1 4 15 2 14 73 15 73 1 13 43 1 0 32 1 8 22 2 11 42 16 42 1 1 94 1 2 23 1 7 86 1 6 78 1 10 24 1 3 31 
15 1 1 72 1 5 88 1 2 93 1 13 13 1 4 44 2 14 66 15 66 1 6 63 1 7 14 1 9 67 1 10 17 2 11 85 16 85 1 0 35 1 3 68 1 12 5 1 8 49 
15 1 9 15 1 7 82 1 6 21 2 14 53 15 53 1 3 72 1 13 49 1 2 99 1 4 26 1 12 56 1 8 45 1 1 68 1 10 51 1 0 8 1 5 27 2 11 96 16 96 
15 1 3 54 1 7 24 1 4 14 1 8 38 1 5 36 1 2 52 2 14 55 15 55 1 12 37 2 11 48 16 48 1 0 93 1 13 60 1 10 70 1 1 23 1 6 23 1 9 83 
15 1 3 12 1 8 69 1 6 26 1 9 23 2 14 28 15 28 1 1 82 1 5 33 1 4 45 1 13 64 1 7 15 2 11 9 16 9 1 12 73 1 10 59 1 2 37 1 0 62 
15 1 0 87 1 5 12 1 7 80 1 4 50 1 10 48 1 12 90 1 1 72 1 13 24 1 6 14 1 8 71 2 11 44 16 44 1 9 46 1 2 15 2 14 61 15 61 1 3 92 
15 1 2 54 1 0 22 1 6 61 1 4 46 1 3 73 1 5 16 1 12 6 1 9 94 2 14 93 15 93 1 13 67 1 8 54 1 7 75 2 11 32 16 32 1 10 40 1 1 97 
15 1 10 92 2 14 36 15 36 1 4 22 1 9 9 1 3 47 1 1 77 1 12 79 1 13 36 1 6 30 1 8 98 2 11 79 16 79 1 7 7 1 5 55 1 2 6 1 0 30 
15 1 0 49 1 13 83 1 3 73 1 6 82 1 1 82 2 14 92 15 92 2 11 73 16 73 1 4 31 1 10 35 1 9 54 1 5 7 1 8 37 1 7 72 1 2 52 1 12 76 
15 1 10 98 1 12 34 1 13 52 1 4 26 1 1 28 1 3 39 1 8 80 1 5 29 1 9 70 1 0 43 1 6 48 1 7 58 1 2 45 2 14 94 15 94 2 11 96 16 96 
15 1 1 70 1 10 17 1 6 90 1 12 67 1 4 14 1 8 23 1 3 21 1 7 18 1 13 43 2 11 84 16 84 1 5 26 1 9 36 1 2 93 2 14 84 15 84 1 0 42 

Dynamic Events

# Machine Breakdowns (machine_id start_time end_time)
Machine Breakdowns
0 612 640
2 413 450
3 428 466
4 908 944
7 907 939

# Added Jobs (arrival_time: num_ops num_alts_op1 m1 p1 ... num_alts_op2 m1 p1 ...)
Added Jobs
68: 15 1 2 20 2 8 24 5 9 1 9 93 1 8 36 1 13 39 1 5 74 1 8 10 1 2 12 2 8 46 2 13 1 8 72 2 12 25 9 11 1 11 60 1 13 38 2 3 32 1 91 1 12 27 
88: 15 1 11 53 1 9 17 2 15 85 4 38 1 12 36 2 5 72 8 54 1 10 77 1 7 27 1 10 92 2 2 82 13 55 2 12 17 14 93 2 11 71 2 33 1 1 50 1 10 18 2 12 7 5 51 1 12 77 
180: 15 2 6 41 10 17 1 3 12 1 13 86 1 15 61 1 10 71 1 2 41 1 14 51 1 0 61 1 10 44 1 6 26 2 7 82 0 13 1 10 33 1 8 37 2 11 28 3 14 2 9 60 2 19 
215: 15 1 15 43 1 2 55 2 8 7 12 34 2 10 26 3 75 1 0 13 2 12 38 1 63 1 12 12 1 12 84 1 0 53 2 4 54 8 22 1 13 73 1 8 12 2 1 54 12 94 1 9 80 1 13 73 
316: 15 1 4 12 1 13 48 1 15 58 1 5 28 2 3 92 16 21 1 8 71 2 4 77 8 16 1 10 87 2 3 6 15 40 2 1 41 2 77 1 9 54 2 8 26 10 67 1 6 23 2 2 87 0 62 2 15 67 6 74 

# Cancelled Jobs (cancel_time initial_job_sim_idx_to_cancel)
Cancelled Jobs
50 12
641 11

# ETPC Constraints (fore_job_sim_idx fore_op_idx hind_job_sim_idx hind_op_idx time_lapse)
ETPC Constraints
0 0 1 13 5
8 3 3 6 9
17 14 12 1 4
2 0 15 11 5
19 14 12 10 13
8 4 16 14 18
4 5 2 8 12
14 10 8 0 6
0 6 18 11 15
12 6 11 14 17
11 13 10 6 19
0 6 2 11 9
4 6 19 8 8
4 3 17 10 6
13 0 11 12 18
9 8 1 1 11
18 13 0 14 20
17 12 19 5 19
18 6 3 10 4
10 1 13 9 7
16 0 9 14 8
6 2 0 0 11
14 1 12 8 18
0 12 16 0 6
18 6 17 6 13
7 10 13 4 20
7 4 3 8 9
7 3 6 7 4
7 11 16 9 19
0 5 19 2 5
14 2 2 13 20
10 4 3 7 19
15 10 2 3 6
12 7 18 7 3
4 0 9 9 19
4 11 7 3 10
9 5 18 2 6
18 10 4 6 19
