15 18
15 1 9 65 1 10 28 1 4 74 1 12 33 1 2 51 4 14 75 15 75 16 75 17 75 1 5 73 1 8 32 1 6 13 1 3 81 1 1 35 1 7 59 1 13 38 1 11 55 1 0 27 
15 1 0 64 1 1 53 1 11 83 1 2 33 1 4 6 1 9 52 4 14 72 15 72 16 72 17 72 1 8 7 1 13 90 1 12 21 1 6 23 1 3 10 1 10 39 1 5 49 1 7 72 
15 4 14 73 15 73 16 73 17 73 1 3 82 1 1 23 1 12 62 1 6 88 1 5 21 1 8 65 1 11 70 1 7 53 1 10 81 1 2 93 1 13 77 1 0 61 1 9 28 1 4 78 
15 1 1 12 1 6 51 1 7 33 1 4 15 4 14 72 15 72 16 72 17 72 1 10 98 1 9 94 1 5 12 1 11 42 1 2 24 1 13 15 1 8 28 1 3 6 1 12 99 1 0 41 
15 1 12 97 1 5 7 1 9 96 1 4 15 4 14 73 15 73 16 73 17 73 1 13 43 1 0 32 1 8 22 1 11 42 1 1 94 1 2 23 1 7 86 1 6 78 1 10 24 1 3 31 
15 1 1 72 1 5 88 1 2 93 1 13 13 1 4 44 4 14 66 15 66 16 66 17 66 1 6 63 1 7 14 1 9 67 1 10 17 1 11 85 1 0 35 1 3 68 1 12 5 1 8 49 
15 1 9 15 1 7 82 1 6 21 4 14 53 15 53 16 53 17 53 1 3 72 1 13 49 1 2 99 1 4 26 1 12 56 1 8 45 1 1 68 1 10 51 1 0 8 1 5 27 1 11 96 
15 1 3 54 1 7 24 1 4 14 1 8 38 1 5 36 1 2 52 4 14 55 15 55 16 55 17 55 1 12 37 1 11 48 1 0 93 1 13 60 1 10 70 1 1 23 1 6 23 1 9 83 
15 1 3 12 1 8 69 1 6 26 1 9 23 4 14 28 15 28 16 28 17 28 1 1 82 1 5 33 1 4 45 1 13 64 1 7 15 1 11 9 1 12 73 1 10 59 1 2 37 1 0 62 
15 1 0 87 1 5 12 1 7 80 1 4 50 1 10 48 1 12 90 1 1 72 1 13 24 1 6 14 1 8 71 1 11 44 1 9 46 1 2 15 4 14 61 15 61 16 61 17 61 1 3 92 
15 1 2 54 1 0 22 1 6 61 1 4 46 1 3 73 1 5 16 1 12 6 1 9 94 4 14 93 15 93 16 93 17 93 1 13 67 1 8 54 1 7 75 1 11 32 1 10 40 1 1 97 
15 1 10 92 4 14 36 15 36 16 36 17 36 1 4 22 1 9 9 1 3 47 1 1 77 1 12 79 1 13 36 1 6 30 1 8 98 1 11 79 1 7 7 1 5 55 1 2 6 1 0 30 
15 1 0 49 1 13 83 1 3 73 1 6 82 1 1 82 4 14 92 15 92 16 92 17 92 1 11 73 1 4 31 1 10 35 1 9 54 1 5 7 1 8 37 1 7 72 1 2 52 1 12 76 
15 1 10 98 1 12 34 1 13 52 1 4 26 1 1 28 1 3 39 1 8 80 1 5 29 1 9 70 1 0 43 1 6 48 1 7 58 1 2 45 4 14 94 15 94 16 94 17 94 1 11 96 
15 1 1 70 1 10 17 1 6 90 1 12 67 1 4 14 1 8 23 1 3 21 1 7 18 1 13 43 1 11 84 1 5 26 1 9 36 1 2 93 4 14 84 15 84 16 84 17 84 1 0 42 

Dynamic Events

# Machine Breakdowns (machine_id start_time end_time)
Machine Breakdowns
1 613 652
3 279 315
5 848 883
9 220 249
11 145 177
14 434 469
15 306 343
16 402 432
17 503 539

# Added Jobs (arrival_time: num_ops num_alts_op1 m1 p1 ... num_alts_op2 m1 p1 ...)
Added Jobs
204: 15 1 2 21 4 11 84 17 48 12 68 7 7 2 6 27 14 33 4 9 71 17 93 13 86 3 81 4 14 70 0 21 12 94 3 68 3 10 64 16 80 1 59 1 12 91 4 6 21 3 43 17 42 14 48 4 15 36 13 62 0 50 7 26 3 3 23 6 88 12 92 3 1 36 4 70 5 43 3 6 28 2 27 12 90 3 15 63 0 59 10 28 3 15 28 11 73 12 69 1 12 35 
251: 15 3 5 9 3 74 2 75 1 0 92 3 3 71 9 96 16 45 2 2 64 13 85 4 15 57 10 78 17 75 0 19 2 9 85 13 19 2 11 88 9 16 4 12 80 15 56 0 70 3 65 2 5 26 0 9 4 13 71 9 60 17 64 4 13 3 15 54 9 23 12 15 4 9 76 17 94 8 90 2 53 2 8 67 17 44 4 11 63 15 92 6 52 13 43 4 1 22 4 77 5 88 8 38 
279: 15 1 8 39 3 14 87 8 24 10 51 1 16 76 3 10 68 14 88 1 15 2 14 76 3 42 4 1 46 15 43 2 37 17 34 2 0 60 10 98 2 9 86 5 27 2 6 34 14 42 4 4 50 7 33 11 72 6 16 2 4 34 5 63 3 7 73 16 39 15 56 3 17 38 9 94 5 58 2 10 47 17 77 1 15 82 
280: 15 2 10 35 5 45 1 9 15 2 4 71 14 41 1 13 47 4 15 51 4 44 7 54 1 58 3 8 47 14 94 10 39 3 9 11 2 87 17 69 4 7 74 6 44 1 25 14 68 3 14 53 13 20 11 93 3 4 72 9 14 11 74 3 16 89 6 26 15 86 4 13 17 16 34 11 54 8 23 3 12 72 14 91 6 70 1 8 9 1 5 43 
402: 15 1 5 37 2 12 54 2 89 2 9 20 4 30 2 3 6 5 12 3 12 79 10 35 11 91 2 8 25 15 74 2 11 73 13 74 1 11 9 2 17 39 6 37 3 4 10 1 72 11 63 4 1 54 9 28 10 17 13 47 3 11 78 10 17 7 36 2 16 93 5 58 3 0 19 1 95 7 80 1 17 93 

# Cancelled Jobs (cancel_time initial_job_sim_idx_to_cancel)
Cancelled Jobs
187 1
213 2
578 13

# ETPC Constraints (fore_job_sim_idx fore_op_idx hind_job_sim_idx hind_op_idx time_lapse)
ETPC Constraints
2 1 10 8 15
8 5 6 14 16
10 13 14 5 15
9 2 7 12 12
18 5 14 12 4
10 11 19 2 4
9 6 18 4 20
8 6 18 10 5
3 8 2 6 11
0 11 4 9 18
19 6 17 10 10
16 13 18 10 9
7 4 14 0 19
14 12 8 10 4
16 2 4 6 9
3 11 8 12 3
17 8 3 13 12
14 10 10 12 5
11 6 18 0 5
0 11 17 5 20
11 0 13 7 7
10 2 7 10 4
16 2 10 8 10
5 0 19 0 10
5 14 3 13 6
4 13 12 4 12
1 0 14 6 15
15 12 8 8 10
8 12 4 6 9
0 8 7 12 8
18 1 11 11 5
3 12 1 8 7
0 10 9 1 14
9 2 7 11 15
17 0 10 0 11
14 13 13 12 4
11 9 3 12 14
13 5 5 0 5
