15 16
15 1 9 65 1 10 28 1 4 74 1 12 33 1 2 51 1 14 75 1 5 73 1 8 32 1 6 13 1 3 81 1 1 35 1 7 59 1 13 38 2 11 55 15 55 1 0 27 
15 1 0 64 1 1 53 2 11 83 15 83 1 2 33 1 4 6 1 9 52 1 14 72 1 8 7 1 13 90 1 12 21 1 6 23 1 3 10 1 10 39 1 5 49 1 7 72 
15 1 14 73 1 3 82 1 1 23 1 12 62 1 6 88 1 5 21 1 8 65 2 11 70 15 70 1 7 53 1 10 81 1 2 93 1 13 77 1 0 61 1 9 28 1 4 78 
15 1 1 12 1 6 51 1 7 33 1 4 15 1 14 72 1 10 98 1 9 94 1 5 12 2 11 42 15 42 1 2 24 1 13 15 1 8 28 1 3 6 1 12 99 1 0 41 
15 1 12 97 1 5 7 1 9 96 1 4 15 1 14 73 1 13 43 1 0 32 1 8 22 2 11 42 15 42 1 1 94 1 2 23 1 7 86 1 6 78 1 10 24 1 3 31 
15 1 1 72 1 5 88 1 2 93 1 13 13 1 4 44 1 14 66 1 6 63 1 7 14 1 9 67 1 10 17 2 11 85 15 85 1 0 35 1 3 68 1 12 5 1 8 49 
15 1 9 15 1 7 82 1 6 21 1 14 53 1 3 72 1 13 49 1 2 99 1 4 26 1 12 56 1 8 45 1 1 68 1 10 51 1 0 8 1 5 27 2 11 96 15 96 
15 1 3 54 1 7 24 1 4 14 1 8 38 1 5 36 1 2 52 1 14 55 1 12 37 2 11 48 15 48 1 0 93 1 13 60 1 10 70 1 1 23 1 6 23 1 9 83 
15 1 3 12 1 8 69 1 6 26 1 9 23 1 14 28 1 1 82 1 5 33 1 4 45 1 13 64 1 7 15 2 11 9 15 9 1 12 73 1 10 59 1 2 37 1 0 62 
15 1 0 87 1 5 12 1 7 80 1 4 50 1 10 48 1 12 90 1 1 72 1 13 24 1 6 14 1 8 71 2 11 44 15 44 1 9 46 1 2 15 1 14 61 1 3 92 
15 1 2 54 1 0 22 1 6 61 1 4 46 1 3 73 1 5 16 1 12 6 1 9 94 1 14 93 1 13 67 1 8 54 1 7 75 2 11 32 15 32 1 10 40 1 1 97 
15 1 10 92 1 14 36 1 4 22 1 9 9 1 3 47 1 1 77 1 12 79 1 13 36 1 6 30 1 8 98 2 11 79 15 79 1 7 7 1 5 55 1 2 6 1 0 30 
15 1 0 49 1 13 83 1 3 73 1 6 82 1 1 82 1 14 92 2 11 73 15 73 1 4 31 1 10 35 1 9 54 1 5 7 1 8 37 1 7 72 1 2 52 1 12 76 
15 1 10 98 1 12 34 1 13 52 1 4 26 1 1 28 1 3 39 1 8 80 1 5 29 1 9 70 1 0 43 1 6 48 1 7 58 1 2 45 1 14 94 2 11 96 15 96 
15 1 1 70 1 10 17 1 6 90 1 12 67 1 4 14 1 8 23 1 3 21 1 7 18 1 13 43 2 11 84 15 84 1 5 26 1 9 36 1 2 93 1 14 84 1 0 42 

Dynamic Events

# Machine Breakdowns (machine_id start_time end_time)
Machine Breakdowns
3 675 711
7 104 130
8 823 852
10 334 370
14 883 911

# Added Jobs (arrival_time: num_ops num_alts_op1 m1 p1 ... num_alts_op2 m1 p1 ...)
Added Jobs
105: 15 1 5 32 2 6 36 8 39 1 14 58 2 1 75 13 66 2 1 95 13 53 2 12 12 3 88 1 12 26 2 15 82 12 41 1 13 80 2 9 46 11 26 2 12 25 6 20 1 4 75 2 0 45 4 70 2 13 56 2 49 2 7 61 3 10 
178: 15 2 2 7 14 48 1 0 72 1 11 92 1 4 41 2 11 89 4 61 2 4 70 10 45 2 15 88 6 58 1 15 36 1 3 13 1 11 27 1 14 83 2 12 66 11 21 2 11 9 5 37 2 5 78 15 84 2 2 33 6 81 
204: 15 1 10 70 2 2 26 9 40 2 4 6 13 39 2 8 74 12 69 2 5 7 9 78 2 11 82 1 15 2 0 61 1 25 2 12 74 9 54 1 5 39 1 4 45 1 1 20 2 5 11 1 40 1 8 97 1 9 16 1 1 34 
215: 15 1 14 69 1 7 31 2 13 87 0 21 1 2 91 1 14 39 2 15 72 6 62 2 2 14 3 14 2 3 40 5 72 2 3 79 12 98 2 15 29 2 33 2 8 76 2 81 1 7 74 1 11 21 1 14 88 2 13 55 11 67 
265: 15 2 1 89 7 71 2 6 87 5 36 2 3 47 0 16 2 11 33 6 44 2 8 9 10 35 2 10 21 14 78 1 14 87 1 3 64 1 7 80 1 6 43 1 10 47 1 8 16 1 4 38 1 11 27 2 11 27 1 73 
353: 15 2 12 48 13 39 2 6 22 14 55 1 9 60 2 3 71 11 24 2 6 47 15 88 2 10 83 6 22 1 12 97 1 14 65 1 4 47 1 6 28 1 12 72 2 9 68 8 40 1 11 19 1 2 66 2 5 62 11 83 

# ETPC Constraints (fore_job_sim_idx fore_op_idx hind_job_sim_idx hind_op_idx time_lapse)
ETPC Constraints
12 4 19 6 20
1 8 15 8 4
5 9 18 10 8
15 1 13 2 6
2 11 12 4 16
2 14 14 0 9
2 8 18 9 13
2 13 5 1 4
16 1 6 1 16
7 11 2 10 16
7 4 20 9 9
6 13 3 11 19
13 8 10 8 7
8 9 7 11 6
11 3 5 5 7
15 13 6 7 14
11 5 12 1 3
14 4 8 14 18
0 1 16 13 18
10 2 7 3 16
12 0 3 9 7
15 7 3 4 5
20 3 18 7 11
8 2 12 12 4
5 13 14 12 12
3 10 19 8 18
15 1 6 2 5
1 9 18 13 19
1 5 7 5 12
0 14 3 7 11
9 5 2 3 5
12 1 6 2 5
2 10 0 2 16
13 5 0 8 6
13 3 0 8 10
18 3 5 2 3
17 10 6 10 19
0 3 8 2 15
10 8 16 11 15
9 10 12 3 20
18 5 16 2 6
14 11 8 12 4
