15 16
15 1 9 65 1 10 28 1 4 74 1 12 33 1 2 51 1 14 75 1 5 73 1 8 32 1 6 13 1 3 81 1 1 35 1 7 59 1 13 38 2 11 55 15 55 1 0 27 
15 1 0 64 1 1 53 2 11 83 15 83 1 2 33 1 4 6 1 9 52 1 14 72 1 8 7 1 13 90 1 12 21 1 6 23 1 3 10 1 10 39 1 5 49 1 7 72 
15 1 14 73 1 3 82 1 1 23 1 12 62 1 6 88 1 5 21 1 8 65 2 11 70 15 70 1 7 53 1 10 81 1 2 93 1 13 77 1 0 61 1 9 28 1 4 78 
15 1 1 12 1 6 51 1 7 33 1 4 15 1 14 72 1 10 98 1 9 94 1 5 12 2 11 42 15 42 1 2 24 1 13 15 1 8 28 1 3 6 1 12 99 1 0 41 
15 1 12 97 1 5 7 1 9 96 1 4 15 1 14 73 1 13 43 1 0 32 1 8 22 2 11 42 15 42 1 1 94 1 2 23 1 7 86 1 6 78 1 10 24 1 3 31 
15 1 1 72 1 5 88 1 2 93 1 13 13 1 4 44 1 14 66 1 6 63 1 7 14 1 9 67 1 10 17 2 11 85 15 85 1 0 35 1 3 68 1 12 5 1 8 49 
15 1 9 15 1 7 82 1 6 21 1 14 53 1 3 72 1 13 49 1 2 99 1 4 26 1 12 56 1 8 45 1 1 68 1 10 51 1 0 8 1 5 27 2 11 96 15 96 
15 1 3 54 1 7 24 1 4 14 1 8 38 1 5 36 1 2 52 1 14 55 1 12 37 2 11 48 15 48 1 0 93 1 13 60 1 10 70 1 1 23 1 6 23 1 9 83 
15 1 3 12 1 8 69 1 6 26 1 9 23 1 14 28 1 1 82 1 5 33 1 4 45 1 13 64 1 7 15 2 11 9 15 9 1 12 73 1 10 59 1 2 37 1 0 62 
15 1 0 87 1 5 12 1 7 80 1 4 50 1 10 48 1 12 90 1 1 72 1 13 24 1 6 14 1 8 71 2 11 44 15 44 1 9 46 1 2 15 1 14 61 1 3 92 
15 1 2 54 1 0 22 1 6 61 1 4 46 1 3 73 1 5 16 1 12 6 1 9 94 1 14 93 1 13 67 1 8 54 1 7 75 2 11 32 15 32 1 10 40 1 1 97 
15 1 10 92 1 14 36 1 4 22 1 9 9 1 3 47 1 1 77 1 12 79 1 13 36 1 6 30 1 8 98 2 11 79 15 79 1 7 7 1 5 55 1 2 6 1 0 30 
15 1 0 49 1 13 83 1 3 73 1 6 82 1 1 82 1 14 92 2 11 73 15 73 1 4 31 1 10 35 1 9 54 1 5 7 1 8 37 1 7 72 1 2 52 1 12 76 
15 1 10 98 1 12 34 1 13 52 1 4 26 1 1 28 1 3 39 1 8 80 1 5 29 1 9 70 1 0 43 1 6 48 1 7 58 1 2 45 1 14 94 2 11 96 15 96 
15 1 1 70 1 10 17 1 6 90 1 12 67 1 4 14 1 8 23 1 3 21 1 7 18 1 13 43 2 11 84 15 84 1 5 26 1 9 36 1 2 93 1 14 84 1 0 42 

Dynamic Events

# Machine Breakdowns (machine_id start_time end_time)
Machine Breakdowns
0 542 579
2 180 211
3 176 206
4 496 532
5 885 922
11 246 283
13 593 620
15 119 145

# Added Jobs (arrival_time: num_ops num_alts_op1 m1 p1 ... num_alts_op2 m1 p1 ...)
Added Jobs
113: 15 2 5 67 2 75 2 13 45 9 90 2 1 90 7 31 2 2 56 6 61 1 6 71 2 1 49 12 32 2 3 79 12 63 2 10 85 0 79 2 8 10 4 16 2 9 29 0 22 1 0 21 1 14 65 1 3 24 1 14 45 1 7 62 
131: 15 1 4 66 1 15 63 1 9 20 2 6 42 4 25 1 9 30 2 5 8 14 63 1 10 81 1 3 85 2 0 92 10 37 2 12 38 0 80 1 3 22 1 7 54 1 12 87 2 2 50 4 16 1 11 16 
209: 15 1 15 51 2 12 56 7 56 1 12 79 2 7 11 6 67 1 8 67 2 1 19 13 45 1 15 26 1 6 74 2 2 75 13 23 1 10 24 1 5 26 1 9 39 1 4 32 1 15 49 1 6 61 
253: 15 2 11 62 13 19 2 3 6 2 54 1 1 89 1 12 33 1 11 52 2 13 80 3 42 1 1 58 2 0 50 7 62 2 1 38 5 15 2 11 45 9 56 2 7 7 0 52 2 4 61 13 70 2 11 31 8 27 1 15 88 1 3 18 
273: 15 1 2 49 2 4 53 13 80 2 12 85 4 70 2 0 27 3 73 2 6 45 13 82 1 8 72 2 8 77 13 88 1 4 73 1 9 90 1 2 28 1 1 58 1 6 41 2 14 47 8 24 2 13 33 1 54 2 4 44 12 52 
307: 15 2 7 41 5 60 1 9 26 1 9 68 2 7 35 8 21 2 13 68 12 26 2 2 14 14 70 2 13 37 12 37 2 13 62 7 37 1 2 48 2 10 58 0 11 1 14 29 2 3 89 6 48 2 6 78 12 21 1 15 64 2 10 19 13 37 

# ETPC Constraints (fore_job_sim_idx fore_op_idx hind_job_sim_idx hind_op_idx time_lapse)
ETPC Constraints
12 4 15 2 15
11 3 17 6 6
1 12 19 2 20
17 9 16 6 19
12 10 3 7 13
0 2 10 12 16
17 5 16 9 12
17 6 5 13 11
20 3 4 10 18
12 2 3 5 16
4 11 2 13 14
10 8 2 12 3
0 5 9 8 7
2 14 10 1 17
8 11 7 9 11
18 11 1 10 18
8 14 14 13 12
14 2 9 5 8
1 0 5 10 4
19 9 4 3 12
17 1 14 8 6
1 12 15 3 6
4 3 9 3 9
17 10 20 14 3
5 3 15 1 6
19 3 3 13 14
1 2 5 13 14
1 13 20 6 8
0 14 18 4 10
4 13 14 3 16
3 8 7 12 20
20 12 9 0 11
18 12 0 3 12
14 12 9 12 11
3 5 18 0 10
10 14 12 4 4
12 11 4 2 3
18 14 20 9 14
12 3 11 4 19
17 0 11 13 7
13 5 17 5 9
