15 18
15 1 9 65 1 10 28 1 4 74 1 12 33 1 2 51 2 14 75 15 75 1 5 73 1 8 32 1 6 13 1 3 81 2 1 35 17 35 1 7 59 1 13 38 2 11 55 16 55 1 0 27 
15 1 0 64 2 1 53 17 53 2 11 83 16 83 1 2 33 1 4 6 1 9 52 2 14 72 15 72 1 8 7 1 13 90 1 12 21 1 6 23 1 3 10 1 10 39 1 5 49 1 7 72 
15 2 14 73 15 73 1 3 82 2 1 23 17 23 1 12 62 1 6 88 1 5 21 1 8 65 2 11 70 16 70 1 7 53 1 10 81 1 2 93 1 13 77 1 0 61 1 9 28 1 4 78 
15 2 1 12 17 12 1 6 51 1 7 33 1 4 15 2 14 72 15 72 1 10 98 1 9 94 1 5 12 2 11 42 16 42 1 2 24 1 13 15 1 8 28 1 3 6 1 12 99 1 0 41 
15 1 12 97 1 5 7 1 9 96 1 4 15 2 14 73 15 73 1 13 43 1 0 32 1 8 22 2 11 42 16 42 2 1 94 17 94 1 2 23 1 7 86 1 6 78 1 10 24 1 3 31 
15 2 1 72 17 72 1 5 88 1 2 93 1 13 13 1 4 44 2 14 66 15 66 1 6 63 1 7 14 1 9 67 1 10 17 2 11 85 16 85 1 0 35 1 3 68 1 12 5 1 8 49 
15 1 9 15 1 7 82 1 6 21 2 14 53 15 53 1 3 72 1 13 49 1 2 99 1 4 26 1 12 56 1 8 45 2 1 68 17 68 1 10 51 1 0 8 1 5 27 2 11 96 16 96 
15 1 3 54 1 7 24 1 4 14 1 8 38 1 5 36 1 2 52 2 14 55 15 55 1 12 37 2 11 48 16 48 1 0 93 1 13 60 1 10 70 2 1 23 17 23 1 6 23 1 9 83 
15 1 3 12 1 8 69 1 6 26 1 9 23 2 14 28 15 28 2 1 82 17 82 1 5 33 1 4 45 1 13 64 1 7 15 2 11 9 16 9 1 12 73 1 10 59 1 2 37 1 0 62 
15 1 0 87 1 5 12 1 7 80 1 4 50 1 10 48 1 12 90 2 1 72 17 72 1 13 24 1 6 14 1 8 71 2 11 44 16 44 1 9 46 1 2 15 2 14 61 15 61 1 3 92 
15 1 2 54 1 0 22 1 6 61 1 4 46 1 3 73 1 5 16 1 12 6 1 9 94 2 14 93 15 93 1 13 67 1 8 54 1 7 75 2 11 32 16 32 1 10 40 2 1 97 17 97 
15 1 10 92 2 14 36 15 36 1 4 22 1 9 9 1 3 47 2 1 77 17 77 1 12 79 1 13 36 1 6 30 1 8 98 2 11 79 16 79 1 7 7 1 5 55 1 2 6 1 0 30 
15 1 0 49 1 13 83 1 3 73 1 6 82 2 1 82 17 82 2 14 92 15 92 2 11 73 16 73 1 4 31 1 10 35 1 9 54 1 5 7 1 8 37 1 7 72 1 2 52 1 12 76 
15 1 10 98 1 12 34 1 13 52 1 4 26 2 1 28 17 28 1 3 39 1 8 80 1 5 29 1 9 70 1 0 43 1 6 48 1 7 58 1 2 45 2 14 94 15 94 2 11 96 16 96 
15 2 1 70 17 70 1 10 17 1 6 90 1 12 67 1 4 14 1 8 23 1 3 21 1 7 18 1 13 43 2 11 84 16 84 1 5 26 1 9 36 1 2 93 2 14 84 15 84 1 0 42 

Dynamic Events

# Machine Breakdowns (machine_id start_time end_time)
Machine Breakdowns
4 821 860
8 148 183
9 751 782
12 212 248
15 459 492
16 696 725

# Added Jobs (arrival_time: num_ops num_alts_op1 m1 p1 ... num_alts_op2 m1 p1 ...)
Added Jobs
59: 15 1 1 15 1 8 28 2 1 59 17 66 1 1 31 2 16 38 12 35 2 11 23 2 43 2 11 80 12 54 2 7 15 0 51 1 17 88 1 13 90 1 10 52 2 7 33 5 25 2 3 22 14 58 2 8 56 13 13 2 2 6 1 28 
111: 15 2 15 63 9 82 2 9 76 11 79 2 14 53 10 74 2 11 23 6 70 2 16 39 1 65 1 15 31 1 11 82 1 3 32 1 1 30 1 2 82 2 5 88 12 6 1 2 81 1 13 47 2 7 32 16 17 1 16 49 
115: 15 1 17 64 1 0 93 1 6 58 2 1 39 3 58 1 12 69 1 7 33 2 10 36 1 29 1 13 25 2 8 59 1 85 1 0 67 2 7 74 17 46 1 9 34 1 1 24 2 3 20 9 86 1 16 23 
253: 15 2 10 29 2 91 1 3 41 2 15 89 16 63 2 10 36 17 66 1 10 81 2 10 51 8 39 2 7 43 2 68 2 5 37 9 16 2 7 79 6 59 1 4 41 2 10 19 15 90 1 10 80 1 6 52 2 12 49 4 69 1 10 38 
279: 15 1 14 38 1 4 40 2 16 66 3 10 2 14 37 0 40 1 1 68 2 10 37 14 89 1 7 43 2 6 52 4 64 2 3 58 4 60 2 17 33 2 9 2 14 77 7 82 1 0 54 2 8 92 1 35 2 17 70 1 75 2 14 39 3 49 
361: 15 2 2 30 10 40 1 5 33 1 13 36 1 15 66 1 16 41 1 6 85 1 5 45 1 3 52 2 5 40 16 51 1 5 71 2 11 66 5 66 2 13 54 9 39 1 10 62 1 15 39 1 1 28 

# Cancelled Jobs (cancel_time initial_job_sim_idx_to_cancel)
Cancelled Jobs
536 8

# ETPC Constraints (fore_job_sim_idx fore_op_idx hind_job_sim_idx hind_op_idx time_lapse)
ETPC Constraints
4 2 10 5 12
4 8 20 11 5
13 3 19 14 5
0 0 13 13 12
20 14 19 13 6
2 6 11 6 3
0 3 9 7 18
14 2 11 3 19
13 6 8 3 9
6 1 16 2 15
14 13 2 4 7
0 0 8 14 11
2 14 17 6 18
0 9 10 12 6
11 7 5 12 3
12 13 17 10 17
20 9 6 9 7
9 0 1 12 18
10 13 9 4 15
8 2 10 2 8
11 8 9 14 6
3 4 18 1 4
4 4 19 9 9
3 0 13 0 7
12 6 2 9 19
4 3 15 9 17
14 3 17 10 11
1 0 3 14 3
10 7 7 11 7
0 7 3 2 17
8 12 16 6 16
6 4 12 8 13
6 12 5 10 19
13 9 14 14 15
1 3 9 5 11
7 7 20 9 3
16 3 0 8 17
10 8 20 13 19
16 2 5 12 19
3 10 19 5 9
18 12 6 11 17
3 4 18 10 11
