15 18
15 1 9 65 1 10 28 1 4 74 1 12 33 1 2 51 2 14 75 15 75 1 5 73 1 8 32 1 6 13 1 3 81 2 1 35 17 35 1 7 59 1 13 38 2 11 55 16 55 1 0 27 
15 1 0 64 2 1 53 17 53 2 11 83 16 83 1 2 33 1 4 6 1 9 52 2 14 72 15 72 1 8 7 1 13 90 1 12 21 1 6 23 1 3 10 1 10 39 1 5 49 1 7 72 
15 2 14 73 15 73 1 3 82 2 1 23 17 23 1 12 62 1 6 88 1 5 21 1 8 65 2 11 70 16 70 1 7 53 1 10 81 1 2 93 1 13 77 1 0 61 1 9 28 1 4 78 
15 2 1 12 17 12 1 6 51 1 7 33 1 4 15 2 14 72 15 72 1 10 98 1 9 94 1 5 12 2 11 42 16 42 1 2 24 1 13 15 1 8 28 1 3 6 1 12 99 1 0 41 
15 1 12 97 1 5 7 1 9 96 1 4 15 2 14 73 15 73 1 13 43 1 0 32 1 8 22 2 11 42 16 42 2 1 94 17 94 1 2 23 1 7 86 1 6 78 1 10 24 1 3 31 
15 2 1 72 17 72 1 5 88 1 2 93 1 13 13 1 4 44 2 14 66 15 66 1 6 63 1 7 14 1 9 67 1 10 17 2 11 85 16 85 1 0 35 1 3 68 1 12 5 1 8 49 
15 1 9 15 1 7 82 1 6 21 2 14 53 15 53 1 3 72 1 13 49 1 2 99 1 4 26 1 12 56 1 8 45 2 1 68 17 68 1 10 51 1 0 8 1 5 27 2 11 96 16 96 
15 1 3 54 1 7 24 1 4 14 1 8 38 1 5 36 1 2 52 2 14 55 15 55 1 12 37 2 11 48 16 48 1 0 93 1 13 60 1 10 70 2 1 23 17 23 1 6 23 1 9 83 
15 1 3 12 1 8 69 1 6 26 1 9 23 2 14 28 15 28 2 1 82 17 82 1 5 33 1 4 45 1 13 64 1 7 15 2 11 9 16 9 1 12 73 1 10 59 1 2 37 1 0 62 
15 1 0 87 1 5 12 1 7 80 1 4 50 1 10 48 1 12 90 2 1 72 17 72 1 13 24 1 6 14 1 8 71 2 11 44 16 44 1 9 46 1 2 15 2 14 61 15 61 1 3 92 
15 1 2 54 1 0 22 1 6 61 1 4 46 1 3 73 1 5 16 1 12 6 1 9 94 2 14 93 15 93 1 13 67 1 8 54 1 7 75 2 11 32 16 32 1 10 40 2 1 97 17 97 
15 1 10 92 2 14 36 15 36 1 4 22 1 9 9 1 3 47 2 1 77 17 77 1 12 79 1 13 36 1 6 30 1 8 98 2 11 79 16 79 1 7 7 1 5 55 1 2 6 1 0 30 
15 1 0 49 1 13 83 1 3 73 1 6 82 2 1 82 17 82 2 14 92 15 92 2 11 73 16 73 1 4 31 1 10 35 1 9 54 1 5 7 1 8 37 1 7 72 1 2 52 1 12 76 
15 1 10 98 1 12 34 1 13 52 1 4 26 2 1 28 17 28 1 3 39 1 8 80 1 5 29 1 9 70 1 0 43 1 6 48 1 7 58 1 2 45 2 14 94 15 94 2 11 96 16 96 
15 2 1 70 17 70 1 10 17 1 6 90 1 12 67 1 4 14 1 8 23 1 3 21 1 7 18 1 13 43 2 11 84 16 84 1 5 26 1 9 36 1 2 93 2 14 84 15 84 1 0 42 

Dynamic Events

# Machine Breakdowns (machine_id start_time end_time)
Machine Breakdowns
2 689 718
3 791 830
9 327 366
12 250 278
17 794 831

# Added Jobs (arrival_time: num_ops num_alts_op1 m1 p1 ... num_alts_op2 m1 p1 ...)
Added Jobs
151: 15 1 17 47 2 3 9 9 85 2 2 56 12 47 2 7 38 5 59 2 6 59 9 61 2 6 16 0 32 1 1 29 2 1 16 10 65 2 10 35 17 86 2 0 30 8 83 2 17 44 16 55 1 16 13 2 0 73 5 80 1 12 21 2 11 57 2 66 
159: 15 1 1 96 2 17 48 3 56 2 11 22 8 47 1 11 76 2 3 40 9 19 2 5 50 3 27 1 16 70 2 7 42 11 12 1 13 67 1 2 32 1 9 96 2 11 17 14 47 2 11 93 16 43 2 6 29 3 44 1 10 90 
181: 15 1 9 54 2 6 40 8 58 2 16 89 5 58 1 16 35 2 11 34 0 78 2 7 71 9 50 1 5 24 2 14 55 0 58 2 11 83 2 50 1 14 52 1 6 24 1 1 86 1 3 79 1 14 63 1 5 53 
269: 15 2 14 52 8 30 1 11 9 2 9 58 2 42 2 0 83 3 37 1 1 81 2 7 84 1 92 1 3 48 2 11 39 3 58 2 5 75 11 88 2 11 15 15 81 2 11 73 8 79 1 2 25 1 12 91 1 4 34 2 5 85 17 64 
308: 15 2 14 81 7 85 1 15 30 2 3 14 2 89 2 4 44 6 86 2 15 90 3 74 1 0 84 1 16 86 1 11 36 2 11 83 1 33 2 1 43 15 73 2 12 54 6 76 1 1 38 1 8 7 2 9 95 16 18 2 14 40 8 20 
366: 15 1 12 49 2 4 60 3 91 2 17 46 4 14 2 5 45 16 18 1 15 62 2 6 80 2 33 1 13 24 2 4 63 5 26 2 4 77 1 87 2 5 75 15 72 1 15 88 1 4 51 2 10 35 11 84 1 10 28 1 12 37 

# Cancelled Jobs (cancel_time initial_job_sim_idx_to_cancel)
Cancelled Jobs
75 5
142 14
466 7

# ETPC Constraints (fore_job_sim_idx fore_op_idx hind_job_sim_idx hind_op_idx time_lapse)
ETPC Constraints
4 4 20 0 10
3 11 11 9 4
18 11 2 11 9
18 6 7 9 18
12 7 16 1 9
8 3 14 6 5
18 14 2 4 12
20 4 12 0 8
17 1 1 6 5
0 0 18 9 3
10 8 13 9 12
9 5 6 10 17
18 10 4 1 11
10 12 2 2 6
10 11 8 11 14
2 8 5 14 9
9 10 5 14 14
6 4 14 0 17
9 6 2 0 18
3 13 19 13 8
1 11 11 5 4
3 6 15 11 16
6 7 10 5 3
11 0 20 5 13
2 14 8 12 3
5 0 17 5 11
19 6 3 8 12
15 7 5 0 14
9 11 11 7 5
20 13 0 3 18
19 9 15 12 16
12 7 17 7 9
15 2 16 7 13
9 14 1 0 9
19 4 18 5 20
1 14 5 8 17
16 0 19 11 10
9 0 19 1 7
3 9 0 4 8
0 8 10 1 11
3 13 20 2 9
0 4 18 7 13
