15 16
15 1 9 65 1 10 28 1 4 74 1 12 33 1 2 51 2 14 75 15 75 1 5 73 1 8 32 1 6 13 1 3 81 1 1 35 1 7 59 1 13 38 1 11 55 1 0 27 
15 1 0 64 1 1 53 1 11 83 1 2 33 1 4 6 1 9 52 2 14 72 15 72 1 8 7 1 13 90 1 12 21 1 6 23 1 3 10 1 10 39 1 5 49 1 7 72 
15 2 14 73 15 73 1 3 82 1 1 23 1 12 62 1 6 88 1 5 21 1 8 65 1 11 70 1 7 53 1 10 81 1 2 93 1 13 77 1 0 61 1 9 28 1 4 78 
15 1 1 12 1 6 51 1 7 33 1 4 15 2 14 72 15 72 1 10 98 1 9 94 1 5 12 1 11 42 1 2 24 1 13 15 1 8 28 1 3 6 1 12 99 1 0 41 
15 1 12 97 1 5 7 1 9 96 1 4 15 2 14 73 15 73 1 13 43 1 0 32 1 8 22 1 11 42 1 1 94 1 2 23 1 7 86 1 6 78 1 10 24 1 3 31 
15 1 1 72 1 5 88 1 2 93 1 13 13 1 4 44 2 14 66 15 66 1 6 63 1 7 14 1 9 67 1 10 17 1 11 85 1 0 35 1 3 68 1 12 5 1 8 49 
15 1 9 15 1 7 82 1 6 21 2 14 53 15 53 1 3 72 1 13 49 1 2 99 1 4 26 1 12 56 1 8 45 1 1 68 1 10 51 1 0 8 1 5 27 1 11 96 
15 1 3 54 1 7 24 1 4 14 1 8 38 1 5 36 1 2 52 2 14 55 15 55 1 12 37 1 11 48 1 0 93 1 13 60 1 10 70 1 1 23 1 6 23 1 9 83 
15 1 3 12 1 8 69 1 6 26 1 9 23 2 14 28 15 28 1 1 82 1 5 33 1 4 45 1 13 64 1 7 15 1 11 9 1 12 73 1 10 59 1 2 37 1 0 62 
15 1 0 87 1 5 12 1 7 80 1 4 50 1 10 48 1 12 90 1 1 72 1 13 24 1 6 14 1 8 71 1 11 44 1 9 46 1 2 15 2 14 61 15 61 1 3 92 
15 1 2 54 1 0 22 1 6 61 1 4 46 1 3 73 1 5 16 1 12 6 1 9 94 2 14 93 15 93 1 13 67 1 8 54 1 7 75 1 11 32 1 10 40 1 1 97 
15 1 10 92 2 14 36 15 36 1 4 22 1 9 9 1 3 47 1 1 77 1 12 79 1 13 36 1 6 30 1 8 98 1 11 79 1 7 7 1 5 55 1 2 6 1 0 30 
15 1 0 49 1 13 83 1 3 73 1 6 82 1 1 82 2 14 92 15 92 1 11 73 1 4 31 1 10 35 1 9 54 1 5 7 1 8 37 1 7 72 1 2 52 1 12 76 
15 1 10 98 1 12 34 1 13 52 1 4 26 1 1 28 1 3 39 1 8 80 1 5 29 1 9 70 1 0 43 1 6 48 1 7 58 1 2 45 2 14 94 15 94 1 11 96 
15 1 1 70 1 10 17 1 6 90 1 12 67 1 4 14 1 8 23 1 3 21 1 7 18 1 13 43 1 11 84 1 5 26 1 9 36 1 2 93 2 14 84 15 84 1 0 42 

Dynamic Events

# Machine Breakdowns (machine_id start_time end_time)
Machine Breakdowns
12 605 639

# Added Jobs (arrival_time: num_ops num_alts_op1 m1 p1 ... num_alts_op2 m1 p1 ...)
Added Jobs
68: 15 2 12 76 8 69 2 5 18 15 28 1 5 11 1 12 24 2 2 7 5 74 1 0 52 2 1 48 6 18 1 4 74 2 6 22 1 96 2 11 51 14 74 2 7 67 9 66 1 1 55 2 4 41 3 36 2 1 70 11 76 2 2 35 14 35 
82: 15 2 1 18 13 22 2 15 78 2 18 2 9 63 13 31 1 9 52 2 5 51 1 88 1 10 96 1 2 35 2 11 64 15 34 1 10 93 1 15 62 1 6 49 2 9 29 3 84 1 0 80 2 10 19 4 69 1 10 48 
187: 15 1 6 83 2 3 69 4 18 1 8 18 1 1 51 2 4 18 9 22 2 2 47 9 9 2 2 54 11 12 2 6 47 15 53 1 11 82 2 8 64 6 21 1 2 75 2 6 70 5 66 1 9 53 2 3 68 13 37 1 0 88 
245: 15 1 5 88 2 8 97 11 51 2 9 80 7 40 2 12 70 2 6 1 4 52 2 3 18 5 63 1 10 95 2 5 10 15 86 1 5 13 1 7 40 2 12 21 4 75 1 12 39 2 9 79 13 54 1 7 74 1 8 18 
406: 15 2 3 74 5 46 1 0 90 1 0 56 2 5 75 13 84 1 14 74 2 4 30 14 51 2 3 69 8 16 2 2 75 13 86 1 9 71 2 15 47 7 86 2 5 11 11 96 1 2 28 1 3 64 1 14 50 1 1 46 

# ETPC Constraints (fore_job_sim_idx fore_op_idx hind_job_sim_idx hind_op_idx time_lapse)
ETPC Constraints
13 6 12 0 20
16 9 1 7 12
10 0 11 6 14
14 12 4 3 5
10 10 18 13 20
13 1 18 7 20
12 5 2 7 16
7 4 8 5 12
5 3 11 11 15
16 11 14 10 14
3 14 11 3 18
14 4 3 5 9
3 14 17 12 18
10 11 18 2 11
11 11 0 12 4
11 12 8 10 17
17 11 2 12 10
9 4 11 7 14
14 9 10 7 16
18 5 19 9 6
6 6 13 12 3
1 3 14 2 19
18 3 17 12 12
5 5 3 0 19
2 0 4 6 9
1 3 4 13 7
19 11 13 13 16
13 11 3 6 18
5 11 17 2 4
1 4 10 1 7
1 2 15 3 14
16 6 10 0 9
18 0 19 7 11
15 13 11 13 4
10 2 0 12 7
12 9 1 10 14
6 14 19 14 18
17 11 15 0 6
