15 16
15 1 9 65 1 10 28 1 4 74 1 12 33 1 2 51 2 14 75 15 75 1 5 73 1 8 32 1 6 13 1 3 81 1 1 35 1 7 59 1 13 38 1 11 55 1 0 27 
15 1 0 64 1 1 53 1 11 83 1 2 33 1 4 6 1 9 52 2 14 72 15 72 1 8 7 1 13 90 1 12 21 1 6 23 1 3 10 1 10 39 1 5 49 1 7 72 
15 2 14 73 15 73 1 3 82 1 1 23 1 12 62 1 6 88 1 5 21 1 8 65 1 11 70 1 7 53 1 10 81 1 2 93 1 13 77 1 0 61 1 9 28 1 4 78 
15 1 1 12 1 6 51 1 7 33 1 4 15 2 14 72 15 72 1 10 98 1 9 94 1 5 12 1 11 42 1 2 24 1 13 15 1 8 28 1 3 6 1 12 99 1 0 41 
15 1 12 97 1 5 7 1 9 96 1 4 15 2 14 73 15 73 1 13 43 1 0 32 1 8 22 1 11 42 1 1 94 1 2 23 1 7 86 1 6 78 1 10 24 1 3 31 
15 1 1 72 1 5 88 1 2 93 1 13 13 1 4 44 2 14 66 15 66 1 6 63 1 7 14 1 9 67 1 10 17 1 11 85 1 0 35 1 3 68 1 12 5 1 8 49 
15 1 9 15 1 7 82 1 6 21 2 14 53 15 53 1 3 72 1 13 49 1 2 99 1 4 26 1 12 56 1 8 45 1 1 68 1 10 51 1 0 8 1 5 27 1 11 96 
15 1 3 54 1 7 24 1 4 14 1 8 38 1 5 36 1 2 52 2 14 55 15 55 1 12 37 1 11 48 1 0 93 1 13 60 1 10 70 1 1 23 1 6 23 1 9 83 
15 1 3 12 1 8 69 1 6 26 1 9 23 2 14 28 15 28 1 1 82 1 5 33 1 4 45 1 13 64 1 7 15 1 11 9 1 12 73 1 10 59 1 2 37 1 0 62 
15 1 0 87 1 5 12 1 7 80 1 4 50 1 10 48 1 12 90 1 1 72 1 13 24 1 6 14 1 8 71 1 11 44 1 9 46 1 2 15 2 14 61 15 61 1 3 92 
15 1 2 54 1 0 22 1 6 61 1 4 46 1 3 73 1 5 16 1 12 6 1 9 94 2 14 93 15 93 1 13 67 1 8 54 1 7 75 1 11 32 1 10 40 1 1 97 
15 1 10 92 2 14 36 15 36 1 4 22 1 9 9 1 3 47 1 1 77 1 12 79 1 13 36 1 6 30 1 8 98 1 11 79 1 7 7 1 5 55 1 2 6 1 0 30 
15 1 0 49 1 13 83 1 3 73 1 6 82 1 1 82 2 14 92 15 92 1 11 73 1 4 31 1 10 35 1 9 54 1 5 7 1 8 37 1 7 72 1 2 52 1 12 76 
15 1 10 98 1 12 34 1 13 52 1 4 26 1 1 28 1 3 39 1 8 80 1 5 29 1 9 70 1 0 43 1 6 48 1 7 58 1 2 45 2 14 94 15 94 1 11 96 
15 1 1 70 1 10 17 1 6 90 1 12 67 1 4 14 1 8 23 1 3 21 1 7 18 1 13 43 1 11 84 1 5 26 1 9 36 1 2 93 2 14 84 15 84 1 0 42 

Dynamic Events

# Machine Breakdowns (machine_id start_time end_time)
Machine Breakdowns
1 231 269
3 578 604
6 645 671
8 893 928
9 818 851
11 691 724

# Added Jobs (arrival_time: num_ops num_alts_op1 m1 p1 ... num_alts_op2 m1 p1 ...)
Added Jobs
289: 15 1 3 10 2 14 60 9 85 2 1 53 12 71 1 10 17 2 5 26 7 40 2 11 96 4 25 1 4 77 1 6 70 2 7 73 9 53 1 0 58 2 11 87 10 18 2 14 84 7 21 2 2 88 10 96 2 5 68 0 66 2 9 38 4 75 
321: 15 1 0 45 1 2 76 2 14 83 1 32 1 13 25 2 6 65 4 42 1 2 33 1 15 58 1 12 81 2 4 65 6 35 1 7 54 2 13 18 5 26 2 13 87 0 85 2 2 26 9 69 2 13 21 0 31 2 11 17 13 36 
379: 15 1 1 21 1 8 51 2 12 34 4 20 1 11 89 1 8 68 1 5 64 1 8 77 2 1 31 9 56 2 14 68 10 49 2 0 87 11 28 2 1 37 7 48 1 10 30 2 13 19 2 63 1 7 18 2 5 62 2 21 
380: 15 2 11 48 15 31 2 11 31 6 63 2 14 44 6 60 2 13 88 11 38 2 11 21 14 90 1 14 61 2 4 65 3 21 2 12 50 7 37 2 10 30 2 26 2 5 51 8 45 2 2 94 9 47 2 9 90 3 58 2 14 30 10 56 2 8 88 12 29 1 8 13 
386: 15 2 13 71 7 72 2 10 91 8 75 1 7 20 1 9 11 1 13 59 2 1 69 11 54 2 13 69 8 31 2 14 53 11 85 1 8 59 1 14 35 2 10 65 11 32 1 13 28 2 11 46 14 77 1 1 74 1 5 80 
395: 15 2 8 34 12 29 2 11 16 2 24 2 11 74 7 58 2 10 51 12 30 2 3 12 10 78 1 12 9 2 6 25 8 39 1 6 43 2 12 12 0 49 1 5 19 1 3 35 2 13 67 1 20 1 5 27 2 1 24 6 66 2 4 44 7 55 
397: 15 1 6 61 2 7 43 15 49 1 0 69 2 4 15 8 91 1 7 16 2 8 32 4 23 2 0 58 3 57 1 4 25 1 12 61 2 2 45 14 54 2 5 59 3 41 1 5 26 1 4 38 2 9 46 6 20 1 8 88 

# Cancelled Jobs (cancel_time initial_job_sim_idx_to_cancel)
Cancelled Jobs
450 4

# ETPC Constraints (fore_job_sim_idx fore_op_idx hind_job_sim_idx hind_op_idx time_lapse)
ETPC Constraints
3 0 19 4 15
3 7 11 5 8
4 7 18 8 15
17 12 11 1 16
12 3 4 10 10
18 14 16 9 5
19 7 21 1 20
13 1 14 5 18
14 4 6 11 14
15 12 8 3 18
0 5 5 4 3
12 12 6 3 12
19 10 16 7 19
14 6 15 5 8
18 4 20 8 4
6 2 19 10 10
2 0 9 7 16
1 14 17 7 14
3 2 11 4 13
1 4 11 12 15
19 4 13 13 6
20 11 10 3 13
20 3 16 3 18
9 0 16 10 13
7 7 5 7 8
17 4 20 6 19
19 3 20 3 18
9 8 0 8 14
2 4 7 9 8
12 8 2 9 13
13 5 16 7 19
0 3 7 6 20
15 5 17 10 5
8 4 18 13 6
5 3 15 4 14
4 8 18 9 18
11 8 9 8 16
14 0 2 7 19
18 4 20 12 18
6 1 8 0 4
10 14 1 13 8
2 1 21 14 17
18 12 4 7 20
10 3 16 8 9
