15 17
15 1 9 65 1 10 28 1 4 74 1 12 33 1 2 51 3 14 75 15 75 16 75 1 5 73 1 8 32 1 6 13 1 3 81 1 1 35 1 7 59 1 13 38 1 11 55 1 0 27 
15 1 0 64 1 1 53 1 11 83 1 2 33 1 4 6 1 9 52 3 14 72 15 72 16 72 1 8 7 1 13 90 1 12 21 1 6 23 1 3 10 1 10 39 1 5 49 1 7 72 
15 3 14 73 15 73 16 73 1 3 82 1 1 23 1 12 62 1 6 88 1 5 21 1 8 65 1 11 70 1 7 53 1 10 81 1 2 93 1 13 77 1 0 61 1 9 28 1 4 78 
15 1 1 12 1 6 51 1 7 33 1 4 15 3 14 72 15 72 16 72 1 10 98 1 9 94 1 5 12 1 11 42 1 2 24 1 13 15 1 8 28 1 3 6 1 12 99 1 0 41 
15 1 12 97 1 5 7 1 9 96 1 4 15 3 14 73 15 73 16 73 1 13 43 1 0 32 1 8 22 1 11 42 1 1 94 1 2 23 1 7 86 1 6 78 1 10 24 1 3 31 
15 1 1 72 1 5 88 1 2 93 1 13 13 1 4 44 3 14 66 15 66 16 66 1 6 63 1 7 14 1 9 67 1 10 17 1 11 85 1 0 35 1 3 68 1 12 5 1 8 49 
15 1 9 15 1 7 82 1 6 21 3 14 53 15 53 16 53 1 3 72 1 13 49 1 2 99 1 4 26 1 12 56 1 8 45 1 1 68 1 10 51 1 0 8 1 5 27 1 11 96 
15 1 3 54 1 7 24 1 4 14 1 8 38 1 5 36 1 2 52 3 14 55 15 55 16 55 1 12 37 1 11 48 1 0 93 1 13 60 1 10 70 1 1 23 1 6 23 1 9 83 
15 1 3 12 1 8 69 1 6 26 1 9 23 3 14 28 15 28 16 28 1 1 82 1 5 33 1 4 45 1 13 64 1 7 15 1 11 9 1 12 73 1 10 59 1 2 37 1 0 62 
15 1 0 87 1 5 12 1 7 80 1 4 50 1 10 48 1 12 90 1 1 72 1 13 24 1 6 14 1 8 71 1 11 44 1 9 46 1 2 15 3 14 61 15 61 16 61 1 3 92 
15 1 2 54 1 0 22 1 6 61 1 4 46 1 3 73 1 5 16 1 12 6 1 9 94 3 14 93 15 93 16 93 1 13 67 1 8 54 1 7 75 1 11 32 1 10 40 1 1 97 
15 1 10 92 3 14 36 15 36 16 36 1 4 22 1 9 9 1 3 47 1 1 77 1 12 79 1 13 36 1 6 30 1 8 98 1 11 79 1 7 7 1 5 55 1 2 6 1 0 30 
15 1 0 49 1 13 83 1 3 73 1 6 82 1 1 82 3 14 92 15 92 16 92 1 11 73 1 4 31 1 10 35 1 9 54 1 5 7 1 8 37 1 7 72 1 2 52 1 12 76 
15 1 10 98 1 12 34 1 13 52 1 4 26 1 1 28 1 3 39 1 8 80 1 5 29 1 9 70 1 0 43 1 6 48 1 7 58 1 2 45 3 14 94 15 94 16 94 1 11 96 
15 1 1 70 1 10 17 1 6 90 1 12 67 1 4 14 1 8 23 1 3 21 1 7 18 1 13 43 1 11 84 1 5 26 1 9 36 1 2 93 3 14 84 15 84 16 84 1 0 42 

Dynamic Events

# Machine Breakdowns (machine_id start_time end_time)
Machine Breakdowns
5 636 662
9 355 393
12 555 581
13 873 906

# Added Jobs (arrival_time: num_ops num_alts_op1 m1 p1 ... num_alts_op2 m1 p1 ...)
Added Jobs
184: 15 3 9 10 15 31 3 8 1 4 54 3 7 68 1 93 9 37 1 0 23 3 13 89 2 61 10 43 1 1 80 1 1 37 1 14 83 3 8 7 5 33 4 70 2 13 50 6 37 1 13 30 3 12 29 2 44 10 61 2 4 35 2 28 1 10 63 2 16 30 5 55 
190: 15 1 13 50 1 6 18 1 13 20 1 6 36 3 16 32 13 32 10 64 3 5 55 8 80 1 39 1 12 25 2 6 77 4 11 3 10 35 9 62 12 22 3 11 94 9 87 5 10 1 9 40 1 11 23 1 15 83 1 11 15 3 9 69 0 29 7 23 
212: 15 1 6 77 1 12 34 1 1 19 3 0 30 1 75 8 93 1 10 43 2 4 31 15 82 1 13 28 1 12 82 3 1 27 2 10 9 79 2 15 46 14 90 2 7 13 3 77 1 4 7 1 2 27 3 7 30 9 62 6 30 3 0 42 6 69 7 64 
332: 15 1 5 42 3 2 83 8 7 15 31 1 6 84 1 15 45 3 16 92 12 53 7 49 2 10 57 4 16 2 11 45 8 80 1 9 57 2 9 45 13 76 3 16 39 7 43 11 12 3 4 72 9 55 8 36 2 0 62 9 25 2 15 66 6 71 2 16 78 14 55 2 5 84 6 78 
369: 15 3 11 9 10 37 16 41 2 1 96 12 97 2 15 52 7 29 3 11 76 2 7 13 52 3 4 77 14 49 15 46 1 8 8 2 0 80 4 16 1 8 8 3 2 57 4 26 13 50 1 4 21 3 9 84 10 57 11 77 3 5 32 6 13 0 79 3 5 17 8 28 13 81 1 3 47 2 0 31 3 42 

# Cancelled Jobs (cancel_time initial_job_sim_idx_to_cancel)
Cancelled Jobs
485 12
571 2
572 10

# ETPC Constraints (fore_job_sim_idx fore_op_idx hind_job_sim_idx hind_op_idx time_lapse)
ETPC Constraints
5 14 18 4 4
4 0 5 1 12
10 14 12 1 12
3 13 10 4 16
0 8 1 6 17
19 1 15 2 9
4 13 5 12 16
4 8 19 14 16
17 13 2 11 15
12 10 18 2 4
10 13 5 14 17
14 2 5 6 3
9 11 7 7 14
17 2 13 13 7
10 13 11 14 3
12 6 5 1 20
16 7 15 4 16
14 13 12 5 3
12 10 8 6 8
4 1 16 14 5
0 12 17 10 12
15 0 19 2 12
3 10 1 7 7
5 9 6 5 9
3 8 19 11 18
2 6 6 13 8
14 2 8 1 7
14 3 1 6 18
12 7 16 2 3
0 6 10 8 13
18 7 1 3 7
0 5 10 1 15
14 4 9 12 18
0 1 3 0 19
1 9 17 8 14
8 7 19 9 4
12 0 5 7 6
12 1 8 14 16
