15 17
15 1 9 65 1 10 28 1 4 74 1 12 33 1 2 51 2 14 75 16 75 1 5 73 1 8 32 1 6 13 1 3 81 1 1 35 1 7 59 1 13 38 2 11 55 15 55 1 0 27 
15 1 0 64 1 1 53 2 11 83 15 83 1 2 33 1 4 6 1 9 52 2 14 72 16 72 1 8 7 1 13 90 1 12 21 1 6 23 1 3 10 1 10 39 1 5 49 1 7 72 
15 2 14 73 16 73 1 3 82 1 1 23 1 12 62 1 6 88 1 5 21 1 8 65 2 11 70 15 70 1 7 53 1 10 81 1 2 93 1 13 77 1 0 61 1 9 28 1 4 78 
15 1 1 12 1 6 51 1 7 33 1 4 15 2 14 72 16 72 1 10 98 1 9 94 1 5 12 2 11 42 15 42 1 2 24 1 13 15 1 8 28 1 3 6 1 12 99 1 0 41 
15 1 12 97 1 5 7 1 9 96 1 4 15 2 14 73 16 73 1 13 43 1 0 32 1 8 22 2 11 42 15 42 1 1 94 1 2 23 1 7 86 1 6 78 1 10 24 1 3 31 
15 1 1 72 1 5 88 1 2 93 1 13 13 1 4 44 2 14 66 16 66 1 6 63 1 7 14 1 9 67 1 10 17 2 11 85 15 85 1 0 35 1 3 68 1 12 5 1 8 49 
15 1 9 15 1 7 82 1 6 21 2 14 53 16 53 1 3 72 1 13 49 1 2 99 1 4 26 1 12 56 1 8 45 1 1 68 1 10 51 1 0 8 1 5 27 2 11 96 15 96 
15 1 3 54 1 7 24 1 4 14 1 8 38 1 5 36 1 2 52 2 14 55 16 55 1 12 37 2 11 48 15 48 1 0 93 1 13 60 1 10 70 1 1 23 1 6 23 1 9 83 
15 1 3 12 1 8 69 1 6 26 1 9 23 2 14 28 16 28 1 1 82 1 5 33 1 4 45 1 13 64 1 7 15 2 11 9 15 9 1 12 73 1 10 59 1 2 37 1 0 62 
15 1 0 87 1 5 12 1 7 80 1 4 50 1 10 48 1 12 90 1 1 72 1 13 24 1 6 14 1 8 71 2 11 44 15 44 1 9 46 1 2 15 2 14 61 16 61 1 3 92 
15 1 2 54 1 0 22 1 6 61 1 4 46 1 3 73 1 5 16 1 12 6 1 9 94 2 14 93 16 93 1 13 67 1 8 54 1 7 75 2 11 32 15 32 1 10 40 1 1 97 
15 1 10 92 2 14 36 16 36 1 4 22 1 9 9 1 3 47 1 1 77 1 12 79 1 13 36 1 6 30 1 8 98 2 11 79 15 79 1 7 7 1 5 55 1 2 6 1 0 30 
15 1 0 49 1 13 83 1 3 73 1 6 82 1 1 82 2 14 92 16 92 2 11 73 15 73 1 4 31 1 10 35 1 9 54 1 5 7 1 8 37 1 7 72 1 2 52 1 12 76 
15 1 10 98 1 12 34 1 13 52 1 4 26 1 1 28 1 3 39 1 8 80 1 5 29 1 9 70 1 0 43 1 6 48 1 7 58 1 2 45 2 14 94 16 94 2 11 96 15 96 
15 1 1 70 1 10 17 1 6 90 1 12 67 1 4 14 1 8 23 1 3 21 1 7 18 1 13 43 2 11 84 15 84 1 5 26 1 9 36 1 2 93 2 14 84 16 84 1 0 42 

Dynamic Events

# Machine Breakdowns (machine_id start_time end_time)
Machine Breakdowns
1 723 760
4 523 554
5 67 99
15 731 766
16 554 589

# Added Jobs (arrival_time: num_ops num_alts_op1 m1 p1 ... num_alts_op2 m1 p1 ...)
Added Jobs
132: 15 1 13 63 2 8 49 0 37 2 1 48 5 79 1 14 63 2 16 73 6 21 1 2 25 2 8 62 11 75 2 13 55 16 41 2 4 31 11 93 1 11 59 1 12 22 2 8 81 11 91 2 1 83 0 60 1 11 25 2 10 87 0 87 
163: 15 1 13 89 1 15 23 1 2 61 1 0 65 1 3 10 2 15 54 1 19 1 6 16 1 4 66 2 11 66 9 66 2 10 48 6 46 1 10 59 2 9 87 7 43 2 12 48 4 57 2 16 87 3 82 1 12 34 
184: 15 2 2 8 16 85 1 14 75 1 7 72 1 1 20 2 7 86 10 67 2 5 71 8 14 2 12 28 3 16 1 9 94 1 14 77 1 7 56 2 8 21 10 55 2 16 32 15 62 2 5 13 1 91 2 16 51 8 15 2 15 35 5 85 
302: 15 1 9 89 2 1 60 7 47 1 2 95 2 2 8 11 92 2 8 20 13 22 2 6 62 3 41 1 9 86 1 9 91 1 13 61 1 4 56 1 12 20 1 1 43 2 12 83 0 85 1 7 23 1 16 81 
319: 15 1 13 74 1 6 77 2 13 85 14 52 1 6 66 1 6 36 2 12 52 16 55 1 16 32 1 4 60 1 12 10 2 9 26 4 16 1 0 13 2 5 51 0 23 2 3 37 15 22 2 10 42 9 53 1 7 38 

# Cancelled Jobs (cancel_time initial_job_sim_idx_to_cancel)
Cancelled Jobs
311 10

# ETPC Constraints (fore_job_sim_idx fore_op_idx hind_job_sim_idx hind_op_idx time_lapse)
ETPC Constraints
18 12 15 13 5
17 7 10 1 7
12 3 3 6 10
5 10 4 2 6
10 2 17 6 12
3 4 15 3 16
10 4 2 3 14
19 8 9 0 8
17 5 15 1 5
4 6 7 5 12
0 4 3 2 9
13 6 12 8 9
0 14 10 4 15
17 8 9 12 8
18 9 9 3 10
12 7 19 1 5
8 2 10 1 12
0 5 2 12 9
12 6 14 9 14
18 11 1 9 18
12 7 3 3 6
2 3 17 13 5
19 11 8 9 8
3 12 19 12 11
14 0 10 6 19
7 3 19 11 3
9 10 10 1 20
18 6 4 3 7
4 14 7 8 5
1 2 2 13 18
6 0 5 8 20
12 7 5 6 13
0 1 9 5 6
17 2 4 4 4
9 13 13 5 17
19 1 12 8 11
3 11 11 8 14
2 0 14 7 13
