15 17
15 1 9 65 1 10 28 1 4 74 1 12 33 1 2 51 2 14 75 15 75 1 5 73 1 8 32 1 6 13 1 3 81 1 1 35 1 7 59 1 13 38 2 11 55 16 55 1 0 27 
15 1 0 64 1 1 53 2 11 83 16 83 1 2 33 1 4 6 1 9 52 2 14 72 15 72 1 8 7 1 13 90 1 12 21 1 6 23 1 3 10 1 10 39 1 5 49 1 7 72 
15 2 14 73 15 73 1 3 82 1 1 23 1 12 62 1 6 88 1 5 21 1 8 65 2 11 70 16 70 1 7 53 1 10 81 1 2 93 1 13 77 1 0 61 1 9 28 1 4 78 
15 1 1 12 1 6 51 1 7 33 1 4 15 2 14 72 15 72 1 10 98 1 9 94 1 5 12 2 11 42 16 42 1 2 24 1 13 15 1 8 28 1 3 6 1 12 99 1 0 41 
15 1 12 97 1 5 7 1 9 96 1 4 15 2 14 73 15 73 1 13 43 1 0 32 1 8 22 2 11 42 16 42 1 1 94 1 2 23 1 7 86 1 6 78 1 10 24 1 3 31 
15 1 1 72 1 5 88 1 2 93 1 13 13 1 4 44 2 14 66 15 66 1 6 63 1 7 14 1 9 67 1 10 17 2 11 85 16 85 1 0 35 1 3 68 1 12 5 1 8 49 
15 1 9 15 1 7 82 1 6 21 2 14 53 15 53 1 3 72 1 13 49 1 2 99 1 4 26 1 12 56 1 8 45 1 1 68 1 10 51 1 0 8 1 5 27 2 11 96 16 96 
15 1 3 54 1 7 24 1 4 14 1 8 38 1 5 36 1 2 52 2 14 55 15 55 1 12 37 2 11 48 16 48 1 0 93 1 13 60 1 10 70 1 1 23 1 6 23 1 9 83 
15 1 3 12 1 8 69 1 6 26 1 9 23 2 14 28 15 28 1 1 82 1 5 33 1 4 45 1 13 64 1 7 15 2 11 9 16 9 1 12 73 1 10 59 1 2 37 1 0 62 
15 1 0 87 1 5 12 1 7 80 1 4 50 1 10 48 1 12 90 1 1 72 1 13 24 1 6 14 1 8 71 2 11 44 16 44 1 9 46 1 2 15 2 14 61 15 61 1 3 92 
15 1 2 54 1 0 22 1 6 61 1 4 46 1 3 73 1 5 16 1 12 6 1 9 94 2 14 93 15 93 1 13 67 1 8 54 1 7 75 2 11 32 16 32 1 10 40 1 1 97 
15 1 10 92 2 14 36 15 36 1 4 22 1 9 9 1 3 47 1 1 77 1 12 79 1 13 36 1 6 30 1 8 98 2 11 79 16 79 1 7 7 1 5 55 1 2 6 1 0 30 
15 1 0 49 1 13 83 1 3 73 1 6 82 1 1 82 2 14 92 15 92 2 11 73 16 73 1 4 31 1 10 35 1 9 54 1 5 7 1 8 37 1 7 72 1 2 52 1 12 76 
15 1 10 98 1 12 34 1 13 52 1 4 26 1 1 28 1 3 39 1 8 80 1 5 29 1 9 70 1 0 43 1 6 48 1 7 58 1 2 45 2 14 94 15 94 2 11 96 16 96 
15 1 1 70 1 10 17 1 6 90 1 12 67 1 4 14 1 8 23 1 3 21 1 7 18 1 13 43 2 11 84 16 84 1 5 26 1 9 36 1 2 93 2 14 84 15 84 1 0 42 

Dynamic Events

# Machine Breakdowns (machine_id start_time end_time)
Machine Breakdowns
2 607 633
3 61 91
12 896 923

# Added Jobs (arrival_time: num_ops num_alts_op1 m1 p1 ... num_alts_op2 m1 p1 ...)
Added Jobs
59: 15 2 0 21 1 94 1 11 33 1 14 75 2 7 18 14 87 1 9 24 1 9 10 2 10 35 15 82 2 5 45 12 25 1 10 51 1 8 39 1 4 9 1 9 83 2 16 79 9 63 1 12 89 1 0 72 
59: 15 2 1 89 11 15 2 2 20 3 81 2 3 55 4 26 1 11 18 2 3 87 13 32 2 2 41 13 90 1 15 52 1 5 30 2 5 34 4 44 1 2 67 2 0 30 4 19 1 7 40 2 16 93 9 83 1 4 78 1 12 62 
75: 15 2 15 67 11 29 2 13 19 6 90 2 9 44 1 53 2 13 39 15 94 1 2 71 2 8 11 2 18 1 15 40 2 11 38 15 35 1 1 50 1 6 55 1 2 52 2 7 25 4 19 1 0 64 2 4 18 12 72 2 13 85 14 76 
113: 15 1 10 87 2 8 68 3 69 2 11 95 9 70 2 4 6 13 16 1 2 75 2 5 17 8 57 1 9 30 1 16 57 1 7 43 1 4 49 2 12 57 5 67 2 10 25 13 15 1 7 74 2 7 43 4 16 2 16 62 5 85 
211: 15 1 7 21 2 9 81 5 7 1 15 64 1 16 34 2 1 24 12 67 2 14 42 11 48 2 1 82 14 66 1 14 94 1 4 62 1 1 46 2 2 84 8 13 2 10 49 8 14 1 11 90 1 8 39 2 1 30 3 64 
265: 15 1 10 76 2 10 34 7 80 2 2 68 5 42 1 5 21 1 7 48 1 4 54 1 14 34 2 5 88 14 86 2 8 16 6 83 2 13 59 1 80 2 13 61 1 70 2 15 82 16 77 1 2 71 1 16 28 1 9 81 

# Cancelled Jobs (cancel_time initial_job_sim_idx_to_cancel)
Cancelled Jobs
338 4

# ETPC Constraints (fore_job_sim_idx fore_op_idx hind_job_sim_idx hind_op_idx time_lapse)
ETPC Constraints
2 4 9 1 16
7 9 14 10 20
3 11 6 4 12
2 13 6 2 15
3 8 11 11 19
0 13 12 9 11
18 4 9 14 17
12 7 19 10 17
3 2 20 10 12
18 11 7 8 6
11 9 20 7 6
11 11 14 9 9
2 3 0 7 19
0 2 20 7 9
6 13 18 3 13
19 1 17 7 12
2 6 8 10 9
10 5 8 12 7
20 12 17 4 4
19 11 14 12 17
15 0 19 5 10
9 1 5 2 11
10 6 15 6 20
0 8 12 13 13
6 14 8 5 9
1 0 8 1 16
4 12 0 10 4
19 0 8 6 19
1 3 15 3 8
4 11 17 1 15
3 2 5 2 15
13 7 6 4 8
5 14 15 8 19
16 14 2 9 11
11 5 17 14 15
17 4 8 14 6
16 12 18 11 8
10 8 14 14 5
7 14 3 2 18
1 1 4 14 16
19 2 18 10 11
15 12 17 2 5
