15 17
15 1 9 65 1 10 28 1 4 74 1 12 33 1 2 51 3 14 75 15 75 16 75 1 5 73 1 8 32 1 6 13 1 3 81 1 1 35 1 7 59 1 13 38 1 11 55 1 0 27 
15 1 0 64 1 1 53 1 11 83 1 2 33 1 4 6 1 9 52 3 14 72 15 72 16 72 1 8 7 1 13 90 1 12 21 1 6 23 1 3 10 1 10 39 1 5 49 1 7 72 
15 3 14 73 15 73 16 73 1 3 82 1 1 23 1 12 62 1 6 88 1 5 21 1 8 65 1 11 70 1 7 53 1 10 81 1 2 93 1 13 77 1 0 61 1 9 28 1 4 78 
15 1 1 12 1 6 51 1 7 33 1 4 15 3 14 72 15 72 16 72 1 10 98 1 9 94 1 5 12 1 11 42 1 2 24 1 13 15 1 8 28 1 3 6 1 12 99 1 0 41 
15 1 12 97 1 5 7 1 9 96 1 4 15 3 14 73 15 73 16 73 1 13 43 1 0 32 1 8 22 1 11 42 1 1 94 1 2 23 1 7 86 1 6 78 1 10 24 1 3 31 
15 1 1 72 1 5 88 1 2 93 1 13 13 1 4 44 3 14 66 15 66 16 66 1 6 63 1 7 14 1 9 67 1 10 17 1 11 85 1 0 35 1 3 68 1 12 5 1 8 49 
15 1 9 15 1 7 82 1 6 21 3 14 53 15 53 16 53 1 3 72 1 13 49 1 2 99 1 4 26 1 12 56 1 8 45 1 1 68 1 10 51 1 0 8 1 5 27 1 11 96 
15 1 3 54 1 7 24 1 4 14 1 8 38 1 5 36 1 2 52 3 14 55 15 55 16 55 1 12 37 1 11 48 1 0 93 1 13 60 1 10 70 1 1 23 1 6 23 1 9 83 
15 1 3 12 1 8 69 1 6 26 1 9 23 3 14 28 15 28 16 28 1 1 82 1 5 33 1 4 45 1 13 64 1 7 15 1 11 9 1 12 73 1 10 59 1 2 37 1 0 62 
15 1 0 87 1 5 12 1 7 80 1 4 50 1 10 48 1 12 90 1 1 72 1 13 24 1 6 14 1 8 71 1 11 44 1 9 46 1 2 15 3 14 61 15 61 16 61 1 3 92 
15 1 2 54 1 0 22 1 6 61 1 4 46 1 3 73 1 5 16 1 12 6 1 9 94 3 14 93 15 93 16 93 1 13 67 1 8 54 1 7 75 1 11 32 1 10 40 1 1 97 
15 1 10 92 3 14 36 15 36 16 36 1 4 22 1 9 9 1 3 47 1 1 77 1 12 79 1 13 36 1 6 30 1 8 98 1 11 79 1 7 7 1 5 55 1 2 6 1 0 30 
15 1 0 49 1 13 83 1 3 73 1 6 82 1 1 82 3 14 92 15 92 16 92 1 11 73 1 4 31 1 10 35 1 9 54 1 5 7 1 8 37 1 7 72 1 2 52 1 12 76 
15 1 10 98 1 12 34 1 13 52 1 4 26 1 1 28 1 3 39 1 8 80 1 5 29 1 9 70 1 0 43 1 6 48 1 7 58 1 2 45 3 14 94 15 94 16 94 1 11 96 
15 1 1 70 1 10 17 1 6 90 1 12 67 1 4 14 1 8 23 1 3 21 1 7 18 1 13 43 1 11 84 1 5 26 1 9 36 1 2 93 3 14 84 15 84 16 84 1 0 42 

Dynamic Events

# Machine Breakdowns (machine_id start_time end_time)
Machine Breakdowns
9 128 161
11 777 812
12 570 596
13 476 512
15 499 530

# Added Jobs (arrival_time: num_ops num_alts_op1 m1 p1 ... num_alts_op2 m1 p1 ...)
Added Jobs
64: 15 1 7 25 2 14 86 8 65 3 11 32 9 11 14 29 2 8 93 2 95 1 2 53 1 1 29 1 4 70 2 0 73 14 89 3 3 65 14 60 5 69 3 15 42 10 35 3 8 2 15 34 1 43 3 9 52 14 64 4 76 1 0 14 2 2 8 13 38 3 8 36 10 18 6 46 
83: 15 2 1 92 5 83 3 12 68 2 33 16 88 1 5 58 1 16 39 3 7 47 12 53 2 70 1 15 31 3 6 44 15 83 4 31 2 16 62 5 73 3 8 60 2 22 4 38 3 6 59 15 60 9 84 3 4 77 2 12 6 71 2 13 82 4 68 3 5 30 2 68 7 49 2 14 45 7 8 2 8 19 4 64 
181: 15 2 15 74 13 78 2 2 58 1 66 2 8 89 15 87 1 12 45 1 6 90 1 5 76 1 10 74 1 6 55 2 13 38 15 38 2 13 77 1 59 2 11 58 10 70 1 13 20 3 1 69 4 42 5 24 1 16 64 3 9 38 7 7 15 57 
206: 15 1 9 13 2 16 45 6 66 1 5 20 1 7 23 3 9 87 6 13 5 37 3 11 38 2 97 9 11 3 2 96 1 36 9 67 3 4 24 3 20 2 75 1 2 78 1 2 35 1 9 71 1 14 79 1 16 94 2 12 48 10 55 2 12 73 6 23 
237: 15 1 15 71 3 7 76 12 58 10 69 3 1 72 5 52 14 30 2 10 46 3 17 2 10 54 8 75 3 5 40 9 87 2 50 3 4 12 15 43 10 48 2 2 33 8 52 2 0 78 13 75 1 6 73 1 13 75 3 6 47 4 25 15 47 1 11 55 3 15 40 11 29 6 25 2 0 23 7 15 
258: 15 3 16 39 14 67 2 25 3 1 34 3 51 11 10 3 3 77 14 35 10 40 3 0 43 4 25 12 97 2 2 69 15 93 2 0 78 12 47 2 9 76 12 41 3 5 45 10 45 15 34 3 10 55 11 84 12 42 1 8 68 3 5 27 11 21 13 31 2 16 70 2 84 2 4 77 15 29 2 14 85 6 79 1 9 63 
398: 15 3 2 61 10 73 9 81 2 7 75 0 93 2 13 53 16 43 2 12 82 15 56 1 4 40 3 4 42 14 68 0 93 1 12 14 3 3 69 12 33 8 71 2 14 58 3 21 2 3 88 16 53 2 9 59 4 37 3 7 83 10 30 4 17 2 3 75 14 38 2 4 61 1 55 2 13 58 2 38 

# Cancelled Jobs (cancel_time initial_job_sim_idx_to_cancel)
Cancelled Jobs
302 7
663 4

# ETPC Constraints (fore_job_sim_idx fore_op_idx hind_job_sim_idx hind_op_idx time_lapse)
ETPC Constraints
16 6 13 11 3
17 2 4 7 8
7 9 11 0 20
13 8 4 1 12
10 12 12 10 17
4 2 17 7 17
6 2 16 6 15
14 8 4 6 19
1 1 3 7 6
12 9 8 0 15
13 8 12 5 15
2 2 7 1 17
13 8 0 10 14
3 10 0 3 9
17 11 20 8 14
4 10 5 3 12
11 9 5 0 19
21 6 17 12 4
11 7 19 1 13
0 13 6 13 7
9 10 21 5 6
2 3 19 2 5
2 7 11 6 13
8 3 15 13 16
16 10 18 9 12
1 3 19 13 17
2 14 3 1 19
8 11 16 1 15
1 14 10 1 20
16 3 4 11 11
3 14 17 13 7
12 14 21 9 7
3 10 11 11 11
21 5 18 10 10
12 1 3 1 8
17 11 21 12 7
9 9 15 12 5
1 12 5 9 18
4 13 10 11 5
5 3 15 2 7
18 3 19 7 13
2 4 16 7 9
4 9 16 1 10
2 1 18 11 20
