15 18
15 1 9 65 1 10 28 1 4 74 1 12 33 1 2 51 4 14 75 15 75 16 75 17 75 1 5 73 1 8 32 1 6 13 1 3 81 1 1 35 1 7 59 1 13 38 1 11 55 1 0 27 
15 1 0 64 1 1 53 1 11 83 1 2 33 1 4 6 1 9 52 4 14 72 15 72 16 72 17 72 1 8 7 1 13 90 1 12 21 1 6 23 1 3 10 1 10 39 1 5 49 1 7 72 
15 4 14 73 15 73 16 73 17 73 1 3 82 1 1 23 1 12 62 1 6 88 1 5 21 1 8 65 1 11 70 1 7 53 1 10 81 1 2 93 1 13 77 1 0 61 1 9 28 1 4 78 
15 1 1 12 1 6 51 1 7 33 1 4 15 4 14 72 15 72 16 72 17 72 1 10 98 1 9 94 1 5 12 1 11 42 1 2 24 1 13 15 1 8 28 1 3 6 1 12 99 1 0 41 
15 1 12 97 1 5 7 1 9 96 1 4 15 4 14 73 15 73 16 73 17 73 1 13 43 1 0 32 1 8 22 1 11 42 1 1 94 1 2 23 1 7 86 1 6 78 1 10 24 1 3 31 
15 1 1 72 1 5 88 1 2 93 1 13 13 1 4 44 4 14 66 15 66 16 66 17 66 1 6 63 1 7 14 1 9 67 1 10 17 1 11 85 1 0 35 1 3 68 1 12 5 1 8 49 
15 1 9 15 1 7 82 1 6 21 4 14 53 15 53 16 53 17 53 1 3 72 1 13 49 1 2 99 1 4 26 1 12 56 1 8 45 1 1 68 1 10 51 1 0 8 1 5 27 1 11 96 
15 1 3 54 1 7 24 1 4 14 1 8 38 1 5 36 1 2 52 4 14 55 15 55 16 55 17 55 1 12 37 1 11 48 1 0 93 1 13 60 1 10 70 1 1 23 1 6 23 1 9 83 
15 1 3 12 1 8 69 1 6 26 1 9 23 4 14 28 15 28 16 28 17 28 1 1 82 1 5 33 1 4 45 1 13 64 1 7 15 1 11 9 1 12 73 1 10 59 1 2 37 1 0 62 
15 1 0 87 1 5 12 1 7 80 1 4 50 1 10 48 1 12 90 1 1 72 1 13 24 1 6 14 1 8 71 1 11 44 1 9 46 1 2 15 4 14 61 15 61 16 61 17 61 1 3 92 
15 1 2 54 1 0 22 1 6 61 1 4 46 1 3 73 1 5 16 1 12 6 1 9 94 4 14 93 15 93 16 93 17 93 1 13 67 1 8 54 1 7 75 1 11 32 1 10 40 1 1 97 
15 1 10 92 4 14 36 15 36 16 36 17 36 1 4 22 1 9 9 1 3 47 1 1 77 1 12 79 1 13 36 1 6 30 1 8 98 1 11 79 1 7 7 1 5 55 1 2 6 1 0 30 
15 1 0 49 1 13 83 1 3 73 1 6 82 1 1 82 4 14 92 15 92 16 92 17 92 1 11 73 1 4 31 1 10 35 1 9 54 1 5 7 1 8 37 1 7 72 1 2 52 1 12 76 
15 1 10 98 1 12 34 1 13 52 1 4 26 1 1 28 1 3 39 1 8 80 1 5 29 1 9 70 1 0 43 1 6 48 1 7 58 1 2 45 4 14 94 15 94 16 94 17 94 1 11 96 
15 1 1 70 1 10 17 1 6 90 1 12 67 1 4 14 1 8 23 1 3 21 1 7 18 1 13 43 1 11 84 1 5 26 1 9 36 1 2 93 4 14 84 15 84 16 84 17 84 1 0 42 

Dynamic Events

# Machine Breakdowns (machine_id start_time end_time)
Machine Breakdowns
0 604 644
1 536 568
2 856 883
4 422 456
6 729 757
7 204 242
8 81 107
11 396 432
15 454 480

# Added Jobs (arrival_time: num_ops num_alts_op1 m1 p1 ... num_alts_op2 m1 p1 ...)
Added Jobs
121: 15 2 14 43 2 54 4 10 74 4 24 6 70 0 40 2 1 27 16 85 3 7 61 13 68 0 88 2 7 57 9 16 2 15 92 5 48 2 14 73 9 11 2 1 13 7 10 1 3 66 3 0 58 3 20 4 65 4 10 20 15 72 9 75 11 78 1 1 70 1 14 89 1 11 76 2 2 27 7 62 
156: 15 1 1 62 4 16 43 9 89 10 26 5 66 2 13 87 1 75 3 14 76 9 70 4 22 1 13 76 1 0 88 2 0 41 13 30 4 17 79 2 67 10 72 1 12 3 2 38 9 25 13 29 4 8 68 11 14 9 39 17 78 2 13 66 17 63 4 10 22 12 77 8 92 11 94 2 4 19 14 77 4 14 55 4 28 10 30 3 76 4 17 44 8 55 0 38 2 85 
165: 15 4 0 86 16 90 7 40 6 62 2 6 72 17 47 2 2 12 15 64 4 0 45 1 95 3 69 11 46 3 16 52 17 77 2 41 2 14 51 7 73 1 3 92 4 1 81 12 48 15 56 2 26 4 5 35 0 35 11 60 9 80 2 16 36 14 77 2 6 34 9 80 2 15 34 11 15 2 9 44 15 58 2 13 76 14 84 3 17 93 3 38 15 74 
192: 15 2 14 40 1 85 3 2 99 13 30 4 54 2 14 62 7 34 3 8 10 16 93 17 78 2 4 44 8 32 3 12 49 10 89 0 70 2 9 60 13 43 2 1 50 13 77 2 11 58 2 52 3 10 40 3 21 16 38 1 8 25 4 10 60 12 36 3 73 17 81 2 4 48 17 73 3 9 65 14 29 4 15 2 4 18 10 81 
317: 15 1 14 29 3 13 79 9 31 15 44 3 4 67 17 79 8 72 2 8 22 4 44 4 4 67 7 34 5 16 15 74 1 15 52 1 12 11 1 14 71 4 9 48 1 34 15 36 6 48 1 6 49 3 6 42 16 53 1 20 2 5 20 9 70 1 1 29 2 4 46 1 72 4 1 58 0 18 4 14 13 50 

# Cancelled Jobs (cancel_time initial_job_sim_idx_to_cancel)
Cancelled Jobs
162 3
233 4
518 8

# ETPC Constraints (fore_job_sim_idx fore_op_idx hind_job_sim_idx hind_op_idx time_lapse)
ETPC Constraints
4 10 16 2 5
16 0 19 12 20
3 7 6 14 17
13 12 8 9 18
12 4 11 13 14
16 5 13 11 8
2 7 17 14 9
5 3 6 0 17
13 9 1 6 6
5 9 15 14 5
1 3 15 1 14
16 11 5 1 18
15 7 5 10 20
3 8 4 2 17
2 0 15 6 18
7 10 3 6 6
16 10 3 4 17
3 12 17 5 19
0 6 3 11 7
10 3 2 12 15
19 10 11 3 13
9 0 17 8 20
10 9 0 7 6
17 6 6 10 8
15 4 11 5 5
13 3 3 5 9
14 5 13 7 19
0 11 11 2 9
18 8 8 13 14
6 9 9 14 3
17 14 16 0 19
15 10 5 1 4
8 6 18 2 18
0 10 8 13 17
17 7 5 8 9
6 13 9 10 12
4 0 2 13 9
2 2 7 11 6
