10 20
5 4 0 27 1 25 2 14 3 13 4 4 22 5 14 6 11 7 23 12 4 27 5 19 6 25 7 17 8 16 9 12 10 12 11 21 12 29 13 29 14 16 15 26 12 4 18 5 25 6 17 7 15 8 21 9 29 10 23 11 18 12 19 13 19 14 19 15 19 4 16 26 17 29 18 14 19 21 
5 4 0 23 1 30 2 29 3 11 4 4 21 5 10 6 13 7 18 4 12 17 13 24 14 29 15 16 12 4 28 5 14 6 27 7 24 8 20 9 29 10 29 11 28 12 27 13 20 14 19 15 21 4 16 23 17 26 18 25 19 15 
5 4 0 29 1 27 2 14 3 30 8 4 21 5 29 6 15 7 16 8 22 9 12 10 25 11 29 12 4 23 5 28 6 24 7 25 8 16 9 25 10 21 11 26 12 21 13 19 14 30 15 26 12 4 30 5 12 6 19 7 14 8 30 9 20 10 15 11 11 12 17 13 18 14 29 15 23 4 16 27 17 22 18 24 19 22 
5 4 0 23 1 11 2 25 3 21 12 4 26 5 20 6 14 7 30 8 26 9 13 10 12 11 30 12 15 13 28 14 28 15 29 8 4 30 5 29 6 15 7 14 12 10 13 25 14 14 15 20 12 4 15 5 12 6 22 7 13 8 27 9 19 10 26 11 18 12 13 13 30 14 29 15 14 4 16 22 17 15 18 26 19 22 
5 4 0 10 1 15 2 28 3 17 4 8 27 9 28 10 13 11 25 12 4 30 5 10 6 22 7 23 8 29 9 28 10 13 11 22 12 12 13 10 14 11 15 22 4 8 19 9 11 10 14 11 10 4 16 16 17 20 18 21 19 10 
5 4 0 19 1 20 2 19 3 28 8 4 25 5 12 6 10 7 11 12 28 13 25 14 25 15 10 12 4 13 5 10 6 29 7 22 8 24 9 14 10 24 11 29 12 12 13 19 14 21 15 28 8 4 13 5 20 6 10 7 14 12 16 13 28 14 10 15 23 4 16 18 17 30 18 15 19 13 
5 4 0 25 1 16 2 17 3 24 4 12 10 13 26 14 23 15 22 8 8 16 9 14 10 23 11 25 12 14 13 18 14 14 15 20 12 4 25 5 30 6 21 7 30 8 19 9 28 10 26 11 21 12 26 13 28 14 30 15 23 4 16 11 17 29 18 23 19 15 
5 4 0 21 1 18 2 19 3 18 4 12 19 13 14 14 16 15 16 4 12 29 13 13 14 11 15 16 12 4 14 5 27 6 25 7 29 8 12 9 26 10 14 11 28 12 19 13 22 14 20 15 16 4 16 26 17 30 18 26 19 19 
5 4 0 13 1 28 2 19 3 12 12 4 26 5 24 6 13 7 21 8 11 9 20 10 17 11 19 12 16 13 12 14 18 15 22 4 8 16 9 28 10 19 11 18 8 4 30 5 23 6 18 7 11 8 30 9 28 10 17 11 29 4 16 13 17 21 18 20 19 28 
5 4 0 19 1 26 2 23 3 28 12 4 11 5 11 6 13 7 29 8 24 9 15 10 27 11 25 12 13 13 13 14 16 15 24 4 12 10 13 11 14 14 15 27 12 4 28 5 10 6 23 7 23 8 18 9 14 10 16 11 22 12 14 13 14 14 18 15 10 4 16 27 17 18 18 11 19 19 

Dynamic Events

# Machine Breakdowns (machine_id start_time end_time)
Machine Breakdowns
0 35 45
1 285 298
2 189 203
5 163 175
6 25 40
12 52 64
14 386 397
16 147 162
17 255 270
18 168 180

# Added Jobs (arrival_time: num_ops num_alts_op1 m1 p1 ... num_alts_op2 m1 p1 ...)
Added Jobs
26: 5 5 2 22 5 22 4 11 15 21 17 21 10 0 25 8 18 12 22 19 22 9 27 3 21 2 20 10 17 17 16 5 20 12 18 12 17 26 8 21 2 16 1 22 16 17 19 12 3 17 5 30 11 14 12 12 4 26 8 18 22 4 11 8 14 1 30 6 28 15 29 2 26 10 22 5 1 28 10 27 18 15 19 17 9 29 
73: 5 8 1 11 16 23 2 16 5 12 3 26 4 23 13 26 14 26 4 18 11 5 27 11 16 12 20 12 17 20 10 13 19 10 7 17 14 28 3 21 2 26 4 15 6 14 16 17 15 20 12 15 8 13 26 10 16 14 10 2 17 4 17 3 14 6 21 15 12 8 6 20 18 26 13 19 9 17 2 15 17 26 7 15 3 21 
131: 5 4 6 17 4 24 3 23 9 14 5 6 20 19 25 4 12 10 23 8 24 10 11 28 5 24 10 27 15 25 17 30 13 12 0 27 19 15 6 29 18 24 8 10 18 17 24 13 19 12 18 3 25 8 30 15 12 5 13 7 16 16 15 16 3 13 5 22 7 28 18 15 4 17 
149: 5 10 12 29 0 19 8 26 19 10 10 25 6 13 5 21 17 29 15 28 16 19 9 7 15 16 19 14 30 17 27 19 17 9 16 8 21 15 12 18 17 6 5 20 15 28 1 30 17 17 10 26 2 28 6 10 17 9 21 12 12 4 26 5 26 0 12 12 1 19 19 17 7 17 6 16 10 25 11 14 16 15 4 18 14 13 9 27 12 14 3 21 
157: 5 9 4 14 19 18 15 22 13 22 7 13 18 26 11 23 8 25 2 18 12 13 19 3 16 12 28 17 30 7 23 18 14 10 23 8 21 2 18 14 10 16 26 11 12 12 5 22 13 27 19 22 3 30 18 22 4 23 10 24 17 27 7 17 0 25 8 15 1 27 12 14 23 9 15 13 21 4 15 18 20 17 18 10 20 5 27 6 12 3 11 12 10 2 25 7 2 28 13 11 9 12 0 20 10 23 17 29 19 27 

# Cancelled Jobs (cancel_time initial_job_sim_idx_to_cancel)
Cancelled Jobs
106 4

# ETPC Constraints (fore_job_sim_idx fore_op_idx hind_job_sim_idx hind_op_idx time_lapse)
ETPC Constraints
5 4 3 2 16
4 1 8 0 3
3 3 13 1 17
13 1 6 0 5
6 3 10 3 10
5 1 11 0 6
5 0 8 0 6
10 2 1 2 11
5 1 1 1 14
4 3 6 1 11
6 4 13 0 7
4 2 11 4 12
14 2 3 3 3
13 4 4 1 17
11 2 2 0 4
2 1 0 0 17
6 0 12 4 12
1 1 8 4 9
0 0 13 2 12
1 3 5 3 5
14 4 6 4 8
