10 20
5 4 0 18 1 12 2 15 3 29 4 8 18 9 11 10 30 11 10 8 4 24 5 15 6 24 7 13 8 22 9 15 10 24 11 17 4 8 25 9 16 10 27 11 18 4 16 24 17 14 18 12 19 13 
5 4 0 26 1 15 2 16 3 27 8 4 11 5 15 6 26 7 12 8 28 9 20 10 26 11 12 12 4 20 5 14 6 18 7 25 8 29 9 10 10 13 11 10 12 16 13 29 14 29 15 29 8 8 17 9 23 10 13 11 16 12 15 13 19 14 10 15 17 4 16 27 17 19 18 26 19 19 
5 4 0 29 1 28 2 13 3 18 8 8 17 9 24 10 18 11 21 12 17 13 18 14 22 15 23 12 4 26 5 11 6 19 7 14 8 15 9 26 10 28 11 14 12 27 13 13 14 30 15 27 12 4 27 5 21 6 16 7 28 8 11 9 22 10 21 11 20 12 26 13 17 14 19 15 13 4 16 12 17 21 18 29 19 11 
5 4 0 19 1 15 2 19 3 18 4 8 17 9 23 10 16 11 10 12 4 30 5 28 6 26 7 30 8 28 9 30 10 18 11 12 12 13 13 26 14 11 15 27 12 4 11 5 25 6 20 7 14 8 22 9 15 10 22 11 29 12 15 13 18 14 20 15 30 4 16 15 17 14 18 14 19 14 
5 4 0 14 1 11 2 10 3 11 8 4 22 5 17 6 27 7 13 12 25 13 26 14 11 15 28 4 12 24 13 10 14 16 15 13 4 12 29 13 25 14 24 15 20 4 16 13 17 10 18 15 19 21 
5 4 0 16 1 26 2 19 3 26 4 12 12 13 23 14 25 15 23 4 8 22 9 27 10 19 11 22 8 4 10 5 19 6 28 7 22 12 17 13 24 14 18 15 15 4 16 26 17 14 18 24 19 11 
5 4 0 15 1 14 2 20 3 22 4 12 27 13 29 14 16 15 28 12 4 10 5 16 6 25 7 25 8 30 9 14 10 24 11 25 12 14 13 24 14 14 15 23 8 4 27 5 29 6 25 7 30 8 25 9 25 10 25 11 10 4 16 27 17 30 18 20 19 14 
5 4 0 23 1 28 2 23 3 29 4 12 14 13 22 14 16 15 14 8 4 20 5 25 6 24 7 19 12 14 13 20 14 13 15 28 8 4 17 5 23 6 21 7 13 8 11 9 30 10 23 11 29 4 16 26 17 29 18 23 19 10 
5 4 0 12 1 30 2 21 3 18 12 4 30 5 28 6 15 7 23 8 23 9 27 10 16 11 24 12 17 13 17 14 18 15 25 4 4 21 5 29 6 25 7 26 4 4 13 5 11 6 25 7 26 4 16 25 17 10 18 25 19 21 
5 4 0 17 1 14 2 12 3 16 12 4 26 5 11 6 16 7 30 8 27 9 26 10 13 11 12 12 12 13 29 14 18 15 12 4 8 18 9 26 10 11 11 21 12 4 25 5 15 6 28 7 12 8 22 9 10 10 16 11 14 12 12 13 28 14 17 15 19 4 16 10 17 11 18 18 19 13 

Dynamic Events

# Machine Breakdowns (machine_id start_time end_time)
Machine Breakdowns
0 138 152
1 141 155
2 144 153
3 135 145
7 96 105
9 137 151
11 121 132
16 208 220
19 227 240

# Added Jobs (arrival_time: num_ops num_alts_op1 m1 p1 ... num_alts_op2 m1 p1 ...)
Added Jobs
55: 5 7 0 12 17 16 1 23 2 10 13 17 14 10 9 30 8 14 30 3 22 2 10 19 20 11 11 10 19 8 18 6 18 11 16 22 0 29 9 20 2 12 14 19 7 12 11 27 5 28 12 14 10 14 3 12 9 10 27 13 22 4 23 9 21 2 18 6 22 16 11 3 29 19 12 6 17 23 10 28 19 15 12 20 7 27 3 20 
62: 5 4 1 11 6 26 17 26 11 22 9 1 26 5 25 9 14 11 20 3 21 18 25 7 23 2 17 4 24 5 11 16 1 25 4 19 7 13 2 22 9 10 18 9 22 18 20 8 20 11 16 12 28 2 15 4 28 16 25 10 9 29 13 26 4 28 7 15 3 12 11 15 0 29 19 13 15 29 8 21 
69: 5 9 7 19 6 28 1 22 11 12 16 13 15 27 5 15 0 17 9 21 4 15 22 7 25 8 26 16 25 12 16 20 8 18 11 23 18 21 14 15 3 28 1 30 9 25 10 27 5 23 19 12 6 19 8 3 18 10 27 13 12 18 21 4 29 15 12 9 28 2 17 7 10 17 14 14 19 18 3 27 7 25 15 26 2 11 
120: 5 11 6 17 0 23 17 24 3 28 13 16 4 14 9 19 18 27 1 15 16 21 5 15 12 13 29 8 20 15 15 9 13 18 23 3 25 6 22 10 29 0 23 7 23 14 23 5 11 11 5 24 9 17 8 13 10 16 3 29 11 27 7 12 12 24 6 24 4 21 18 27 5 9 16 17 27 12 25 18 19 7 22 7 12 16 16 17 5 19 1 29 11 29 2 13 4 19 
137: 5 12 2 19 4 12 16 21 6 28 0 28 9 14 14 10 12 29 10 21 18 21 8 28 15 13 10 7 23 19 19 5 14 10 16 8 29 3 20 16 16 15 13 0 28 12 16 12 17 17 13 20 7 25 6 17 14 17 16 16 4 30 2 10 9 22 1 18 8 14 12 25 12 12 14 4 25 14 25 19 20 1 21 13 23 0 14 16 15 6 16 8 27 18 16 5 12 9 1 14 2 23 14 28 16 21 8 30 10 25 9 27 3 14 15 21 
145: 5 8 10 13 16 17 8 17 14 25 6 15 0 19 19 12 5 19 6 18 28 19 18 14 18 1 20 9 20 13 26 6 0 23 1 27 12 21 15 30 19 17 9 10 6 11 29 15 13 16 19 6 21 0 15 18 18 8 6 20 16 16 4 19 1 14 15 22 18 22 14 23 2 21 

# Cancelled Jobs (cancel_time initial_job_sim_idx_to_cancel)
Cancelled Jobs
226 4

# ETPC Constraints (fore_job_sim_idx fore_op_idx hind_job_sim_idx hind_op_idx time_lapse)
ETPC Constraints
0 3 6 2 9
3 3 12 3 15
5 0 13 2 18
9 2 5 3 5
6 4 13 1 5
3 1 9 0 20
15 2 14 0 13
15 1 3 0 3
3 1 0 4 12
6 0 10 4 12
15 1 11 3 8
14 1 3 2 9
5 3 1 3 10
14 0 10 4 16
15 3 4 3 11
7 0 9 1 16
12 3 9 0 13
9 4 7 2 17
10 0 5 0 9
9 2 4 0 3
0 0 15 1 12
2 1 9 4 3
9 3 8 1 14
11 2 5 4 16
