10 20
5 4 0 26 1 24 2 13 3 26 4 8 28 9 25 10 12 11 30 8 8 13 9 11 10 30 11 22 12 22 13 30 14 20 15 24 4 4 16 5 17 6 16 7 25 4 16 21 17 15 18 27 19 22 
5 4 0 12 1 14 2 20 3 23 4 12 12 13 14 14 19 15 27 8 4 29 5 16 6 22 7 17 12 18 13 25 14 18 15 12 8 8 12 9 24 10 12 11 11 12 10 13 13 14 25 15 10 4 16 17 17 13 18 27 19 30 
5 4 0 22 1 14 2 21 3 28 12 4 12 5 12 6 17 7 25 8 22 9 29 10 23 11 20 12 20 13 15 14 19 15 14 12 4 12 5 22 6 23 7 28 8 28 9 20 10 29 11 22 12 15 13 18 14 27 15 11 4 12 21 13 22 14 11 15 10 4 16 16 17 24 18 13 19 19 
5 4 0 29 1 19 2 28 3 28 12 4 17 5 27 6 15 7 13 8 22 9 13 10 18 11 18 12 13 13 30 14 29 15 17 4 12 25 13 29 14 10 15 24 4 12 12 13 21 14 18 15 10 4 16 29 17 21 18 25 19 12 
5 4 0 12 1 12 2 16 3 29 8 4 12 5 15 6 17 7 23 8 29 9 27 10 11 11 28 8 4 19 5 15 6 15 7 13 8 14 9 19 10 21 11 12 4 4 13 5 20 6 11 7 19 4 16 23 17 29 18 12 19 28 
5 4 0 12 1 20 2 20 3 30 4 4 19 5 30 6 18 7 20 8 4 20 5 26 6 27 7 27 12 27 13 11 14 14 15 14 12 4 28 5 24 6 27 7 25 8 13 9 24 10 21 11 28 12 16 13 28 14 20 15 22 4 16 22 17 16 18 19 19 28 
5 4 0 26 1 10 2 25 3 14 4 12 25 13 11 14 25 15 30 4 8 12 9 23 10 10 11 13 12 4 15 5 21 6 22 7 22 8 15 9 17 10 30 11 20 12 25 13 10 14 27 15 17 4 16 16 17 17 18 13 19 19 
5 4 0 15 1 16 2 30 3 13 8 8 22 9 16 10 20 11 23 12 24 13 15 14 22 15 30 12 4 17 5 16 6 25 7 18 8 22 9 11 10 29 11 15 12 23 13 28 14 22 15 14 12 4 11 5 12 6 20 7 19 8 21 9 23 10 17 11 30 12 27 13 23 14 20 15 26 4 16 29 17 24 18 18 19 30 
5 4 0 11 1 30 2 30 3 19 4 12 21 13 28 14 28 15 11 8 4 22 5 25 6 11 7 11 8 20 9 19 10 11 11 30 8 8 27 9 16 10 20 11 12 12 23 13 23 14 18 15 21 4 16 24 17 15 18 16 19 12 
5 4 0 25 1 11 2 28 3 23 8 4 11 5 14 6 12 7 28 8 29 9 14 10 11 11 12 4 8 28 9 30 10 15 11 28 12 4 24 5 11 6 30 7 29 8 30 9 16 10 12 11 30 12 20 13 25 14 29 15 17 4 16 23 17 11 18 20 19 27 

Dynamic Events

# Machine Breakdowns (machine_id start_time end_time)
Machine Breakdowns
1 91 101
4 87 98
5 191 206
11 81 95
13 185 195
14 91 105

# Added Jobs (arrival_time: num_ops num_alts_op1 m1 p1 ... num_alts_op2 m1 p1 ...)
Added Jobs
16: 5 5 15 15 14 22 2 29 16 22 10 28 10 8 12 9 12 7 28 14 15 0 17 11 14 4 23 1 10 3 18 15 23 6 17 21 8 12 12 13 1 25 4 13 0 22 5 9 28 13 20 15 26 12 21 11 22 9 15 24 16 21 18 24 7 14 14 20 1 17 13 21 0 24 10 19 
36: 5 4 11 25 19 12 17 18 13 16 10 10 10 4 11 9 20 8 12 19 25 18 24 6 17 13 16 1 14 7 28 10 3 29 0 16 14 12 2 21 8 21 19 25 12 11 10 23 9 24 11 22 10 4 15 18 13 8 24 17 23 15 15 6 17 13 26 11 17 19 29 7 28 12 7 16 15 16 9 25 6 21 13 25 0 18 5 13 8 27 3 19 12 22 4 14 2 23 
45: 5 10 18 21 12 14 19 14 4 29 7 15 15 29 13 22 9 11 5 16 10 20 8 0 11 16 25 12 11 17 19 13 14 9 21 5 30 2 21 12 15 10 12 23 5 21 9 28 0 19 4 20 19 12 10 13 16 28 3 19 14 10 6 17 5 5 14 0 16 16 20 11 28 1 10 9 18 25 5 16 14 27 6 17 7 23 16 20 2 22 9 29 13 30 
67: 5 5 14 17 0 11 19 30 12 27 9 24 12 2 22 17 23 5 13 6 15 19 13 1 16 15 12 11 20 9 22 18 23 0 17 7 19 11 11 11 0 19 9 11 10 25 8 19 17 21 12 26 4 24 16 17 18 12 7 12 8 10 17 18 15 8 24 1 17 0 25 19 22 11 29 2 13 7 0 23 5 28 10 25 15 19 9 12 18 25 19 23 
90: 5 8 16 19 9 27 14 20 18 26 15 21 4 19 19 23 2 18 8 4 13 10 25 1 29 5 15 12 10 3 17 7 22 15 14 11 9 28 3 22 15 14 0 20 4 27 5 13 14 18 12 17 1 11 2 14 13 22 4 13 26 19 17 2 20 8 18 4 12 12 14 21 2 24 10 10 

# ETPC Constraints (fore_job_sim_idx fore_op_idx hind_job_sim_idx hind_op_idx time_lapse)
ETPC Constraints
7 0 8 2 6
5 4 12 4 7
13 4 7 1 5
14 1 9 2 19
6 2 3 4 16
7 0 8 1 8
14 2 4 1 10
1 2 2 4 8
5 3 1 1 15
1 4 4 4 10
12 2 13 4 14
13 2 0 0 15
5 0 8 1 11
8 4 5 2 19
12 1 7 2 11
7 2 10 3 17
1 3 9 3 14
7 1 5 4 16
5 3 6 1 18
6 0 7 3 3
13 3 5 4 4
