10 20
5 4 0 18 1 12 2 15 3 29 4 8 18 9 11 10 30 11 10 8 4 24 5 15 6 24 7 13 8 22 9 15 10 24 11 17 4 8 25 9 16 10 27 11 18 4 16 24 17 14 18 12 19 13 
5 4 0 26 1 15 2 16 3 27 8 4 11 5 15 6 26 7 12 8 28 9 20 10 26 11 12 12 4 20 5 14 6 18 7 25 8 29 9 10 10 13 11 10 12 16 13 29 14 29 15 29 8 8 17 9 23 10 13 11 16 12 15 13 19 14 10 15 17 4 16 27 17 19 18 26 19 19 
5 4 0 29 1 28 2 13 3 18 8 8 17 9 24 10 18 11 21 12 17 13 18 14 22 15 23 12 4 26 5 11 6 19 7 14 8 15 9 26 10 28 11 14 12 27 13 13 14 30 15 27 12 4 27 5 21 6 16 7 28 8 11 9 22 10 21 11 20 12 26 13 17 14 19 15 13 4 16 12 17 21 18 29 19 11 
5 4 0 19 1 15 2 19 3 18 4 8 17 9 23 10 16 11 10 12 4 30 5 28 6 26 7 30 8 28 9 30 10 18 11 12 12 13 13 26 14 11 15 27 12 4 11 5 25 6 20 7 14 8 22 9 15 10 22 11 29 12 15 13 18 14 20 15 30 4 16 15 17 14 18 14 19 14 
5 4 0 14 1 11 2 10 3 11 8 4 22 5 17 6 27 7 13 12 25 13 26 14 11 15 28 4 12 24 13 10 14 16 15 13 4 12 29 13 25 14 24 15 20 4 16 13 17 10 18 15 19 21 
5 4 0 16 1 26 2 19 3 26 4 12 12 13 23 14 25 15 23 4 8 22 9 27 10 19 11 22 8 4 10 5 19 6 28 7 22 12 17 13 24 14 18 15 15 4 16 26 17 14 18 24 19 11 
5 4 0 15 1 14 2 20 3 22 4 12 27 13 29 14 16 15 28 12 4 10 5 16 6 25 7 25 8 30 9 14 10 24 11 25 12 14 13 24 14 14 15 23 8 4 27 5 29 6 25 7 30 8 25 9 25 10 25 11 10 4 16 27 17 30 18 20 19 14 
5 4 0 23 1 28 2 23 3 29 4 12 14 13 22 14 16 15 14 8 4 20 5 25 6 24 7 19 12 14 13 20 14 13 15 28 8 4 17 5 23 6 21 7 13 8 11 9 30 10 23 11 29 4 16 26 17 29 18 23 19 10 
5 4 0 12 1 30 2 21 3 18 12 4 30 5 28 6 15 7 23 8 23 9 27 10 16 11 24 12 17 13 17 14 18 15 25 4 4 21 5 29 6 25 7 26 4 4 13 5 11 6 25 7 26 4 16 25 17 10 18 25 19 21 
5 4 0 17 1 14 2 12 3 16 12 4 26 5 11 6 16 7 30 8 27 9 26 10 13 11 12 12 12 13 29 14 18 15 12 4 8 18 9 26 10 11 11 21 12 4 25 5 15 6 28 7 12 8 22 9 10 10 16 11 14 12 12 13 28 14 17 15 19 4 16 10 17 11 18 18 19 13 

Dynamic Events

# Machine Breakdowns (machine_id start_time end_time)
Machine Breakdowns
3 290 301
7 55 64
8 317 326
11 74 83
12 331 341
14 299 313
16 254 265

# Added Jobs (arrival_time: num_ops num_alts_op1 m1 p1 ... num_alts_op2 m1 p1 ...)
Added Jobs
26: 5 5 18 23 19 13 8 16 7 19 1 20 11 9 21 4 11 3 12 2 12 5 17 6 26 12 23 19 19 18 24 16 18 13 15 12 13 28 8 23 18 21 9 12 16 13 5 16 11 16 12 24 6 26 14 13 15 20 4 17 12 5 15 16 19 3 22 17 30 2 18 18 14 19 15 6 16 12 12 0 13 9 22 14 19 7 5 19 15 26 19 21 12 17 14 30 2 12 6 16 
95: 5 6 17 21 2 13 6 24 19 10 13 22 1 26 11 2 15 10 22 5 20 1 17 11 11 14 29 9 10 17 16 8 14 12 20 7 13 7 1 13 17 18 3 16 10 23 15 27 9 12 18 20 11 5 29 4 25 8 21 16 16 15 12 10 16 9 29 12 27 14 10 13 12 18 13 7 6 15 16 24 13 22 9 15 17 25 7 13 11 18 
113: 5 6 2 16 19 12 7 17 1 16 15 22 4 25 7 3 15 0 24 9 16 4 21 10 15 14 21 18 13 8 0 19 12 21 17 13 5 29 7 12 1 29 2 22 10 29 11 10 27 9 17 6 18 15 27 13 13 17 18 3 14 12 27 0 14 18 25 2 21 6 15 14 18 24 6 23 3 22 13 29 1 18 
129: 5 7 12 20 5 26 11 20 1 30 7 21 13 17 10 27 7 12 25 19 16 16 25 4 14 5 18 14 24 15 18 6 10 24 8 24 3 14 19 10 14 16 18 27 12 9 27 13 13 2 23 17 29 0 23 12 24 1 16 5 28 19 16 16 24 7 22 11 26 11 4 15 0 14 5 13 3 14 15 19 17 16 11 19 7 25 14 23 18 25 6 24 
137: 5 9 18 13 7 24 16 17 10 16 12 20 0 27 6 28 13 13 17 24 5 2 17 17 15 18 28 9 11 16 19 5 1 22 8 26 7 21 16 16 17 12 7 5 14 6 19 18 21 19 21 13 28 14 11 10 27 8 6 27 16 18 9 17 5 22 13 16 10 27 8 30 2 13 
144: 5 7 14 21 4 17 5 17 16 22 19 12 2 21 17 22 10 8 26 15 29 0 13 19 15 7 19 6 15 3 22 12 29 16 27 5 15 8 10 15 2 18 19 15 9 18 13 14 11 15 3 20 14 27 12 11 14 5 28 8 22 19 19 9 24 2 11 16 13 1 19 10 20 6 25 14 13 7 17 8 13 24 12 20 7 26 0 20 6 22 8 29 17 10 5 19 

# ETPC Constraints (fore_job_sim_idx fore_op_idx hind_job_sim_idx hind_op_idx time_lapse)
ETPC Constraints
6 2 2 0 17
6 1 10 2 10
11 1 6 3 18
10 2 15 3 8
6 4 12 1 15
4 0 3 3 12
7 0 10 1 16
11 0 1 1 3
7 1 11 2 4
9 1 6 3 20
11 4 10 0 18
7 2 12 2 15
11 3 10 2 7
13 0 3 3 16
5 0 7 1 3
6 2 1 3 13
11 1 3 0 6
14 2 10 4 8
14 0 4 1 4
1 2 12 3 9
3 4 12 2 13
7 4 14 2 18
14 1 12 0 20
10 1 6 3 10
