10 20
5 4 0 28 1 14 2 23 3 19 8 8 16 9 14 10 19 11 11 12 21 13 28 14 23 15 17 8 4 21 5 21 6 17 7 19 8 28 9 28 10 21 11 20 12 4 22 5 18 6 14 7 28 8 24 9 26 10 14 11 22 12 19 13 10 14 15 15 19 4 16 27 17 22 18 29 19 25 
5 4 0 26 1 10 2 30 3 23 4 4 21 5 15 6 24 7 30 12 4 19 5 12 6 17 7 10 8 30 9 11 10 20 11 11 12 19 13 22 14 26 15 16 8 8 28 9 20 10 15 11 17 12 11 13 26 14 25 15 11 4 16 22 17 22 18 16 19 18 
5 4 0 22 1 12 2 20 3 26 8 4 15 5 29 6 12 7 10 12 12 13 12 14 15 15 19 4 4 26 5 24 6 17 7 23 12 4 15 5 30 6 13 7 17 8 24 9 16 10 22 11 11 12 30 13 11 14 19 15 30 4 16 21 17 12 18 22 19 13 
5 4 0 21 1 10 2 26 3 28 12 4 12 5 28 6 27 7 24 8 27 9 28 10 29 11 23 12 28 13 12 14 12 15 16 12 4 15 5 12 6 23 7 21 8 25 9 23 10 21 11 25 12 21 13 22 14 25 15 11 8 4 15 5 26 6 16 7 29 12 11 13 14 14 19 15 30 4 16 18 17 21 18 26 19 30 
5 4 0 11 1 27 2 13 3 27 4 4 27 5 24 6 18 7 20 8 4 26 5 25 6 11 7 12 12 26 13 25 14 22 15 15 8 8 10 9 23 10 29 11 30 12 27 13 15 14 12 15 20 4 16 13 17 14 18 23 19 14 
5 4 0 17 1 29 2 30 3 16 8 8 29 9 29 10 18 11 11 12 23 13 22 14 17 15 26 4 12 30 13 24 14 19 15 27 4 4 21 5 23 6 24 7 14 4 16 16 17 16 18 18 19 29 
5 4 0 26 1 22 2 21 3 16 8 8 12 9 22 10 16 11 17 12 17 13 30 14 24 15 24 12 4 21 5 17 6 19 7 11 8 20 9 26 10 30 11 28 12 20 13 14 14 13 15 19 12 4 30 5 27 6 16 7 11 8 20 9 25 10 13 11 12 12 20 13 16 14 10 15 12 4 16 16 17 16 18 30 19 10 
5 4 0 24 1 16 2 25 3 26 12 4 13 5 16 6 15 7 23 8 17 9 25 10 16 11 24 12 27 13 27 14 28 15 14 4 8 27 9 21 10 15 11 25 12 4 10 5 20 6 18 7 29 8 18 9 24 10 21 11 28 12 10 13 20 14 22 15 12 4 16 20 17 14 18 22 19 24 
5 4 0 27 1 26 2 26 3 25 8 4 13 5 10 6 17 7 20 12 30 13 28 14 21 15 19 8 4 22 5 12 6 26 7 18 8 24 9 22 10 11 11 27 12 4 29 5 16 6 11 7 22 8 10 9 23 10 29 11 28 12 15 13 16 14 14 15 26 4 16 12 17 20 18 16 19 26 
5 4 0 20 1 27 2 21 3 28 4 4 24 5 14 6 30 7 21 4 4 16 5 19 6 12 7 16 12 4 23 5 17 6 23 7 21 8 24 9 11 10 20 11 17 12 23 13 24 14 21 15 30 4 16 15 17 26 18 16 19 12 

Dynamic Events

# Machine Breakdowns (machine_id start_time end_time)
Machine Breakdowns
5 195 207
11 127 138
12 244 259

# Added Jobs (arrival_time: num_ops num_alts_op1 m1 p1 ... num_alts_op2 m1 p1 ...)
Added Jobs
24: 5 4 10 25 9 12 14 20 2 14 10 1 20 19 18 12 27 9 15 10 21 6 15 15 27 7 15 17 17 11 15 12 7 13 3 19 11 18 17 12 19 22 10 29 6 12 0 18 13 23 8 22 5 16 15 26 11 15 18 14 10 10 20 12 18 16 26 5 12 8 17 13 22 4 16 9 21 6 20 6 15 17 19 26 10 11 14 23 12 10 6 14 
48: 5 8 19 24 8 18 5 11 17 12 0 16 6 14 10 16 13 26 7 2 18 9 27 13 19 11 24 8 26 5 21 6 19 9 2 21 7 16 1 18 9 22 19 13 3 25 17 20 0 22 8 18 9 15 16 12 12 18 25 14 12 8 10 7 30 3 17 10 23 16 18 6 12 28 3 24 18 21 19 14 7 30 0 13 
49: 5 8 14 26 19 19 15 14 16 12 2 15 0 11 3 21 12 20 11 1 15 19 11 6 30 0 20 7 24 2 29 5 23 8 12 9 22 11 21 18 21 10 16 24 7 26 5 19 19 19 3 26 0 19 18 19 13 25 12 24 6 30 4 19 25 9 28 18 17 3 18 6 13 22 0 17 9 17 15 25 1 29 7 15 
52: 5 12 5 12 1 16 2 20 0 24 10 26 11 19 17 26 16 26 8 11 12 14 6 29 7 26 10 6 11 11 24 9 24 10 11 3 17 1 22 4 11 16 22 2 22 8 17 10 15 17 1 12 8 15 19 29 18 29 12 12 0 21 2 14 5 17 13 19 7 0 19 18 28 10 13 15 15 1 27 11 24 2 20 8 8 10 10 28 0 14 13 27 14 10 18 26 16 20 19 13 
141: 5 12 19 27 7 10 16 22 15 26 8 14 13 15 18 20 3 16 17 14 1 11 14 17 5 13 8 8 26 10 18 9 13 0 18 1 10 15 22 5 16 18 21 5 9 11 1 27 8 10 13 14 2 19 6 15 18 19 20 12 26 9 17 18 24 1 14 12 7 14 8 23 17 17 6 24 10 27 13 25 2 13 1 10 18 16 19 18 0 28 12 15 
166: 5 8 17 22 3 16 6 13 0 27 13 22 10 29 18 21 9 16 12 4 16 3 22 1 25 7 15 18 28 6 23 16 18 19 29 12 16 0 15 9 29 8 16 5 9 27 3 28 19 11 11 15 5 14 8 7 10 18 25 12 26 4 27 9 21 10 27 17 18 1 18 6 9 21 19 15 15 30 1 20 13 24 7 20 

# Cancelled Jobs (cancel_time initial_job_sim_idx_to_cancel)
Cancelled Jobs
106 2
196 5

# ETPC Constraints (fore_job_sim_idx fore_op_idx hind_job_sim_idx hind_op_idx time_lapse)
ETPC Constraints
14 4 3 3 7
8 2 1 0 20
1 3 14 3 3
14 1 4 2 8
13 0 15 2 13
1 2 10 2 4
12 0 9 2 19
13 3 11 1 4
14 1 0 2 12
9 3 11 1 16
12 1 7 3 4
2 3 1 4 7
5 3 8 4 8
5 0 13 2 8
6 1 10 4 5
13 0 5 4 9
6 4 11 4 20
4 0 9 0 16
2 3 10 0 10
15 4 11 4 4
13 3 11 4 8
1 3 9 0 20
0 4 2 4 12
0 0 3 2 3
