10 20
5 4 0 28 1 14 2 23 3 19 8 8 16 9 14 10 19 11 11 12 21 13 28 14 23 15 17 8 4 21 5 21 6 17 7 19 8 28 9 28 10 21 11 20 12 4 22 5 18 6 14 7 28 8 24 9 26 10 14 11 22 12 19 13 10 14 15 15 19 4 16 27 17 22 18 29 19 25 
5 4 0 26 1 10 2 30 3 23 4 4 21 5 15 6 24 7 30 12 4 19 5 12 6 17 7 10 8 30 9 11 10 20 11 11 12 19 13 22 14 26 15 16 8 8 28 9 20 10 15 11 17 12 11 13 26 14 25 15 11 4 16 22 17 22 18 16 19 18 
5 4 0 22 1 12 2 20 3 26 8 4 15 5 29 6 12 7 10 12 12 13 12 14 15 15 19 4 4 26 5 24 6 17 7 23 12 4 15 5 30 6 13 7 17 8 24 9 16 10 22 11 11 12 30 13 11 14 19 15 30 4 16 21 17 12 18 22 19 13 
5 4 0 21 1 10 2 26 3 28 12 4 12 5 28 6 27 7 24 8 27 9 28 10 29 11 23 12 28 13 12 14 12 15 16 12 4 15 5 12 6 23 7 21 8 25 9 23 10 21 11 25 12 21 13 22 14 25 15 11 8 4 15 5 26 6 16 7 29 12 11 13 14 14 19 15 30 4 16 18 17 21 18 26 19 30 
5 4 0 11 1 27 2 13 3 27 4 4 27 5 24 6 18 7 20 8 4 26 5 25 6 11 7 12 12 26 13 25 14 22 15 15 8 8 10 9 23 10 29 11 30 12 27 13 15 14 12 15 20 4 16 13 17 14 18 23 19 14 
5 4 0 17 1 29 2 30 3 16 8 8 29 9 29 10 18 11 11 12 23 13 22 14 17 15 26 4 12 30 13 24 14 19 15 27 4 4 21 5 23 6 24 7 14 4 16 16 17 16 18 18 19 29 
5 4 0 26 1 22 2 21 3 16 8 8 12 9 22 10 16 11 17 12 17 13 30 14 24 15 24 12 4 21 5 17 6 19 7 11 8 20 9 26 10 30 11 28 12 20 13 14 14 13 15 19 12 4 30 5 27 6 16 7 11 8 20 9 25 10 13 11 12 12 20 13 16 14 10 15 12 4 16 16 17 16 18 30 19 10 
5 4 0 24 1 16 2 25 3 26 12 4 13 5 16 6 15 7 23 8 17 9 25 10 16 11 24 12 27 13 27 14 28 15 14 4 8 27 9 21 10 15 11 25 12 4 10 5 20 6 18 7 29 8 18 9 24 10 21 11 28 12 10 13 20 14 22 15 12 4 16 20 17 14 18 22 19 24 
5 4 0 27 1 26 2 26 3 25 8 4 13 5 10 6 17 7 20 12 30 13 28 14 21 15 19 8 4 22 5 12 6 26 7 18 8 24 9 22 10 11 11 27 12 4 29 5 16 6 11 7 22 8 10 9 23 10 29 11 28 12 15 13 16 14 14 15 26 4 16 12 17 20 18 16 19 26 
5 4 0 20 1 27 2 21 3 28 4 4 24 5 14 6 30 7 21 4 4 16 5 19 6 12 7 16 12 4 23 5 17 6 23 7 21 8 24 9 11 10 20 11 17 12 23 13 24 14 21 15 30 4 16 15 17 26 18 16 19 12 

Dynamic Events

# Machine Breakdowns (machine_id start_time end_time)
Machine Breakdowns
1 111 126
4 201 216
7 401 411
8 301 313
10 409 422
16 302 313
18 272 283

# Added Jobs (arrival_time: num_ops num_alts_op1 m1 p1 ... num_alts_op2 m1 p1 ...)
Added Jobs
72: 5 6 7 12 5 10 2 20 8 17 3 17 14 26 12 4 21 13 19 8 17 15 15 14 19 0 23 10 18 16 16 5 19 18 26 9 18 12 24 12 14 20 16 27 11 26 5 30 10 28 4 23 7 23 17 21 13 20 0 19 19 16 8 14 11 15 18 3 19 11 21 2 22 14 24 16 25 17 15 1 11 5 25 10 11 4 13 8 0 26 16 27 13 10 8 16 12 24 6 29 17 21 7 10 
123: 5 8 3 28 10 23 13 22 17 25 12 29 2 16 8 13 9 26 8 12 27 13 29 9 28 3 25 7 10 4 29 17 20 18 26 10 2 19 14 17 12 19 18 19 9 22 3 21 4 12 15 11 5 13 11 28 8 8 24 9 13 12 24 15 14 17 15 18 26 11 13 7 23 6 4 21 15 13 17 21 13 29 10 12 14 21 
147: 5 5 6 20 17 17 19 13 14 23 7 20 5 0 17 15 18 17 24 18 30 5 22 12 9 21 1 18 15 21 13 27 5 11 6 16 14 21 18 17 7 17 10 27 2 21 4 30 5 13 11 9 24 5 13 7 11 12 11 5 19 15 18 24 8 24 15 22 3 27 
163: 5 10 13 11 7 18 8 18 0 18 12 17 14 25 9 12 6 26 1 28 17 12 6 0 18 3 16 9 11 12 20 13 22 5 22 8 4 21 19 22 2 17 18 28 1 26 3 22 0 15 16 12 7 0 24 4 29 10 29 7 24 17 23 12 13 15 24 5 9 13 17 16 16 24 4 21 8 19 

# Cancelled Jobs (cancel_time initial_job_sim_idx_to_cancel)
Cancelled Jobs
123 8
233 2

# ETPC Constraints (fore_job_sim_idx fore_op_idx hind_job_sim_idx hind_op_idx time_lapse)
ETPC Constraints
1 1 12 4 7
3 1 9 2 5
9 4 10 4 5
12 1 11 1 16
8 0 0 2 19
8 3 13 3 16
7 2 5 3 12
8 1 0 4 20
12 2 9 2 11
13 3 1 0 9
13 2 7 3 7
6 3 10 2 4
2 2 9 3 3
8 3 6 2 13
3 3 6 2 17
0 3 10 0 10
10 3 5 4 7
