10 20
5 4 0 27 1 25 2 14 3 13 4 4 22 5 14 6 11 7 23 12 4 27 5 19 6 25 7 17 8 16 9 12 10 12 11 21 12 29 13 29 14 16 15 26 12 4 18 5 25 6 17 7 15 8 21 9 29 10 23 11 18 12 19 13 19 14 19 15 19 4 16 26 17 29 18 14 19 21 
5 4 0 23 1 30 2 29 3 11 4 4 21 5 10 6 13 7 18 4 12 17 13 24 14 29 15 16 12 4 28 5 14 6 27 7 24 8 20 9 29 10 29 11 28 12 27 13 20 14 19 15 21 4 16 23 17 26 18 25 19 15 
5 4 0 29 1 27 2 14 3 30 8 4 21 5 29 6 15 7 16 8 22 9 12 10 25 11 29 12 4 23 5 28 6 24 7 25 8 16 9 25 10 21 11 26 12 21 13 19 14 30 15 26 12 4 30 5 12 6 19 7 14 8 30 9 20 10 15 11 11 12 17 13 18 14 29 15 23 4 16 27 17 22 18 24 19 22 
5 4 0 23 1 11 2 25 3 21 12 4 26 5 20 6 14 7 30 8 26 9 13 10 12 11 30 12 15 13 28 14 28 15 29 8 4 30 5 29 6 15 7 14 12 10 13 25 14 14 15 20 12 4 15 5 12 6 22 7 13 8 27 9 19 10 26 11 18 12 13 13 30 14 29 15 14 4 16 22 17 15 18 26 19 22 
5 4 0 10 1 15 2 28 3 17 4 8 27 9 28 10 13 11 25 12 4 30 5 10 6 22 7 23 8 29 9 28 10 13 11 22 12 12 13 10 14 11 15 22 4 8 19 9 11 10 14 11 10 4 16 16 17 20 18 21 19 10 
5 4 0 19 1 20 2 19 3 28 8 4 25 5 12 6 10 7 11 12 28 13 25 14 25 15 10 12 4 13 5 10 6 29 7 22 8 24 9 14 10 24 11 29 12 12 13 19 14 21 15 28 8 4 13 5 20 6 10 7 14 12 16 13 28 14 10 15 23 4 16 18 17 30 18 15 19 13 
5 4 0 25 1 16 2 17 3 24 4 12 10 13 26 14 23 15 22 8 8 16 9 14 10 23 11 25 12 14 13 18 14 14 15 20 12 4 25 5 30 6 21 7 30 8 19 9 28 10 26 11 21 12 26 13 28 14 30 15 23 4 16 11 17 29 18 23 19 15 
5 4 0 21 1 18 2 19 3 18 4 12 19 13 14 14 16 15 16 4 12 29 13 13 14 11 15 16 12 4 14 5 27 6 25 7 29 8 12 9 26 10 14 11 28 12 19 13 22 14 20 15 16 4 16 26 17 30 18 26 19 19 
5 4 0 13 1 28 2 19 3 12 12 4 26 5 24 6 13 7 21 8 11 9 20 10 17 11 19 12 16 13 12 14 18 15 22 4 8 16 9 28 10 19 11 18 8 4 30 5 23 6 18 7 11 8 30 9 28 10 17 11 29 4 16 13 17 21 18 20 19 28 
5 4 0 19 1 26 2 23 3 28 12 4 11 5 11 6 13 7 29 8 24 9 15 10 27 11 25 12 13 13 13 14 16 15 24 4 12 10 13 11 14 14 15 27 12 4 28 5 10 6 23 7 23 8 18 9 14 10 16 11 22 12 14 13 14 14 18 15 10 4 16 27 17 18 18 11 19 19 

Dynamic Events

# Machine Breakdowns (machine_id start_time end_time)
Machine Breakdowns
0 142 152
1 300 311
4 413 426
11 311 322
17 212 227
18 298 313
19 107 119

# Added Jobs (arrival_time: num_ops num_alts_op1 m1 p1 ... num_alts_op2 m1 p1 ...)
Added Jobs
24: 5 12 8 14 5 22 6 18 12 24 15 25 19 11 16 15 3 13 4 20 9 12 11 27 10 29 9 17 17 10 12 2 28 9 25 19 10 1 19 6 14 3 30 14 16 10 3 15 10 26 18 20 5 15 4 29 1 14 9 12 19 10 14 14 12 14 9 6 17 2 23 0 22 10 20 14 21 5 10 17 27 3 18 4 20 11 10 24 6 29 5 20 18 13 16 13 8 30 15 12 7 30 9 12 11 29 12 21 
69: 5 11 4 21 15 11 16 24 11 10 1 21 18 18 13 25 9 24 10 27 19 13 7 16 4 6 25 2 17 12 12 3 16 11 12 19 17 30 2 16 13 23 15 22 10 23 14 15 1 29 18 14 9 24 6 29 6 12 16 13 12 10 12 16 14 1 28 0 12 6 17 23 19 10 2 26 12 24 8 24 15 24 
168: 5 10 15 21 19 10 12 15 16 11 8 28 14 28 4 23 10 23 11 21 13 25 4 5 21 12 13 1 16 14 12 10 15 12 11 16 3 22 8 29 17 25 6 24 10 22 2 21 19 19 9 13 11 5 18 3 17 9 18 14 20 12 26 2 29 11 24 17 30 1 16 19 17 16 21 6 10 15 17 15 3 23 18 16 5 30 1 20 
185: 5 7 10 13 16 12 8 12 18 23 17 17 19 17 4 11 10 18 15 8 13 10 23 12 11 2 28 1 26 4 26 11 22 0 16 7 28 10 13 10 10 19 6 22 19 25 5 16 16 22 2 29 14 17 18 20 7 13 11 4 11 17 21 19 15 6 15 12 22 16 11 10 16 13 26 14 24 15 25 3 18 11 7 22 5 28 10 13 6 24 17 25 11 12 2 19 15 26 18 26 0 15 19 19 

# ETPC Constraints (fore_job_sim_idx fore_op_idx hind_job_sim_idx hind_op_idx time_lapse)
ETPC Constraints
2 2 4 1 12
2 1 8 3 13
5 2 8 2 15
8 0 6 2 10
0 4 9 3 20
10 4 8 2 15
13 4 11 1 5
5 4 6 0 8
7 0 13 4 8
10 1 6 3 9
6 1 8 0 3
4 3 3 2 18
12 0 8 4 9
12 2 4 4 6
1 3 6 1 19
12 3 9 4 10
0 4 10 0 18
1 2 5 3 11
