20 20
5 4 0 23 1 17 2 18 3 10 8 4 28 5 23 6 14 7 10 12 12 13 15 14 14 15 17 4 12 19 13 28 14 11 15 21 8 4 23 5 22 6 23 7 13 8 11 9 29 10 20 11 20 4 16 20 17 21 18 26 19 25 
5 4 0 17 1 26 2 23 3 19 12 4 13 5 25 6 23 7 19 8 16 9 25 10 25 11 16 12 16 13 14 14 12 15 10 4 12 22 13 28 14 30 15 21 8 4 23 5 23 6 22 7 22 8 14 9 21 10 16 11 24 4 16 23 17 19 18 15 19 30 
5 4 0 17 1 20 2 17 3 14 8 4 26 5 14 6 20 7 23 12 16 13 30 14 29 15 23 12 4 26 5 15 6 25 7 16 8 21 9 26 10 28 11 24 12 23 13 23 14 13 15 26 8 8 22 9 11 10 15 11 11 12 12 13 20 14 10 15 23 4 16 30 17 29 18 13 19 27 
5 4 0 11 1 22 2 16 3 11 12 4 10 5 18 6 17 7 10 8 19 9 30 10 12 11 15 12 12 13 11 14 16 15 26 8 4 21 5 23 6 14 7 14 8 30 9 12 10 17 11 30 8 4 15 5 28 6 11 7 19 8 27 9 26 10 25 11 20 4 16 12 17 13 18 30 19 24 
5 4 0 19 1 13 2 19 3 17 12 4 22 5 13 6 21 7 22 8 16 9 20 10 28 11 14 12 30 13 24 14 18 15 12 12 4 22 5 18 6 19 7 22 8 14 9 11 10 15 11 16 12 16 13 11 14 27 15 11 4 8 10 9 27 10 11 11 24 4 16 26 17 30 18 19 19 11 
5 4 0 21 1 27 2 27 3 25 4 4 21 5 26 6 21 7 23 12 4 19 5 28 6 17 7 28 8 28 9 22 10 25 11 22 12 26 13 19 14 22 15 28 8 4 19 5 11 6 30 7 30 12 24 13 30 14 22 15 15 4 16 12 17 21 18 26 19 24 
5 4 0 23 1 22 2 13 3 29 12 4 20 5 11 6 23 7 29 8 13 9 16 10 26 11 23 12 22 13 25 14 30 15 16 4 12 27 13 16 14 24 15 23 4 12 29 13 14 14 13 15 22 4 16 29 17 25 18 13 19 22 
5 4 0 15 1 12 2 27 3 23 8 4 20 5 11 6 13 7 10 8 14 9 27 10 10 11 24 8 4 15 5 23 6 11 7 10 12 27 13 23 14 18 15 24 8 4 14 5 16 6 16 7 28 8 25 9 13 10 13 11 12 4 16 14 17 21 18 15 19 24 
5 4 0 28 1 26 2 18 3 10 8 8 19 9 22 10 20 11 16 12 26 13 23 14 14 15 23 8 4 27 5 18 6 20 7 14 12 13 13 16 14 19 15 26 4 8 20 9 14 10 21 11 17 4 16 27 17 23 18 10 19 22 
5 4 0 18 1 26 2 21 3 10 4 12 14 13 25 14 12 15 25 8 8 25 9 30 10 20 11 26 12 17 13 21 14 21 15 22 12 4 24 5 25 6 29 7 18 8 10 9 20 10 23 11 19 12 24 13 28 14 20 15 14 4 16 12 17 23 18 14 19 15 
5 4 0 26 1 20 2 24 3 15 8 4 23 5 18 6 20 7 26 12 19 13 26 14 29 15 28 8 4 14 5 17 6 21 7 24 8 30 9 27 10 18 11 24 4 4 16 5 17 6 22 7 21 4 16 25 17 21 18 30 19 28 
5 4 0 24 1 14 2 22 3 10 4 12 25 13 23 14 20 15 22 12 4 11 5 24 6 25 7 13 8 29 9 13 10 14 11 21 12 25 13 18 14 26 15 11 8 4 30 5 23 6 26 7 10 12 29 13 10 14 23 15 17 4 16 26 17 16 18 25 19 13 
5 4 0 15 1 15 2 18 3 30 12 4 27 5 20 6 12 7 13 8 17 9 29 10 14 11 11 12 13 13 10 14 11 15 25 4 12 24 13 18 14 21 15 16 8 8 23 9 27 10 27 11 29 12 30 13 11 14 20 15 29 4 16 15 17 28 18 29 19 21 
5 4 0 22 1 12 2 27 3 14 8 8 17 9 20 10 25 11 20 12 26 13 18 14 29 15 11 12 4 10 5 17 6 21 7 27 8 13 9 21 10 24 11 21 12 26 13 12 14 16 15 16 4 12 23 13 10 14 23 15 10 4 16 19 17 14 18 21 19 15 
5 4 0 19 1 17 2 10 3 11 12 4 19 5 13 6 25 7 24 8 15 9 24 10 24 11 23 12 16 13 24 14 24 15 17 4 8 16 9 13 10 22 11 27 4 12 19 13 14 14 22 15 17 4 16 10 17 10 18 28 19 13 
5 4 0 19 1 22 2 16 3 24 8 8 13 9 23 10 10 11 13 12 28 13 22 14 18 15 23 12 4 21 5 27 6 17 7 29 8 13 9 26 10 22 11 14 12 24 13 12 14 18 15 29 8 4 18 5 12 6 26 7 20 8 25 9 28 10 13 11 16 4 16 10 17 22 18 25 19 21 
5 4 0 30 1 16 2 12 3 21 8 8 16 9 30 10 12 11 15 12 11 13 26 14 19 15 29 8 8 29 9 25 10 23 11 15 12 14 13 13 14 12 15 13 12 4 24 5 10 6 18 7 21 8 10 9 17 10 16 11 30 12 20 13 24 14 30 15 24 4 16 18 17 20 18 10 19 24 
5 4 0 21 1 17 2 19 3 21 12 4 29 5 16 6 20 7 25 8 26 9 24 10 15 11 16 12 22 13 28 14 30 15 16 8 8 14 9 14 10 27 11 29 12 20 13 11 14 16 15 19 12 4 27 5 21 6 30 7 24 8 29 9 21 10 17 11 22 12 22 13 15 14 29 15 22 4 16 23 17 23 18 12 19 17 
5 4 0 17 1 22 2 12 3 25 4 4 18 5 23 6 22 7 14 12 4 28 5 25 6 26 7 11 8 23 9 22 10 10 11 29 12 29 13 15 14 12 15 30 8 4 13 5 24 6 21 7 23 12 21 13 21 14 20 15 30 4 16 28 17 19 18 12 19 28 
5 4 0 18 1 11 2 18 3 25 12 4 11 5 20 6 28 7 30 8 22 9 10 10 18 11 20 12 18 13 15 14 23 15 10 4 12 12 13 26 14 15 15 12 12 4 14 5 18 6 17 7 12 8 14 9 10 10 26 11 10 12 11 13 26 14 15 15 27 4 16 26 17 19 18 19 19 27 

Dynamic Events

# Machine Breakdowns (machine_id start_time end_time)
Machine Breakdowns
0 532 544
7 297 306
8 186 199
11 654 667
13 550 562

# Added Jobs (arrival_time: num_ops num_alts_op1 m1 p1 ... num_alts_op2 m1 p1 ...)
Added Jobs
51: 5 12 1 11 15 16 19 30 4 22 13 24 16 14 9 13 5 17 14 17 3 20 17 16 2 18 7 14 21 13 12 10 12 6 13 4 25 3 11 1 13 5 14 16 15 30 7 11 11 20 2 27 4 19 22 16 10 6 17 17 21 7 13 22 7 20 12 21 0 17 18 15 16 14 2 11 
58: 5 7 2 21 4 29 3 25 11 16 9 21 15 17 16 17 5 5 19 14 26 13 17 6 30 9 18 11 6 18 19 27 8 21 17 19 3 11 13 21 5 20 7 18 14 16 11 26 18 24 9 9 23 3 11 2 23 14 13 7 20 12 29 19 15 13 15 18 18 9 6 17 8 26 0 27 17 20 1 16 7 23 12 25 16 24 18 19 
96: 5 11 1 19 9 16 13 28 17 21 12 25 2 16 3 29 7 27 19 29 15 12 0 14 8 9 12 12 22 15 25 4 20 14 10 18 27 8 22 3 10 8 5 14 6 22 4 21 7 14 19 13 8 29 16 16 17 10 12 9 25 16 30 19 24 12 12 6 18 1 20 4 12 14 15 18 19 0 30 15 13 11 23 7 16 12 15 20 8 26 14 11 9 20 5 12 2 13 
155: 5 12 19 24 6 16 1 12 5 22 9 16 11 13 12 13 0 26 7 10 16 17 10 18 15 18 4 8 29 12 18 10 20 18 26 8 19 30 14 26 11 16 4 29 7 15 1 20 15 15 12 28 10 17 25 5 23 2 23 14 24 16 18 8 12 7 22 18 13 13 23 0 19 7 6 15 19 18 18 28 2 10 12 17 10 27 17 19 
160: 5 9 13 12 7 21 9 22 1 23 8 30 12 30 19 30 11 21 16 17 4 6 14 19 29 12 28 7 24 8 12 29 0 13 1 20 2 17 13 21 5 25 14 15 10 26 11 11 17 18 12 8 22 3 30 5 19 19 25 14 22 10 17 6 25 0 21 17 25 10 7 16 2 13 5 19 12 14 3 29 14 24 1 11 0 13 9 18 17 21 
162: 5 4 12 23 11 20 6 14 10 20 5 6 26 8 17 2 19 3 14 17 30 11 2 11 12 21 17 18 7 15 10 17 19 21 1 17 8 30 9 23 13 13 4 11 12 18 29 9 10 11 12 3 25 15 23 1 15 2 22 5 19 14 10 0 13 7 24 13 11 9 3 24 19 14 17 19 0 29 6 23 9 28 15 11 13 28 18 12 
270: 5 11 9 19 7 20 15 22 16 11 1 14 6 27 11 13 10 28 5 11 14 30 3 28 12 0 15 9 25 16 18 1 14 7 24 13 25 15 22 3 21 2 25 11 15 12 13 18 20 9 0 23 9 14 1 24 3 23 12 22 13 11 4 13 18 24 14 24 12 17 13 9 13 2 15 12 24 8 27 18 21 14 10 13 19 1 21 16 24 11 26 6 22 12 11 28 8 27 19 19 18 14 13 10 12 23 2 21 16 25 5 22 14 24 0 28 17 24 

# Cancelled Jobs (cancel_time initial_job_sim_idx_to_cancel)
Cancelled Jobs
145 18
422 7

# ETPC Constraints (fore_job_sim_idx fore_op_idx hind_job_sim_idx hind_op_idx time_lapse)
ETPC Constraints
12 4 19 4 8
9 2 5 0 8
1 3 22 0 4
18 2 11 2 13
19 0 26 1 18
0 0 10 3 14
18 2 21 2 17
6 3 3 2 18
20 3 19 1 13
18 0 7 2 12
25 4 12 2 3
12 0 15 0 5
2 4 11 4 6
3 3 16 4 6
5 2 22 2 4
8 0 17 4 16
1 3 11 4 13
21 1 15 2 6
4 2 24 4 4
7 0 10 2 5
21 0 15 1 11
3 4 1 1 7
7 3 6 1 11
22 4 17 2 18
20 2 5 1 15
5 3 0 3 6
10 4 15 0 5
0 3 4 1 5
11 4 23 4 17
1 1 8 2 17
7 3 21 3 11
0 0 14 0 19
17 1 20 2 3
14 1 5 0 8
9 0 18 3 18
5 4 16 4 13
26 3 13 0 8
6 1 1 4 19
21 2 2 1 18
6 3 23 4 6
9 2 25 1 12
0 1 13 4 11
24 1 22 3 19
17 3 7 3 20
5 4 17 4 8
14 0 1 4 12
26 1 8 4 18
18 2 9 3 3
2 1 18 3 14
8 4 2 4 3
15 4 5 1 5
26 2 11 2 12
13 4 15 1 16
9 1 0 0 13
