20 20
5 4 0 25 1 28 2 28 3 30 12 4 11 5 17 6 23 7 20 8 16 9 17 10 23 11 18 12 21 13 20 14 17 15 25 12 4 18 5 21 6 13 7 19 8 19 9 14 10 22 11 25 12 29 13 16 14 17 15 25 4 4 16 5 12 6 12 7 17 4 16 10 17 26 18 27 19 14 
5 4 0 28 1 27 2 17 3 26 12 4 11 5 20 6 17 7 23 8 15 9 30 10 15 11 21 12 11 13 23 14 24 15 26 8 4 10 5 22 6 22 7 23 8 30 9 13 10 30 11 26 4 4 21 5 21 6 19 7 21 4 16 12 17 12 18 26 19 26 
5 4 0 10 1 20 2 19 3 19 12 4 25 5 15 6 22 7 27 8 25 9 28 10 12 11 15 12 18 13 16 14 10 15 13 8 8 16 9 19 10 16 11 21 12 29 13 17 14 20 15 13 8 4 19 5 21 6 10 7 23 8 28 9 21 10 17 11 23 4 16 11 17 20 18 19 19 15 
5 4 0 23 1 21 2 16 3 25 4 8 14 9 11 10 14 11 16 4 4 12 5 16 6 21 7 20 4 8 25 9 21 10 23 11 15 4 16 19 17 10 18 22 19 25 
5 4 0 23 1 17 2 14 3 27 8 8 16 9 24 10 16 11 19 12 21 13 13 14 22 15 24 12 4 18 5 25 6 12 7 12 8 20 9 23 10 18 11 29 12 13 13 20 14 28 15 26 4 8 30 9 24 10 23 11 29 4 16 20 17 21 18 18 19 25 
5 4 0 18 1 12 2 17 3 30 8 4 15 5 29 6 28 7 12 12 29 13 22 14 28 15 25 8 4 17 5 22 6 29 7 15 8 27 9 12 10 21 11 26 4 4 24 5 25 6 21 7 18 4 16 24 17 25 18 17 19 20 
5 4 0 17 1 21 2 26 3 11 4 12 13 13 15 14 23 15 11 8 4 20 5 26 6 26 7 19 8 27 9 12 10 29 11 22 12 4 26 5 19 6 11 7 28 8 22 9 24 10 23 11 18 12 13 13 14 14 21 15 24 4 16 20 17 12 18 30 19 17 
5 4 0 16 1 25 2 19 3 27 4 8 15 9 30 10 16 11 30 8 8 20 9 16 10 25 11 17 12 22 13 13 14 12 15 29 8 4 14 5 13 6 28 7 29 12 21 13 12 14 27 15 16 4 16 27 17 24 18 24 19 11 
5 4 0 23 1 29 2 24 3 13 4 12 20 13 22 14 20 15 17 12 4 16 5 10 6 14 7 10 8 18 9 15 10 21 11 23 12 20 13 28 14 13 15 18 8 4 16 5 10 6 15 7 30 12 26 13 14 14 24 15 19 4 16 19 17 27 18 22 19 30 
5 4 0 14 1 16 2 15 3 15 4 8 10 9 15 10 10 11 14 8 4 14 5 20 6 26 7 14 8 29 9 18 10 12 11 13 4 4 18 5 11 6 25 7 23 4 16 30 17 13 18 27 19 12 
5 4 0 15 1 23 2 13 3 30 12 4 23 5 18 6 24 7 28 8 14 9 27 10 21 11 17 12 22 13 30 14 19 15 29 12 4 30 5 16 6 11 7 13 8 30 9 26 10 21 11 22 12 25 13 30 14 22 15 14 8 8 29 9 12 10 17 11 24 12 23 13 17 14 18 15 30 4 16 24 17 17 18 24 19 27 
5 4 0 22 1 26 2 14 3 22 4 12 22 13 23 14 26 15 16 8 8 30 9 14 10 28 11 17 12 11 13 19 14 23 15 22 8 4 15 5 21 6 26 7 29 8 16 9 10 10 29 11 22 4 16 18 17 30 18 15 19 15 
5 4 0 17 1 27 2 28 3 22 12 4 28 5 28 6 24 7 11 8 16 9 29 10 24 11 21 12 30 13 10 14 23 15 20 4 8 21 9 26 10 29 11 20 8 8 17 9 20 10 14 11 30 12 23 13 28 14 22 15 20 4 16 17 17 19 18 30 19 12 
5 4 0 29 1 23 2 23 3 16 8 4 14 5 17 6 21 7 27 12 30 13 18 14 16 15 27 8 8 16 9 17 10 28 11 22 12 20 13 26 14 10 15 13 12 4 29 5 21 6 10 7 13 8 25 9 13 10 18 11 27 12 10 13 30 14 14 15 10 4 16 18 17 30 18 19 19 11 
5 4 0 11 1 25 2 25 3 18 12 4 21 5 24 6 22 7 14 8 21 9 28 10 16 11 30 12 29 13 25 14 23 15 29 4 8 29 9 29 10 30 11 20 12 4 13 5 20 6 12 7 23 8 20 9 27 10 11 11 27 12 24 13 11 14 26 15 30 4 16 10 17 12 18 27 19 10 
5 4 0 28 1 21 2 28 3 10 4 8 22 9 24 10 25 11 30 12 4 19 5 19 6 21 7 26 8 14 9 21 10 27 11 27 12 24 13 20 14 16 15 28 4 12 27 13 22 14 25 15 24 4 16 22 17 19 18 13 19 22 
5 4 0 23 1 28 2 14 3 15 8 4 10 5 30 6 21 7 23 12 19 13 10 14 11 15 27 4 12 28 13 26 14 24 15 24 8 4 22 5 16 6 21 7 12 8 18 9 22 10 12 11 23 4 16 19 17 12 18 21 19 18 
5 4 0 27 1 25 2 30 3 18 4 8 24 9 27 10 28 11 30 4 4 15 5 28 6 30 7 13 12 4 15 5 24 6 10 7 24 8 22 9 22 10 28 11 21 12 25 13 24 14 20 15 19 4 16 19 17 12 18 17 19 25 
5 4 0 18 1 26 2 25 3 10 4 12 28 13 28 14 21 15 22 4 8 12 9 25 10 21 11 22 8 4 12 5 29 6 30 7 27 8 10 9 13 10 23 11 23 4 16 10 17 17 18 24 19 25 
5 4 0 28 1 20 2 11 3 24 4 8 11 9 11 10 10 11 16 8 4 12 5 28 6 29 7 16 12 14 13 20 14 12 15 23 12 4 25 5 24 6 27 7 16 8 25 9 29 10 14 11 21 12 29 13 15 14 19 15 27 4 16 19 17 27 18 13 19 19 

Dynamic Events

# Machine Breakdowns (machine_id start_time end_time)
Machine Breakdowns
0 564 577
1 196 210
2 250 264
6 245 255
14 306 320
16 509 524
17 188 202

# Added Jobs (arrival_time: num_ops num_alts_op1 m1 p1 ... num_alts_op2 m1 p1 ...)
Added Jobs
34: 5 5 10 11 3 15 8 15 19 16 12 28 12 19 15 3 17 7 14 17 10 9 10 16 13 5 16 18 20 14 27 1 28 2 12 13 24 4 14 27 0 25 16 25 8 29 4 11 16 12 19 14 18 0 24 11 3 21 17 11 9 24 0 14 13 25 11 23 16 18 7 14 14 24 6 15 12 22 
118: 5 10 19 11 11 15 12 11 2 21 10 19 4 26 13 25 16 25 6 26 3 12 4 5 26 16 22 6 29 7 15 7 9 10 7 28 6 22 14 25 10 26 11 17 3 22 9 10 25 15 16 9 12 13 23 1 16 4 29 5 17 16 27 2 25 11 9 30 10 17 2 22 6 14 0 27 13 28 3 23 4 10 15 23 12 12 14 28 
124: 5 10 14 19 12 21 15 19 16 30 19 30 18 22 4 23 2 17 11 15 3 20 7 8 11 0 29 15 19 10 20 14 27 7 11 16 13 7 10 18 18 20 16 24 19 26 14 21 17 26 4 23 4 14 22 12 15 9 13 3 24 6 15 10 3 28 0 15 4 30 16 26 1 26 
240: 5 10 0 28 3 18 17 24 4 30 18 20 2 14 7 19 16 30 11 14 8 17 11 13 16 18 27 9 19 7 19 6 12 12 12 15 27 8 20 4 30 19 27 3 10 12 5 29 18 29 1 28 14 21 4 24 11 17 19 16 3 29 0 29 8 28 2 17 7 25 12 6 22 8 25 11 25 15 27 5 25 14 19 4 30 19 20 13 22 2 20 3 27 7 16 8 16 13 12 26 4 19 5 27 0 16 17 14 15 20 10 14 
255: 5 10 3 22 18 20 19 25 10 15 7 27 8 13 9 15 1 23 12 22 13 18 6 14 11 17 18 13 27 15 17 19 28 18 15 9 2 30 17 21 19 14 4 16 15 24 14 28 5 14 12 27 6 18 8 5 28 10 18 4 19 2 15 8 14 17 23 16 25 18 14 8 12 29 4 30 8 15 1 27 5 12 13 22 0 21 14 21 

# Cancelled Jobs (cancel_time initial_job_sim_idx_to_cancel)
Cancelled Jobs
59 17
246 5

# ETPC Constraints (fore_job_sim_idx fore_op_idx hind_job_sim_idx hind_op_idx time_lapse)
ETPC Constraints
4 2 9 1 6
10 4 5 3 19
1 1 22 4 10
20 3 8 1 7
20 4 8 4 5
24 1 5 4 11
3 1 17 2 19
19 4 5 3 5
1 1 7 3 9
17 1 24 1 9
24 0 6 4 3
18 0 10 3 4
22 3 23 0 9
18 3 11 1 10
14 0 16 2 18
2 3 11 4 5
11 3 8 1 6
10 3 15 4 16
2 3 15 0 6
15 0 9 2 13
0 0 18 2 17
7 1 3 2 11
3 1 17 3 20
15 2 24 3 12
20 0 17 2 15
24 2 13 3 14
12 2 9 4 4
13 3 7 1 14
12 1 14 2 4
21 4 20 4 14
0 3 17 3 7
19 1 13 1 18
15 4 6 1 8
3 3 4 2 19
7 3 1 0 8
24 3 23 0 10
10 3 2 1 14
6 3 4 4 11
0 4 15 0 18
20 1 9 1 7
2 2 0 2 19
3 4 20 1 8
24 2 0 2 9
20 0 24 4 5
17 2 8 0 16
16 3 11 0 7
3 4 2 3 16
7 3 14 1 6
0 4 20 1 8
21 0 22 1 3
