20 20
5 4 0 27 1 22 2 12 3 19 12 4 20 5 28 6 16 7 11 8 14 9 29 10 18 11 29 12 11 13 26 14 12 15 21 12 4 17 5 28 6 22 7 24 8 15 9 21 10 30 11 28 12 29 13 12 14 24 15 26 4 12 21 13 12 14 17 15 14 4 16 23 17 17 18 26 19 24 
5 4 0 15 1 28 2 24 3 14 8 4 29 5 23 6 26 7 14 8 12 9 21 10 23 11 25 12 4 23 5 25 6 18 7 18 8 12 9 10 10 30 11 25 12 18 13 30 14 22 15 21 4 8 14 9 28 10 17 11 20 4 16 27 17 14 18 16 19 15 
5 4 0 12 1 10 2 20 3 22 12 4 15 5 24 6 27 7 15 8 10 9 26 10 12 11 22 12 16 13 22 14 17 15 17 12 4 20 5 20 6 18 7 15 8 16 9 26 10 26 11 29 12 25 13 18 14 17 15 26 8 8 11 9 14 10 12 11 25 12 13 13 24 14 11 15 15 4 16 14 17 29 18 29 19 15 
5 4 0 12 1 23 2 19 3 22 4 4 11 5 19 6 24 7 26 12 4 28 5 24 6 19 7 26 8 19 9 25 10 20 11 21 12 10 13 30 14 27 15 29 12 4 14 5 16 6 28 7 28 8 18 9 19 10 28 11 12 12 18 13 10 14 13 15 13 4 16 16 17 11 18 18 19 29 
5 4 0 19 1 26 2 26 3 19 4 4 18 5 20 6 28 7 22 12 4 27 5 30 6 14 7 26 8 27 9 26 10 21 11 25 12 11 13 13 14 19 15 30 12 4 10 5 19 6 20 7 19 8 18 9 20 10 20 11 16 12 10 13 11 14 29 15 29 4 16 23 17 27 18 18 19 30 
5 4 0 26 1 22 2 16 3 20 12 4 17 5 16 6 30 7 11 8 17 9 25 10 18 11 27 12 28 13 22 14 11 15 21 4 4 20 5 29 6 25 7 12 4 8 28 9 29 10 18 11 20 4 16 13 17 17 18 19 19 14 
5 4 0 20 1 28 2 27 3 12 8 4 19 5 16 6 18 7 18 8 11 9 12 10 20 11 10 4 4 16 5 14 6 17 7 22 12 4 29 5 19 6 21 7 27 8 26 9 18 10 19 11 14 12 25 13 22 14 27 15 13 4 16 27 17 18 18 25 19 30 
5 4 0 10 1 11 2 13 3 12 8 4 22 5 15 6 26 7 26 12 12 13 27 14 20 15 16 8 4 25 5 13 6 26 7 17 12 28 13 28 14 29 15 29 8 8 12 9 15 10 28 11 28 12 21 13 17 14 12 15 14 4 16 29 17 18 18 22 19 16 
5 4 0 25 1 26 2 29 3 18 8 4 17 5 29 6 19 7 12 12 11 13 12 14 24 15 22 8 8 26 9 15 10 21 11 17 12 13 13 11 14 30 15 14 12 4 21 5 13 6 11 7 28 8 26 9 13 10 20 11 23 12 20 13 11 14 19 15 27 4 16 18 17 11 18 10 19 27 
5 4 0 16 1 12 2 27 3 12 4 12 27 13 14 14 23 15 30 8 8 18 9 13 10 21 11 12 12 19 13 25 14 20 15 21 8 4 14 5 12 6 10 7 21 8 29 9 11 10 24 11 25 4 16 15 17 16 18 30 19 30 
5 4 0 13 1 15 2 15 3 10 12 4 25 5 30 6 24 7 13 8 15 9 14 10 23 11 20 12 26 13 21 14 15 15 16 12 4 19 5 22 6 13 7 19 8 20 9 10 10 30 11 19 12 19 13 17 14 22 15 26 12 4 24 5 24 6 11 7 23 8 15 9 30 10 25 11 19 12 14 13 26 14 18 15 22 4 16 17 17 19 18 14 19 13 
5 4 0 28 1 14 2 19 3 13 4 4 24 5 11 6 29 7 24 4 12 20 13 29 14 24 15 12 12 4 25 5 30 6 27 7 13 8 12 9 16 10 26 11 29 12 15 13 11 14 25 15 30 4 16 29 17 18 18 27 19 26 
5 4 0 27 1 23 2 21 3 22 8 4 20 5 23 6 14 7 28 12 13 13 18 14 22 15 26 12 4 11 5 23 6 10 7 19 8 22 9 22 10 14 11 16 12 16 13 16 14 10 15 22 12 4 15 5 19 6 20 7 16 8 28 9 14 10 18 11 24 12 12 13 18 14 24 15 10 4 16 30 17 19 18 14 19 18 
5 4 0 14 1 27 2 22 3 10 8 4 19 5 26 6 27 7 29 8 18 9 17 10 19 11 18 8 4 11 5 14 6 26 7 21 12 12 13 19 14 16 15 14 8 4 11 5 27 6 25 7 23 12 22 13 19 14 27 15 29 4 16 12 17 30 18 29 19 27 
5 4 0 13 1 21 2 11 3 15 4 12 24 13 20 14 20 15 23 12 4 23 5 12 6 20 7 22 8 28 9 10 10 18 11 12 12 13 13 23 14 24 15 16 4 4 29 5 21 6 29 7 15 4 16 22 17 12 18 13 19 13 
5 4 0 27 1 13 2 25 3 28 4 12 28 13 26 14 18 15 15 4 8 11 9 28 10 23 11 24 8 4 18 5 27 6 23 7 24 8 18 9 16 10 18 11 24 4 16 12 17 20 18 16 19 28 
5 4 0 21 1 13 2 23 3 20 8 4 30 5 30 6 23 7 17 12 10 13 22 14 18 15 16 8 8 20 9 18 10 13 11 30 12 17 13 12 14 30 15 24 4 8 27 9 21 10 14 11 29 4 16 11 17 10 18 19 19 30 
5 4 0 27 1 13 2 25 3 20 4 8 21 9 10 10 24 11 13 4 8 27 9 22 10 20 11 13 8 4 17 5 11 6 27 7 22 8 16 9 28 10 22 11 30 4 16 13 17 12 18 22 19 24 
5 4 0 17 1 10 2 23 3 19 8 8 28 9 23 10 10 11 30 12 29 13 13 14 13 15 29 8 4 17 5 26 6 14 7 23 8 30 9 13 10 24 11 17 12 4 18 5 18 6 21 7 24 8 26 9 16 10 15 11 26 12 26 13 12 14 25 15 29 4 16 24 17 25 18 26 19 17 
5 4 0 22 1 25 2 15 3 25 4 12 24 13 12 14 21 15 21 8 8 25 9 18 10 22 11 25 12 19 13 28 14 26 15 21 4 4 15 5 25 6 14 7 22 4 16 15 17 10 18 16 19 27 

Dynamic Events

# Machine Breakdowns (machine_id start_time end_time)
Machine Breakdowns
4 564 576
6 715 724
10 247 260
11 177 190
12 490 499
13 187 199
14 671 680
18 72 81

# Added Jobs (arrival_time: num_ops num_alts_op1 m1 p1 ... num_alts_op2 m1 p1 ...)
Added Jobs
123: 5 6 11 28 14 16 1 26 9 11 7 24 13 25 7 7 16 9 21 14 17 17 22 4 25 15 15 2 20 6 14 30 1 28 6 27 4 30 17 29 16 23 6 15 19 2 23 7 18 10 29 12 12 16 19 6 18 25 6 12 1 24 2 21 19 20 9 16 
161: 5 6 1 25 14 11 17 28 16 24 8 19 5 24 10 17 26 1 12 12 25 18 11 2 15 14 28 0 16 5 13 15 24 13 27 6 2 21 12 10 14 23 0 14 9 30 3 15 7 5 18 1 24 19 30 16 22 10 22 17 10 3 14 5 8 27 4 25 1 28 3 15 12 12 
174: 5 12 17 25 3 21 9 12 1 14 2 27 13 14 19 17 12 13 18 22 11 27 0 17 7 13 12 7 27 2 26 17 11 0 15 1 24 6 15 18 10 15 12 5 28 14 24 19 30 13 27 7 2 19 8 17 9 22 14 23 19 18 11 10 17 30 8 0 24 9 29 15 26 19 17 2 12 7 26 18 24 11 28 8 5 28 10 16 7 29 11 21 3 19 19 20 17 12 6 28 
208: 5 11 5 21 8 19 16 19 11 24 13 17 15 24 4 16 9 16 18 10 3 23 7 15 5 18 22 10 11 2 28 4 15 13 15 6 11 29 18 27 16 13 15 14 5 13 13 28 12 9 24 7 28 15 22 3 17 1 27 11 24 17 18 12 17 5 18 14 20 10 12 16 12 12 6 14 14 11 12 24 2 26 10 30 19 29 3 12 17 28 15 15 1 16 5 22 0 23 
291: 5 9 0 14 17 26 3 21 4 25 18 17 15 10 11 30 6 25 13 25 12 6 12 11 13 15 15 1 18 10 27 14 27 0 13 3 16 4 12 12 16 2 12 13 10 6 6 25 7 13 11 24 12 24 18 27 9 30 6 6 29 13 19 2 14 9 26 0 24 3 23 7 4 11 19 27 2 20 12 10 8 16 14 18 10 18 
300: 5 5 14 25 8 10 17 16 4 22 18 11 11 14 23 8 29 12 10 18 27 5 22 1 11 10 29 19 21 7 14 4 30 16 14 5 4 29 5 20 11 20 1 22 3 28 11 9 15 11 27 5 16 8 20 19 29 16 26 3 19 18 11 1 23 7 21 10 21 7 5 18 0 18 7 13 17 29 19 25 10 16 16 19 

# Cancelled Jobs (cancel_time initial_job_sim_idx_to_cancel)
Cancelled Jobs
380 0

# ETPC Constraints (fore_job_sim_idx fore_op_idx hind_job_sim_idx hind_op_idx time_lapse)
ETPC Constraints
18 4 8 0 14
6 0 10 0 4
0 3 4 1 16
15 0 3 0 19
20 3 9 1 8
12 2 25 2 20
3 3 18 3 5
16 4 5 3 11
17 2 9 0 7
8 2 19 3 3
8 4 5 1 6
11 1 10 0 7
2 3 3 3 16
15 0 4 3 4
6 0 5 1 12
23 1 21 1 17
9 2 13 2 11
7 0 13 1 10
10 2 21 1 7
7 3 2 1 14
1 1 11 1 7
2 3 4 1 16
1 3 6 4 12
21 0 22 1 12
10 3 0 1 8
1 2 21 4 8
3 4 12 2 5
10 3 2 4 13
5 3 19 3 9
4 2 25 1 10
14 1 8 4 7
5 1 25 3 11
8 3 2 2 11
14 3 21 4 3
13 0 17 2 10
9 0 24 4 17
17 0 6 4 13
3 4 7 0 5
18 3 22 2 4
7 4 12 4 20
4 3 10 0 8
0 3 1 3 6
0 3 24 3 19
10 2 3 4 6
12 2 24 1 9
18 1 24 1 5
16 3 5 3 9
17 1 15 3 19
7 2 13 0 6
11 4 3 3 18
17 3 1 3 8
10 3 12 0 5
