20 20
5 4 0 27 1 22 2 12 3 19 12 4 20 5 28 6 16 7 11 8 14 9 29 10 18 11 29 12 11 13 26 14 12 15 21 12 4 17 5 28 6 22 7 24 8 15 9 21 10 30 11 28 12 29 13 12 14 24 15 26 4 12 21 13 12 14 17 15 14 4 16 23 17 17 18 26 19 24 
5 4 0 15 1 28 2 24 3 14 8 4 29 5 23 6 26 7 14 8 12 9 21 10 23 11 25 12 4 23 5 25 6 18 7 18 8 12 9 10 10 30 11 25 12 18 13 30 14 22 15 21 4 8 14 9 28 10 17 11 20 4 16 27 17 14 18 16 19 15 
5 4 0 12 1 10 2 20 3 22 12 4 15 5 24 6 27 7 15 8 10 9 26 10 12 11 22 12 16 13 22 14 17 15 17 12 4 20 5 20 6 18 7 15 8 16 9 26 10 26 11 29 12 25 13 18 14 17 15 26 8 8 11 9 14 10 12 11 25 12 13 13 24 14 11 15 15 4 16 14 17 29 18 29 19 15 
5 4 0 12 1 23 2 19 3 22 4 4 11 5 19 6 24 7 26 12 4 28 5 24 6 19 7 26 8 19 9 25 10 20 11 21 12 10 13 30 14 27 15 29 12 4 14 5 16 6 28 7 28 8 18 9 19 10 28 11 12 12 18 13 10 14 13 15 13 4 16 16 17 11 18 18 19 29 
5 4 0 19 1 26 2 26 3 19 4 4 18 5 20 6 28 7 22 12 4 27 5 30 6 14 7 26 8 27 9 26 10 21 11 25 12 11 13 13 14 19 15 30 12 4 10 5 19 6 20 7 19 8 18 9 20 10 20 11 16 12 10 13 11 14 29 15 29 4 16 23 17 27 18 18 19 30 
5 4 0 26 1 22 2 16 3 20 12 4 17 5 16 6 30 7 11 8 17 9 25 10 18 11 27 12 28 13 22 14 11 15 21 4 4 20 5 29 6 25 7 12 4 8 28 9 29 10 18 11 20 4 16 13 17 17 18 19 19 14 
5 4 0 20 1 28 2 27 3 12 8 4 19 5 16 6 18 7 18 8 11 9 12 10 20 11 10 4 4 16 5 14 6 17 7 22 12 4 29 5 19 6 21 7 27 8 26 9 18 10 19 11 14 12 25 13 22 14 27 15 13 4 16 27 17 18 18 25 19 30 
5 4 0 10 1 11 2 13 3 12 8 4 22 5 15 6 26 7 26 12 12 13 27 14 20 15 16 8 4 25 5 13 6 26 7 17 12 28 13 28 14 29 15 29 8 8 12 9 15 10 28 11 28 12 21 13 17 14 12 15 14 4 16 29 17 18 18 22 19 16 
5 4 0 25 1 26 2 29 3 18 8 4 17 5 29 6 19 7 12 12 11 13 12 14 24 15 22 8 8 26 9 15 10 21 11 17 12 13 13 11 14 30 15 14 12 4 21 5 13 6 11 7 28 8 26 9 13 10 20 11 23 12 20 13 11 14 19 15 27 4 16 18 17 11 18 10 19 27 
5 4 0 16 1 12 2 27 3 12 4 12 27 13 14 14 23 15 30 8 8 18 9 13 10 21 11 12 12 19 13 25 14 20 15 21 8 4 14 5 12 6 10 7 21 8 29 9 11 10 24 11 25 4 16 15 17 16 18 30 19 30 
5 4 0 13 1 15 2 15 3 10 12 4 25 5 30 6 24 7 13 8 15 9 14 10 23 11 20 12 26 13 21 14 15 15 16 12 4 19 5 22 6 13 7 19 8 20 9 10 10 30 11 19 12 19 13 17 14 22 15 26 12 4 24 5 24 6 11 7 23 8 15 9 30 10 25 11 19 12 14 13 26 14 18 15 22 4 16 17 17 19 18 14 19 13 
5 4 0 28 1 14 2 19 3 13 4 4 24 5 11 6 29 7 24 4 12 20 13 29 14 24 15 12 12 4 25 5 30 6 27 7 13 8 12 9 16 10 26 11 29 12 15 13 11 14 25 15 30 4 16 29 17 18 18 27 19 26 
5 4 0 27 1 23 2 21 3 22 8 4 20 5 23 6 14 7 28 12 13 13 18 14 22 15 26 12 4 11 5 23 6 10 7 19 8 22 9 22 10 14 11 16 12 16 13 16 14 10 15 22 12 4 15 5 19 6 20 7 16 8 28 9 14 10 18 11 24 12 12 13 18 14 24 15 10 4 16 30 17 19 18 14 19 18 
5 4 0 14 1 27 2 22 3 10 8 4 19 5 26 6 27 7 29 8 18 9 17 10 19 11 18 8 4 11 5 14 6 26 7 21 12 12 13 19 14 16 15 14 8 4 11 5 27 6 25 7 23 12 22 13 19 14 27 15 29 4 16 12 17 30 18 29 19 27 
5 4 0 13 1 21 2 11 3 15 4 12 24 13 20 14 20 15 23 12 4 23 5 12 6 20 7 22 8 28 9 10 10 18 11 12 12 13 13 23 14 24 15 16 4 4 29 5 21 6 29 7 15 4 16 22 17 12 18 13 19 13 
5 4 0 27 1 13 2 25 3 28 4 12 28 13 26 14 18 15 15 4 8 11 9 28 10 23 11 24 8 4 18 5 27 6 23 7 24 8 18 9 16 10 18 11 24 4 16 12 17 20 18 16 19 28 
5 4 0 21 1 13 2 23 3 20 8 4 30 5 30 6 23 7 17 12 10 13 22 14 18 15 16 8 8 20 9 18 10 13 11 30 12 17 13 12 14 30 15 24 4 8 27 9 21 10 14 11 29 4 16 11 17 10 18 19 19 30 
5 4 0 27 1 13 2 25 3 20 4 8 21 9 10 10 24 11 13 4 8 27 9 22 10 20 11 13 8 4 17 5 11 6 27 7 22 8 16 9 28 10 22 11 30 4 16 13 17 12 18 22 19 24 
5 4 0 17 1 10 2 23 3 19 8 8 28 9 23 10 10 11 30 12 29 13 13 14 13 15 29 8 4 17 5 26 6 14 7 23 8 30 9 13 10 24 11 17 12 4 18 5 18 6 21 7 24 8 26 9 16 10 15 11 26 12 26 13 12 14 25 15 29 4 16 24 17 25 18 26 19 17 
5 4 0 22 1 25 2 15 3 25 4 12 24 13 12 14 21 15 21 8 8 25 9 18 10 22 11 25 12 19 13 28 14 26 15 21 4 4 15 5 25 6 14 7 22 4 16 15 17 10 18 16 19 27 

Dynamic Events

# Machine Breakdowns (machine_id start_time end_time)
Machine Breakdowns
1 400 413
4 231 245
13 569 582
16 127 137

# Added Jobs (arrival_time: num_ops num_alts_op1 m1 p1 ... num_alts_op2 m1 p1 ...)
Added Jobs
103: 5 5 17 25 9 23 0 22 19 14 10 21 7 10 11 7 26 2 29 5 22 9 15 3 10 18 21 12 19 17 13 29 8 15 6 19 16 14 9 24 1 18 18 18 12 11 4 16 17 23 15 19 7 0 25 7 17 3 24 5 24 9 28 13 19 1 23 10 2 19 18 15 4 16 15 15 13 20 0 19 3 22 9 12 7 15 10 10 
158: 5 8 15 30 9 15 5 19 11 13 19 23 8 25 6 15 13 30 7 10 12 17 28 19 24 13 24 18 21 16 20 9 27 5 13 19 16 29 9 21 15 30 12 13 7 0 10 10 12 8 16 14 24 5 17 18 20 2 12 5 6 15 10 30 4 12 3 27 12 28 
192: 5 7 19 29 9 17 4 15 5 25 12 29 2 17 1 27 11 7 11 16 18 12 12 9 17 5 19 13 18 3 20 11 15 19 16 4 13 1 23 11 17 23 12 18 4 19 8 10 3 11 13 16 10 13 7 26 6 19 19 14 14 19 10 18 13 5 20 17 18 15 23 2 22 3 24 13 11 7 28 12 27 4 23 8 7 11 12 13 17 17 2 18 19 13 3 16 16 23 9 15 
270: 5 8 1 27 4 28 19 27 13 24 0 17 3 19 18 17 10 26 10 14 12 19 14 6 19 11 26 7 25 4 17 1 28 8 19 17 28 13 26 9 1 16 12 17 3 28 10 21 13 10 9 14 16 28 2 28 15 10 10 3 13 4 11 2 28 13 29 1 25 16 30 10 21 5 30 6 19 15 25 11 4 25 3 20 6 30 0 13 13 15 16 13 17 20 5 13 15 15 7 11 19 26 
272: 5 9 19 28 14 25 13 15 4 30 7 17 8 13 1 21 17 12 11 24 9 5 13 11 22 16 21 7 21 6 28 19 29 17 13 4 28 8 20 5 4 26 3 27 18 17 1 22 9 28 10 4 22 17 22 2 21 8 15 3 17 15 21 19 27 0 10 18 10 6 10 9 6 24 8 25 1 15 16 11 10 22 18 11 15 26 13 23 14 13 

# Cancelled Jobs (cancel_time initial_job_sim_idx_to_cancel)
Cancelled Jobs
43 0
513 14

# ETPC Constraints (fore_job_sim_idx fore_op_idx hind_job_sim_idx hind_op_idx time_lapse)
ETPC Constraints
18 4 13 2 6
13 2 12 2 15
7 4 14 3 3
23 0 10 0 13
18 1 14 3 10
1 3 10 1 10
12 1 16 3 16
21 1 1 1 16
10 1 3 3 7
8 3 0 0 11
23 3 0 0 7
9 4 18 1 15
15 2 2 2 5
24 3 4 1 18
5 4 13 0 8
11 1 7 0 19
3 3 12 2 16
4 0 19 2 4
17 1 0 2 7
16 4 19 0 8
9 2 11 0 7
19 3 0 4 19
23 1 3 2 8
5 1 12 1 11
3 2 9 2 16
21 0 6 0 5
9 1 16 1 19
8 0 7 0 8
3 2 12 1 8
10 3 5 0 6
6 1 8 2 9
16 4 10 3 16
4 0 20 4 6
5 4 10 3 6
0 0 13 2 20
9 3 5 4 4
11 3 9 0 17
10 1 20 4 20
11 4 22 1 16
6 0 14 2 8
12 3 11 3 8
12 0 13 3 8
7 3 18 4 3
0 4 8 1 20
7 0 15 1 20
15 2 1 3 15
11 4 7 4 5
18 4 8 0 18
2 2 8 3 8
23 3 19 4 3
