20 20
5 4 0 11 1 17 2 29 3 20 8 4 27 5 23 6 28 7 21 8 28 9 30 10 26 11 18 12 4 25 5 12 6 25 7 27 8 18 9 14 10 13 11 20 12 18 13 13 14 24 15 19 12 4 16 5 20 6 13 7 12 8 16 9 15 10 12 11 11 12 17 13 17 14 21 15 10 4 16 28 17 29 18 30 19 27 
5 4 0 15 1 28 2 21 3 24 8 4 22 5 16 6 17 7 16 8 11 9 24 10 14 11 29 12 4 12 5 30 6 14 7 20 8 23 9 14 10 24 11 15 12 29 13 26 14 17 15 22 8 4 11 5 11 6 28 7 18 12 28 13 29 14 14 15 19 4 16 30 17 24 18 15 19 18 
5 4 0 11 1 10 2 16 3 13 12 4 23 5 21 6 19 7 16 8 25 9 18 10 28 11 17 12 24 13 17 14 22 15 18 4 8 13 9 18 10 15 11 27 4 12 21 13 10 14 27 15 29 4 16 15 17 17 18 20 19 16 
5 4 0 28 1 10 2 24 3 17 8 4 22 5 10 6 27 7 21 12 22 13 13 14 10 15 11 8 4 12 5 14 6 27 7 18 12 14 13 12 14 10 15 12 4 8 14 9 10 10 20 11 18 4 16 20 17 10 18 13 19 19 
5 4 0 27 1 24 2 20 3 28 12 4 25 5 13 6 24 7 18 8 26 9 17 10 30 11 12 12 21 13 19 14 21 15 21 12 4 29 5 19 6 13 7 18 8 13 9 29 10 28 11 18 12 20 13 29 14 13 15 29 8 4 30 5 30 6 20 7 14 8 13 9 12 10 18 11 26 4 16 21 17 25 18 27 19 19 
5 4 0 12 1 11 2 20 3 17 12 4 14 5 17 6 10 7 22 8 24 9 12 10 24 11 18 12 11 13 21 14 12 15 21 4 4 30 5 16 6 11 7 28 12 4 30 5 24 6 29 7 24 8 27 9 30 10 10 11 28 12 29 13 28 14 29 15 23 4 16 18 17 26 18 10 19 12 
5 4 0 11 1 14 2 24 3 14 8 4 26 5 30 6 15 7 13 8 29 9 10 10 24 11 29 8 4 26 5 12 6 10 7 16 8 29 9 15 10 15 11 30 12 4 23 5 16 6 29 7 15 8 13 9 13 10 17 11 13 12 14 13 15 14 16 15 21 4 16 13 17 21 18 18 19 18 
5 4 0 25 1 25 2 17 3 22 4 8 28 9 26 10 12 11 21 12 4 27 5 27 6 16 7 26 8 19 9 26 10 15 11 25 12 16 13 20 14 17 15 11 4 4 13 5 23 6 30 7 20 4 16 27 17 14 18 30 19 19 
5 4 0 16 1 12 2 21 3 17 8 8 21 9 17 10 30 11 28 12 14 13 26 14 13 15 22 12 4 28 5 17 6 25 7 19 8 14 9 12 10 15 11 27 12 22 13 22 14 19 15 26 12 4 20 5 17 6 29 7 16 8 23 9 28 10 24 11 11 12 27 13 28 14 20 15 28 4 16 26 17 14 18 14 19 22 
5 4 0 27 1 12 2 21 3 22 4 4 10 5 22 6 18 7 15 4 4 28 5 15 6 14 7 15 4 8 10 9 16 10 10 11 11 4 16 16 17 16 18 29 19 18 
5 4 0 28 1 13 2 13 3 12 8 4 29 5 13 6 29 7 24 8 27 9 29 10 11 11 10 4 4 18 5 21 6 12 7 21 12 4 22 5 22 6 11 7 11 8 27 9 30 10 12 11 26 12 18 13 14 14 26 15 10 4 16 13 17 13 18 26 19 24 
5 4 0 27 1 24 2 30 3 20 8 4 24 5 23 6 16 7 18 12 10 13 29 14 14 15 10 12 4 14 5 18 6 23 7 24 8 16 9 14 10 19 11 13 12 22 13 16 14 10 15 21 8 4 29 5 13 6 20 7 10 8 12 9 15 10 15 11 29 4 16 26 17 28 18 29 19 17 
5 4 0 26 1 13 2 20 3 16 4 8 15 9 22 10 16 11 20 8 4 23 5 15 6 16 7 27 8 24 9 17 10 20 11 29 8 4 28 5 11 6 18 7 26 12 11 13 20 14 12 15 25 4 16 13 17 26 18 11 19 24 
5 4 0 18 1 22 2 18 3 13 12 4 16 5 19 6 22 7 25 8 25 9 17 10 18 11 19 12 14 13 27 14 26 15 26 8 4 23 5 23 6 23 7 10 8 29 9 15 10 19 11 16 4 8 11 9 27 10 24 11 17 4 16 26 17 12 18 14 19 30 
5 4 0 14 1 14 2 24 3 17 8 4 16 5 11 6 27 7 14 8 27 9 22 10 16 11 15 4 8 27 9 16 10 27 11 23 12 4 10 5 27 6 20 7 21 8 11 9 16 10 18 11 13 12 19 13 24 14 13 15 20 4 16 29 17 20 18 20 19 25 
5 4 0 21 1 17 2 21 3 10 12 4 30 5 27 6 14 7 13 8 27 9 28 10 27 11 17 12 27 13 13 14 24 15 12 8 8 21 9 25 10 22 11 16 12 18 13 22 14 28 15 12 4 8 10 9 27 10 30 11 12 4 16 12 17 27 18 13 19 11 
5 4 0 18 1 22 2 26 3 10 8 8 23 9 26 10 30 11 29 12 30 13 25 14 26 15 27 8 8 20 9 20 10 15 11 23 12 26 13 25 14 28 15 20 12 4 19 5 20 6 21 7 28 8 10 9 11 10 25 11 19 12 15 13 14 14 26 15 28 4 16 20 17 17 18 21 19 16 
5 4 0 23 1 15 2 29 3 14 8 4 14 5 18 6 15 7 15 12 30 13 18 14 23 15 27 8 4 25 5 17 6 20 7 22 8 26 9 16 10 25 11 12 4 4 17 5 19 6 22 7 21 4 16 25 17 20 18 22 19 12 
5 4 0 24 1 24 2 15 3 16 12 4 23 5 18 6 17 7 10 8 17 9 23 10 17 11 20 12 23 13 17 14 12 15 13 12 4 29 5 18 6 13 7 13 8 19 9 27 10 19 11 19 12 21 13 23 14 21 15 10 4 4 14 5 11 6 28 7 22 4 16 21 17 20 18 17 19 24 
5 4 0 28 1 24 2 18 3 27 12 4 26 5 11 6 22 7 17 8 10 9 18 10 23 11 20 12 29 13 26 14 16 15 15 12 4 18 5 27 6 21 7 24 8 23 9 29 10 22 11 12 12 20 13 27 14 12 15 22 12 4 22 5 19 6 16 7 20 8 19 9 12 10 11 11 29 12 14 13 13 14 23 15 17 4 16 10 17 26 18 24 19 24 

Dynamic Events

# Machine Breakdowns (machine_id start_time end_time)
Machine Breakdowns
0 468 477
2 717 729
15 82 93
18 287 301
19 269 278

# Added Jobs (arrival_time: num_ops num_alts_op1 m1 p1 ... num_alts_op2 m1 p1 ...)
Added Jobs
87: 5 8 1 19 7 23 16 13 6 11 8 10 18 29 3 22 17 10 5 10 16 5 14 4 24 8 14 16 26 11 0 23 18 27 5 12 6 12 4 26 15 12 14 20 7 12 1 14 16 12 13 12 5 17 14 0 19 9 12 2 25 13 21 10 4 18 8 14 7 28 12 29 17 27 6 27 11 10 0 25 9 16 16 16 
229: 5 10 19 30 8 17 3 15 10 20 17 12 6 16 7 23 18 14 15 20 16 13 10 13 21 9 11 17 23 5 22 12 16 8 18 4 15 14 12 18 22 10 30 7 7 27 2 20 11 15 1 28 3 24 6 14 19 14 5 0 28 17 24 2 26 8 12 5 13 6 1 10 6 30 7 10 8 16 17 16 2 14 
364: 5 4 3 24 14 18 7 12 2 30 5 7 26 9 20 3 23 19 22 16 15 4 10 21 15 14 8 22 5 26 6 11 19 18 29 9 28 15 18 6 13 17 28 4 18 15 10 12 5 24 2 23 
387: 5 10 18 30 19 16 14 13 8 13 1 17 13 18 12 17 0 21 2 19 6 17 10 15 11 5 15 0 23 4 17 10 17 7 21 1 28 12 24 14 28 6 18 6 2 25 12 24 8 25 15 18 7 28 1 14 4 6 10 4 12 11 26 2 22 11 11 25 18 19 6 13 10 30 3 12 13 11 7 25 12 16 16 15 19 25 9 19 

# Cancelled Jobs (cancel_time initial_job_sim_idx_to_cancel)
Cancelled Jobs
184 7
229 15
374 18
415 0

# ETPC Constraints (fore_job_sim_idx fore_op_idx hind_job_sim_idx hind_op_idx time_lapse)
ETPC Constraints
11 4 18 2 8
17 2 3 4 14
7 3 2 0 18
23 4 2 3 9
16 2 23 3 7
11 2 0 2 7
21 4 13 3 6
6 1 17 0 17
6 1 2 1 20
21 3 18 4 14
12 0 23 3 16
16 2 10 1 17
23 3 0 0 4
9 3 7 0 19
20 4 16 3 11
18 4 22 3 5
3 3 4 3 14
20 1 23 2 6
20 0 4 3 20
7 1 10 2 20
5 0 16 2 5
16 2 14 0 9
21 0 18 4 5
6 3 2 0 11
18 2 11 1 7
19 2 15 3 5
8 0 5 1 4
9 3 4 1 19
5 3 2 0 9
20 3 3 3 15
17 1 19 4 16
19 2 14 2 15
6 4 12 1 9
5 4 2 4 19
2 2 14 4 12
10 4 11 0 14
5 0 22 2 17
5 1 6 3 14
13 2 16 1 8
7 2 23 3 13
15 4 8 4 8
18 1 23 3 4
12 3 11 2 7
22 2 21 3 13
9 1 10 3 16
3 3 11 4 16
4 3 18 3 16
10 3 12 4 9
