50 20
5 4 0 27 1 12 2 20 3 10 4 8 26 9 28 10 24 11 30 4 8 23 9 23 10 14 11 19 12 4 27 5 16 6 19 7 27 8 16 9 22 10 27 11 16 12 15 13 19 14 23 15 22 4 16 11 17 26 18 21 19 30 
5 4 0 23 1 29 2 12 3 28 4 12 18 13 24 14 16 15 14 8 4 18 5 16 6 15 7 17 12 15 13 15 14 23 15 19 8 4 17 5 15 6 21 7 20 12 21 13 26 14 25 15 30 4 16 14 17 22 18 17 19 22 
5 4 0 30 1 16 2 19 3 29 4 4 14 5 10 6 11 7 27 4 12 19 13 24 14 26 15 30 8 8 10 9 11 10 25 11 10 12 21 13 26 14 16 15 23 4 16 13 17 27 18 12 19 15 
5 4 0 15 1 30 2 20 3 10 4 12 18 13 22 14 29 15 20 12 4 23 5 29 6 12 7 20 8 22 9 13 10 21 11 17 12 17 13 29 14 18 15 25 4 12 17 13 23 14 17 15 28 4 16 24 17 16 18 28 19 23 
5 4 0 18 1 30 2 10 3 15 4 4 27 5 30 6 25 7 17 4 12 10 13 22 14 10 15 10 4 8 15 9 23 10 26 11 21 4 16 27 17 26 18 14 19 28 
5 4 0 15 1 25 2 18 3 17 8 4 24 5 30 6 23 7 26 8 11 9 21 10 10 11 24 8 4 15 5 17 6 16 7 18 8 17 9 30 10 23 11 20 12 4 12 5 18 6 12 7 25 8 12 9 20 10 14 11 28 12 15 13 16 14 22 15 11 4 16 20 17 20 18 24 19 27 
5 4 0 14 1 30 2 27 3 22 4 12 22 13 30 14 11 15 14 12 4 24 5 26 6 24 7 16 8 25 9 18 10 20 11 15 12 20 13 14 14 16 15 25 4 4 18 5 18 6 19 7 25 4 16 24 17 22 18 18 19 27 
5 4 0 23 1 24 2 21 3 23 8 4 11 5 21 6 23 7 18 8 20 9 12 10 25 11 24 4 4 19 5 25 6 23 7 24 4 4 10 5 20 6 16 7 22 4 16 14 17 22 18 19 19 21 
5 4 0 21 1 27 2 21 3 27 4 8 22 9 22 10 30 11 28 4 8 14 9 29 10 22 11 24 12 4 28 5 15 6 15 7 21 8 27 9 15 10 29 11 26 12 19 13 18 14 30 15 27 4 16 18 17 18 18 22 19 21 
5 4 0 19 1 16 2 23 3 28 12 4 15 5 14 6 12 7 18 8 26 9 29 10 22 11 26 12 11 13 21 14 12 15 23 4 4 29 5 30 6 22 7 10 12 4 19 5 21 6 19 7 21 8 22 9 14 10 13 11 22 12 18 13 30 14 12 15 25 4 16 21 17 19 18 23 19 28 
5 4 0 18 1 14 2 21 3 27 12 4 15 5 15 6 29 7 18 8 21 9 25 10 11 11 30 12 18 13 25 14 15 15 25 8 4 21 5 18 6 25 7 25 12 29 13 24 14 15 15 17 4 4 21 5 14 6 14 7 17 4 16 13 17 24 18 19 19 11 
5 4 0 10 1 22 2 25 3 12 12 4 10 5 12 6 17 7 21 8 11 9 11 10 23 11 24 12 18 13 24 14 19 15 21 4 4 28 5 29 6 22 7 28 8 8 27 9 15 10 11 11 10 12 20 13 26 14 21 15 15 4 16 28 17 29 18 30 19 11 
5 4 0 21 1 17 2 14 3 17 12 4 21 5 24 6 18 7 26 8 27 9 14 10 10 11 17 12 30 13 21 14 11 15 22 8 8 30 9 28 10 17 11 11 12 15 13 26 14 12 15 24 4 4 24 5 30 6 23 7 10 4 16 12 17 22 18 18 19 24 
5 4 0 10 1 14 2 29 3 29 12 4 14 5 19 6 16 7 25 8 22 9 16 10 28 11 30 12 10 13 29 14 24 15 11 4 4 29 5 19 6 19 7 14 4 12 25 13 17 14 30 15 21 4 16 21 17 10 18 13 19 29 
5 4 0 29 1 16 2 25 3 13 12 4 30 5 25 6 19 7 11 8 15 9 28 10 14 11 23 12 10 13 12 14 29 15 13 8 4 14 5 22 6 10 7 11 8 30 9 16 10 28 11 20 12 4 17 5 12 6 25 7 18 8 27 9 10 10 23 11 12 12 10 13 10 14 27 15 18 4 16 30 17 18 18 12 19 24 
5 4 0 10 1 10 2 13 3 25 8 4 27 5 24 6 26 7 17 12 27 13 10 14 18 15 19 4 12 16 13 14 14 28 15 10 12 4 19 5 25 6 17 7 28 8 11 9 14 10 29 11 10 12 13 13 27 14 25 15 29 4 16 18 17 22 18 16 19 14 
5 4 0 10 1 18 2 14 3 23 12 4 25 5 24 6 12 7 23 8 11 9 21 10 27 11 10 12 12 13 30 14 11 15 16 8 8 13 9 17 10 23 11 19 12 23 13 25 14 15 15 20 8 8 13 9 27 10 14 11 14 12 13 13 18 14 25 15 26 4 16 12 17 25 18 19 19 27 
5 4 0 22 1 17 2 11 3 22 4 4 21 5 28 6 29 7 17 8 4 15 5 24 6 21 7 15 12 30 13 26 14 11 15 29 8 8 13 9 29 10 17 11 27 12 16 13 25 14 20 15 25 4 16 12 17 10 18 29 19 12 
5 4 0 25 1 12 2 10 3 28 8 4 24 5 20 6 16 7 28 8 11 9 29 10 21 11 23 4 8 21 9 29 10 25 11 23 8 4 27 5 17 6 25 7 27 8 11 9 22 10 25 11 16 4 16 29 17 29 18 17 19 24 
5 4 0 19 1 15 2 19 3 29 4 8 16 9 26 10 19 11 11 4 4 11 5 29 6 21 7 14 4 12 24 13 18 14 13 15 27 4 16 22 17 28 18 15 19 26 
5 4 0 26 1 26 2 13 3 20 12 4 23 5 22 6 30 7 28 8 30 9 27 10 23 11 29 12 21 13 25 14 23 15 19 4 8 21 9 28 10 19 11 25 8 8 13 9 19 10 18 11 11 12 18 13 19 14 10 15 18 4 16 15 17 16 18 27 19 18 
5 4 0 18 1 10 2 16 3 10 12 4 25 5 15 6 15 7 21 8 20 9 11 10 10 11 10 12 28 13 20 14 14 15 17 12 4 30 5 30 6 26 7 23 8 24 9 17 10 14 11 21 12 28 13 12 14 15 15 27 4 12 12 13 29 14 12 15 26 4 16 24 17 10 18 25 19 20 
5 4 0 26 1 28 2 18 3 25 8 4 17 5 19 6 29 7 27 12 24 13 11 14 26 15 27 4 12 29 13 23 14 28 15 17 4 8 24 9 26 10 19 11 25 4 16 24 17 23 18 19 19 11 
5 4 0 24 1 28 2 16 3 16 4 12 17 13 24 14 26 15 20 12 4 19 5 30 6 16 7 27 8 11 9 21 10 10 11 17 12 22 13 14 14 29 15 18 12 4 20 5 21 6 20 7 22 8 27 9 16 10 12 11 14 12 25 13 22 14 16 15 17 4 16 17 17 30 18 22 19 11 
5 4 0 30 1 26 2 30 3 25 12 4 20 5 24 6 29 7 13 8 16 9 19 10 19 11 15 12 14 13 23 14 20 15 11 4 8 20 9 29 10 12 11 14 12 4 13 5 21 6 29 7 11 8 29 9 10 10 29 11 23 12 16 13 19 14 16 15 30 4 16 16 17 24 18 14 19 19 
5 4 0 20 1 29 2 28 3 19 8 8 13 9 13 10 10 11 30 12 27 13 20 14 23 15 22 12 4 22 5 21 6 26 7 19 8 20 9 28 10 25 11 15 12 25 13 26 14 27 15 27 8 8 23 9 10 10 17 11 20 12 21 13 14 14 13 15 12 4 16 10 17 29 18 21 19 26 
5 4 0 11 1 28 2 10 3 14 12 4 10 5 14 6 18 7 11 8 16 9 16 10 23 11 16 12 19 13 13 14 12 15 25 4 8 16 9 21 10 18 11 15 12 4 30 5 24 6 19 7 10 8 13 9 26 10 13 11 23 12 20 13 24 14 16 15 17 4 16 24 17 13 18 18 19 14 
5 4 0 20 1 27 2 25 3 20 4 8 10 9 27 10 20 11 18 4 8 15 9 21 10 21 11 13 4 4 10 5 29 6 30 7 19 4 16 25 17 26 18 27 19 29 
5 4 0 21 1 14 2 12 3 16 4 4 11 5 18 6 25 7 11 4 8 22 9 19 10 16 11 14 4 4 11 5 28 6 27 7 11 4 16 15 17 13 18 22 19 14 
5 4 0 26 1 30 2 19 3 20 12 4 16 5 17 6 12 7 25 8 27 9 29 10 26 11 13 12 16 13 15 14 14 15 18 4 8 29 9 20 10 19 11 10 8 4 28 5 14 6 17 7 21 12 13 13 28 14 26 15 28 4 16 10 17 14 18 19 19 26 
5 4 0 19 1 28 2 23 3 29 8 4 27 5 14 6 29 7 28 12 17 13 17 14 19 15 17 12 4 24 5 12 6 25 7 29 8 11 9 18 10 26 11 17 12 11 13 27 14 22 15 30 4 12 16 13 13 14 27 15 17 4 16 28 17 19 18 27 19 28 
5 4 0 30 1 12 2 11 3 28 8 4 18 5 30 6 28 7 19 8 10 9 27 10 22 11 23 8 8 21 9 26 10 20 11 29 12 28 13 21 14 14 15 11 12 4 24 5 27 6 29 7 18 8 16 9 15 10 19 11 12 12 17 13 29 14 29 15 11 4 16 20 17 25 18 23 19 13 
5 4 0 24 1 29 2 29 3 30 4 8 24 9 10 10 28 11 17 12 4 27 5 26 6 21 7 16 8 27 9 30 10 30 11 22 12 26 13 13 14 11 15 29 8 8 13 9 21 10 23 11 10 12 27 13 11 14 13 15 25 4 16 12 17 30 18 13 19 12 
5 4 0 28 1 17 2 11 3 21 8 8 23 9 17 10 11 11 10 12 19 13 15 14 16 15 16 8 4 26 5 10 6 14 7 16 12 20 13 11 14 26 15 17 4 8 12 9 14 10 12 11 26 4 16 10 17 24 18 28 19 21 
5 4 0 28 1 14 2 11 3 12 8 8 13 9 10 10 13 11 14 12 18 13 19 14 20 15 13 4 4 19 5 19 6 21 7 26 12 4 14 5 18 6 28 7 27 8 21 9 17 10 13 11 24 12 17 13 12 14 14 15 13 4 16 18 17 16 18 29 19 17 
5 4 0 24 1 23 2 18 3 22 12 4 11 5 26 6 14 7 26 8 17 9 12 10 25 11 30 12 19 13 16 14 21 15 30 4 12 20 13 22 14 24 15 19 8 8 25 9 17 10 19 11 16 12 26 13 29 14 19 15 12 4 16 28 17 20 18 29 19 30 
5 4 0 10 1 10 2 15 3 30 8 4 27 5 25 6 18 7 10 8 26 9 28 10 26 11 12 4 8 19 9 10 10 17 11 19 4 12 28 13 13 14 16 15 22 4 16 23 17 16 18 19 19 16 
5 4 0 28 1 17 2 11 3 17 8 8 17 9 30 10 17 11 10 12 16 13 12 14 26 15 10 4 8 11 9 21 10 13 11 16 12 4 23 5 30 6 29 7 23 8 29 9 14 10 13 11 19 12 23 13 29 14 22 15 19 4 16 26 17 20 18 21 19 18 
5 4 0 11 1 23 2 29 3 25 4 12 18 13 13 14 11 15 20 12 4 12 5 15 6 28 7 27 8 12 9 16 10 11 11 13 12 15 13 19 14 13 15 12 12 4 15 5 12 6 29 7 28 8 30 9 25 10 18 11 14 12 23 13 12 14 25 15 16 4 16 21 17 24 18 27 19 26 
5 4 0 10 1 15 2 18 3 10 12 4 18 5 16 6 28 7 25 8 16 9 27 10 28 11 14 12 12 13 28 14 30 15 11 8 4 28 5 29 6 23 7 30 12 21 13 30 14 13 15 21 4 8 17 9 10 10 28 11 18 4 16 18 17 12 18 13 19 29 
5 4 0 19 1 25 2 21 3 11 4 12 26 13 18 14 18 15 27 12 4 22 5 19 6 11 7 26 8 28 9 13 10 22 11 25 12 17 13 15 14 10 15 19 8 8 14 9 30 10 28 11 19 12 16 13 26 14 10 15 14 4 16 19 17 19 18 23 19 28 
5 4 0 15 1 26 2 22 3 12 12 4 30 5 18 6 19 7 16 8 25 9 20 10 23 11 21 12 12 13 10 14 14 15 30 4 12 12 13 23 14 14 15 20 4 4 27 5 13 6 30 7 10 4 16 17 17 15 18 27 19 21 
5 4 0 12 1 12 2 25 3 19 12 4 27 5 11 6 28 7 25 8 13 9 26 10 13 11 30 12 17 13 19 14 30 15 27 4 4 18 5 24 6 21 7 13 4 12 25 13 24 14 25 15 23 4 16 12 17 11 18 28 19 28 
5 4 0 15 1 11 2 15 3 14 4 8 18 9 13 10 19 11 16 4 8 26 9 24 10 11 11 20 8 8 29 9 10 10 28 11 24 12 29 13 18 14 21 15 16 4 16 13 17 14 18 21 19 10 
5 4 0 27 1 20 2 22 3 28 8 4 25 5 27 6 11 7 12 12 14 13 12 14 13 15 12 8 4 27 5 25 6 21 7 30 8 14 9 16 10 18 11 14 8 8 20 9 20 10 17 11 15 12 20 13 21 14 25 15 28 4 16 23 17 19 18 14 19 26 
5 4 0 20 1 27 2 10 3 24 4 4 17 5 17 6 16 7 15 8 8 24 9 11 10 17 11 16 12 19 13 24 14 30 15 14 12 4 22 5 28 6 17 7 18 8 15 9 17 10 10 11 13 12 25 13 20 14 28 15 29 4 16 23 17 20 18 13 19 26 
5 4 0 24 1 10 2 10 3 10 8 4 18 5 30 6 21 7 25 12 17 13 19 14 12 15 28 8 4 15 5 27 6 10 7 18 8 20 9 22 10 20 11 29 4 8 24 9 22 10 10 11 26 4 16 10 17 12 18 24 19 26 
5 4 0 10 1 13 2 26 3 28 12 4 11 5 10 6 12 7 28 8 21 9 11 10 24 11 15 12 10 13 15 14 28 15 30 8 8 14 9 17 10 29 11 10 12 20 13 18 14 12 15 18 8 8 25 9 28 10 14 11 20 12 27 13 14 14 11 15 13 4 16 16 17 30 18 28 19 28 
5 4 0 14 1 13 2 14 3 15 8 4 19 5 13 6 11 7 21 12 12 13 20 14 16 15 16 12 4 19 5 17 6 11 7 16 8 11 9 22 10 23 11 18 12 14 13 26 14 28 15 10 8 8 17 9 23 10 23 11 22 12 20 13 19 14 26 15 27 4 16 12 17 24 18 11 19 26 
5 4 0 17 1 24 2 29 3 30 8 8 17 9 13 10 19 11 21 12 24 13 27 14 25 15 10 8 4 23 5 24 6 15 7 14 8 19 9 10 10 16 11 17 12 4 24 5 25 6 22 7 15 8 30 9 16 10 23 11 21 12 20 13 18 14 18 15 15 4 16 26 17 19 18 15 19 15 

Dynamic Events

# Machine Breakdowns (machine_id start_time end_time)
Machine Breakdowns
0 179 191
1 950 962
4 615 625
9 1004 1013
14 846 857

# Added Jobs (arrival_time: num_ops num_alts_op1 m1 p1 ... num_alts_op2 m1 p1 ...)
Added Jobs
163: 5 12 19 19 18 25 0 18 3 22 17 23 5 28 4 29 6 10 8 24 1 12 7 21 9 29 7 17 26 10 24 3 29 16 10 0 29 9 25 15 27 7 19 12 16 11 14 10 2 25 15 11 11 22 18 18 11 0 22 11 12 7 14 14 18 16 19 9 22 13 18 19 10 18 26 8 18 5 30 4 8 22 16 26 5 17 7 13 
211: 5 8 5 29 4 17 18 23 14 17 6 28 0 20 11 27 15 27 10 3 13 7 11 12 17 2 13 1 21 19 18 9 12 18 29 10 30 0 13 10 0 20 14 20 10 21 2 11 13 28 7 28 8 19 17 27 6 13 1 16 4 19 18 9 19 2 15 11 16 12 0 29 16 12 5 28 4 11 19 28 8 13 13 20 9 29 3 15 12 11 1 28 2 12 
358: 5 8 4 25 8 20 16 16 19 16 12 27 1 18 10 18 3 28 8 17 13 3 12 4 11 9 30 10 10 14 14 7 28 11 10 7 3 11 10 10 18 12 11 25 4 14 1 13 0 26 11 17 16 14 17 9 21 10 14 13 10 16 30 3 29 7 13 11 26 12 23 19 18 10 11 15 6 15 5 20 3 12 10 25 2 20 1 25 12 21 13 11 4 13 
498: 5 12 16 16 10 10 17 13 4 22 11 15 5 14 7 30 18 11 14 19 8 22 6 24 1 29 4 6 21 1 27 12 19 10 23 12 17 22 19 18 12 24 7 27 1 13 4 13 6 27 3 17 15 18 13 26 10 24 11 12 7 4 25 5 18 1 18 12 29 11 18 10 27 8 14 12 11 14 7 15 0 13 5 18 14 16 6 22 12 22 17 16 2 20 13 29 15 17 9 25 
637: 5 9 2 25 14 21 9 22 6 13 1 30 5 18 7 20 12 18 4 18 12 16 29 5 22 18 14 7 18 3 23 19 25 4 19 14 24 8 23 10 21 2 30 13 14 6 0 25 12 27 14 16 6 21 15 29 5 26 4 9 20 3 13 12 13 13 23 9 0 10 4 26 9 14 7 14 1 23 16 14 18 18 14 10 15 19 

# Cancelled Jobs (cancel_time initial_job_sim_idx_to_cancel)
Cancelled Jobs
22 41

# ETPC Constraints (fore_job_sim_idx fore_op_idx hind_job_sim_idx hind_op_idx time_lapse)
ETPC Constraints
26 3 51 1 16
15 2 6 1 12
39 4 38 1 5
2 2 49 0 20
8 2 26 4 3
47 1 15 1 10
37 2 15 2 18
43 3 42 1 4
34 1 42 1 20
10 3 16 4 8
36 0 1 1 15
0 3 33 0 16
21 3 27 4 9
37 0 16 2 18
17 4 32 4 20
8 1 6 3 20
40 3 23 0 6
36 2 49 2 6
51 0 46 4 9
6 3 37 2 9
41 3 32 1 13
52 4 41 1 15
30 0 46 1 17
3 3 19 2 7
49 0 11 2 17
50 3 11 4 13
33 0 43 3 12
10 0 48 4 5
45 4 19 1 11
0 3 5 0 9
3 4 5 0 9
6 2 48 3 14
4 1 54 0 9
31 2 23 1 6
47 3 33 0 16
19 4 23 3 16
40 3 28 1 20
42 4 45 2 20
52 0 10 4 14
13 3 7 0 20
1 2 0 2 4
17 0 28 2 16
47 0 54 2 17
52 3 16 0 17
37 0 21 1 14
8 3 41 3 13
0 1 25 2 17
48 0 17 4 6
24 3 18 3 6
20 0 34 3 6
3 0 1 4 8
51 1 31 2 9
2 2 4 4 9
3 1 28 1 5
3 3 42 2 14
8 1 0 1 12
4 3 25 0 3
5 3 49 1 11
6 0 19 3 17
3 2 18 3 15
36 3 41 0 16
24 1 41 0 15
49 2 13 1 17
45 4 7 3 9
22 0 40 0 7
16 0 24 3 15
52 1 8 4 17
37 2 17 2 20
43 3 27 2 6
12 4 3 0 20
24 3 14 2 3
3 1 33 3 12
41 0 10 3 12
24 3 20 1 16
33 0 53 3 11
35 0 6 3 4
18 3 26 1 5
5 1 12 3 8
45 2 40 2 17
33 3 51 1 18
22 1 8 0 9
14 4 35 0 16
13 2 22 4 11
32 4 34 3 14
20 1 28 4 15
36 0 43 3 19
19 3 12 1 10
37 1 45 2 20
36 1 33 0 11
35 1 24 4 4
38 4 3 1 15
3 4 46 1 11
2 2 51 2 13
6 2 29 1 8
25 1 28 1 9
16 2 35 1 18
39 3 23 3 8
22 4 5 4 19
12 0 26 0 8
3 1 24 4 20
2 0 21 3 8
9 3 8 3 16
22 2 42 3 16
48 0 16 2 17
42 0 38 1 6
51 0 18 1 8
40 2 21 3 6
25 4 47 0 5
36 1 22 1 15
0 3 12 0 9
