100 20
5 4 0 30 1 11 2 15 3 23 4 12 23 13 15 14 20 15 15 4 12 29 13 21 14 16 15 25 4 12 13 13 18 14 24 15 29 4 16 17 17 13 18 24 19 21 
5 4 0 18 1 11 2 16 3 23 4 8 15 9 25 10 17 11 24 12 4 13 5 12 6 18 7 20 8 23 9 22 10 13 11 20 12 10 13 14 14 19 15 24 8 4 11 5 20 6 28 7 29 12 26 13 22 14 20 15 27 4 16 14 17 25 18 10 19 14 
5 4 0 19 1 22 2 24 3 27 8 4 24 5 12 6 15 7 20 12 13 13 19 14 23 15 13 4 8 24 9 10 10 10 11 20 8 4 28 5 28 6 25 7 30 8 16 9 26 10 28 11 12 4 16 13 17 29 18 20 19 28 
5 4 0 21 1 12 2 22 3 10 4 4 24 5 19 6 11 7 18 12 4 12 5 28 6 28 7 16 8 25 9 11 10 12 11 18 12 18 13 30 14 19 15 27 12 4 15 5 19 6 24 7 24 8 24 9 14 10 13 11 19 12 28 13 28 14 29 15 25 4 16 14 17 29 18 16 19 19 
5 4 0 17 1 30 2 20 3 29 4 4 10 5 17 6 16 7 11 12 4 18 5 10 6 13 7 17 8 15 9 27 10 26 11 22 12 11 13 10 14 11 15 13 4 4 21 5 27 6 22 7 22 4 16 27 17 30 18 11 19 27 
5 4 0 22 1 28 2 22 3 19 4 12 20 13 16 14 26 15 14 8 4 25 5 12 6 30 7 30 8 11 9 17 10 11 11 27 12 4 10 5 16 6 23 7 24 8 11 9 15 10 11 11 25 12 15 13 30 14 13 15 14 4 16 21 17 20 18 30 19 18 
5 4 0 12 1 28 2 14 3 18 12 4 26 5 20 6 24 7 20 8 22 9 20 10 13 11 17 12 24 13 15 14 23 15 19 8 4 25 5 17 6 10 7 23 8 26 9 26 10 30 11 26 8 4 15 5 20 6 13 7 15 8 30 9 24 10 27 11 20 4 16 26 17 12 18 10 19 20 
5 4 0 10 1 12 2 13 3 22 12 4 17 5 17 6 21 7 20 8 29 9 16 10 15 11 22 12 24 13 27 14 27 15 25 8 4 30 5 20 6 20 7 26 8 25 9 11 10 17 11 20 8 8 19 9 18 10 26 11 13 12 10 13 12 14 13 15 21 4 16 22 17 13 18 10 19 15 
5 4 0 24 1 17 2 20 3 23 4 12 25 13 19 14 22 15 16 12 4 17 5 12 6 16 7 21 8 21 9 22 10 25 11 20 12 11 13 11 14 18 15 21 4 12 26 13 19 14 16 15 26 4 16 20 17 30 18 13 19 22 
5 4 0 24 1 28 2 10 3 19 12 4 11 5 19 6 17 7 15 8 18 9 29 10 27 11 19 12 15 13 12 14 16 15 10 8 4 16 5 18 6 17 7 16 12 25 13 20 14 17 15 24 12 4 27 5 29 6 27 7 13 8 27 9 17 10 23 11 26 12 19 13 16 14 19 15 23 4 16 22 17 24 18 17 19 24 
5 4 0 24 1 27 2 29 3 24 4 4 16 5 16 6 19 7 25 4 8 14 9 13 10 13 11 19 8 4 25 5 17 6 21 7 15 12 23 13 21 14 27 15 20 4 16 13 17 18 18 11 19 17 
5 4 0 14 1 10 2 14 3 15 12 4 17 5 25 6 10 7 16 8 16 9 24 10 12 11 29 12 27 13 20 14 20 15 14 12 4 19 5 13 6 28 7 12 8 21 9 20 10 21 11 18 12 29 13 25 14 26 15 15 4 8 27 9 13 10 20 11 28 4 16 13 17 12 18 20 19 29 
5 4 0 24 1 11 2 30 3 14 4 12 16 13 22 14 14 15 27 8 4 24 5 10 6 27 7 25 8 25 9 23 10 28 11 27 12 4 18 5 14 6 28 7 14 8 11 9 28 10 21 11 28 12 30 13 14 14 16 15 29 4 16 27 17 13 18 15 19 14 
5 4 0 29 1 26 2 26 3 14 12 4 13 5 20 6 19 7 10 8 30 9 11 10 30 11 29 12 14 13 28 14 17 15 24 8 4 30 5 15 6 12 7 19 8 17 9 22 10 26 11 29 12 4 29 5 16 6 21 7 19 8 13 9 16 10 12 11 12 12 10 13 10 14 23 15 11 4 16 27 17 18 18 25 19 13 
5 4 0 17 1 12 2 19 3 28 4 8 22 9 17 10 30 11 26 12 4 22 5 11 6 10 7 19 8 13 9 16 10 24 11 29 12 28 13 18 14 14 15 11 12 4 28 5 23 6 27 7 13 8 12 9 14 10 27 11 27 12 15 13 22 14 26 15 14 4 16 27 17 22 18 11 19 14 
5 4 0 15 1 14 2 22 3 17 12 4 27 5 13 6 28 7 12 8 29 9 14 10 27 11 14 12 10 13 29 14 15 15 25 12 4 12 5 20 6 24 7 20 8 19 9 23 10 16 11 14 12 22 13 18 14 28 15 16 4 8 27 9 19 10 16 11 27 4 16 17 17 12 18 11 19 29 
5 4 0 24 1 19 2 14 3 13 4 12 11 13 10 14 11 15 25 12 4 23 5 20 6 17 7 21 8 22 9 27 10 12 11 20 12 14 13 13 14 28 15 16 4 8 16 9 10 10 12 11 21 4 16 30 17 30 18 30 19 27 
5 4 0 24 1 30 2 15 3 26 12 4 16 5 26 6 15 7 14 8 17 9 19 10 15 11 29 12 29 13 11 14 19 15 11 12 4 22 5 27 6 16 7 14 8 12 9 25 10 24 11 22 12 28 13 28 14 11 15 13 4 8 16 9 18 10 15 11 27 4 16 19 17 27 18 22 19 26 
5 4 0 14 1 28 2 20 3 10 8 8 19 9 27 10 26 11 14 12 18 13 25 14 22 15 26 8 8 12 9 13 10 10 11 25 12 14 13 26 14 28 15 20 4 8 12 9 26 10 24 11 29 4 16 16 17 10 18 28 19 12 
5 4 0 25 1 14 2 10 3 19 4 4 24 5 24 6 28 7 28 8 4 11 5 28 6 13 7 20 12 20 13 17 14 17 15 14 8 4 14 5 27 6 27 7 16 8 22 9 30 10 20 11 10 4 16 15 17 25 18 11 19 29 
5 4 0 22 1 21 2 21 3 21 12 4 27 5 26 6 20 7 12 8 19 9 24 10 20 11 13 12 20 13 14 14 14 15 18 4 8 15 9 25 10 24 11 25 4 8 26 9 16 10 24 11 13 4 16 17 17 15 18 26 19 29 
5 4 0 19 1 23 2 30 3 18 8 4 13 5 23 6 27 7 30 12 12 13 28 14 30 15 10 8 8 26 9 10 10 27 11 11 12 25 13 15 14 14 15 10 12 4 24 5 24 6 13 7 23 8 16 9 16 10 18 11 13 12 18 13 25 14 28 15 22 4 16 16 17 25 18 25 19 19 
5 4 0 25 1 18 2 27 3 22 8 8 23 9 27 10 18 11 29 12 23 13 14 14 14 15 29 12 4 22 5 27 6 29 7 14 8 18 9 29 10 24 11 23 12 10 13 28 14 15 15 18 4 12 16 13 16 14 20 15 25 4 16 30 17 23 18 24 19 24 
5 4 0 27 1 14 2 30 3 12 8 4 30 5 13 6 13 7 10 12 17 13 21 14 29 15 27 12 4 12 5 21 6 15 7 19 8 18 9 15 10 12 11 20 12 25 13 23 14 22 15 14 8 8 19 9 27 10 10 11 22 12 29 13 12 14 20 15 18 4 16 24 17 16 18 25 19 28 
5 4 0 13 1 18 2 28 3 27 8 4 29 5 13 6 29 7 30 12 12 13 22 14 19 15 28 4 8 25 9 25 10 21 11 17 12 4 11 5 16 6 17 7 16 8 26 9 12 10 23 11 14 12 12 13 11 14 27 15 14 4 16 10 17 25 18 24 19 17 
5 4 0 16 1 26 2 13 3 22 12 4 16 5 15 6 29 7 20 8 12 9 18 10 14 11 12 12 26 13 29 14 12 15 15 8 8 11 9 15 10 19 11 11 12 19 13 29 14 25 15 28 4 4 12 5 12 6 29 7 23 4 16 20 17 30 18 24 19 27 
5 4 0 26 1 10 2 23 3 25 4 4 12 5 26 6 19 7 28 12 4 28 5 19 6 13 7 15 8 24 9 12 10 25 11 21 12 29 13 25 14 24 15 29 12 4 14 5 18 6 21 7 14 8 14 9 25 10 17 11 16 12 22 13 13 14 12 15 19 4 16 24 17 25 18 19 19 26 
5 4 0 13 1 24 2 27 3 20 8 8 15 9 10 10 10 11 15 12 15 13 11 14 12 15 21 12 4 10 5 28 6 13 7 15 8 16 9 25 10 21 11 16 12 16 13 18 14 16 15 14 12 4 14 5 24 6 25 7 17 8 20 9 28 10 15 11 27 12 10 13 16 14 15 15 11 4 16 26 17 19 18 12 19 11 
5 4 0 17 1 12 2 10 3 18 4 12 23 13 11 14 20 15 23 4 12 13 13 22 14 27 15 23 4 4 18 5 27 6 10 7 19 4 16 14 17 30 18 11 19 20 
5 4 0 22 1 23 2 12 3 27 4 8 25 9 10 10 21 11 29 8 8 21 9 29 10 22 11 19 12 24 13 11 14 16 15 28 4 8 26 9 28 10 27 11 29 4 16 28 17 21 18 16 19 11 
5 4 0 17 1 26 2 10 3 18 8 4 28 5 13 6 29 7 21 12 16 13 13 14 19 15 28 12 4 17 5 29 6 25 7 16 8 29 9 29 10 22 11 14 12 23 13 26 14 16 15 20 12 4 10 5 30 6 12 7 14 8 16 9 19 10 13 11 14 12 22 13 12 14 11 15 14 4 16 10 17 22 18 17 19 13 
5 4 0 13 1 21 2 28 3 23 8 4 11 5 28 6 26 7 28 12 11 13 26 14 23 15 29 12 4 14 5 12 6 25 7 16 8 17 9 17 10 17 11 29 12 27 13 27 14 18 15 22 8 4 26 5 30 6 26 7 22 12 29 13 26 14 20 15 12 4 16 25 17 18 18 16 19 30 
5 4 0 13 1 17 2 18 3 26 4 4 17 5 25 6 23 7 26 12 4 30 5 13 6 23 7 13 8 29 9 15 10 16 11 17 12 30 13 28 14 12 15 22 8 4 23 5 15 6 25 7 18 8 14 9 26 10 19 11 15 4 16 27 17 29 18 12 19 27 
5 4 0 26 1 16 2 22 3 27 8 4 26 5 25 6 19 7 15 8 27 9 14 10 15 11 16 8 4 15 5 13 6 16 7 22 8 27 9 22 10 17 11 21 4 8 11 9 28 10 15 11 24 4 16 29 17 22 18 21 19 13 
5 4 0 15 1 24 2 10 3 16 12 4 15 5 14 6 16 7 28 8 17 9 27 10 12 11 10 12 20 13 15 14 11 15 13 8 4 22 5 19 6 21 7 15 12 14 13 10 14 28 15 19 4 8 17 9 11 10 17 11 21 4 16 19 17 27 18 25 19 25 
5 4 0 19 1 19 2 11 3 14 4 4 26 5 25 6 12 7 29 12 4 14 5 20 6 15 7 10 8 24 9 19 10 24 11 15 12 12 13 12 14 25 15 28 12 4 22 5 17 6 30 7 23 8 15 9 18 10 27 11 15 12 23 13 14 14 12 15 27 4 16 27 17 30 18 11 19 25 
5 4 0 20 1 30 2 28 3 16 4 4 24 5 22 6 24 7 27 4 4 28 5 29 6 30 7 16 8 4 29 5 25 6 16 7 20 12 14 13 26 14 19 15 15 4 16 20 17 21 18 11 19 19 
5 4 0 20 1 25 2 16 3 25 12 4 20 5 12 6 10 7 15 8 19 9 14 10 14 11 29 12 15 13 12 14 13 15 21 8 4 24 5 25 6 20 7 23 12 23 13 22 14 21 15 20 4 12 19 13 22 14 24 15 19 4 16 10 17 26 18 28 19 12 
5 4 0 19 1 26 2 18 3 16 12 4 19 5 20 6 21 7 24 8 23 9 12 10 20 11 30 12 29 13 17 14 10 15 12 12 4 17 5 25 6 15 7 20 8 13 9 24 10 14 11 27 12 20 13 20 14 23 15 18 8 4 12 5 17 6 11 7 14 12 20 13 22 14 16 15 23 4 16 10 17 16 18 14 19 27 
5 4 0 29 1 13 2 21 3 23 12 4 13 5 24 6 26 7 27 8 21 9 27 10 25 11 13 12 25 13 17 14 19 15 27 4 8 29 9 26 10 26 11 10 12 4 23 5 14 6 13 7 23 8 24 9 24 10 14 11 19 12 27 13 30 14 16 15 15 4 16 26 17 18 18 22 19 14 
5 4 0 15 1 13 2 19 3 16 12 4 12 5 29 6 11 7 17 8 10 9 14 10 25 11 13 12 15 13 12 14 11 15 11 8 8 20 9 22 10 23 11 22 12 20 13 30 14 25 15 12 4 12 29 13 21 14 27 15 11 4 16 28 17 29 18 12 19 13 
5 4 0 13 1 23 2 28 3 11 4 4 29 5 29 6 19 7 17 12 4 16 5 15 6 13 7 19 8 13 9 26 10 26 11 22 12 10 13 20 14 29 15 17 4 8 20 9 24 10 28 11 21 4 16 24 17 12 18 16 19 26 
5 4 0 10 1 11 2 17 3 25 12 4 19 5 12 6 19 7 18 8 11 9 13 10 22 11 27 12 17 13 19 14 30 15 28 12 4 19 5 12 6 18 7 11 8 21 9 23 10 10 11 13 12 26 13 11 14 28 15 23 8 4 14 5 10 6 27 7 28 8 23 9 30 10 20 11 12 4 16 14 17 16 18 26 19 23 
5 4 0 13 1 18 2 29 3 17 4 12 27 13 20 14 13 15 22 8 8 21 9 11 10 25 11 14 12 14 13 12 14 29 15 16 4 4 28 5 27 6 27 7 11 4 16 11 17 26 18 19 19 18 
5 4 0 11 1 14 2 28 3 11 12 4 22 5 27 6 28 7 13 8 20 9 20 10 30 11 30 12 29 13 23 14 26 15 19 4 12 22 13 28 14 19 15 29 8 4 23 5 14 6 16 7 25 8 22 9 20 10 19 11 25 4 16 27 17 12 18 10 19 23 
5 4 0 16 1 15 2 11 3 13 4 4 12 5 29 6 25 7 19 12 4 28 5 25 6 11 7 14 8 22 9 24 10 15 11 13 12 15 13 16 14 21 15 23 12 4 23 5 13 6 17 7 27 8 24 9 30 10 22 11 18 12 16 13 28 14 30 15 17 4 16 16 17 24 18 19 19 20 
5 4 0 12 1 30 2 24 3 23 8 4 24 5 21 6 24 7 14 8 25 9 21 10 28 11 25 4 12 21 13 11 14 30 15 17 12 4 18 5 30 6 20 7 23 8 23 9 14 10 19 11 15 12 28 13 11 14 30 15 13 4 16 27 17 22 18 24 19 17 
5 4 0 20 1 28 2 18 3 16 4 8 26 9 10 10 28 11 18 8 4 18 5 24 6 18 7 14 8 20 9 12 10 23 11 25 12 4 15 5 10 6 15 7 23 8 16 9 27 10 23 11 25 12 13 13 29 14 12 15 29 4 16 29 17 17 18 26 19 27 
5 4 0 25 1 24 2 14 3 18 12 4 18 5 23 6 18 7 18 8 17 9 22 10 30 11 17 12 23 13 24 14 15 15 13 12 4 26 5 11 6 29 7 26 8 14 9 11 10 21 11 17 12 13 13 19 14 29 15 29 4 4 24 5 29 6 13 7 25 4 16 21 17 12 18 26 19 27 
5 4 0 26 1 20 2 11 3 27 8 4 19 5 12 6 13 7 27 12 19 13 11 14 14 15 28 12 4 23 5 19 6 18 7 21 8 25 9 27 10 30 11 14 12 12 13 11 14 28 15 12 8 8 24 9 28 10 21 11 18 12 27 13 26 14 20 15 22 4 16 11 17 24 18 30 19 23 
5 4 0 18 1 25 2 30 3 22 8 4 28 5 26 6 23 7 18 8 18 9 27 10 11 11 28 12 4 13 5 19 6 11 7 16 8 15 9 19 10 14 11 23 12 20 13 19 14 19 15 24 4 4 27 5 21 6 15 7 30 4 16 22 17 18 18 12 19 30 
5 4 0 23 1 21 2 15 3 23 12 4 21 5 19 6 23 7 16 8 13 9 21 10 22 11 29 12 14 13 13 14 30 15 25 12 4 30 5 19 6 30 7 24 8 22 9 28 10 20 11 17 12 12 13 24 14 16 15 21 4 12 13 13 11 14 21 15 12 4 16 11 17 21 18 11 19 17 
5 4 0 16 1 16 2 12 3 17 8 8 30 9 23 10 30 11 21 12 29 13 25 14 19 15 19 12 4 14 5 15 6 18 7 17 8 14 9 13 10 15 11 17 12 21 13 18 14 15 15 22 4 12 13 13 29 14 26 15 17 4 16 10 17 12 18 24 19 26 
5 4 0 25 1 17 2 12 3 18 4 4 26 5 20 6 18 7 27 8 4 11 5 14 6 12 7 24 8 25 9 27 10 10 11 12 4 8 26 9 15 10 25 11 11 4 16 28 17 14 18 13 19 20 
5 4 0 21 1 18 2 16 3 30 12 4 14 5 26 6 13 7 19 8 24 9 13 10 29 11 11 12 20 13 14 14 16 15 29 4 4 10 5 15 6 22 7 10 4 12 14 13 24 14 29 15 11 4 16 20 17 26 18 12 19 22 
5 4 0 18 1 10 2 23 3 26 4 12 28 13 30 14 24 15 29 8 4 21 5 27 6 26 7 20 12 11 13 12 14 23 15 14 8 4 17 5 13 6 17 7 10 12 14 13 29 14 15 15 27 4 16 17 17 24 18 24 19 13 
5 4 0 17 1 21 2 24 3 13 8 4 29 5 15 6 26 7 17 8 17 9 23 10 21 11 11 4 8 11 9 18 10 25 11 10 8 4 20 5 21 6 17 7 20 8 23 9 27 10 20 11 13 4 16 22 17 25 18 15 19 19 
5 4 0 29 1 21 2 21 3 19 8 4 19 5 21 6 13 7 16 12 22 13 28 14 19 15 15 12 4 29 5 14 6 10 7 21 8 27 9 14 10 13 11 18 12 17 13 22 14 14 15 23 8 4 12 5 30 6 13 7 18 8 16 9 14 10 28 11 23 4 16 12 17 19 18 27 19 18 
5 4 0 15 1 28 2 11 3 25 8 8 23 9 29 10 22 11 26 12 18 13 16 14 28 15 11 8 4 20 5 18 6 25 7 30 12 13 13 26 14 14 15 15 4 4 14 5 18 6 29 7 28 4 16 25 17 13 18 15 19 16 
5 4 0 26 1 21 2 23 3 26 8 8 16 9 24 10 29 11 11 12 10 13 24 14 19 15 25 4 4 29 5 21 6 23 7 30 12 4 29 5 18 6 16 7 25 8 15 9 23 10 14 11 17 12 23 13 30 14 15 15 27 4 16 28 17 24 18 28 19 11 
5 4 0 14 1 20 2 13 3 17 12 4 13 5 24 6 13 7 30 8 25 9 25 10 14 11 28 12 22 13 19 14 29 15 28 4 8 22 9 19 10 29 11 14 8 4 24 5 14 6 22 7 14 8 22 9 19 10 29 11 29 4 16 18 17 29 18 10 19 11 
5 4 0 21 1 20 2 25 3 23 12 4 21 5 11 6 17 7 26 8 20 9 24 10 18 11 10 12 21 13 29 14 17 15 12 12 4 14 5 19 6 10 7 15 8 19 9 22 10 20 11 13 12 13 13 17 14 11 15 25 4 12 13 13 28 14 11 15 26 4 16 30 17 27 18 22 19 13 
5 4 0 29 1 13 2 10 3 14 8 8 13 9 16 10 21 11 20 12 15 13 10 14 14 15 12 12 4 17 5 22 6 23 7 17 8 26 9 18 10 16 11 29 12 19 13 19 14 17 15 27 4 4 30 5 18 6 30 7 16 4 16 27 17 15 18 30 19 24 
5 4 0 10 1 27 2 22 3 24 12 4 14 5 24 6 12 7 18 8 17 9 23 10 22 11 25 12 11 13 19 14 14 15 16 12 4 19 5 17 6 30 7 17 8 27 9 13 10 25 11 18 12 24 13 23 14 18 15 23 12 4 28 5 13 6 15 7 20 8 27 9 17 10 22 11 12 12 30 13 17 14 30 15 18 4 16 10 17 28 18 15 19 29 
5 4 0 27 1 20 2 17 3 16 8 4 30 5 14 6 29 7 12 8 30 9 16 10 10 11 16 8 8 20 9 16 10 20 11 16 12 29 13 10 14 28 15 15 4 12 16 13 14 14 16 15 18 4 16 27 17 29 18 29 19 16 
5 4 0 11 1 14 2 22 3 11 12 4 13 5 27 6 24 7 24 8 20 9 13 10 25 11 20 12 19 13 25 14 15 15 21 8 4 27 5 17 6 16 7 27 8 30 9 25 10 19 11 16 8 8 13 9 15 10 26 11 21 12 14 13 29 14 30 15 12 4 16 18 17 12 18 11 19 24 
5 4 0 20 1 10 2 19 3 29 8 8 13 9 25 10 30 11 13 12 19 13 21 14 30 15 13 12 4 20 5 15 6 15 7 16 8 11 9 28 10 22 11 28 12 12 13 26 14 24 15 28 12 4 26 5 23 6 17 7 19 8 23 9 12 10 15 11 11 12 25 13 15 14 28 15 15 4 16 28 17 29 18 17 19 12 
5 4 0 19 1 17 2 17 3 17 4 12 30 13 12 14 15 15 23 12 4 20 5 20 6 11 7 11 8 20 9 13 10 24 11 30 12 20 13 24 14 13 15 30 4 12 27 13 12 14 14 15 26 4 16 18 17 24 18 12 19 23 
5 4 0 26 1 22 2 30 3 30 8 4 23 5 19 6 24 7 25 8 10 9 29 10 21 11 13 8 4 16 5 12 6 27 7 30 8 13 9 22 10 22 11 29 12 4 20 5 24 6 16 7 18 8 17 9 24 10 23 11 27 12 30 13 20 14 18 15 27 4 16 23 17 16 18 23 19 19 
5 4 0 14 1 30 2 14 3 18 4 8 18 9 25 10 14 11 17 12 4 23 5 16 6 17 7 11 8 21 9 11 10 22 11 28 12 25 13 27 14 26 15 14 8 4 12 5 30 6 28 7 17 12 22 13 17 14 22 15 15 4 16 16 17 25 18 21 19 29 
5 4 0 21 1 27 2 14 3 17 8 4 11 5 27 6 12 7 16 12 24 13 22 14 12 15 20 8 8 16 9 10 10 14 11 14 12 16 13 17 14 15 15 29 4 8 27 9 24 10 15 11 12 4 16 11 17 28 18 18 19 30 
5 4 0 26 1 30 2 16 3 20 12 4 30 5 18 6 17 7 23 8 18 9 20 10 20 11 19 12 19 13 28 14 30 15 17 4 4 11 5 13 6 19 7 28 4 12 26 13 21 14 24 15 26 4 16 11 17 26 18 15 19 28 
5 4 0 14 1 28 2 19 3 25 8 8 25 9 15 10 28 11 26 12 23 13 15 14 14 15 12 8 4 11 5 26 6 15 7 20 12 21 13 18 14 30 15 14 4 8 17 9 13 10 14 11 23 4 16 14 17 23 18 14 19 27 
5 4 0 22 1 26 2 26 3 24 12 4 20 5 23 6 29 7 27 8 29 9 22 10 19 11 12 12 19 13 30 14 26 15 11 4 12 15 13 24 14 15 15 21 4 4 22 5 18 6 22 7 11 4 16 11 17 19 18 11 19 28 
5 4 0 21 1 20 2 30 3 11 12 4 29 5 14 6 17 7 18 8 18 9 13 10 23 11 18 12 26 13 10 14 18 15 18 8 8 29 9 18 10 30 11 24 12 11 13 20 14 22 15 23 12 4 28 5 28 6 17 7 18 8 18 9 24 10 21 11 21 12 12 13 30 14 14 15 25 4 16 23 17 26 18 17 19 13 
5 4 0 26 1 23 2 18 3 30 12 4 17 5 26 6 28 7 15 8 24 9 30 10 15 11 26 12 22 13 18 14 14 15 25 4 12 13 13 13 14 13 15 26 12 4 27 5 27 6 29 7 27 8 15 9 21 10 14 11 16 12 16 13 15 14 10 15 11 4 16 11 17 29 18 10 19 20 
5 4 0 23 1 14 2 26 3 24 4 12 19 13 19 14 19 15 18 12 4 13 5 17 6 30 7 25 8 20 9 10 10 19 11 18 12 30 13 22 14 26 15 17 8 4 10 5 29 6 17 7 21 8 19 9 27 10 26 11 20 4 16 29 17 30 18 13 19 18 
5 4 0 13 1 18 2 21 3 10 8 4 29 5 23 6 27 7 29 8 18 9 26 10 30 11 13 4 8 22 9 15 10 12 11 16 12 4 24 5 26 6 27 7 13 8 17 9 24 10 28 11 17 12 18 13 13 14 24 15 13 4 16 27 17 18 18 17 19 10 
5 4 0 21 1 10 2 25 3 28 8 4 28 5 27 6 14 7 15 8 28 9 22 10 16 11 20 12 4 10 5 30 6 21 7 27 8 24 9 20 10 13 11 15 12 15 13 29 14 30 15 23 12 4 17 5 13 6 15 7 25 8 16 9 21 10 24 11 16 12 30 13 19 14 29 15 12 4 16 30 17 21 18 11 19 13 
5 4 0 28 1 14 2 12 3 14 12 4 15 5 21 6 23 7 30 8 19 9 15 10 13 11 11 12 13 13 16 14 27 15 12 8 8 19 9 26 10 10 11 28 12 27 13 20 14 17 15 15 4 8 12 9 16 10 11 11 16 4 16 16 17 12 18 22 19 11 
5 4 0 17 1 14 2 25 3 30 12 4 30 5 23 6 20 7 18 8 11 9 11 10 29 11 23 12 22 13 27 14 18 15 23 12 4 11 5 10 6 15 7 27 8 17 9 18 10 23 11 21 12 29 13 26 14 20 15 10 8 4 23 5 15 6 10 7 20 12 28 13 24 14 30 15 21 4 16 26 17 29 18 25 19 10 
5 4 0 14 1 17 2 19 3 12 12 4 13 5 26 6 11 7 19 8 24 9 30 10 26 11 14 12 17 13 23 14 19 15 20 12 4 13 5 25 6 17 7 11 8 26 9 29 10 28 11 14 12 14 13 23 14 10 15 19 4 12 13 13 11 14 23 15 30 4 16 26 17 29 18 15 19 13 
5 4 0 26 1 28 2 28 3 26 4 12 19 13 26 14 10 15 15 12 4 11 5 12 6 22 7 21 8 20 9 19 10 27 11 12 12 13 13 10 14 28 15 30 4 4 18 5 24 6 29 7 18 4 16 26 17 10 18 30 19 29 
5 4 0 13 1 13 2 17 3 12 4 8 12 9 27 10 29 11 24 12 4 16 5 17 6 21 7 16 8 14 9 19 10 27 11 24 12 18 13 13 14 13 15 23 4 12 23 13 25 14 27 15 28 4 16 17 17 27 18 17 19 23 
5 4 0 23 1 18 2 18 3 25 12 4 22 5 12 6 29 7 10 8 16 9 23 10 19 11 15 12 14 13 24 14 22 15 21 4 4 15 5 26 6 22 7 30 12 4 23 5 30 6 12 7 12 8 22 9 30 10 29 11 19 12 22 13 30 14 11 15 27 4 16 22 17 28 18 11 19 15 
5 4 0 19 1 16 2 23 3 12 4 8 19 9 15 10 17 11 24 4 12 25 13 24 14 12 15 28 8 4 26 5 17 6 15 7 22 8 21 9 29 10 18 11 22 4 16 30 17 15 18 18 19 10 
5 4 0 14 1 28 2 10 3 16 4 8 14 9 27 10 24 11 13 4 4 17 5 11 6 27 7 26 4 8 28 9 26 10 21 11 14 4 16 26 17 24 18 14 19 13 
5 4 0 24 1 22 2 29 3 27 12 4 15 5 23 6 11 7 14 8 28 9 29 10 18 11 15 12 20 13 10 14 21 15 26 12 4 18 5 19 6 22 7 26 8 17 9 24 10 12 11 21 12 25 13 29 14 13 15 30 8 8 15 9 12 10 29 11 25 12 16 13 14 14 28 15 25 4 16 27 17 16 18 28 19 24 
5 4 0 24 1 23 2 26 3 24 4 12 15 13 19 14 10 15 24 4 12 14 13 15 14 21 15 18 4 8 25 9 30 10 12 11 26 4 16 28 17 19 18 14 19 12 
5 4 0 19 1 28 2 17 3 29 8 4 27 5 30 6 11 7 24 8 11 9 18 10 23 11 25 12 4 27 5 12 6 30 7 12 8 21 9 14 10 28 11 12 12 29 13 22 14 30 15 17 12 4 22 5 26 6 10 7 18 8 25 9 26 10 24 11 30 12 23 13 15 14 11 15 30 4 16 29 17 30 18 13 19 22 
5 4 0 14 1 18 2 20 3 12 8 4 23 5 10 6 30 7 29 8 24 9 11 10 17 11 14 12 4 21 5 11 6 14 7 12 8 24 9 26 10 15 11 19 12 28 13 22 14 26 15 28 4 8 26 9 12 10 29 11 15 4 16 20 17 26 18 26 19 12 
5 4 0 13 1 19 2 25 3 17 4 12 21 13 16 14 17 15 25 4 4 13 5 16 6 20 7 18 12 4 15 5 27 6 22 7 30 8 12 9 16 10 16 11 25 12 19 13 18 14 13 15 14 4 16 10 17 22 18 26 19 18 
5 4 0 15 1 30 2 26 3 25 12 4 27 5 21 6 12 7 15 8 15 9 16 10 24 11 12 12 21 13 20 14 20 15 24 12 4 22 5 20 6 11 7 28 8 10 9 22 10 14 11 20 12 30 13 22 14 29 15 29 12 4 17 5 17 6 15 7 13 8 14 9 17 10 13 11 14 12 18 13 18 14 23 15 27 4 16 22 17 10 18 27 19 23 
5 4 0 14 1 18 2 12 3 15 4 8 14 9 19 10 15 11 10 4 12 15 13 24 14 24 15 17 12 4 14 5 15 6 28 7 17 8 18 9 29 10 21 11 25 12 30 13 10 14 24 15 12 4 16 15 17 30 18 24 19 17 
5 4 0 26 1 21 2 28 3 25 4 4 19 5 27 6 26 7 25 12 4 25 5 17 6 29 7 15 8 21 9 30 10 15 11 30 12 28 13 19 14 30 15 30 8 8 14 9 21 10 13 11 25 12 29 13 25 14 11 15 30 4 16 17 17 23 18 17 19 14 
5 4 0 17 1 14 2 30 3 25 4 8 12 9 23 10 16 11 15 8 8 26 9 19 10 25 11 23 12 14 13 20 14 27 15 21 4 12 27 13 24 14 14 15 19 4 16 18 17 19 18 10 19 15 
5 4 0 17 1 18 2 21 3 13 12 4 26 5 10 6 19 7 29 8 16 9 26 10 22 11 22 12 19 13 20 14 17 15 13 8 4 12 5 21 6 24 7 27 8 10 9 10 10 17 11 19 4 12 15 13 21 14 20 15 25 4 16 25 17 30 18 22 19 30 
5 4 0 12 1 11 2 11 3 24 8 4 13 5 27 6 18 7 15 12 22 13 19 14 24 15 19 4 12 29 13 19 14 28 15 12 8 4 10 5 25 6 14 7 11 12 18 13 25 14 10 15 27 4 16 16 17 22 18 16 19 11 
5 4 0 26 1 25 2 25 3 26 12 4 26 5 11 6 12 7 17 8 21 9 18 10 30 11 12 12 10 13 21 14 30 15 25 12 4 10 5 10 6 25 7 14 8 20 9 14 10 12 11 11 12 30 13 13 14 28 15 20 12 4 16 5 25 6 12 7 11 8 12 9 19 10 28 11 24 12 15 13 15 14 11 15 11 4 16 10 17 18 18 29 19 14 
5 4 0 19 1 16 2 21 3 10 4 12 22 13 10 14 23 15 21 8 4 11 5 21 6 24 7 20 8 23 9 13 10 18 11 12 8 4 12 5 18 6 30 7 22 12 15 13 17 14 29 15 14 4 16 28 17 23 18 18 19 25 

Dynamic Events

# Machine Breakdowns (machine_id start_time end_time)
Machine Breakdowns
0 3068 3078
1 3112 3123
2 1437 1449
4 3062 3072
6 2182 2195
13 2770 2779
15 1159 1170
19 3055 3066

# Added Jobs (arrival_time: num_ops num_alts_op1 m1 p1 ... num_alts_op2 m1 p1 ...)
Added Jobs
324: 5 4 3 20 2 28 0 18 8 28 11 1 17 15 28 16 23 14 29 17 30 18 14 9 22 3 14 7 11 2 28 4 20 6 4 25 13 25 10 21 8 14 12 27 9 15 7 6 12 15 18 0 22 9 21 12 10 7 12 8 24 11 17 21 9 28 16 22 5 30 4 19 12 12 11 30 1 16 13 30 0 12 2 19 
489: 5 11 1 24 12 20 18 25 3 20 4 14 11 10 2 20 8 14 15 29 6 28 13 27 11 0 12 8 18 19 14 3 10 16 24 13 16 18 17 15 28 1 24 2 22 9 20 7 8 30 18 16 15 26 2 12 3 27 13 22 1 20 7 5 28 10 16 17 22 14 23 3 29 7 25 2 10 6 9 18 18 30 14 27 1 10 0 16 12 28 
681: 5 11 5 27 15 30 9 19 3 18 6 24 0 11 16 20 12 24 19 12 11 28 8 10 10 0 29 5 22 19 15 9 17 13 11 16 21 17 29 15 11 1 21 14 13 6 3 12 13 30 2 14 7 25 8 15 19 18 8 16 26 17 22 8 14 14 17 3 12 11 21 18 30 9 17 8 16 17 5 13 6 26 14 20 2 17 15 14 10 16 11 12 
1122: 5 6 2 21 4 16 1 14 19 24 11 15 5 19 5 9 18 10 26 4 28 5 22 1 12 4 3 28 7 10 4 20 13 10 6 0 28 11 18 19 11 8 10 13 18 17 15 10 2 12 5 10 3 15 1 23 10 11 12 10 15 15 14 20 0 19 6 10 
1474: 5 7 19 13 11 27 10 18 6 28 13 25 3 19 18 26 9 3 27 7 22 11 16 16 16 9 26 15 22 14 19 4 30 0 10 12 13 10 8 24 5 14 12 23 1 25 16 28 18 21 0 15 9 21 4 25 11 24 2 29 7 13 11 1 30 11 19 6 20 4 12 8 20 9 29 12 1 21 6 14 11 26 15 29 10 19 2 10 12 28 16 23 0 14 9 28 18 19 19 14 
1504: 5 7 14 26 17 17 18 23 7 10 13 22 11 23 8 30 8 19 30 9 15 6 29 2 14 1 20 12 13 11 22 3 22 12 0 20 5 13 12 26 11 30 7 25 15 16 8 25 19 29 9 11 6 29 1 19 2 24 11 5 21 8 20 19 10 12 17 10 24 15 30 11 22 1 22 16 29 2 26 7 28 12 19 20 4 20 5 20 2 19 14 13 8 22 7 20 11 12 10 30 0 25 3 29 6 11 

# Cancelled Jobs (cancel_time initial_job_sim_idx_to_cancel)
Cancelled Jobs
449 8
506 60
632 86
679 62
861 46
1461 25
1492 85
1721 2
1740 98
1855 55
2088 7
2225 12
2271 4
2301 45

# ETPC Constraints (fore_job_sim_idx fore_op_idx hind_job_sim_idx hind_op_idx time_lapse)
ETPC Constraints
82 2 13 4 13
97 0 80 2 3
27 4 40 1 10
56 4 32 1 5
92 1 1 4 9
7 4 105 1 9
49 2 32 4 5
65 3 42 4 12
10 2 18 3 7
59 2 1 0 13
53 2 16 3 5
11 0 1 1 19
17 1 82 2 8
57 2 53 1 3
82 1 4 0 7
14 1 61 2 7
13 4 46 1 3
13 0 0 4 16
33 2 5 2 7
76 0 53 0 3
76 1 5 2 9
90 3 26 4 3
21 3 96 0 7
105 4 64 1 6
98 1 59 2 8
74 4 71 0 12
89 2 72 1 15
61 4 75 1 7
69 2 6 4 5
45 4 15 4 6
55 3 29 1 17
34 4 55 1 16
94 2 72 0 17
28 3 105 3 19
21 3 102 1 3
5 0 91 0 7
32 0 84 1 17
41 3 14 4 19
18 4 10 1 13
14 2 67 3 14
53 0 20 0 14
11 1 15 4 3
87 4 65 4 3
47 4 45 1 8
54 2 53 3 8
45 3 49 4 19
86 0 89 1 3
79 2 98 0 5
16 4 102 1 4
88 1 59 3 9
73 4 92 1 10
27 1 16 1 3
19 2 105 2 9
74 4 69 3 14
87 3 64 3 10
16 3 29 0 18
32 2 58 3 8
74 3 63 3 10
43 2 39 4 12
40 1 80 2 7
92 4 89 2 19
24 2 89 1 11
78 3 104 1 3
37 1 10 0 15
83 2 84 3 13
56 3 66 4 18
38 3 67 3 10
25 0 12 3 18
33 1 39 1 6
12 4 64 3 11
63 3 85 0 17
65 1 47 2 11
44 2 51 1 8
22 2 32 3 5
30 3 81 0 3
61 4 11 1 3
32 0 37 3 14
73 3 16 0 16
21 1 53 3 12
93 3 63 2 16
86 3 56 2 15
56 2 42 3 3
37 0 69 4 3
45 1 38 3 6
58 4 39 1 20
51 4 101 1 16
64 3 35 3 20
25 4 78 1 5
61 0 0 3 12
84 2 8 1 19
35 2 50 0 9
47 3 54 1 12
43 4 74 0 4
86 2 38 0 15
92 0 58 0 19
103 1 87 2 14
59 2 71 2 13
55 0 98 2 11
71 1 21 1 12
70 4 95 1 18
63 1 74 0 6
33 2 61 0 13
77 1 50 1 8
17 3 69 4 10
3 1 40 2 20
58 2 36 0 15
22 1 82 0 15
82 0 71 2 15
15 1 1 2 12
74 3 68 3 15
87 3 52 1 17
72 4 70 3 11
47 0 54 0 14
4 3 34 4 14
56 3 37 3 12
105 4 38 1 15
83 4 88 0 3
5 4 28 4 11
69 2 37 0 4
12 2 17 4 13
97 0 50 0 3
47 4 6 2 16
99 2 55 0 5
67 4 71 2 15
13 1 8 3 15
72 2 58 1 18
19 1 103 3 19
99 4 101 3 8
53 4 46 1 10
25 4 105 1 18
47 3 68 3 4
81 1 37 0 7
77 4 86 0 15
46 0 86 0 13
86 4 83 3 5
104 2 47 0 5
36 0 3 2 10
53 0 78 3 7
82 0 100 2 18
73 0 2 4 12
77 1 89 1 8
44 2 25 0 17
21 3 41 1 10
45 3 20 3 9
13 4 23 3 6
89 1 36 4 17
79 0 6 1 8
50 1 11 1 20
8 1 84 3 16
32 2 100 0 3
36 3 11 2 12
79 3 51 4 3
40 3 77 4 13
7 4 64 4 6
83 3 17 1 6
65 4 93 3 5
68 2 69 1 19
24 4 6 4 13
20 3 53 2 5
63 1 83 1 20
94 3 11 2 14
95 3 99 2 15
101 1 75 4 16
22 1 31 3 17
45 0 36 3 7
51 2 62 3 9
41 2 58 2 3
49 1 8 0 17
30 2 96 1 4
60 4 64 0 14
21 0 54 1 17
36 2 5 2 16
61 3 56 1 9
55 3 16 4 7
9 4 26 2 11
96 2 80 1 20
83 1 66 0 13
102 3 66 2 19
39 4 12 0 6
52 1 70 4 4
51 4 17 0 10
100 2 29 0 15
85 0 72 0 10
51 4 32 1 5
20 4 86 2 9
54 2 89 1 12
5 1 80 2 12
86 1 20 4 4
70 3 34 4 7
2 1 16 2 19
45 1 42 0 8
79 1 95 4 6
95 1 2 0 14
68 0 87 4 20
45 3 29 4 15
33 1 23 1 7
41 3 0 0 20
18 3 36 1 6
71 0 60 0 7
60 1 61 2 7
66 3 4 3 4
63 4 53 2 15
51 1 65 4 15
6 2 43 1 11
42 1 74 3 6
25 4 48 4 18
32 2 70 0 14
90 1 49 2 16
79 2 88 0 10
68 1 82 3 12
99 2 69 2 11
77 3 11 1 11
