100 20
5 4 0 11 1 27 2 13 3 16 8 4 24 5 24 6 11 7 29 8 23 9 14 10 17 11 16 12 4 12 5 26 6 12 7 29 8 23 9 20 10 28 11 21 12 27 13 17 14 23 15 27 12 4 27 5 15 6 20 7 19 8 30 9 30 10 21 11 17 12 26 13 25 14 11 15 10 4 16 10 17 27 18 17 19 13 
5 4 0 21 1 17 2 22 3 27 8 8 12 9 22 10 24 11 25 12 30 13 20 14 20 15 27 8 8 25 9 20 10 23 11 24 12 29 13 17 14 14 15 26 12 4 24 5 14 6 11 7 28 8 19 9 24 10 10 11 28 12 14 13 11 14 24 15 27 4 16 11 17 12 18 15 19 14 
5 4 0 28 1 17 2 13 3 26 8 4 22 5 24 6 15 7 18 12 30 13 28 14 22 15 24 8 4 12 5 17 6 16 7 27 8 17 9 30 10 11 11 13 8 8 22 9 27 10 25 11 25 12 28 13 22 14 22 15 15 4 16 16 17 16 18 27 19 30 
5 4 0 21 1 28 2 29 3 14 8 4 17 5 27 6 27 7 18 12 23 13 11 14 30 15 22 12 4 27 5 20 6 23 7 12 8 14 9 21 10 18 11 10 12 13 13 22 14 28 15 25 8 8 20 9 14 10 22 11 10 12 22 13 30 14 17 15 10 4 16 17 17 19 18 10 19 27 
5 4 0 28 1 13 2 23 3 16 4 8 22 9 21 10 24 11 13 12 4 26 5 13 6 24 7 25 8 28 9 25 10 12 11 20 12 24 13 18 14 20 15 14 8 4 13 5 20 6 26 7 21 12 15 13 22 14 19 15 30 4 16 30 17 26 18 28 19 17 
5 4 0 20 1 30 2 27 3 18 12 4 30 5 16 6 23 7 12 8 12 9 22 10 15 11 25 12 21 13 20 14 29 15 25 4 4 16 5 30 6 23 7 25 8 4 28 5 19 6 10 7 23 12 30 13 24 14 10 15 18 4 16 20 17 30 18 25 19 26 
5 4 0 17 1 11 2 27 3 25 4 4 28 5 19 6 29 7 13 4 12 17 13 15 14 23 15 14 12 4 21 5 16 6 26 7 16 8 17 9 13 10 28 11 17 12 14 13 20 14 17 15 28 4 16 22 17 24 18 20 19 10 
5 4 0 23 1 20 2 16 3 24 8 4 24 5 23 6 27 7 27 8 13 9 24 10 29 11 22 4 4 30 5 18 6 23 7 27 4 4 25 5 28 6 19 7 21 4 16 13 17 18 18 29 19 23 
5 4 0 15 1 14 2 21 3 17 4 4 17 5 30 6 25 7 28 12 4 18 5 18 6 18 7 16 8 10 9 10 10 14 11 13 12 30 13 10 14 10 15 20 12 4 16 5 10 6 20 7 20 8 28 9 17 10 26 11 16 12 10 13 17 14 14 15 16 4 16 16 17 12 18 23 19 30 
5 4 0 18 1 18 2 13 3 18 12 4 19 5 24 6 19 7 10 8 27 9 10 10 28 11 13 12 14 13 24 14 10 15 25 12 4 23 5 22 6 28 7 14 8 26 9 20 10 24 11 23 12 12 13 10 14 11 15 15 4 8 19 9 14 10 10 11 23 4 16 22 17 28 18 30 19 30 
5 4 0 27 1 16 2 15 3 23 12 4 12 5 17 6 25 7 19 8 24 9 20 10 30 11 30 12 18 13 28 14 19 15 23 8 8 24 9 27 10 14 11 23 12 17 13 17 14 27 15 27 12 4 25 5 16 6 20 7 18 8 20 9 10 10 21 11 24 12 13 13 22 14 21 15 11 4 16 12 17 20 18 16 19 23 
5 4 0 23 1 15 2 28 3 23 4 4 23 5 24 6 25 7 16 12 4 25 5 29 6 25 7 16 8 26 9 17 10 18 11 18 12 14 13 29 14 26 15 22 8 8 20 9 16 10 29 11 12 12 29 13 23 14 29 15 10 4 16 14 17 10 18 15 19 19 
5 4 0 16 1 20 2 16 3 25 12 4 26 5 18 6 24 7 29 8 22 9 18 10 20 11 12 12 10 13 11 14 10 15 17 8 8 11 9 18 10 14 11 26 12 22 13 26 14 15 15 13 12 4 18 5 27 6 29 7 15 8 28 9 21 10 13 11 30 12 15 13 14 14 10 15 18 4 16 14 17 15 18 26 19 24 
5 4 0 25 1 29 2 29 3 26 8 4 10 5 15 6 24 7 24 8 15 9 27 10 27 11 18 8 4 13 5 10 6 21 7 23 12 30 13 15 14 17 15 15 8 4 10 5 27 6 18 7 21 12 29 13 28 14 14 15 15 4 16 25 17 19 18 18 19 19 
5 4 0 26 1 30 2 12 3 13 4 8 15 9 18 10 14 11 23 8 8 25 9 30 10 27 11 10 12 28 13 30 14 12 15 10 12 4 25 5 14 6 11 7 30 8 17 9 27 10 20 11 21 12 11 13 19 14 11 15 11 4 16 18 17 29 18 19 19 19 
5 4 0 19 1 28 2 15 3 19 8 8 30 9 16 10 20 11 23 12 20 13 25 14 17 15 28 8 4 24 5 15 6 27 7 23 8 14 9 30 10 16 11 22 4 12 14 13 12 14 21 15 21 4 16 20 17 11 18 24 19 25 
5 4 0 30 1 10 2 28 3 18 8 8 26 9 21 10 23 11 25 12 11 13 30 14 29 15 20 4 4 24 5 30 6 21 7 17 12 4 27 5 19 6 16 7 27 8 26 9 25 10 24 11 28 12 23 13 10 14 24 15 29 4 16 29 17 16 18 14 19 15 
5 4 0 17 1 15 2 12 3 21 4 12 18 13 30 14 24 15 13 8 4 16 5 30 6 14 7 20 12 22 13 25 14 16 15 16 4 4 30 5 19 6 30 7 21 4 16 29 17 13 18 14 19 29 
5 4 0 27 1 18 2 28 3 27 8 4 27 5 20 6 29 7 19 8 26 9 19 10 18 11 20 12 4 25 5 16 6 24 7 13 8 28 9 22 10 26 11 17 12 18 13 17 14 10 15 16 4 12 12 13 25 14 16 15 22 4 16 29 17 22 18 10 19 25 
5 4 0 23 1 21 2 30 3 26 4 12 29 13 10 14 22 15 11 8 4 19 5 22 6 17 7 12 12 24 13 18 14 11 15 22 12 4 13 5 16 6 18 7 27 8 27 9 24 10 23 11 16 12 11 13 20 14 27 15 16 4 16 30 17 13 18 15 19 25 
5 4 0 28 1 19 2 30 3 21 4 8 10 9 14 10 17 11 22 4 4 15 5 14 6 22 7 26 8 4 12 5 10 6 19 7 27 8 25 9 10 10 24 11 16 4 16 24 17 16 18 29 19 28 
5 4 0 20 1 17 2 18 3 30 4 8 29 9 16 10 28 11 15 12 4 13 5 22 6 14 7 27 8 13 9 10 10 30 11 16 12 18 13 24 14 12 15 15 4 12 20 13 11 14 23 15 13 4 16 18 17 23 18 15 19 21 
5 4 0 13 1 15 2 15 3 17 4 8 22 9 24 10 16 11 17 12 4 19 5 28 6 23 7 25 8 27 9 12 10 19 11 15 12 12 13 27 14 14 15 27 8 8 11 9 10 10 28 11 19 12 15 13 14 14 16 15 20 4 16 21 17 30 18 30 19 27 
5 4 0 26 1 23 2 15 3 29 8 4 12 5 28 6 14 7 16 12 30 13 30 14 20 15 17 4 8 28 9 28 10 12 11 19 4 8 20 9 27 10 26 11 10 4 16 15 17 28 18 19 19 29 
5 4 0 16 1 15 2 26 3 16 12 4 15 5 12 6 16 7 13 8 19 9 16 10 30 11 26 12 16 13 29 14 17 15 29 4 4 15 5 28 6 10 7 11 12 4 14 5 22 6 29 7 11 8 20 9 25 10 19 11 18 12 14 13 10 14 29 15 17 4 16 24 17 21 18 20 19 12 
5 4 0 11 1 21 2 16 3 14 8 4 19 5 30 6 15 7 25 12 27 13 30 14 17 15 28 8 4 16 5 28 6 11 7 26 8 29 9 29 10 13 11 27 12 4 26 5 16 6 27 7 29 8 15 9 11 10 17 11 25 12 14 13 21 14 26 15 18 4 16 16 17 27 18 18 19 15 
5 4 0 17 1 15 2 14 3 30 4 12 30 13 29 14 24 15 12 12 4 11 5 14 6 26 7 12 8 12 9 26 10 30 11 14 12 26 13 27 14 14 15 19 8 4 21 5 28 6 10 7 29 8 19 9 24 10 23 11 23 4 16 17 17 24 18 16 19 17 
5 4 0 19 1 17 2 26 3 18 12 4 17 5 16 6 16 7 12 8 18 9 24 10 30 11 16 12 28 13 13 14 24 15 13 4 4 27 5 16 6 27 7 16 4 12 30 13 14 14 25 15 26 4 16 20 17 29 18 21 19 24 
5 4 0 19 1 19 2 19 3 14 8 4 24 5 30 6 13 7 28 12 23 13 16 14 24 15 10 4 12 26 13 29 14 14 15 15 8 8 27 9 29 10 22 11 17 12 26 13 23 14 28 15 13 4 16 20 17 12 18 12 19 13 
5 4 0 10 1 21 2 27 3 29 8 8 10 9 25 10 15 11 14 12 19 13 11 14 15 15 12 8 4 29 5 23 6 30 7 20 8 18 9 10 10 10 11 21 12 4 14 5 17 6 22 7 21 8 25 9 15 10 10 11 23 12 10 13 13 14 18 15 13 4 16 27 17 18 18 30 19 24 
5 4 0 16 1 21 2 16 3 14 12 4 14 5 23 6 22 7 21 8 21 9 13 10 26 11 14 12 30 13 24 14 25 15 27 12 4 21 5 20 6 21 7 15 8 20 9 15 10 11 11 29 12 24 13 11 14 15 15 16 4 12 24 13 18 14 11 15 28 4 16 19 17 19 18 21 19 11 
5 4 0 18 1 19 2 10 3 30 4 12 15 13 22 14 26 15 16 8 4 22 5 19 6 29 7 15 8 21 9 24 10 28 11 13 4 12 23 13 24 14 14 15 27 4 16 21 17 18 18 17 19 11 
5 4 0 17 1 17 2 22 3 30 12 4 13 5 24 6 19 7 11 8 24 9 29 10 23 11 17 12 30 13 30 14 11 15 21 12 4 25 5 13 6 14 7 20 8 22 9 28 10 29 11 15 12 10 13 15 14 18 15 23 8 4 18 5 13 6 10 7 10 8 28 9 26 10 21 11 26 4 16 21 17 24 18 20 19 26 
5 4 0 18 1 17 2 12 3 17 12 4 14 5 26 6 12 7 12 8 30 9 16 10 29 11 23 12 23 13 20 14 23 15 12 8 4 11 5 25 6 30 7 19 8 15 9 25 10 29 11 23 12 4 10 5 21 6 16 7 14 8 14 9 19 10 26 11 28 12 21 13 17 14 20 15 27 4 16 16 17 12 18 22 19 10 
5 4 0 18 1 11 2 20 3 26 8 4 14 5 15 6 12 7 11 8 12 9 11 10 12 11 21 8 8 12 9 22 10 20 11 28 12 13 13 25 14 21 15 24 4 12 14 13 27 14 19 15 25 4 16 16 17 23 18 17 19 25 
5 4 0 28 1 20 2 15 3 24 8 8 19 9 22 10 30 11 22 12 29 13 19 14 22 15 17 8 4 20 5 18 6 25 7 18 8 12 9 24 10 18 11 23 8 8 24 9 22 10 14 11 10 12 19 13 16 14 29 15 10 4 16 17 17 20 18 30 19 30 
5 4 0 15 1 23 2 16 3 21 4 4 10 5 27 6 15 7 21 4 8 22 9 22 10 10 11 28 8 8 21 9 15 10 30 11 20 12 25 13 22 14 15 15 13 4 16 12 17 23 18 17 19 13 
5 4 0 30 1 21 2 22 3 23 8 4 16 5 18 6 18 7 29 12 29 13 24 14 20 15 20 4 12 19 13 16 14 11 15 27 8 4 25 5 29 6 15 7 20 8 10 9 19 10 13 11 11 4 16 27 17 20 18 12 19 20 
5 4 0 28 1 17 2 14 3 29 4 12 16 13 28 14 26 15 25 12 4 10 5 27 6 21 7 13 8 11 9 12 10 12 11 26 12 10 13 18 14 13 15 16 12 4 22 5 16 6 10 7 25 8 19 9 16 10 28 11 28 12 29 13 20 14 24 15 22 4 16 13 17 29 18 25 19 19 
5 4 0 14 1 16 2 27 3 16 12 4 15 5 19 6 21 7 18 8 24 9 17 10 20 11 26 12 26 13 14 14 13 15 27 4 4 26 5 18 6 11 7 16 12 4 30 5 27 6 27 7 22 8 27 9 26 10 18 11 29 12 11 13 23 14 18 15 15 4 16 22 17 20 18 11 19 24 
5 4 0 13 1 26 2 29 3 25 8 4 20 5 17 6 23 7 27 8 25 9 21 10 16 11 23 8 4 13 5 28 6 26 7 14 8 24 9 26 10 30 11 11 4 8 26 9 18 10 12 11 10 4 16 15 17 18 18 25 19 26 
5 4 0 29 1 25 2 14 3 16 4 8 24 9 22 10 30 11 26 12 4 16 5 15 6 15 7 26 8 18 9 26 10 12 11 30 12 16 13 12 14 21 15 30 12 4 11 5 16 6 15 7 28 8 10 9 23 10 18 11 23 12 19 13 17 14 10 15 13 4 16 11 17 12 18 11 19 24 
5 4 0 25 1 15 2 16 3 25 4 4 24 5 17 6 11 7 29 8 4 18 5 13 6 26 7 10 8 11 9 19 10 26 11 11 12 4 20 5 19 6 14 7 30 8 29 9 20 10 22 11 24 12 14 13 17 14 23 15 24 4 16 24 17 16 18 28 19 29 
5 4 0 29 1 16 2 14 3 30 12 4 18 5 24 6 11 7 18 8 14 9 10 10 22 11 26 12 16 13 12 14 21 15 20 8 4 10 5 14 6 12 7 18 12 17 13 30 14 16 15 21 12 4 29 5 16 6 10 7 29 8 30 9 27 10 20 11 20 12 15 13 11 14 28 15 12 4 16 21 17 24 18 14 19 16 
5 4 0 23 1 19 2 26 3 14 4 4 16 5 30 6 10 7 30 4 8 22 9 20 10 26 11 23 4 12 14 13 21 14 28 15 11 4 16 13 17 11 18 12 19 15 
5 4 0 29 1 21 2 25 3 30 8 8 27 9 26 10 27 11 25 12 27 13 13 14 15 15 23 4 4 23 5 20 6 18 7 27 12 4 23 5 20 6 20 7 17 8 10 9 15 10 10 11 23 12 16 13 24 14 14 15 25 4 16 13 17 25 18 28 19 19 
5 4 0 20 1 20 2 25 3 25 12 4 27 5 24 6 10 7 30 8 10 9 18 10 24 11 11 12 18 13 24 14 11 15 25 12 4 24 5 28 6 23 7 28 8 23 9 24 10 14 11 28 12 14 13 21 14 19 15 19 4 4 15 5 23 6 13 7 24 4 16 30 17 15 18 27 19 14 
5 4 0 22 1 30 2 11 3 30 12 4 24 5 19 6 23 7 29 8 16 9 10 10 14 11 28 12 16 13 12 14 22 15 25 12 4 18 5 17 6 30 7 17 8 20 9 20 10 19 11 19 12 30 13 10 14 16 15 25 12 4 24 5 28 6 12 7 29 8 17 9 14 10 30 11 28 12 13 13 28 14 10 15 12 4 16 14 17 30 18 19 19 26 
5 4 0 29 1 22 2 14 3 30 12 4 11 5 29 6 16 7 21 8 10 9 11 10 14 11 13 12 15 13 24 14 17 15 21 8 4 28 5 29 6 14 7 25 8 23 9 21 10 17 11 23 4 8 22 9 15 10 24 11 25 4 16 27 17 10 18 17 19 28 
5 4 0 17 1 14 2 28 3 19 12 4 14 5 24 6 19 7 11 8 15 9 28 10 28 11 25 12 16 13 19 14 24 15 16 8 4 11 5 17 6 13 7 10 12 30 13 23 14 18 15 27 4 12 25 13 24 14 16 15 27 4 16 12 17 22 18 28 19 27 
5 4 0 21 1 27 2 12 3 15 4 4 16 5 28 6 26 7 17 4 12 25 13 12 14 20 15 21 12 4 22 5 17 6 18 7 18 8 12 9 13 10 28 11 12 12 22 13 14 14 13 15 24 4 16 24 17 14 18 15 19 28 
5 4 0 20 1 16 2 25 3 11 4 12 10 13 11 14 17 15 20 12 4 12 5 10 6 19 7 19 8 16 9 10 10 19 11 15 12 21 13 15 14 28 15 14 4 12 30 13 22 14 26 15 18 4 16 28 17 16 18 15 19 30 
5 4 0 17 1 12 2 11 3 29 8 8 15 9 13 10 22 11 13 12 24 13 16 14 29 15 11 8 4 13 5 19 6 14 7 13 12 13 13 19 14 22 15 18 12 4 11 5 13 6 11 7 17 8 20 9 20 10 20 11 19 12 23 13 29 14 27 15 25 4 16 26 17 17 18 29 19 11 
5 4 0 29 1 18 2 11 3 28 8 4 11 5 28 6 29 7 29 8 28 9 27 10 22 11 10 12 4 19 5 20 6 27 7 20 8 10 9 18 10 13 11 21 12 29 13 14 14 30 15 30 12 4 14 5 12 6 15 7 21 8 10 9 19 10 27 11 17 12 22 13 16 14 13 15 26 4 16 12 17 23 18 14 19 15 
5 4 0 20 1 27 2 25 3 13 12 4 21 5 23 6 10 7 25 8 29 9 19 10 16 11 12 12 18 13 26 14 17 15 10 12 4 24 5 22 6 20 7 21 8 17 9 20 10 13 11 29 12 13 13 23 14 29 15 23 8 4 19 5 25 6 22 7 26 12 29 13 14 14 15 15 21 4 16 23 17 16 18 13 19 29 
5 4 0 11 1 24 2 24 3 26 4 12 30 13 27 14 26 15 23 8 4 16 5 26 6 25 7 27 12 15 13 19 14 27 15 30 4 12 30 13 13 14 17 15 28 4 16 18 17 27 18 25 19 11 
5 4 0 24 1 25 2 11 3 23 4 4 14 5 15 6 19 7 15 12 4 16 5 27 6 29 7 27 8 26 9 21 10 22 11 24 12 16 13 15 14 28 15 10 12 4 12 5 19 6 26 7 14 8 29 9 20 10 26 11 28 12 22 13 22 14 18 15 25 4 16 12 17 28 18 25 19 15 
5 4 0 14 1 13 2 25 3 20 4 8 13 9 23 10 22 11 11 12 4 21 5 25 6 21 7 25 8 20 9 13 10 13 11 11 12 22 13 16 14 13 15 18 12 4 18 5 19 6 29 7 13 8 30 9 27 10 23 11 17 12 25 13 12 14 21 15 29 4 16 20 17 12 18 13 19 16 
5 4 0 29 1 29 2 26 3 23 4 12 16 13 24 14 29 15 11 4 12 11 13 20 14 10 15 19 12 4 13 5 10 6 11 7 17 8 25 9 11 10 24 11 28 12 11 13 13 14 24 15 22 4 16 18 17 12 18 18 19 17 
5 4 0 27 1 18 2 24 3 10 8 4 13 5 30 6 29 7 11 12 28 13 16 14 11 15 16 4 4 27 5 23 6 30 7 13 12 4 30 5 26 6 21 7 19 8 15 9 19 10 18 11 27 12 27 13 23 14 29 15 21 4 16 19 17 27 18 29 19 17 
5 4 0 15 1 12 2 28 3 18 8 4 30 5 29 6 19 7 23 12 30 13 15 14 29 15 13 12 4 26 5 21 6 12 7 24 8 27 9 21 10 17 11 25 12 20 13 25 14 23 15 14 4 12 20 13 30 14 13 15 29 4 16 10 17 27 18 25 19 29 
5 4 0 30 1 15 2 29 3 11 4 4 16 5 30 6 14 7 27 12 4 18 5 18 6 15 7 20 8 19 9 14 10 15 11 21 12 13 13 15 14 10 15 11 8 4 22 5 15 6 14 7 20 8 16 9 18 10 17 11 22 4 16 25 17 11 18 23 19 13 
5 4 0 17 1 20 2 24 3 23 8 4 25 5 16 6 23 7 26 12 20 13 25 14 11 15 30 4 8 22 9 17 10 16 11 13 4 8 13 9 17 10 21 11 17 4 16 15 17 14 18 27 19 10 
5 4 0 23 1 19 2 24 3 10 12 4 19 5 22 6 15 7 20 8 10 9 15 10 30 11 29 12 21 13 27 14 20 15 17 12 4 28 5 16 6 10 7 26 8 19 9 21 10 27 11 22 12 14 13 24 14 10 15 30 4 4 26 5 23 6 16 7 11 4 16 21 17 11 18 19 19 25 
5 4 0 25 1 27 2 29 3 23 8 4 11 5 10 6 27 7 26 8 17 9 10 10 26 11 28 8 4 21 5 24 6 16 7 22 12 25 13 30 14 16 15 18 4 12 13 13 10 14 14 15 29 4 16 12 17 25 18 12 19 11 
5 4 0 13 1 21 2 30 3 13 4 12 26 13 26 14 28 15 19 8 4 30 5 18 6 29 7 10 12 28 13 16 14 25 15 17 12 4 20 5 28 6 10 7 27 8 15 9 10 10 23 11 15 12 17 13 28 14 24 15 16 4 16 21 17 25 18 28 19 30 
5 4 0 18 1 18 2 10 3 12 12 4 12 5 19 6 16 7 16 8 13 9 24 10 11 11 19 12 10 13 24 14 15 15 12 12 4 13 5 18 6 12 7 11 8 25 9 30 10 22 11 15 12 23 13 16 14 12 15 20 8 4 21 5 20 6 21 7 12 8 11 9 11 10 26 11 25 4 16 18 17 17 18 13 19 15 
5 4 0 30 1 24 2 18 3 17 4 12 18 13 29 14 29 15 15 8 8 12 9 13 10 18 11 13 12 24 13 27 14 25 15 26 8 4 26 5 30 6 24 7 15 8 11 9 30 10 26 11 16 4 16 16 17 23 18 19 19 17 
5 4 0 25 1 22 2 30 3 18 4 12 30 13 17 14 18 15 18 12 4 11 5 24 6 17 7 29 8 24 9 12 10 24 11 23 12 10 13 29 14 24 15 11 12 4 11 5 15 6 27 7 22 8 29 9 25 10 19 11 29 12 13 13 20 14 14 15 27 4 16 20 17 19 18 21 19 21 
5 4 0 22 1 29 2 22 3 17 12 4 13 5 15 6 19 7 29 8 22 9 10 10 14 11 27 12 12 13 22 14 19 15 23 12 4 11 5 16 6 12 7 22 8 13 9 16 10 10 11 29 12 19 13 15 14 17 15 12 8 4 30 5 22 6 28 7 21 12 17 13 29 14 15 15 29 4 16 24 17 18 18 23 19 26 
5 4 0 14 1 22 2 15 3 10 4 12 26 13 24 14 15 15 27 12 4 16 5 20 6 24 7 27 8 19 9 26 10 25 11 10 12 24 13 28 14 28 15 27 4 12 20 13 18 14 11 15 19 4 16 19 17 13 18 29 19 17 
5 4 0 21 1 20 2 24 3 23 12 4 17 5 10 6 27 7 16 8 24 9 11 10 23 11 11 12 14 13 17 14 14 15 16 8 8 12 9 14 10 22 11 19 12 24 13 14 14 14 15 24 8 8 16 9 20 10 17 11 27 12 10 13 14 14 12 15 18 4 16 15 17 26 18 22 19 23 
5 4 0 11 1 17 2 20 3 17 12 4 20 5 15 6 13 7 18 8 19 9 16 10 30 11 22 12 25 13 19 14 11 15 18 8 4 29 5 25 6 20 7 20 8 11 9 18 10 16 11 29 12 4 27 5 25 6 10 7 25 8 11 9 15 10 15 11 30 12 23 13 28 14 15 15 13 4 16 24 17 19 18 29 19 11 
5 4 0 22 1 14 2 12 3 24 8 4 27 5 28 6 14 7 10 8 28 9 26 10 18 11 24 12 4 24 5 15 6 27 7 12 8 29 9 21 10 15 11 20 12 26 13 15 14 20 15 20 8 8 13 9 14 10 18 11 19 12 21 13 28 14 16 15 25 4 16 17 17 18 18 13 19 15 
5 4 0 16 1 12 2 10 3 25 4 8 12 9 14 10 30 11 24 4 12 22 13 14 14 24 15 25 4 12 17 13 11 14 17 15 21 4 16 11 17 16 18 23 19 30 
5 4 0 15 1 29 2 28 3 24 4 8 26 9 24 10 26 11 10 8 8 27 9 23 10 22 11 16 12 14 13 15 14 27 15 20 12 4 25 5 18 6 24 7 27 8 12 9 18 10 12 11 11 12 23 13 10 14 14 15 25 4 16 23 17 29 18 25 19 11 
5 4 0 11 1 12 2 22 3 24 4 4 21 5 27 6 10 7 20 8 8 14 9 13 10 20 11 20 12 11 13 20 14 29 15 13 8 8 15 9 26 10 30 11 18 12 15 13 22 14 30 15 11 4 16 29 17 19 18 30 19 16 
5 4 0 12 1 19 2 28 3 18 8 8 27 9 17 10 17 11 18 12 11 13 12 14 24 15 22 8 4 10 5 20 6 23 7 11 8 20 9 11 10 29 11 17 4 4 26 5 25 6 19 7 25 4 16 21 17 17 18 10 19 17 
5 4 0 17 1 20 2 23 3 29 4 12 16 13 24 14 11 15 28 8 4 18 5 21 6 24 7 13 8 29 9 10 10 25 11 27 8 4 15 5 12 6 27 7 15 8 30 9 23 10 13 11 19 4 16 10 17 22 18 15 19 24 
5 4 0 19 1 11 2 18 3 30 8 4 10 5 30 6 11 7 21 8 24 9 18 10 29 11 29 8 4 16 5 18 6 25 7 16 8 12 9 21 10 20 11 16 8 4 11 5 14 6 23 7 12 12 27 13 22 14 21 15 15 4 16 23 17 12 18 15 19 11 
5 4 0 10 1 19 2 12 3 17 12 4 21 5 13 6 18 7 13 8 28 9 22 10 18 11 22 12 30 13 25 14 25 15 20 12 4 17 5 12 6 20 7 12 8 25 9 20 10 26 11 11 12 23 13 25 14 18 15 16 12 4 23 5 19 6 26 7 23 8 10 9 21 10 12 11 12 12 19 13 14 14 15 15 10 4 16 28 17 16 18 19 19 10 
5 4 0 10 1 19 2 15 3 13 4 12 21 13 19 14 21 15 19 8 4 28 5 28 6 15 7 15 8 18 9 13 10 14 11 18 4 12 26 13 25 14 12 15 29 4 16 12 17 24 18 25 19 18 
5 4 0 19 1 25 2 25 3 20 8 4 21 5 14 6 23 7 23 8 19 9 23 10 23 11 14 4 8 11 9 28 10 12 11 14 12 4 12 5 23 6 22 7 30 8 15 9 19 10 12 11 16 12 11 13 13 14 13 15 28 4 16 14 17 14 18 29 19 13 
5 4 0 30 1 26 2 23 3 14 12 4 21 5 13 6 27 7 16 8 25 9 13 10 19 11 11 12 30 13 21 14 22 15 28 12 4 11 5 18 6 10 7 28 8 26 9 20 10 13 11 13 12 30 13 12 14 11 15 24 4 8 12 9 12 10 20 11 11 4 16 23 17 25 18 13 19 11 
5 4 0 14 1 28 2 30 3 10 4 4 20 5 30 6 14 7 26 8 4 24 5 17 6 21 7 10 12 21 13 19 14 16 15 22 4 4 26 5 21 6 13 7 19 4 16 18 17 30 18 20 19 28 
5 4 0 20 1 20 2 18 3 10 4 8 28 9 12 10 18 11 29 12 4 26 5 12 6 11 7 19 8 24 9 27 10 11 11 26 12 11 13 22 14 27 15 27 4 8 16 9 13 10 28 11 27 4 16 17 17 17 18 25 19 16 
5 4 0 22 1 22 2 16 3 22 8 4 14 5 24 6 13 7 27 8 14 9 15 10 12 11 17 4 8 27 9 25 10 21 11 18 8 4 22 5 25 6 12 7 21 12 21 13 10 14 29 15 15 4 16 17 17 27 18 26 19 13 
5 4 0 14 1 21 2 11 3 14 8 4 12 5 11 6 29 7 10 8 11 9 10 10 18 11 17 12 4 18 5 30 6 28 7 14 8 29 9 12 10 25 11 17 12 17 13 21 14 16 15 27 12 4 23 5 30 6 17 7 24 8 23 9 29 10 23 11 12 12 10 13 28 14 28 15 24 4 16 29 17 18 18 11 19 11 
5 4 0 24 1 12 2 23 3 21 4 4 15 5 29 6 26 7 21 8 4 23 5 26 6 27 7 23 12 27 13 13 14 21 15 21 12 4 16 5 16 6 24 7 21 8 12 9 21 10 24 11 19 12 25 13 11 14 26 15 25 4 16 22 17 26 18 12 19 12 
5 4 0 26 1 19 2 26 3 14 8 4 14 5 26 6 14 7 10 12 25 13 23 14 20 15 22 12 4 13 5 23 6 26 7 15 8 14 9 25 10 14 11 12 12 25 13 21 14 20 15 25 8 4 28 5 29 6 10 7 21 8 10 9 10 10 27 11 11 4 16 25 17 29 18 25 19 12 
5 4 0 19 1 30 2 24 3 14 12 4 30 5 18 6 23 7 16 8 30 9 15 10 12 11 14 12 16 13 20 14 20 15 14 12 4 20 5 28 6 23 7 18 8 13 9 23 10 29 11 22 12 28 13 25 14 28 15 16 4 8 25 9 30 10 24 11 20 4 16 20 17 15 18 19 19 13 
5 4 0 23 1 22 2 27 3 14 8 8 11 9 24 10 18 11 24 12 12 13 19 14 20 15 24 8 8 11 9 28 10 19 11 26 12 24 13 23 14 30 15 17 12 4 12 5 11 6 22 7 17 8 23 9 28 10 24 11 10 12 19 13 21 14 15 15 15 4 16 24 17 28 18 27 19 11 
5 4 0 30 1 20 2 30 3 13 4 12 20 13 17 14 21 15 20 12 4 14 5 28 6 19 7 14 8 16 9 22 10 23 11 17 12 16 13 26 14 16 15 20 4 8 23 9 13 10 21 11 19 4 16 13 17 14 18 14 19 25 
5 4 0 19 1 10 2 17 3 24 12 4 28 5 19 6 20 7 18 8 29 9 30 10 28 11 14 12 22 13 30 14 15 15 16 4 4 20 5 11 6 21 7 18 12 4 15 5 25 6 13 7 19 8 24 9 15 10 25 11 25 12 14 13 25 14 26 15 10 4 16 11 17 28 18 11 19 27 
5 4 0 10 1 22 2 16 3 29 4 4 19 5 16 6 16 7 19 8 4 20 5 30 6 21 7 12 8 11 9 17 10 11 11 18 4 8 25 9 11 10 11 11 28 4 16 10 17 24 18 12 19 27 
5 4 0 13 1 16 2 11 3 29 4 4 10 5 17 6 12 7 15 4 12 14 13 17 14 30 15 28 4 4 19 5 29 6 24 7 16 4 16 29 17 27 18 27 19 11 
5 4 0 17 1 30 2 19 3 29 4 8 14 9 17 10 21 11 12 4 4 27 5 27 6 24 7 14 12 4 16 5 12 6 28 7 19 8 27 9 16 10 29 11 12 12 29 13 15 14 29 15 14 4 16 29 17 23 18 15 19 24 
5 4 0 18 1 11 2 25 3 16 4 8 28 9 30 10 28 11 24 12 4 24 5 22 6 19 7 28 8 10 9 27 10 24 11 10 12 29 13 22 14 30 15 17 12 4 10 5 22 6 10 7 29 8 30 9 18 10 10 11 11 12 22 13 25 14 15 15 18 4 16 19 17 30 18 25 19 13 
5 4 0 16 1 13 2 12 3 25 4 4 18 5 20 6 22 7 19 12 4 25 5 24 6 19 7 15 8 26 9 21 10 11 11 28 12 19 13 15 14 30 15 16 4 4 21 5 21 6 10 7 20 4 16 30 17 17 18 22 19 16 
5 4 0 21 1 26 2 10 3 21 4 12 14 13 23 14 25 15 20 4 8 30 9 28 10 21 11 30 8 4 20 5 18 6 24 7 15 12 10 13 12 14 23 15 11 4 16 11 17 13 18 14 19 15 

Dynamic Events

# Machine Breakdowns (machine_id start_time end_time)
Machine Breakdowns
0 2236 2246
5 2440 2449
9 720 729
16 1371 1385
17 1214 1225

# Added Jobs (arrival_time: num_ops num_alts_op1 m1 p1 ... num_alts_op2 m1 p1 ...)
Added Jobs
205: 5 11 19 11 9 23 0 27 10 12 15 21 12 29 1 25 16 10 8 14 14 15 4 30 5 4 12 5 27 7 29 17 13 15 13 9 13 23 6 28 2 11 7 14 3 18 18 11 16 28 15 17 17 18 4 6 13 11 28 7 11 16 10 6 17 23 14 14 12 30 9 10 15 26 10 26 
513: 5 10 17 15 9 28 4 24 0 24 12 30 14 27 1 20 11 22 13 13 16 25 10 13 19 4 23 11 22 15 15 12 15 2 13 17 10 0 19 5 20 8 24 5 3 22 6 26 17 18 19 29 8 17 4 15 19 5 30 12 19 13 12 4 14 12 7 11 17 14 18 28 
1087: 5 11 17 26 12 17 5 27 10 24 8 17 13 22 1 10 6 14 15 15 19 27 0 23 11 17 20 10 23 11 21 19 30 1 17 14 13 4 12 15 21 3 23 7 10 9 28 8 18 14 2 27 19 28 5 11 9 12 8 12 0 22 1 22 11 17 14 14 18 16 15 1 10 18 13 2 28 3 19 4 17 9 13 13 20 12 13 12 6 19 15 18 8 13 4 28 5 17 14 19 3 12 13 18 19 23 16 25 2 18 10 10 
1391: 5 12 13 28 19 10 11 23 6 18 1 10 12 30 0 17 9 18 16 28 4 13 15 30 5 18 10 2 10 8 27 3 27 10 18 6 10 17 19 4 11 0 17 13 28 5 12 9 11 13 6 19 18 23 8 20 0 24 1 23 12 27 7 20 15 28 6 15 23 4 20 5 23 6 10 11 12 19 30 4 1 27 6 28 17 18 10 25 
1501: 5 8 16 15 9 18 7 17 0 11 17 25 11 14 18 10 2 21 5 4 22 9 14 5 30 3 22 18 15 5 0 27 7 21 17 29 12 22 6 25 5 0 13 13 30 12 16 15 17 18 21 12 17 12 12 24 2 17 1 30 19 20 3 28 5 19 4 27 14 29 6 13 13 12 15 26 

# Cancelled Jobs (cancel_time initial_job_sim_idx_to_cancel)
Cancelled Jobs
313 63
1154 23
1241 85
1522 71
1680 3
2029 17
2042 1
2186 27

# ETPC Constraints (fore_job_sim_idx fore_op_idx hind_job_sim_idx hind_op_idx time_lapse)
ETPC Constraints
83 3 58 2 11
40 0 93 2 20
29 0 60 3 15
103 4 28 0 13
88 2 5 4 18
52 4 104 4 4
19 0 8 4 8
48 4 63 4 19
7 1 93 0 18
30 0 83 2 17
103 3 3 0 9
4 0 103 1 14
93 0 50 1 15
83 1 21 3 7
71 0 51 2 13
76 3 4 4 7
104 1 22 3 3
81 1 84 3 3
84 0 100 0 20
88 1 74 1 18
102 0 48 0 9
71 4 3 0 20
74 3 73 1 16
8 3 89 3 18
14 2 24 1 11
73 1 96 4 12
91 4 33 2 7
18 1 44 0 10
94 1 76 0 12
31 3 75 0 19
95 3 92 0 7
25 1 9 3 11
23 4 90 3 15
69 3 44 3 18
47 4 27 2 17
11 0 55 4 19
101 0 94 0 15
72 0 37 4 4
96 3 81 4 13
96 4 55 3 10
41 1 95 0 8
20 1 53 3 12
12 3 94 0 18
57 0 16 2 15
61 2 93 2 16
2 2 23 4 4
101 3 78 2 3
8 1 47 0 14
5 4 57 3 8
44 1 32 2 6
17 0 58 0 14
69 4 34 3 14
12 2 14 1 12
11 4 30 1 20
67 4 45 2 19
47 1 13 4 6
92 0 32 3 10
8 0 72 4 18
12 1 56 4 5
92 0 9 4 19
0 0 88 2 8
41 1 51 1 13
55 4 37 4 8
92 0 63 3 15
79 4 25 4 20
12 0 84 0 5
79 3 83 2 4
85 0 62 2 17
28 4 77 4 9
69 4 18 3 11
40 3 68 2 18
2 2 87 1 10
6 1 73 3 20
62 0 69 2 18
47 2 85 3 18
19 0 21 2 5
22 4 50 0 3
22 4 24 4 6
22 3 11 3 5
12 0 25 2 15
56 3 79 0 20
49 3 91 1 7
2 0 16 2 11
4 2 86 2 5
54 0 21 4 13
18 1 88 4 16
75 4 72 4 19
17 1 52 3 3
69 1 49 4 6
87 2 73 0 12
37 0 14 4 15
40 2 45 0 20
23 1 46 1 20
3 2 73 3 11
36 2 13 3 9
28 4 43 3 18
68 0 45 2 15
103 2 32 1 11
98 4 5 4 8
53 1 50 1 5
44 0 2 4 12
11 1 30 4 5
49 0 7 3 6
19 2 95 3 16
20 1 29 0 4
91 4 53 2 4
20 4 57 4 8
47 1 21 2 15
78 2 45 1 15
5 3 74 2 18
54 3 82 2 12
0 4 43 1 16
98 2 36 1 14
78 1 23 1 4
62 2 91 1 4
13 4 82 1 17
53 3 10 3 13
12 1 26 2 12
80 3 103 2 15
100 3 49 4 20
50 2 35 4 5
7 1 33 1 13
83 1 96 1 4
18 4 99 1 10
55 4 10 3 20
6 0 96 1 3
101 4 43 1 8
14 1 8 4 12
65 3 17 2 3
54 1 52 0 18
9 2 32 3 11
68 2 76 2 6
21 4 3 4 16
78 1 27 2 14
38 2 66 3 8
25 2 37 2 12
71 1 30 1 4
97 4 70 4 12
9 1 56 0 12
57 0 58 2 6
32 2 22 0 10
78 2 29 2 6
93 4 102 1 15
36 1 68 1 11
5 4 56 4 11
78 1 57 1 19
14 1 78 1 7
18 0 7 4 4
14 4 13 2 15
18 2 54 3 6
99 1 93 3 16
76 0 25 2 16
101 0 77 0 16
41 4 1 4 14
73 3 26 3 18
91 0 76 0 5
69 4 96 0 20
32 1 39 0 6
33 1 53 3 5
42 3 39 3 4
50 4 6 1 5
12 4 72 2 11
24 3 36 3 5
92 0 17 3 15
67 1 95 0 3
50 2 20 2 3
63 4 56 3 9
30 0 56 4 9
18 2 85 0 14
66 3 101 2 11
95 4 45 2 5
96 0 12 2 14
29 1 47 3 7
94 2 60 1 7
50 0 33 0 4
34 0 66 1 16
81 2 32 4 14
11 4 82 1 10
97 1 57 2 16
65 3 46 4 6
100 2 102 0 4
22 1 94 3 13
54 3 69 4 10
94 3 57 0 12
56 2 8 1 3
86 0 104 1 19
61 4 65 1 3
6 2 93 4 5
67 0 16 3 11
76 3 42 1 14
85 1 23 2 20
62 1 50 0 3
10 3 16 2 14
24 0 31 3 7
24 0 42 3 3
2 4 25 4 20
87 4 57 0 15
76 3 16 0 12
55 4 82 1 17
6 1 32 4 4
46 0 27 4 8
42 0 46 0 5
21 3 28 4 14
76 3 45 0 16
36 1 4 4 14
97 3 82 0 9
3 0 52 1 10
31 1 55 0 6
98 1 38 0 13
41 3 39 2 6
