100 20
5 4 0 20 1 25 2 26 3 25 12 4 29 5 19 6 29 7 24 8 19 9 26 10 10 11 25 12 15 13 13 14 27 15 26 12 4 17 5 25 6 28 7 16 8 21 9 19 10 15 11 14 12 16 13 18 14 21 15 20 4 4 13 5 30 6 18 7 26 4 16 30 17 19 18 26 19 19 
5 4 0 11 1 13 2 25 3 16 4 8 21 9 10 10 26 11 19 8 4 29 5 20 6 16 7 27 12 11 13 29 14 23 15 13 4 12 10 13 30 14 12 15 27 4 16 11 17 30 18 15 19 24 
5 4 0 17 1 25 2 15 3 17 8 4 26 5 26 6 15 7 19 12 17 13 15 14 13 15 23 4 4 25 5 16 6 29 7 23 8 8 14 9 25 10 14 11 18 12 16 13 28 14 12 15 21 4 16 14 17 23 18 10 19 24 
5 4 0 22 1 29 2 25 3 17 4 4 26 5 25 6 21 7 20 4 12 20 13 19 14 27 15 30 12 4 30 5 29 6 22 7 28 8 11 9 18 10 23 11 11 12 28 13 30 14 25 15 24 4 16 24 17 29 18 19 19 30 
5 4 0 11 1 30 2 24 3 18 12 4 30 5 29 6 22 7 24 8 18 9 12 10 20 11 16 12 21 13 22 14 15 15 14 4 8 18 9 15 10 25 11 18 12 4 16 5 12 6 12 7 28 8 24 9 16 10 15 11 30 12 23 13 21 14 10 15 24 4 16 26 17 24 18 14 19 20 
5 4 0 22 1 22 2 21 3 24 4 4 18 5 15 6 19 7 28 4 8 24 9 27 10 25 11 28 4 4 11 5 21 6 19 7 13 4 16 18 17 14 18 19 19 15 
5 4 0 13 1 15 2 25 3 15 8 4 19 5 27 6 10 7 19 8 25 9 16 10 14 11 27 8 4 26 5 12 6 28 7 22 12 22 13 14 14 21 15 14 12 4 11 5 30 6 30 7 19 8 19 9 11 10 25 11 22 12 23 13 10 14 23 15 26 4 16 26 17 19 18 30 19 29 
5 4 0 18 1 25 2 10 3 23 4 8 22 9 30 10 12 11 25 4 12 14 13 23 14 27 15 16 8 4 14 5 23 6 17 7 20 8 26 9 16 10 14 11 15 4 16 18 17 16 18 10 19 13 
5 4 0 16 1 21 2 29 3 23 12 4 24 5 19 6 16 7 27 8 12 9 18 10 24 11 25 12 17 13 24 14 18 15 21 12 4 29 5 15 6 25 7 16 8 10 9 27 10 12 11 19 12 13 13 29 14 30 15 15 8 4 17 5 10 6 19 7 11 8 27 9 18 10 10 11 19 4 16 25 17 14 18 21 19 15 
5 4 0 16 1 14 2 19 3 25 12 4 12 5 24 6 22 7 24 8 16 9 16 10 18 11 24 12 29 13 17 14 30 15 30 12 4 29 5 20 6 13 7 25 8 22 9 27 10 30 11 17 12 22 13 16 14 22 15 15 4 4 19 5 13 6 20 7 19 4 16 28 17 28 18 20 19 15 
5 4 0 13 1 11 2 12 3 19 4 8 22 9 12 10 16 11 12 8 4 23 5 20 6 28 7 11 12 20 13 17 14 20 15 22 4 8 29 9 21 10 16 11 30 4 16 29 17 23 18 13 19 22 
5 4 0 16 1 11 2 17 3 20 8 4 21 5 12 6 18 7 15 12 21 13 29 14 14 15 26 8 4 11 5 27 6 22 7 18 12 19 13 30 14 20 15 10 12 4 23 5 24 6 23 7 16 8 12 9 12 10 16 11 13 12 19 13 11 14 26 15 27 4 16 16 17 15 18 30 19 27 
5 4 0 30 1 22 2 21 3 11 12 4 29 5 18 6 23 7 30 8 29 9 29 10 12 11 30 12 13 13 29 14 17 15 28 12 4 25 5 21 6 13 7 17 8 18 9 11 10 21 11 22 12 10 13 11 14 18 15 10 8 4 28 5 13 6 16 7 30 8 16 9 26 10 23 11 16 4 16 11 17 16 18 20 19 24 
5 4 0 16 1 29 2 30 3 27 4 4 13 5 15 6 16 7 25 8 8 23 9 18 10 28 11 27 12 24 13 27 14 14 15 27 8 4 17 5 22 6 10 7 19 12 19 13 18 14 23 15 25 4 16 30 17 27 18 24 19 16 
5 4 0 15 1 15 2 21 3 28 4 12 22 13 25 14 12 15 28 12 4 13 5 19 6 29 7 23 8 19 9 21 10 16 11 23 12 15 13 18 14 21 15 20 12 4 22 5 28 6 18 7 26 8 11 9 15 10 12 11 30 12 19 13 22 14 13 15 14 4 16 21 17 15 18 26 19 25 
5 4 0 25 1 21 2 20 3 14 12 4 11 5 19 6 12 7 11 8 24 9 23 10 28 11 12 12 30 13 10 14 28 15 23 4 12 29 13 26 14 11 15 25 4 4 20 5 23 6 15 7 26 4 16 30 17 17 18 27 19 27 
5 4 0 23 1 15 2 29 3 18 12 4 19 5 29 6 27 7 30 8 19 9 13 10 13 11 29 12 17 13 14 14 18 15 16 8 4 14 5 12 6 14 7 15 12 20 13 11 14 27 15 21 4 12 27 13 25 14 26 15 20 4 16 30 17 15 18 12 19 24 
5 4 0 21 1 13 2 22 3 26 4 12 18 13 21 14 18 15 25 4 8 24 9 16 10 17 11 28 12 4 23 5 18 6 20 7 26 8 23 9 11 10 21 11 19 12 16 13 19 14 17 15 18 4 16 26 17 26 18 18 19 15 
5 4 0 11 1 10 2 23 3 23 12 4 22 5 22 6 28 7 26 8 17 9 28 10 15 11 24 12 28 13 13 14 15 15 25 8 4 28 5 24 6 16 7 15 8 18 9 22 10 12 11 22 8 4 11 5 26 6 29 7 17 12 12 13 15 14 21 15 17 4 16 24 17 13 18 10 19 13 
5 4 0 30 1 24 2 26 3 18 12 4 20 5 26 6 21 7 10 8 18 9 16 10 27 11 13 12 29 13 23 14 30 15 15 4 12 10 13 25 14 11 15 22 4 8 17 9 25 10 10 11 18 4 16 11 17 18 18 10 19 25 
5 4 0 17 1 19 2 29 3 23 12 4 16 5 11 6 22 7 29 8 21 9 26 10 20 11 13 12 19 13 20 14 20 15 15 4 4 23 5 12 6 11 7 25 12 4 19 5 24 6 11 7 18 8 10 9 12 10 21 11 16 12 10 13 14 14 11 15 12 4 16 14 17 14 18 12 19 24 
5 4 0 18 1 24 2 16 3 30 12 4 22 5 20 6 26 7 19 8 28 9 10 10 12 11 17 12 30 13 11 14 14 15 25 4 4 16 5 28 6 12 7 17 8 4 25 5 21 6 15 7 13 8 12 9 10 10 10 11 21 4 16 23 17 27 18 14 19 20 
5 4 0 25 1 23 2 26 3 27 4 8 12 9 19 10 15 11 12 12 4 18 5 30 6 13 7 20 8 29 9 18 10 25 11 12 12 29 13 28 14 22 15 17 8 4 26 5 15 6 25 7 30 12 12 13 23 14 12 15 27 4 16 24 17 24 18 22 19 14 
5 4 0 18 1 27 2 27 3 29 8 8 28 9 17 10 14 11 26 12 13 13 28 14 30 15 28 8 4 15 5 17 6 13 7 22 8 26 9 11 10 21 11 11 12 4 14 5 20 6 12 7 10 8 19 9 15 10 25 11 24 12 18 13 14 14 30 15 15 4 16 26 17 14 18 20 19 21 
5 4 0 25 1 16 2 19 3 10 4 4 29 5 13 6 26 7 19 12 4 30 5 21 6 22 7 28 8 27 9 29 10 30 11 26 12 17 13 30 14 19 15 25 8 4 21 5 29 6 23 7 18 8 28 9 11 10 29 11 21 4 16 12 17 23 18 14 19 16 
5 4 0 23 1 21 2 27 3 13 8 4 12 5 25 6 18 7 30 12 20 13 15 14 25 15 16 4 8 12 9 24 10 29 11 10 4 4 16 5 15 6 18 7 29 4 16 11 17 13 18 16 19 20 
5 4 0 17 1 29 2 10 3 16 4 8 12 9 17 10 16 11 11 4 8 16 9 22 10 12 11 22 8 8 20 9 23 10 23 11 11 12 28 13 23 14 20 15 22 4 16 14 17 18 18 15 19 23 
5 4 0 13 1 22 2 24 3 14 4 12 13 13 13 14 13 15 19 8 4 23 5 29 6 19 7 28 12 12 13 24 14 28 15 24 12 4 29 5 22 6 26 7 28 8 10 9 29 10 13 11 30 12 26 13 29 14 12 15 28 4 16 15 17 18 18 10 19 15 
5 4 0 13 1 23 2 16 3 10 12 4 26 5 26 6 28 7 24 8 26 9 29 10 25 11 11 12 29 13 20 14 19 15 17 4 4 19 5 22 6 13 7 21 8 4 23 5 19 6 24 7 10 8 28 9 12 10 25 11 30 4 16 28 17 23 18 14 19 22 
5 4 0 22 1 29 2 20 3 22 12 4 20 5 28 6 18 7 26 8 26 9 24 10 29 11 19 12 12 13 30 14 28 15 24 12 4 27 5 23 6 21 7 14 8 27 9 17 10 21 11 27 12 21 13 30 14 18 15 14 12 4 20 5 17 6 26 7 24 8 25 9 24 10 20 11 19 12 21 13 16 14 16 15 21 4 16 11 17 26 18 12 19 30 
5 4 0 29 1 26 2 27 3 28 12 4 11 5 11 6 16 7 25 8 29 9 12 10 22 11 25 12 21 13 22 14 23 15 21 8 4 27 5 11 6 18 7 18 8 14 9 12 10 24 11 17 4 8 12 9 26 10 29 11 28 4 16 20 17 20 18 27 19 23 
5 4 0 30 1 13 2 11 3 29 4 12 14 13 27 14 10 15 27 12 4 28 5 16 6 15 7 25 8 25 9 15 10 24 11 11 12 13 13 24 14 20 15 30 8 8 14 9 17 10 13 11 20 12 16 13 26 14 27 15 22 4 16 24 17 15 18 16 19 15 
5 4 0 16 1 25 2 10 3 22 8 8 21 9 14 10 21 11 19 12 11 13 15 14 28 15 12 12 4 30 5 29 6 17 7 12 8 23 9 28 10 10 11 26 12 24 13 27 14 18 15 22 12 4 25 5 21 6 27 7 18 8 25 9 17 10 24 11 20 12 13 13 10 14 28 15 20 4 16 11 17 30 18 22 19 30 
5 4 0 27 1 22 2 11 3 30 12 4 12 5 30 6 25 7 14 8 21 9 15 10 19 11 24 12 20 13 19 14 29 15 16 12 4 27 5 14 6 14 7 20 8 11 9 12 10 27 11 26 12 13 13 18 14 13 15 10 12 4 18 5 13 6 28 7 28 8 11 9 24 10 24 11 14 12 12 13 18 14 13 15 15 4 16 21 17 15 18 21 19 30 
5 4 0 19 1 15 2 14 3 25 8 4 30 5 30 6 14 7 28 8 18 9 10 10 19 11 15 12 4 24 5 30 6 13 7 22 8 30 9 12 10 13 11 27 12 29 13 29 14 27 15 18 12 4 25 5 18 6 29 7 29 8 24 9 27 10 11 11 26 12 27 13 27 14 13 15 17 4 16 15 17 26 18 14 19 16 
5 4 0 12 1 21 2 10 3 24 8 4 23 5 21 6 29 7 23 12 18 13 26 14 15 15 26 8 4 22 5 21 6 23 7 14 8 24 9 26 10 18 11 24 8 4 21 5 11 6 15 7 28 12 15 13 16 14 23 15 24 4 16 10 17 17 18 24 19 16 
5 4 0 30 1 16 2 16 3 24 4 8 30 9 25 10 15 11 12 8 4 20 5 12 6 30 7 25 12 21 13 14 14 16 15 17 4 4 19 5 10 6 10 7 12 4 16 17 17 28 18 12 19 10 
5 4 0 21 1 29 2 30 3 10 4 8 21 9 28 10 15 11 23 8 4 11 5 13 6 27 7 22 12 29 13 28 14 28 15 25 12 4 13 5 27 6 22 7 22 8 24 9 25 10 30 11 20 12 15 13 17 14 10 15 23 4 16 29 17 20 18 27 19 19 
5 4 0 19 1 21 2 12 3 30 4 4 14 5 25 6 25 7 11 4 4 27 5 14 6 27 7 29 8 4 28 5 20 6 26 7 23 8 21 9 30 10 16 11 23 4 16 18 17 29 18 26 19 15 
5 4 0 30 1 15 2 23 3 13 4 8 14 9 11 10 24 11 29 12 4 14 5 27 6 17 7 21 8 22 9 27 10 24 11 17 12 14 13 18 14 11 15 21 12 4 25 5 29 6 14 7 21 8 21 9 17 10 11 11 15 12 10 13 18 14 12 15 12 4 16 23 17 29 18 10 19 21 
5 4 0 10 1 26 2 22 3 30 8 8 29 9 24 10 11 11 14 12 18 13 13 14 13 15 26 8 4 13 5 23 6 24 7 13 12 22 13 25 14 14 15 30 4 8 24 9 13 10 13 11 15 4 16 23 17 16 18 16 19 12 
5 4 0 24 1 10 2 27 3 13 8 4 22 5 28 6 17 7 15 8 26 9 29 10 18 11 22 8 8 28 9 17 10 20 11 22 12 10 13 29 14 20 15 25 4 8 26 9 26 10 20 11 19 4 16 16 17 29 18 14 19 26 
5 4 0 17 1 19 2 12 3 22 4 12 24 13 27 14 24 15 29 4 12 22 13 29 14 16 15 16 12 4 23 5 12 6 15 7 27 8 25 9 28 10 13 11 28 12 15 13 13 14 19 15 27 4 16 15 17 24 18 13 19 22 
5 4 0 19 1 28 2 18 3 20 8 4 18 5 24 6 27 7 19 8 25 9 14 10 22 11 18 8 4 19 5 22 6 12 7 14 12 18 13 15 14 16 15 24 8 4 11 5 17 6 11 7 13 8 25 9 15 10 29 11 22 4 16 23 17 27 18 21 19 28 
5 4 0 23 1 30 2 19 3 30 12 4 26 5 24 6 28 7 27 8 18 9 19 10 22 11 25 12 11 13 26 14 17 15 26 12 4 11 5 15 6 20 7 27 8 26 9 14 10 25 11 13 12 19 13 29 14 23 15 18 4 8 18 9 27 10 18 11 13 4 16 12 17 22 18 30 19 20 
5 4 0 14 1 19 2 10 3 21 8 8 23 9 19 10 24 11 20 12 11 13 30 14 13 15 24 4 8 20 9 18 10 10 11 21 4 4 23 5 29 6 22 7 24 4 16 17 17 14 18 22 19 28 
5 4 0 25 1 30 2 14 3 21 4 4 10 5 25 6 13 7 18 8 4 26 5 21 6 28 7 12 8 29 9 19 10 21 11 27 8 8 15 9 15 10 25 11 17 12 14 13 23 14 26 15 22 4 16 27 17 20 18 30 19 29 
5 4 0 24 1 21 2 13 3 25 4 8 28 9 12 10 23 11 22 12 4 12 5 28 6 23 7 17 8 13 9 19 10 14 11 13 12 27 13 22 14 14 15 26 8 8 28 9 27 10 26 11 24 12 30 13 27 14 13 15 25 4 16 30 17 21 18 19 19 18 
5 4 0 30 1 20 2 12 3 14 12 4 26 5 26 6 21 7 15 8 26 9 22 10 24 11 26 12 28 13 15 14 21 15 24 8 4 28 5 12 6 18 7 15 12 29 13 28 14 22 15 22 8 4 15 5 28 6 14 7 29 12 14 13 11 14 21 15 18 4 16 10 17 13 18 21 19 20 
5 4 0 18 1 19 2 25 3 12 12 4 16 5 15 6 27 7 21 8 14 9 20 10 19 11 27 12 19 13 23 14 26 15 15 4 12 20 13 27 14 15 15 10 4 12 16 13 15 14 25 15 17 4 16 10 17 24 18 19 19 15 
5 4 0 11 1 15 2 13 3 14 8 4 14 5 17 6 10 7 14 12 30 13 24 14 10 15 17 4 12 18 13 20 14 19 15 30 12 4 10 5 22 6 30 7 21 8 13 9 16 10 16 11 10 12 17 13 12 14 11 15 21 4 16 23 17 23 18 11 19 27 
5 4 0 18 1 29 2 28 3 27 12 4 21 5 20 6 19 7 21 8 23 9 18 10 11 11 23 12 11 13 26 14 24 15 29 12 4 30 5 22 6 16 7 17 8 29 9 24 10 23 11 12 12 11 13 25 14 28 15 10 12 4 26 5 12 6 11 7 24 8 15 9 22 10 27 11 24 12 27 13 11 14 12 15 28 4 16 15 17 19 18 16 19 20 
5 4 0 25 1 13 2 16 3 26 8 4 12 5 30 6 18 7 10 12 26 13 28 14 14 15 16 8 8 26 9 24 10 24 11 12 12 26 13 29 14 13 15 16 8 4 23 5 17 6 20 7 23 8 28 9 18 10 29 11 21 4 16 16 17 20 18 10 19 10 
5 4 0 21 1 19 2 15 3 13 8 4 15 5 13 6 25 7 21 12 10 13 27 14 27 15 28 8 4 23 5 22 6 25 7 23 8 21 9 14 10 15 11 15 8 4 13 5 12 6 30 7 23 8 12 9 27 10 27 11 24 4 16 13 17 20 18 13 19 25 
5 4 0 21 1 23 2 24 3 11 8 4 16 5 27 6 20 7 24 8 13 9 15 10 11 11 23 8 4 22 5 24 6 26 7 24 8 26 9 17 10 29 11 19 12 4 21 5 30 6 17 7 11 8 12 9 19 10 24 11 12 12 21 13 22 14 26 15 13 4 16 19 17 12 18 26 19 21 
5 4 0 12 1 29 2 21 3 21 8 4 20 5 15 6 12 7 28 8 24 9 10 10 30 11 30 8 4 25 5 30 6 28 7 27 8 30 9 26 10 19 11 13 4 4 27 5 13 6 26 7 11 4 16 14 17 23 18 29 19 21 
5 4 0 15 1 30 2 30 3 11 8 4 15 5 12 6 28 7 25 12 13 13 19 14 21 15 25 4 12 15 13 23 14 21 15 23 12 4 14 5 29 6 13 7 21 8 29 9 21 10 24 11 24 12 12 13 29 14 17 15 10 4 16 21 17 19 18 26 19 20 
5 4 0 13 1 27 2 13 3 10 12 4 19 5 22 6 10 7 16 8 28 9 30 10 24 11 20 12 14 13 23 14 24 15 18 12 4 15 5 11 6 15 7 22 8 27 9 12 10 25 11 12 12 26 13 25 14 23 15 19 8 4 28 5 12 6 21 7 20 12 26 13 15 14 24 15 20 4 16 20 17 23 18 13 19 25 
5 4 0 16 1 13 2 11 3 18 12 4 20 5 18 6 11 7 27 8 21 9 11 10 16 11 29 12 14 13 17 14 18 15 29 8 4 12 5 10 6 17 7 14 12 25 13 25 14 21 15 19 12 4 28 5 11 6 15 7 15 8 24 9 17 10 29 11 13 12 11 13 27 14 24 15 16 4 16 20 17 13 18 28 19 25 
5 4 0 23 1 21 2 13 3 29 8 8 23 9 26 10 22 11 21 12 24 13 25 14 10 15 25 4 4 26 5 11 6 14 7 17 4 8 15 9 11 10 21 11 15 4 16 14 17 18 18 19 19 23 
5 4 0 29 1 27 2 12 3 28 12 4 27 5 19 6 21 7 28 8 30 9 21 10 28 11 25 12 26 13 24 14 17 15 28 8 4 23 5 15 6 14 7 15 8 15 9 28 10 17 11 22 12 4 27 5 16 6 21 7 20 8 16 9 26 10 23 11 13 12 16 13 26 14 10 15 10 4 16 18 17 24 18 14 19 21 
5 4 0 27 1 22 2 16 3 10 4 4 23 5 28 6 20 7 10 8 4 18 5 18 6 27 7 21 12 20 13 12 14 12 15 14 12 4 17 5 21 6 28 7 28 8 19 9 18 10 20 11 12 12 28 13 16 14 15 15 15 4 16 26 17 20 18 12 19 23 
5 4 0 22 1 13 2 16 3 23 8 8 11 9 12 10 25 11 11 12 25 13 13 14 16 15 11 4 8 15 9 13 10 19 11 19 4 12 17 13 25 14 24 15 30 4 16 27 17 28 18 30 19 24 
5 4 0 30 1 28 2 30 3 26 8 4 14 5 22 6 14 7 11 8 19 9 16 10 26 11 15 12 4 18 5 24 6 16 7 14 8 27 9 17 10 28 11 18 12 15 13 22 14 16 15 19 12 4 12 5 19 6 28 7 27 8 22 9 15 10 21 11 16 12 18 13 27 14 20 15 19 4 16 14 17 21 18 25 19 28 
5 4 0 18 1 12 2 22 3 21 4 12 18 13 30 14 26 15 30 12 4 19 5 22 6 27 7 30 8 12 9 12 10 26 11 18 12 29 13 30 14 29 15 18 12 4 13 5 12 6 11 7 22 8 30 9 27 10 27 11 28 12 20 13 20 14 30 15 11 4 16 28 17 23 18 22 19 24 
5 4 0 30 1 11 2 21 3 22 8 8 15 9 30 10 26 11 29 12 21 13 18 14 24 15 23 12 4 29 5 13 6 15 7 23 8 10 9 30 10 22 11 20 12 28 13 20 14 20 15 12 4 8 26 9 26 10 27 11 11 4 16 14 17 23 18 16 19 26 
5 4 0 24 1 12 2 30 3 25 4 8 29 9 16 10 13 11 27 8 8 27 9 24 10 17 11 19 12 11 13 11 14 12 15 21 12 4 20 5 17 6 18 7 15 8 24 9 30 10 26 11 14 12 18 13 10 14 11 15 17 4 16 30 17 10 18 13 19 26 
5 4 0 19 1 21 2 14 3 22 12 4 16 5 19 6 13 7 24 8 10 9 27 10 23 11 24 12 19 13 24 14 29 15 19 8 4 12 5 24 6 11 7 15 8 28 9 15 10 23 11 22 12 4 23 5 12 6 20 7 19 8 17 9 21 10 20 11 20 12 17 13 24 14 29 15 16 4 16 23 17 25 18 27 19 17 
5 4 0 24 1 28 2 20 3 20 12 4 22 5 15 6 19 7 23 8 27 9 17 10 30 11 12 12 16 13 22 14 20 15 26 4 12 23 13 30 14 30 15 23 12 4 20 5 29 6 11 7 26 8 10 9 16 10 20 11 19 12 29 13 21 14 26 15 12 4 16 18 17 15 18 24 19 20 
5 4 0 15 1 23 2 12 3 27 12 4 17 5 23 6 28 7 23 8 16 9 29 10 15 11 20 12 10 13 18 14 23 15 21 12 4 22 5 30 6 19 7 16 8 20 9 17 10 17 11 27 12 15 13 14 14 20 15 19 12 4 27 5 26 6 22 7 23 8 26 9 17 10 22 11 20 12 20 13 14 14 19 15 11 4 16 17 17 21 18 18 19 30 
5 4 0 25 1 26 2 25 3 21 8 4 25 5 14 6 30 7 10 8 10 9 18 10 26 11 29 12 4 27 5 17 6 21 7 22 8 19 9 21 10 12 11 30 12 26 13 24 14 14 15 27 4 8 24 9 28 10 26 11 27 4 16 26 17 17 18 12 19 29 
5 4 0 30 1 13 2 28 3 19 4 8 18 9 30 10 28 11 12 4 4 10 5 22 6 10 7 27 12 4 26 5 19 6 27 7 22 8 26 9 20 10 29 11 26 12 25 13 23 14 27 15 21 4 16 29 17 29 18 26 19 13 
5 4 0 28 1 10 2 25 3 13 4 12 11 13 16 14 30 15 14 8 4 19 5 29 6 26 7 22 8 23 9 29 10 21 11 15 12 4 19 5 30 6 22 7 25 8 12 9 24 10 14 11 20 12 13 13 29 14 21 15 25 4 16 22 17 19 18 29 19 20 
5 4 0 27 1 17 2 29 3 15 4 4 16 5 23 6 28 7 24 4 4 24 5 30 6 23 7 25 4 4 25 5 17 6 27 7 18 4 16 26 17 30 18 20 19 11 
5 4 0 22 1 26 2 10 3 11 4 4 27 5 26 6 11 7 22 12 4 20 5 25 6 14 7 29 8 11 9 24 10 10 11 13 12 21 13 30 14 20 15 16 4 12 11 13 10 14 30 15 11 4 16 23 17 28 18 24 19 25 
5 4 0 20 1 16 2 26 3 21 12 4 16 5 25 6 14 7 14 8 29 9 22 10 26 11 20 12 20 13 16 14 23 15 10 12 4 22 5 10 6 13 7 19 8 27 9 18 10 28 11 25 12 25 13 25 14 18 15 18 8 8 26 9 24 10 30 11 29 12 20 13 13 14 20 15 19 4 16 29 17 14 18 28 19 25 
5 4 0 23 1 25 2 23 3 27 12 4 18 5 17 6 13 7 24 8 29 9 12 10 22 11 13 12 21 13 14 14 18 15 17 4 12 22 13 29 14 22 15 30 8 4 30 5 21 6 11 7 20 8 15 9 30 10 16 11 22 4 16 23 17 24 18 18 19 13 
5 4 0 18 1 30 2 19 3 22 4 8 17 9 27 10 11 11 24 4 12 21 13 14 14 26 15 12 4 12 30 13 25 14 27 15 25 4 16 20 17 19 18 30 19 12 
5 4 0 25 1 27 2 29 3 19 12 4 27 5 22 6 22 7 21 8 23 9 18 10 23 11 16 12 27 13 24 14 25 15 18 12 4 27 5 28 6 20 7 30 8 21 9 16 10 26 11 26 12 17 13 13 14 17 15 25 4 4 15 5 10 6 19 7 16 4 16 29 17 17 18 10 19 18 
5 4 0 14 1 19 2 29 3 24 8 4 28 5 14 6 25 7 20 8 11 9 19 10 16 11 20 4 8 19 9 30 10 14 11 19 8 4 23 5 21 6 22 7 20 12 21 13 14 14 11 15 13 4 16 28 17 10 18 28 19 18 
5 4 0 22 1 18 2 12 3 29 4 12 28 13 28 14 22 15 28 8 8 11 9 23 10 23 11 25 12 12 13 26 14 23 15 30 12 4 23 5 13 6 26 7 16 8 19 9 29 10 12 11 28 12 22 13 21 14 12 15 11 4 16 27 17 18 18 24 19 16 
5 4 0 21 1 29 2 21 3 11 12 4 24 5 13 6 16 7 12 8 21 9 30 10 24 11 14 12 24 13 30 14 24 15 27 8 4 18 5 16 6 30 7 12 12 23 13 30 14 18 15 13 12 4 22 5 19 6 22 7 24 8 18 9 28 10 16 11 11 12 20 13 16 14 26 15 17 4 16 18 17 28 18 19 19 19 
5 4 0 18 1 13 2 13 3 15 8 4 25 5 11 6 23 7 24 8 30 9 22 10 19 11 16 4 12 28 13 25 14 29 15 29 12 4 27 5 27 6 23 7 24 8 22 9 29 10 21 11 27 12 27 13 23 14 22 15 20 4 16 18 17 22 18 21 19 15 
5 4 0 14 1 16 2 30 3 12 8 8 12 9 21 10 30 11 12 12 14 13 25 14 10 15 19 8 4 18 5 19 6 12 7 13 8 16 9 29 10 16 11 29 4 12 24 13 26 14 15 15 16 4 16 16 17 18 18 21 19 16 
5 4 0 13 1 23 2 29 3 21 12 4 24 5 10 6 21 7 22 8 25 9 22 10 11 11 23 12 30 13 13 14 18 15 17 4 4 25 5 10 6 24 7 27 8 4 28 5 18 6 17 7 14 8 18 9 30 10 11 11 23 4 16 13 17 19 18 17 19 18 
5 4 0 24 1 12 2 23 3 27 4 8 24 9 29 10 13 11 16 12 4 19 5 13 6 22 7 30 8 27 9 30 10 29 11 24 12 27 13 22 14 25 15 18 4 8 14 9 30 10 28 11 23 4 16 26 17 18 18 10 19 14 
5 4 0 25 1 14 2 24 3 15 4 8 16 9 15 10 16 11 11 12 4 21 5 30 6 22 7 27 8 25 9 10 10 15 11 17 12 27 13 15 14 23 15 18 12 4 10 5 11 6 23 7 19 8 28 9 17 10 27 11 12 12 13 13 16 14 20 15 15 4 16 17 17 12 18 18 19 17 
5 4 0 30 1 20 2 14 3 21 12 4 19 5 13 6 17 7 30 8 27 9 22 10 13 11 11 12 19 13 29 14 15 15 15 4 8 13 9 18 10 17 11 15 4 4 10 5 28 6 25 7 25 4 16 21 17 20 18 19 19 17 
5 4 0 20 1 17 2 10 3 16 8 8 27 9 11 10 29 11 11 12 13 13 20 14 13 15 16 4 8 22 9 12 10 28 11 12 12 4 27 5 11 6 21 7 17 8 20 9 12 10 26 11 27 12 19 13 29 14 26 15 19 4 16 22 17 11 18 15 19 19 
5 4 0 28 1 15 2 15 3 25 8 8 11 9 20 10 27 11 23 12 28 13 18 14 24 15 12 12 4 28 5 11 6 29 7 16 8 30 9 14 10 29 11 12 12 30 13 26 14 20 15 16 4 4 20 5 14 6 29 7 14 4 16 19 17 28 18 22 19 28 
5 4 0 30 1 14 2 15 3 15 12 4 28 5 13 6 30 7 28 8 22 9 29 10 19 11 19 12 13 13 25 14 29 15 27 12 4 11 5 28 6 19 7 11 8 26 9 22 10 11 11 13 12 15 13 10 14 13 15 22 4 12 21 13 15 14 17 15 11 4 16 22 17 30 18 11 19 17 
5 4 0 12 1 18 2 20 3 21 12 4 26 5 11 6 21 7 20 8 15 9 14 10 26 11 14 12 12 13 26 14 21 15 23 4 12 29 13 13 14 27 15 19 8 4 25 5 27 6 16 7 27 8 18 9 21 10 24 11 20 4 16 13 17 21 18 15 19 23 
5 4 0 26 1 18 2 21 3 15 12 4 12 5 12 6 20 7 24 8 26 9 24 10 23 11 11 12 27 13 10 14 10 15 27 8 4 26 5 17 6 15 7 15 8 24 9 25 10 24 11 15 12 4 16 5 17 6 21 7 16 8 29 9 17 10 22 11 26 12 20 13 22 14 24 15 24 4 16 12 17 21 18 18 19 29 
5 4 0 10 1 15 2 25 3 13 8 4 12 5 17 6 30 7 14 8 17 9 12 10 16 11 15 8 4 30 5 30 6 26 7 10 12 24 13 29 14 15 15 11 4 8 24 9 12 10 13 11 21 4 16 30 17 10 18 25 19 18 
5 4 0 23 1 27 2 14 3 16 8 4 28 5 19 6 26 7 18 8 23 9 23 10 26 11 25 8 8 12 9 14 10 19 11 17 12 14 13 25 14 18 15 30 8 8 16 9 29 10 13 11 23 12 15 13 26 14 20 15 30 4 16 28 17 10 18 17 19 24 
5 4 0 30 1 30 2 26 3 14 4 12 26 13 22 14 14 15 16 8 8 29 9 13 10 13 11 30 12 13 13 14 14 28 15 18 12 4 26 5 28 6 14 7 24 8 10 9 16 10 15 11 17 12 27 13 27 14 21 15 23 4 16 28 17 26 18 27 19 10 
5 4 0 27 1 19 2 22 3 12 4 4 25 5 30 6 28 7 12 8 4 20 5 21 6 14 7 30 8 28 9 26 10 30 11 25 8 8 11 9 16 10 26 11 17 12 24 13 27 14 17 15 28 4 16 18 17 27 18 29 19 15 
5 4 0 17 1 28 2 12 3 19 8 4 25 5 25 6 14 7 22 12 25 13 22 14 16 15 23 12 4 13 5 18 6 19 7 12 8 29 9 10 10 25 11 22 12 25 13 22 14 21 15 10 8 4 21 5 11 6 23 7 10 8 11 9 25 10 26 11 12 4 16 10 17 19 18 20 19 19 
5 4 0 18 1 10 2 25 3 10 8 4 29 5 27 6 28 7 19 12 21 13 24 14 27 15 26 12 4 12 5 19 6 14 7 22 8 30 9 13 10 12 11 20 12 16 13 15 14 17 15 29 12 4 21 5 19 6 30 7 12 8 13 9 24 10 21 11 10 12 11 13 21 14 27 15 13 4 16 22 17 12 18 15 19 27 
5 4 0 25 1 20 2 19 3 24 12 4 24 5 20 6 20 7 27 8 26 9 26 10 12 11 24 12 30 13 11 14 18 15 27 12 4 30 5 10 6 28 7 11 8 11 9 14 10 26 11 17 12 26 13 23 14 16 15 11 4 12 18 13 19 14 19 15 11 4 16 23 17 28 18 29 19 27 

Dynamic Events

# Machine Breakdowns (machine_id start_time end_time)
Machine Breakdowns
4 1964 1975
5 3332 3347
9 1026 1040
10 2816 2826
12 1176 1188
13 266 280
14 3769 3784

# Added Jobs (arrival_time: num_ops num_alts_op1 m1 p1 ... num_alts_op2 m1 p1 ...)
Added Jobs
507: 5 9 5 11 11 10 7 11 8 15 4 12 1 26 0 17 14 10 19 22 4 5 12 3 19 16 27 18 21 9 17 11 12 28 11 29 10 25 15 25 19 27 1 14 16 20 14 27 11 13 18 17 13 9 28 6 25 3 12 19 13 10 14 18 27 1 23 2 25 14 23 8 2 30 12 17 16 16 14 25 13 10 19 22 11 18 9 14 
714: 5 4 19 11 3 16 0 14 13 29 8 5 27 6 12 8 30 11 25 12 26 15 25 1 23 7 11 9 1 14 19 13 9 28 10 24 3 21 13 25 6 11 18 26 16 27 10 11 30 15 27 19 16 17 26 1 22 4 16 14 20 10 26 7 21 2 10 5 8 29 19 25 4 12 14 10 7 18 
777: 5 5 12 29 6 20 1 22 9 16 11 16 4 7 22 16 30 0 10 5 12 9 10 12 5 24 12 28 7 15 3 18 6 23 9 26 4 11 11 15 9 14 23 3 30 4 19 7 11 0 16 18 24 9 10 6 10 5 12 6 0 12 9 25 7 15 14 19 15 23 4 24 
851: 5 7 13 17 9 10 10 16 16 20 15 18 12 10 5 24 8 10 24 13 26 19 18 9 26 2 20 7 11 8 25 15 23 4 0 15 19 29 14 30 8 23 8 7 15 11 12 2 14 5 28 1 20 6 12 15 23 8 29 7 5 14 8 11 12 16 2 22 9 30 14 30 10 28 
1471: 5 11 3 13 7 27 9 21 11 26 0 13 19 12 13 30 2 22 16 30 10 25 12 19 9 17 10 7 24 19 23 14 30 10 20 5 16 9 11 13 28 12 27 12 4 23 7 10 9 26 2 23 15 24 16 28 14 15 13 11 18 11 19 23 12 13 1 30 6 13 27 10 16 4 26 2 14 14 26 9 29 8 17 22 2 30 3 18 12 27 4 29 13 21 8 22 10 11 

# Cancelled Jobs (cancel_time initial_job_sim_idx_to_cancel)
Cancelled Jobs
224 76
401 58
600 39
771 25
1123 90
1577 63
1659 12
1827 48
2084 18
2619 80
2770 67
2776 72

# ETPC Constraints (fore_job_sim_idx fore_op_idx hind_job_sim_idx hind_op_idx time_lapse)
ETPC Constraints
2 3 27 1 3
56 1 20 1 5
68 0 104 3 19
7 4 28 0 12
100 4 77 2 13
43 2 49 4 15
26 1 90 2 16
75 3 17 0 10
62 3 31 2 16
96 2 10 3 5
25 3 26 0 6
59 3 74 1 10
88 3 99 1 12
5 1 90 0 5
49 4 71 1 6
102 1 94 3 14
99 4 47 2 3
14 3 93 3 8
33 3 0 1 4
62 2 93 4 12
71 4 72 1 18
22 4 91 2 12
76 4 91 1 18
41 3 0 2 5
54 0 93 3 17
6 1 35 0 12
15 2 95 0 5
5 0 36 3 5
67 3 38 1 19
89 2 36 1 13
82 3 71 0 4
68 0 1 0 15
88 1 54 2 10
16 3 102 2 9
77 0 78 2 20
18 2 16 3 7
49 4 44 3 16
84 1 91 0 8
91 0 13 0 12
18 0 60 3 11
66 2 68 0 8
31 0 46 3 11
101 3 29 3 15
0 2 97 1 15
93 4 6 2 7
28 2 17 3 20
40 0 42 1 11
40 0 37 0 10
81 4 64 3 4
24 0 14 4 16
41 0 71 3 5
9 3 5 1 11
32 4 18 1 16
66 0 73 3 5
28 1 87 0 14
87 0 39 3 8
59 2 70 2 16
40 0 9 2 16
17 0 23 4 17
21 4 61 1 9
64 3 97 0 17
34 1 62 2 6
37 0 0 4 11
91 2 49 2 7
94 4 6 4 15
92 2 54 3 9
76 1 64 3 3
78 4 45 0 19
58 2 44 4 4
50 1 30 3 6
94 0 76 4 16
24 1 83 1 6
23 3 42 4 4
59 1 33 4 15
59 4 50 4 14
0 2 18 4 6
71 0 102 2 9
46 1 60 2 14
19 3 35 3 18
69 2 11 4 18
66 4 99 3 7
11 3 38 0 17
7 1 52 3 6
29 3 28 1 4
33 0 68 3 6
89 0 63 1 8
9 4 48 4 7
92 1 67 1 14
99 1 100 4 7
11 2 6 2 9
35 2 24 4 14
2 0 58 2 10
63 2 57 2 17
38 2 64 2 20
60 0 74 1 9
48 3 2 2 6
85 2 84 3 15
86 4 9 2 16
93 2 37 3 20
97 2 43 1 8
70 1 98 3 16
52 2 32 3 14
76 0 14 0 19
101 1 71 4 19
7 1 55 0 3
76 1 57 3 8
22 4 28 0 13
24 2 36 0 14
4 0 92 3 6
17 2 82 2 8
46 1 104 1 5
96 2 74 3 6
75 0 58 1 20
41 1 29 4 13
10 0 82 1 10
60 1 23 4 15
100 4 90 4 4
66 4 27 1 19
63 0 83 4 9
87 0 82 2 5
68 0 89 4 12
18 2 12 0 17
68 3 53 3 18
74 4 13 2 9
44 2 69 1 18
58 4 57 4 14
20 4 57 0 18
7 4 0 2 11
100 2 58 1 5
25 2 102 0 10
41 4 17 4 5
72 1 51 3 11
91 4 30 4 3
25 1 65 1 16
59 4 37 1 4
81 4 92 0 11
94 4 31 0 12
17 2 96 4 13
30 3 74 4 8
22 1 27 2 20
83 0 100 2 16
82 3 52 0 16
86 0 34 0 3
44 2 86 1 5
25 2 82 1 5
56 3 24 0 13
97 0 95 3 4
5 3 1 2 20
12 0 5 0 14
4 1 98 3 4
104 1 74 1 10
3 2 89 0 10
58 2 82 2 7
81 1 6 3 11
79 1 77 1 12
86 2 90 0 15
68 3 25 1 13
69 0 47 2 19
84 4 75 3 5
57 1 44 2 20
99 4 6 2 3
64 1 49 0 3
22 4 50 1 14
5 0 43 0 13
56 1 41 0 14
72 3 25 2 12
28 4 88 3 19
50 4 47 4 8
66 2 8 3 10
35 3 69 2 18
39 2 81 3 11
43 4 34 2 12
89 2 4 1 5
19 3 81 4 8
18 0 61 0 13
4 2 67 4 18
20 3 102 3 6
62 1 36 2 20
24 2 89 1 8
82 1 98 1 13
74 3 25 0 20
20 4 67 1 10
39 2 5 0 20
93 4 53 2 20
35 2 104 1 3
22 2 94 2 14
28 3 25 4 3
32 3 12 4 18
21 0 22 3 3
15 0 26 0 9
25 4 74 1 4
60 4 9 2 14
19 3 18 2 8
54 0 52 1 16
38 3 0 2 16
79 1 74 4 12
13 1 51 3 16
100 1 30 4 10
38 3 78 2 9
30 4 80 3 8
85 4 65 4 3
102 1 73 0 16
57 4 72 3 10
88 1 48 1 5
47 2 84 4 10
57 1 81 3 15
37 0 49 3 15
98 1 62 0 7
9 4 70 1 16
4 2 64 0 5
