100 20
5 4 0 13 1 11 2 26 3 12 8 4 26 5 26 6 24 7 26 8 28 9 18 10 18 11 10 4 8 17 9 26 10 18 11 22 4 4 15 5 21 6 28 7 27 4 16 24 17 27 18 16 19 28 
5 4 0 10 1 20 2 22 3 15 12 4 16 5 24 6 20 7 27 8 14 9 13 10 13 11 20 12 21 13 14 14 27 15 26 8 8 23 9 30 10 17 11 27 12 18 13 18 14 29 15 18 12 4 14 5 11 6 22 7 16 8 19 9 29 10 12 11 15 12 14 13 19 14 26 15 30 4 16 12 17 10 18 10 19 22 
5 4 0 12 1 14 2 27 3 14 12 4 17 5 19 6 11 7 16 8 15 9 15 10 20 11 28 12 16 13 12 14 28 15 26 8 4 14 5 22 6 15 7 11 8 30 9 30 10 15 11 10 4 12 24 13 19 14 19 15 19 4 16 26 17 18 18 14 19 12 
5 4 0 27 1 30 2 27 3 29 8 8 20 9 29 10 10 11 16 12 23 13 12 14 25 15 20 4 12 26 13 12 14 13 15 10 12 4 26 5 22 6 20 7 11 8 24 9 16 10 28 11 13 12 17 13 16 14 16 15 12 4 16 25 17 10 18 16 19 29 
5 4 0 21 1 10 2 19 3 29 12 4 29 5 28 6 20 7 14 8 23 9 12 10 14 11 17 12 26 13 10 14 28 15 22 8 4 22 5 11 6 23 7 24 8 11 9 26 10 22 11 26 4 8 27 9 18 10 27 11 17 4 16 28 17 28 18 10 19 17 
5 4 0 28 1 27 2 10 3 20 8 4 14 5 10 6 10 7 30 12 26 13 29 14 24 15 15 8 8 14 9 21 10 11 11 14 12 18 13 10 14 29 15 16 8 4 25 5 15 6 15 7 28 12 23 13 12 14 14 15 25 4 16 25 17 20 18 12 19 27 
5 4 0 28 1 30 2 19 3 17 8 8 14 9 14 10 10 11 16 12 22 13 19 14 19 15 26 12 4 29 5 11 6 15 7 22 8 13 9 25 10 16 11 19 12 27 13 27 14 27 15 27 12 4 19 5 19 6 30 7 24 8 30 9 21 10 13 11 14 12 28 13 24 14 14 15 28 4 16 24 17 17 18 27 19 21 
5 4 0 23 1 22 2 17 3 27 12 4 26 5 23 6 23 7 26 8 14 9 26 10 15 11 13 12 30 13 16 14 19 15 22 8 4 12 5 25 6 29 7 13 12 15 13 26 14 29 15 20 8 8 18 9 22 10 10 11 24 12 27 13 14 14 30 15 22 4 16 11 17 14 18 14 19 25 
5 4 0 29 1 20 2 26 3 14 12 4 24 5 24 6 22 7 16 8 11 9 25 10 30 11 11 12 29 13 14 14 13 15 10 12 4 24 5 26 6 17 7 13 8 15 9 16 10 16 11 12 12 29 13 18 14 16 15 20 8 4 12 5 20 6 29 7 25 12 21 13 30 14 30 15 19 4 16 14 17 15 18 18 19 13 
5 4 0 18 1 28 2 17 3 27 8 8 28 9 24 10 20 11 30 12 14 13 13 14 30 15 21 12 4 28 5 10 6 14 7 10 8 19 9 26 10 30 11 18 12 28 13 17 14 17 15 24 4 8 24 9 24 10 14 11 11 4 16 27 17 21 18 13 19 27 
5 4 0 20 1 24 2 26 3 10 8 4 21 5 19 6 24 7 24 12 24 13 27 14 21 15 23 8 8 30 9 18 10 17 11 17 12 22 13 30 14 25 15 13 4 8 17 9 25 10 17 11 15 4 16 12 17 10 18 12 19 21 
5 4 0 21 1 15 2 22 3 13 12 4 11 5 11 6 14 7 25 8 25 9 19 10 22 11 22 12 13 13 25 14 21 15 10 8 8 24 9 20 10 28 11 24 12 15 13 25 14 30 15 29 4 4 11 5 15 6 18 7 21 4 16 21 17 17 18 12 19 25 
5 4 0 14 1 22 2 25 3 26 8 4 23 5 14 6 16 7 19 8 23 9 15 10 12 11 16 8 8 21 9 30 10 23 11 18 12 18 13 18 14 26 15 13 12 4 26 5 29 6 24 7 26 8 13 9 19 10 17 11 19 12 15 13 15 14 14 15 23 4 16 20 17 11 18 22 19 14 
5 4 0 12 1 19 2 23 3 27 12 4 27 5 15 6 18 7 29 8 18 9 24 10 12 11 19 12 18 13 16 14 21 15 14 4 12 21 13 10 14 28 15 21 4 12 30 13 11 14 13 15 14 4 16 13 17 27 18 10 19 26 
5 4 0 30 1 24 2 21 3 13 12 4 13 5 28 6 24 7 25 8 17 9 27 10 11 11 29 12 24 13 20 14 25 15 16 12 4 22 5 25 6 26 7 27 8 17 9 25 10 29 11 26 12 25 13 17 14 10 15 29 8 4 30 5 26 6 29 7 30 8 16 9 15 10 25 11 21 4 16 26 17 10 18 22 19 21 
5 4 0 11 1 12 2 26 3 16 12 4 27 5 28 6 30 7 17 8 15 9 21 10 17 11 20 12 29 13 29 14 14 15 30 8 8 28 9 20 10 27 11 23 12 17 13 22 14 23 15 17 12 4 26 5 23 6 19 7 24 8 12 9 15 10 19 11 27 12 10 13 14 14 16 15 27 4 16 28 17 28 18 12 19 18 
5 4 0 27 1 18 2 29 3 24 12 4 24 5 29 6 25 7 13 8 19 9 26 10 24 11 20 12 12 13 19 14 17 15 30 12 4 20 5 12 6 23 7 26 8 20 9 25 10 20 11 26 12 11 13 16 14 30 15 24 8 4 17 5 11 6 28 7 16 8 20 9 29 10 14 11 14 4 16 27 17 10 18 25 19 17 
5 4 0 22 1 17 2 16 3 16 8 8 13 9 27 10 29 11 21 12 26 13 25 14 25 15 22 12 4 18 5 14 6 15 7 30 8 12 9 29 10 26 11 27 12 14 13 21 14 25 15 27 8 4 10 5 26 6 27 7 29 12 15 13 29 14 30 15 27 4 16 22 17 19 18 14 19 16 
5 4 0 27 1 20 2 12 3 17 12 4 22 5 19 6 27 7 15 8 11 9 30 10 19 11 11 12 21 13 19 14 16 15 18 12 4 17 5 14 6 20 7 28 8 20 9 22 10 10 11 19 12 12 13 21 14 26 15 19 4 12 24 13 30 14 21 15 10 4 16 27 17 10 18 16 19 19 
5 4 0 17 1 20 2 20 3 17 8 4 30 5 27 6 20 7 15 12 13 13 27 14 21 15 25 8 4 26 5 15 6 10 7 17 8 28 9 24 10 28 11 19 12 4 21 5 22 6 12 7 27 8 14 9 28 10 28 11 25 12 11 13 21 14 10 15 22 4 16 12 17 21 18 19 19 25 
5 4 0 10 1 11 2 24 3 10 12 4 15 5 25 6 22 7 11 8 26 9 26 10 12 11 13 12 21 13 26 14 30 15 21 8 4 16 5 10 6 11 7 10 12 27 13 21 14 20 15 11 4 4 23 5 16 6 16 7 20 4 16 17 17 19 18 20 19 27 
5 4 0 16 1 30 2 14 3 15 12 4 23 5 23 6 27 7 18 8 30 9 28 10 23 11 24 12 30 13 23 14 13 15 23 12 4 28 5 19 6 16 7 19 8 29 9 28 10 10 11 14 12 26 13 27 14 14 15 30 8 8 10 9 30 10 12 11 17 12 10 13 12 14 14 15 14 4 16 19 17 18 18 28 19 24 
5 4 0 10 1 24 2 27 3 14 8 4 30 5 26 6 29 7 11 12 20 13 18 14 10 15 14 4 8 23 9 29 10 16 11 12 4 8 24 9 11 10 27 11 10 4 16 30 17 28 18 20 19 15 
5 4 0 26 1 15 2 15 3 27 8 8 25 9 17 10 18 11 10 12 26 13 24 14 22 15 20 8 4 12 5 20 6 17 7 23 8 24 9 24 10 27 11 30 8 8 23 9 16 10 23 11 18 12 29 13 30 14 26 15 22 4 16 20 17 14 18 30 19 30 
5 4 0 23 1 19 2 11 3 20 12 4 11 5 12 6 17 7 23 8 11 9 18 10 11 11 12 12 16 13 17 14 12 15 11 8 8 27 9 26 10 24 11 20 12 13 13 17 14 29 15 29 12 4 19 5 23 6 29 7 13 8 15 9 22 10 27 11 25 12 26 13 20 14 30 15 29 4 16 24 17 26 18 22 19 16 
5 4 0 23 1 13 2 22 3 16 4 4 12 5 23 6 19 7 10 8 8 18 9 22 10 27 11 26 12 15 13 24 14 23 15 21 12 4 21 5 15 6 16 7 21 8 12 9 14 10 21 11 29 12 10 13 24 14 27 15 16 4 16 13 17 17 18 10 19 30 
5 4 0 19 1 18 2 28 3 24 8 4 11 5 19 6 18 7 13 8 15 9 16 10 26 11 19 4 12 22 13 17 14 27 15 23 8 8 18 9 30 10 22 11 26 12 20 13 21 14 11 15 21 4 16 29 17 14 18 17 19 18 
5 4 0 20 1 14 2 10 3 21 12 4 10 5 20 6 20 7 12 8 17 9 17 10 28 11 30 12 11 13 25 14 12 15 28 12 4 13 5 18 6 13 7 24 8 15 9 14 10 21 11 11 12 23 13 19 14 11 15 10 4 8 13 9 17 10 15 11 25 4 16 25 17 24 18 28 19 20 
5 4 0 27 1 17 2 16 3 29 12 4 19 5 14 6 18 7 15 8 22 9 15 10 23 11 27 12 13 13 11 14 10 15 30 8 4 20 5 16 6 21 7 14 8 25 9 11 10 14 11 19 4 4 12 5 27 6 13 7 19 4 16 12 17 14 18 23 19 29 
5 4 0 20 1 17 2 16 3 16 8 4 29 5 18 6 22 7 20 12 30 13 13 14 30 15 23 12 4 11 5 11 6 13 7 28 8 15 9 29 10 10 11 22 12 13 13 11 14 17 15 10 8 8 21 9 18 10 16 11 19 12 26 13 16 14 17 15 21 4 16 30 17 29 18 21 19 28 
5 4 0 14 1 18 2 16 3 13 12 4 10 5 24 6 29 7 28 8 13 9 21 10 25 11 22 12 16 13 20 14 16 15 10 12 4 23 5 12 6 13 7 19 8 11 9 24 10 17 11 22 12 15 13 14 14 30 15 15 8 4 29 5 25 6 14 7 12 12 27 13 12 14 12 15 22 4 16 23 17 13 18 28 19 28 
5 4 0 23 1 26 2 15 3 30 4 12 19 13 15 14 17 15 30 8 4 25 5 11 6 30 7 23 8 24 9 22 10 19 11 17 8 4 27 5 27 6 27 7 23 8 19 9 18 10 26 11 27 4 16 17 17 11 18 24 19 11 
5 4 0 17 1 26 2 20 3 17 4 8 12 9 22 10 29 11 25 8 8 13 9 28 10 15 11 24 12 27 13 20 14 19 15 24 4 8 15 9 18 10 19 11 22 4 16 13 17 21 18 22 19 24 
5 4 0 17 1 24 2 22 3 11 4 4 16 5 12 6 15 7 19 12 4 30 5 16 6 12 7 26 8 14 9 26 10 25 11 16 12 26 13 24 14 20 15 25 12 4 22 5 16 6 28 7 27 8 23 9 12 10 30 11 23 12 11 13 19 14 21 15 28 4 16 13 17 27 18 29 19 15 
5 4 0 21 1 29 2 14 3 10 8 4 22 5 21 6 15 7 19 8 21 9 29 10 16 11 23 8 8 29 9 22 10 29 11 26 12 20 13 18 14 23 15 30 12 4 21 5 18 6 13 7 15 8 23 9 18 10 19 11 27 12 24 13 11 14 13 15 26 4 16 15 17 18 18 14 19 22 
5 4 0 13 1 12 2 11 3 21 4 12 22 13 27 14 30 15 23 8 4 18 5 30 6 23 7 11 8 21 9 27 10 18 11 13 8 4 13 5 27 6 30 7 23 8 16 9 15 10 26 11 25 4 16 21 17 10 18 17 19 15 
5 4 0 25 1 27 2 19 3 28 4 12 25 13 28 14 10 15 28 12 4 26 5 15 6 11 7 27 8 13 9 18 10 10 11 29 12 12 13 24 14 18 15 30 4 8 29 9 10 10 30 11 23 4 16 26 17 14 18 26 19 15 
5 4 0 25 1 27 2 28 3 19 8 8 19 9 28 10 21 11 22 12 30 13 17 14 10 15 22 12 4 27 5 18 6 27 7 23 8 25 9 12 10 10 11 26 12 21 13 29 14 23 15 14 4 12 30 13 21 14 19 15 28 4 16 12 17 20 18 13 19 21 
5 4 0 24 1 25 2 19 3 17 8 4 21 5 26 6 26 7 22 12 26 13 28 14 30 15 12 12 4 11 5 16 6 28 7 29 8 30 9 10 10 22 11 17 12 10 13 12 14 28 15 10 4 8 26 9 10 10 10 11 23 4 16 11 17 16 18 16 19 18 
5 4 0 23 1 30 2 25 3 16 12 4 16 5 19 6 12 7 19 8 15 9 28 10 28 11 30 12 17 13 22 14 16 15 22 8 8 24 9 14 10 17 11 11 12 24 13 29 14 24 15 20 4 8 28 9 13 10 22 11 13 4 16 30 17 24 18 26 19 13 
5 4 0 17 1 15 2 24 3 17 12 4 10 5 17 6 30 7 19 8 21 9 29 10 25 11 14 12 10 13 19 14 15 15 19 4 4 19 5 20 6 28 7 25 12 4 20 5 11 6 16 7 30 8 16 9 26 10 23 11 15 12 18 13 23 14 17 15 13 4 16 13 17 10 18 25 19 21 
5 4 0 25 1 24 2 22 3 25 4 8 27 9 23 10 19 11 13 4 4 25 5 18 6 20 7 18 8 4 11 5 15 6 30 7 25 12 22 13 20 14 17 15 14 4 16 17 17 29 18 27 19 24 
5 4 0 18 1 12 2 12 3 13 4 12 29 13 21 14 18 15 18 12 4 20 5 13 6 28 7 11 8 14 9 23 10 27 11 23 12 18 13 10 14 10 15 13 4 8 16 9 13 10 29 11 30 4 16 26 17 25 18 18 19 10 
5 4 0 25 1 21 2 18 3 11 4 4 16 5 15 6 19 7 15 8 4 18 5 26 6 16 7 19 8 13 9 14 10 28 11 29 12 4 24 5 16 6 26 7 24 8 16 9 13 10 23 11 17 12 22 13 30 14 19 15 26 4 16 11 17 17 18 23 19 18 
5 4 0 25 1 10 2 14 3 27 4 4 17 5 14 6 26 7 21 4 8 25 9 27 10 13 11 24 4 12 29 13 24 14 20 15 21 4 16 16 17 17 18 30 19 13 
5 4 0 26 1 19 2 29 3 15 4 12 19 13 18 14 11 15 27 4 8 13 9 16 10 18 11 15 8 4 28 5 29 6 17 7 28 12 18 13 25 14 18 15 15 4 16 27 17 27 18 13 19 12 
5 4 0 12 1 12 2 25 3 17 12 4 11 5 25 6 17 7 19 8 14 9 11 10 26 11 16 12 18 13 13 14 16 15 19 4 8 28 9 22 10 15 11 10 4 8 29 9 26 10 28 11 10 4 16 11 17 19 18 17 19 12 
5 4 0 19 1 28 2 29 3 21 4 12 23 13 18 14 16 15 17 8 4 23 5 18 6 16 7 26 12 26 13 26 14 25 15 11 8 8 22 9 11 10 19 11 22 12 16 13 28 14 15 15 23 4 16 20 17 13 18 10 19 14 
5 4 0 16 1 12 2 22 3 20 12 4 23 5 18 6 10 7 30 8 30 9 14 10 28 11 11 12 26 13 13 14 24 15 18 8 4 17 5 29 6 28 7 30 8 13 9 29 10 22 11 25 4 8 26 9 26 10 10 11 10 4 16 22 17 18 18 16 19 23 
5 4 0 24 1 30 2 10 3 11 12 4 21 5 22 6 14 7 13 8 10 9 14 10 25 11 10 12 28 13 16 14 13 15 15 12 4 28 5 16 6 28 7 22 8 16 9 30 10 12 11 16 12 17 13 24 14 24 15 20 4 4 15 5 25 6 24 7 14 4 16 17 17 27 18 30 19 15 
5 4 0 11 1 30 2 22 3 19 4 12 16 13 22 14 23 15 23 8 4 23 5 30 6 13 7 24 8 29 9 28 10 19 11 13 12 4 20 5 21 6 27 7 25 8 30 9 27 10 15 11 17 12 17 13 14 14 15 15 14 4 16 14 17 18 18 24 19 12 
5 4 0 25 1 30 2 13 3 24 8 8 17 9 10 10 18 11 29 12 16 13 23 14 21 15 23 8 8 16 9 15 10 13 11 20 12 24 13 20 14 27 15 29 4 8 17 9 30 10 27 11 29 4 16 26 17 26 18 29 19 30 
5 4 0 12 1 29 2 22 3 26 12 4 21 5 23 6 26 7 25 8 16 9 15 10 17 11 21 12 13 13 20 14 13 15 22 8 4 25 5 14 6 18 7 13 12 20 13 30 14 26 15 23 4 4 11 5 16 6 23 7 17 4 16 26 17 12 18 11 19 12 
5 4 0 13 1 19 2 10 3 14 4 4 19 5 27 6 15 7 21 4 4 24 5 30 6 30 7 10 4 12 30 13 29 14 27 15 11 4 16 29 17 11 18 16 19 27 
5 4 0 11 1 14 2 11 3 17 12 4 30 5 26 6 25 7 19 8 22 9 21 10 30 11 22 12 20 13 29 14 30 15 24 12 4 23 5 26 6 25 7 21 8 29 9 16 10 23 11 12 12 12 13 18 14 23 15 19 4 12 11 13 20 14 14 15 17 4 16 16 17 29 18 13 19 27 
5 4 0 26 1 30 2 21 3 21 12 4 13 5 29 6 25 7 17 8 14 9 12 10 14 11 25 12 17 13 29 14 25 15 12 4 8 17 9 22 10 22 11 17 12 4 18 5 16 6 10 7 17 8 17 9 27 10 26 11 26 12 24 13 18 14 13 15 13 4 16 16 17 10 18 23 19 29 
5 4 0 14 1 18 2 18 3 30 12 4 28 5 13 6 17 7 26 8 26 9 18 10 18 11 21 12 21 13 17 14 16 15 16 4 4 26 5 30 6 26 7 28 12 4 15 5 21 6 27 7 22 8 13 9 18 10 24 11 17 12 11 13 15 14 23 15 28 4 16 10 17 23 18 27 19 13 
5 4 0 14 1 29 2 12 3 27 8 4 28 5 20 6 21 7 24 12 26 13 22 14 25 15 24 12 4 15 5 29 6 14 7 29 8 18 9 10 10 26 11 10 12 13 13 23 14 28 15 30 12 4 21 5 28 6 25 7 28 8 24 9 16 10 21 11 23 12 18 13 23 14 22 15 12 4 16 12 17 12 18 18 19 10 
5 4 0 27 1 10 2 20 3 14 12 4 23 5 30 6 29 7 26 8 19 9 26 10 16 11 29 12 26 13 16 14 25 15 14 4 12 22 13 10 14 27 15 18 4 8 26 9 11 10 28 11 10 4 16 18 17 11 18 21 19 18 
5 4 0 29 1 20 2 19 3 10 12 4 23 5 28 6 25 7 11 8 12 9 12 10 17 11 22 12 13 13 17 14 10 15 11 12 4 10 5 10 6 21 7 16 8 10 9 25 10 21 11 21 12 16 13 14 14 25 15 27 12 4 29 5 28 6 18 7 13 8 21 9 12 10 19 11 24 12 11 13 20 14 21 15 10 4 16 20 17 29 18 17 19 12 
5 4 0 29 1 27 2 29 3 18 8 4 17 5 12 6 10 7 10 12 29 13 29 14 30 15 30 12 4 22 5 30 6 29 7 11 8 28 9 13 10 28 11 18 12 12 13 22 14 28 15 17 8 4 28 5 29 6 14 7 13 8 23 9 22 10 15 11 27 4 16 16 17 10 18 17 19 12 
5 4 0 12 1 28 2 25 3 29 8 4 25 5 26 6 11 7 28 8 24 9 10 10 28 11 22 8 8 17 9 13 10 19 11 13 12 10 13 30 14 13 15 14 4 12 20 13 13 14 28 15 10 4 16 30 17 29 18 18 19 12 
5 4 0 20 1 17 2 15 3 28 12 4 22 5 29 6 21 7 27 8 18 9 29 10 18 11 25 12 18 13 11 14 13 15 17 12 4 15 5 18 6 23 7 13 8 25 9 24 10 13 11 27 12 18 13 28 14 24 15 21 4 8 15 9 13 10 13 11 30 4 16 10 17 24 18 24 19 25 
5 4 0 13 1 22 2 22 3 18 4 4 13 5 26 6 21 7 20 8 8 17 9 26 10 15 11 28 12 19 13 21 14 24 15 18 8 8 23 9 19 10 25 11 24 12 12 13 24 14 27 15 24 4 16 16 17 23 18 13 19 21 
5 4 0 18 1 21 2 25 3 29 8 4 11 5 10 6 17 7 19 12 26 13 14 14 12 15 23 4 12 13 13 12 14 15 15 27 8 8 26 9 22 10 18 11 30 12 27 13 27 14 14 15 14 4 16 11 17 10 18 19 19 12 
5 4 0 15 1 29 2 16 3 14 8 4 22 5 16 6 24 7 12 12 11 13 13 14 28 15 12 8 8 19 9 25 10 28 11 28 12 21 13 16 14 25 15 26 8 8 29 9 29 10 26 11 10 12 17 13 23 14 29 15 25 4 16 14 17 18 18 18 19 19 
5 4 0 21 1 23 2 28 3 13 12 4 18 5 23 6 16 7 25 8 11 9 16 10 30 11 20 12 22 13 17 14 29 15 15 4 4 17 5 10 6 11 7 11 4 12 28 13 29 14 12 15 12 4 16 30 17 15 18 23 19 26 
5 4 0 30 1 19 2 25 3 17 8 4 13 5 29 6 28 7 25 12 14 13 13 14 25 15 12 4 4 20 5 17 6 14 7 24 4 12 21 13 14 14 24 15 10 4 16 29 17 20 18 17 19 23 
5 4 0 24 1 16 2 18 3 17 4 8 10 9 27 10 11 11 13 8 4 30 5 19 6 18 7 24 8 10 9 18 10 21 11 25 12 4 19 5 24 6 30 7 10 8 16 9 13 10 14 11 25 12 11 13 17 14 16 15 24 4 16 13 17 15 18 27 19 14 
5 4 0 25 1 10 2 11 3 29 4 8 16 9 24 10 17 11 17 8 4 25 5 11 6 28 7 13 8 17 9 16 10 23 11 28 4 8 27 9 12 10 13 11 25 4 16 17 17 22 18 26 19 14 
5 4 0 19 1 13 2 24 3 10 8 8 20 9 24 10 15 11 18 12 15 13 26 14 16 15 27 8 4 12 5 10 6 19 7 30 8 21 9 22 10 12 11 24 12 4 25 5 14 6 22 7 17 8 19 9 24 10 28 11 30 12 10 13 13 14 23 15 29 4 16 16 17 11 18 18 19 22 
5 4 0 12 1 22 2 23 3 12 8 4 26 5 30 6 23 7 30 12 24 13 23 14 28 15 14 4 4 17 5 15 6 15 7 27 8 8 27 9 28 10 21 11 22 12 30 13 30 14 25 15 26 4 16 23 17 29 18 25 19 11 
5 4 0 23 1 23 2 16 3 24 8 4 30 5 11 6 14 7 29 12 29 13 14 14 23 15 29 12 4 25 5 25 6 16 7 19 8 11 9 18 10 13 11 10 12 23 13 10 14 12 15 24 8 8 17 9 14 10 21 11 20 12 13 13 20 14 18 15 20 4 16 29 17 24 18 15 19 27 
5 4 0 27 1 27 2 29 3 20 12 4 20 5 29 6 12 7 29 8 11 9 24 10 12 11 24 12 17 13 18 14 28 15 17 4 4 27 5 18 6 26 7 22 8 4 30 5 13 6 22 7 23 8 21 9 26 10 24 11 15 4 16 20 17 29 18 30 19 12 
5 4 0 18 1 24 2 19 3 10 12 4 20 5 22 6 12 7 13 8 19 9 14 10 13 11 22 12 19 13 12 14 17 15 30 4 4 21 5 30 6 26 7 22 4 8 10 9 11 10 24 11 22 4 16 24 17 10 18 17 19 11 
5 4 0 30 1 22 2 16 3 11 12 4 27 5 18 6 20 7 30 8 22 9 24 10 29 11 28 12 26 13 21 14 26 15 19 8 8 13 9 27 10 22 11 13 12 22 13 13 14 20 15 18 4 12 13 13 21 14 23 15 10 4 16 13 17 10 18 17 19 20 
5 4 0 22 1 16 2 18 3 28 8 8 23 9 19 10 21 11 13 12 13 13 21 14 16 15 23 8 8 27 9 24 10 22 11 25 12 12 13 20 14 23 15 17 4 12 14 13 20 14 19 15 30 4 16 22 17 10 18 28 19 12 
5 4 0 26 1 10 2 12 3 28 8 4 21 5 27 6 12 7 27 8 15 9 29 10 23 11 23 4 4 23 5 16 6 10 7 18 12 4 28 5 23 6 14 7 18 8 23 9 24 10 15 11 11 12 13 13 22 14 19 15 18 4 16 11 17 29 18 28 19 22 
5 4 0 17 1 30 2 21 3 13 4 12 22 13 24 14 11 15 15 4 8 22 9 11 10 29 11 11 4 8 21 9 18 10 17 11 30 4 16 26 17 30 18 24 19 18 
5 4 0 28 1 22 2 18 3 13 12 4 16 5 13 6 14 7 23 8 25 9 24 10 28 11 18 12 17 13 28 14 28 15 20 4 8 27 9 14 10 23 11 21 8 8 19 9 12 10 16 11 29 12 19 13 22 14 15 15 27 4 16 10 17 18 18 22 19 30 
5 4 0 26 1 16 2 19 3 20 4 4 25 5 28 6 20 7 28 12 4 30 5 13 6 24 7 21 8 23 9 12 10 29 11 14 12 23 13 23 14 17 15 26 4 12 10 13 19 14 12 15 22 4 16 29 17 10 18 10 19 18 
5 4 0 29 1 20 2 20 3 20 12 4 15 5 29 6 17 7 21 8 19 9 23 10 22 11 26 12 27 13 12 14 19 15 22 12 4 21 5 22 6 23 7 21 8 18 9 28 10 18 11 14 12 16 13 18 14 14 15 28 8 8 14 9 17 10 17 11 23 12 14 13 28 14 10 15 27 4 16 25 17 26 18 19 19 11 
5 4 0 14 1 30 2 11 3 29 8 4 24 5 25 6 17 7 25 12 12 13 29 14 30 15 28 8 4 26 5 24 6 15 7 30 8 15 9 18 10 28 11 29 12 4 22 5 24 6 23 7 12 8 15 9 12 10 26 11 10 12 19 13 12 14 11 15 19 4 16 12 17 15 18 15 19 21 
5 4 0 28 1 12 2 30 3 15 12 4 29 5 19 6 15 7 19 8 13 9 17 10 16 11 24 12 14 13 12 14 21 15 20 4 8 18 9 28 10 10 11 14 4 12 13 13 28 14 11 15 21 4 16 14 17 10 18 12 19 15 
5 4 0 16 1 12 2 16 3 16 4 8 26 9 12 10 20 11 22 4 4 22 5 21 6 14 7 18 12 4 18 5 14 6 23 7 26 8 29 9 24 10 23 11 12 12 20 13 22 14 21 15 16 4 16 11 17 12 18 25 19 22 
5 4 0 30 1 13 2 20 3 15 12 4 10 5 29 6 25 7 28 8 29 9 15 10 13 11 26 12 19 13 17 14 24 15 24 4 12 22 13 29 14 26 15 20 4 4 30 5 21 6 20 7 29 4 16 11 17 29 18 21 19 22 
5 4 0 21 1 13 2 21 3 17 4 8 30 9 30 10 13 11 21 8 4 23 5 10 6 22 7 28 8 16 9 22 10 22 11 27 8 4 23 5 26 6 16 7 24 12 21 13 11 14 24 15 11 4 16 30 17 21 18 19 19 30 
5 4 0 25 1 22 2 15 3 27 12 4 30 5 13 6 17 7 29 8 28 9 14 10 24 11 14 12 23 13 14 14 23 15 17 8 4 16 5 22 6 10 7 27 12 20 13 12 14 15 15 28 8 4 30 5 20 6 13 7 18 8 18 9 10 10 20 11 16 4 16 16 17 16 18 22 19 22 
5 4 0 15 1 29 2 23 3 10 8 8 19 9 19 10 12 11 30 12 10 13 14 14 17 15 25 4 4 25 5 11 6 14 7 27 4 4 16 5 28 6 20 7 22 4 16 27 17 16 18 20 19 16 
5 4 0 23 1 18 2 15 3 30 12 4 14 5 22 6 21 7 19 8 21 9 15 10 29 11 25 12 17 13 13 14 20 15 19 4 8 30 9 13 10 29 11 20 4 4 19 5 14 6 16 7 13 4 16 26 17 25 18 29 19 18 
5 4 0 11 1 27 2 19 3 30 8 4 23 5 16 6 19 7 24 8 14 9 22 10 16 11 19 4 4 30 5 30 6 13 7 24 8 4 16 5 12 6 25 7 15 12 14 13 23 14 27 15 17 4 16 28 17 20 18 24 19 21 
5 4 0 10 1 22 2 15 3 11 4 8 29 9 30 10 27 11 30 8 4 12 5 18 6 12 7 11 12 12 13 17 14 24 15 19 12 4 21 5 25 6 12 7 18 8 12 9 29 10 13 11 14 12 27 13 27 14 13 15 23 4 16 20 17 24 18 15 19 23 
5 4 0 14 1 15 2 25 3 22 8 4 12 5 12 6 14 7 10 12 24 13 28 14 25 15 10 4 8 11 9 28 10 14 11 20 12 4 11 5 21 6 27 7 26 8 16 9 27 10 17 11 13 12 18 13 10 14 25 15 19 4 16 29 17 18 18 30 19 29 
5 4 0 19 1 21 2 27 3 27 8 4 13 5 14 6 28 7 15 12 11 13 26 14 22 15 10 4 4 17 5 15 6 30 7 29 4 8 20 9 10 10 12 11 18 4 16 28 17 22 18 23 19 23 
5 4 0 29 1 30 2 18 3 29 12 4 13 5 15 6 16 7 12 8 12 9 12 10 16 11 19 12 12 13 21 14 28 15 17 12 4 13 5 18 6 21 7 12 8 26 9 14 10 27 11 26 12 18 13 16 14 26 15 15 12 4 11 5 15 6 27 7 11 8 12 9 21 10 12 11 16 12 17 13 19 14 17 15 16 4 16 28 17 22 18 20 19 12 
5 4 0 25 1 21 2 24 3 27 8 8 15 9 19 10 27 11 11 12 22 13 11 14 16 15 20 8 4 13 5 20 6 13 7 16 12 25 13 18 14 23 15 16 8 4 30 5 17 6 24 7 13 8 16 9 21 10 14 11 25 4 16 12 17 19 18 27 19 23 
5 4 0 23 1 12 2 26 3 21 4 12 22 13 29 14 11 15 24 4 4 25 5 10 6 14 7 23 8 4 12 5 19 6 15 7 19 12 12 13 13 14 27 15 10 4 16 23 17 13 18 12 19 29 
5 4 0 28 1 29 2 27 3 16 4 12 10 13 12 14 22 15 16 4 12 13 13 13 14 16 15 22 8 8 30 9 30 10 30 11 26 12 17 13 24 14 29 15 17 4 16 18 17 18 18 24 19 25 
5 4 0 23 1 18 2 17 3 25 4 12 16 13 23 14 19 15 30 4 12 28 13 23 14 18 15 29 4 12 22 13 27 14 15 15 30 4 16 19 17 11 18 10 19 25 
5 4 0 25 1 27 2 15 3 17 8 4 19 5 28 6 24 7 29 8 22 9 14 10 22 11 26 12 4 19 5 15 6 18 7 30 8 19 9 25 10 16 11 11 12 14 13 28 14 21 15 16 12 4 12 5 27 6 25 7 14 8 24 9 23 10 30 11 22 12 19 13 15 14 16 15 27 4 16 16 17 19 18 27 19 10 

Dynamic Events

# Machine Breakdowns (machine_id start_time end_time)
Machine Breakdowns
4 2313 2323
7 1409 1424
8 607 622
11 2397 2409
13 1631 1642
14 674 687
15 1835 1845
17 1589 1602

# Added Jobs (arrival_time: num_ops num_alts_op1 m1 p1 ... num_alts_op2 m1 p1 ...)
Added Jobs
481: 5 4 9 15 14 20 7 22 18 14 8 8 12 6 10 14 10 17 30 15 23 11 23 0 18 3 30 10 17 23 14 13 10 16 1 30 7 21 3 23 11 30 15 11 19 24 13 28 12 18 27 13 25 2 27 12 24 14 15 9 26 0 21 1 27 7 22 5 23 17 14 19 20 7 12 24 16 20 0 15 19 16 18 16 5 18 8 12 
548: 5 4 8 11 4 12 14 26 10 14 8 18 22 3 26 4 20 15 26 2 12 14 10 13 15 10 13 8 9 11 10 24 12 16 1 15 7 26 11 18 14 27 17 26 9 17 12 16 26 1 16 13 30 15 20 8 29 2 27 0 10 3 15 8 14 22 8 13 17 27 15 17 2 23 7 27 5 23 6 10 
681: 5 9 6 19 16 22 5 21 17 17 9 20 12 11 14 27 1 28 13 14 9 13 16 9 19 7 20 11 18 3 16 14 28 16 21 2 18 17 25 4 3 12 8 11 7 10 19 26 6 18 26 7 28 10 28 9 15 0 22 19 25 4 18 10 8 21 19 14 5 19 
1101: 5 8 9 14 0 27 4 22 16 28 19 14 15 21 17 14 10 28 11 18 13 3 28 14 24 11 15 5 15 8 20 7 25 15 25 6 21 16 10 4 26 8 17 25 11 12 14 27 3 11 8 25 9 19 6 24 4 28 4 18 12 12 13 7 25 3 10 9 9 14 13 21 2 19 8 19 18 23 19 20 0 16 5 10 11 29 
1274: 5 9 1 23 9 25 3 12 18 10 8 19 13 30 17 23 16 29 4 19 11 4 30 7 21 8 20 16 24 17 24 0 27 11 19 18 12 5 30 12 16 6 23 4 11 30 16 22 0 27 4 14 9 2 15 11 22 7 20 12 13 3 24 9 27 4 11 10 12 17 17 8 19 28 8 30 0 21 3 16 18 17 1 27 5 25 14 20 

# Cancelled Jobs (cancel_time initial_job_sim_idx_to_cancel)
Cancelled Jobs
524 69
956 27
1307 78
1802 61
1918 29
2400 85

# ETPC Constraints (fore_job_sim_idx fore_op_idx hind_job_sim_idx hind_op_idx time_lapse)
ETPC Constraints
46 3 1 2 5
33 1 64 2 4
56 4 60 4 10
49 2 76 1 10
73 4 46 0 20
58 4 24 2 19
29 2 86 4 3
88 1 43 2 17
33 2 0 0 5
54 2 32 0 15
52 3 85 1 13
42 3 85 0 8
63 0 36 3 6
61 2 87 0 4
36 3 48 3 15
42 0 78 2 16
8 1 68 4 7
50 3 28 2 18
53 1 32 3 10
78 0 59 1 7
78 4 1 2 5
63 4 99 4 6
18 2 69 1 7
58 4 73 4 19
32 4 18 0 6
0 4 18 4 11
16 4 10 3 8
100 2 83 2 14
84 1 44 4 20
95 0 26 4 6
12 4 80 2 10
96 3 21 4 11
77 1 88 2 12
100 3 40 1 10
35 4 45 1 13
83 2 74 1 5
34 2 74 0 10
102 0 100 1 10
42 0 25 3 13
75 1 15 1 4
7 1 27 3 14
58 0 32 0 11
88 1 16 3 7
33 4 60 1 5
100 4 19 2 14
97 2 62 3 6
89 0 85 1 9
27 1 70 1 6
76 0 81 1 3
10 2 23 2 20
23 2 37 1 17
5 1 90 1 5
68 2 7 4 6
69 1 23 1 14
79 0 4 4 16
18 4 81 3 5
28 0 12 3 11
93 4 76 2 6
66 3 81 0 11
61 3 49 1 8
6 3 94 4 3
26 4 98 2 13
3 0 0 4 15
21 4 75 1 17
11 3 54 4 6
85 4 52 4 11
9 4 45 4 5
79 1 42 4 3
50 3 84 3 3
3 4 40 1 13
59 3 101 4 8
57 4 69 2 17
77 1 57 0 9
5 4 60 2 7
16 4 51 4 8
76 3 50 0 13
16 3 30 3 20
96 1 24 0 10
2 4 3 0 12
57 3 41 1 11
28 0 63 3 11
89 1 92 4 14
1 2 48 2 15
74 0 15 4 11
54 4 57 4 18
35 4 34 2 6
63 1 38 3 12
64 2 5 3 6
44 3 49 3 11
89 4 54 2 10
16 4 8 4 7
94 4 74 4 11
60 1 96 4 5
4 4 33 1 5
99 0 74 1 7
68 2 55 4 20
45 3 91 4 18
92 4 70 1 3
59 2 68 2 13
97 3 35 4 11
34 2 73 0 10
25 3 12 4 14
50 0 89 1 11
27 0 56 1 12
11 3 5 4 3
102 1 75 4 10
16 0 18 1 5
96 3 59 4 4
104 4 102 2 12
92 2 88 4 6
62 3 58 4 15
81 2 6 0 10
97 3 31 0 4
40 3 13 2 4
16 3 39 4 19
84 2 100 0 3
104 1 99 4 16
58 2 28 2 8
95 4 90 3 5
42 3 76 3 14
15 1 37 0 9
77 1 80 3 20
5 1 23 0 14
40 3 8 0 10
42 2 8 4 20
29 1 1 3 8
21 4 61 0 10
85 4 78 0 10
42 1 100 1 9
69 2 54 0 10
76 4 46 3 18
43 2 36 0 6
25 4 101 0 17
12 0 5 4 14
47 4 74 2 17
60 4 86 2 10
28 1 99 3 7
25 0 61 4 4
44 3 6 0 6
67 1 13 1 6
86 0 82 1 12
84 2 19 0 4
37 2 104 4 8
30 0 24 0 17
18 3 65 4 16
96 3 98 2 7
78 2 35 4 19
46 3 90 4 17
95 0 48 3 12
46 1 22 3 15
24 0 2 1 19
71 0 104 0 3
99 4 35 3 3
90 4 6 4 4
41 2 23 3 16
23 3 74 4 15
16 0 98 3 14
103 2 3 2 19
2 2 94 1 7
87 0 22 2 17
11 3 52 3 12
2 4 73 4 6
36 3 54 1 12
4 1 81 4 3
57 4 92 0 16
17 1 59 1 17
36 1 13 3 18
22 4 104 3 3
7 3 41 4 19
38 0 91 1 16
81 3 86 3 19
11 0 83 1 8
57 1 23 1 13
99 0 94 4 6
14 0 3 3 3
102 4 26 1 6
45 1 98 0 9
91 1 98 4 6
95 4 35 1 9
20 1 97 3 13
90 0 5 3 4
26 1 3 2 18
50 0 65 1 17
44 4 59 2 12
44 4 61 2 12
97 0 12 0 7
30 3 14 2 20
45 0 40 0 12
15 0 4 4 19
104 4 22 3 10
71 3 9 3 6
26 2 97 4 17
18 2 100 1 20
7 1 1 0 20
13 3 67 2 8
61 3 100 4 6
21 2 23 1 15
81 3 7 1 4
19 4 9 2 4
75 0 47 2 15
23 3 38 3 8
35 2 98 1 10
81 3 95 0 19
26 2 100 4 9
96 4 8 3 12
77 3 64 4 12
53 0 59 1 20
7 0 30 2 4
