10 6
6 6 2 3 3 5 0 3 5 6 1 2 4 3 2 5 5 2 4 6 0 1 4 6 2 3 3 3 1 6 5 5 1 1 6 2 5 3 4 6 3 2 2 1 1 4 4 
6 5 5 1 4 6 0 3 1 4 3 2 2 5 3 4 6 1 4 2 2 1 4 2 3 3 2 2 1 1 4 4 6 2 3 3 5 0 3 5 6 1 2 4 3 
6 6 0 1 4 6 2 3 3 3 1 6 5 5 6 4 3 3 6 1 4 5 6 2 6 0 2 3 2 2 1 1 4 4 5 2 5 0 4 1 3 5 3 4 2 6 3 1 0 5 1 4 4 5 2 3 5 3 5 5 3 0 4 3 6 2 6 4 3 
6 5 2 5 0 4 1 3 5 3 4 2 5 5 1 4 6 0 3 1 4 3 2 1 1 6 6 0 1 4 6 2 3 3 3 1 6 5 5 5 0 4 3 5 1 3 5 3 4 4 6 3 1 0 5 1 4 4 5 2 3 5 3 
6 6 4 3 3 6 1 4 5 6 2 6 0 2 5 0 4 3 5 1 3 5 3 4 4 1 3 3 5 5 3 0 4 3 6 2 6 4 3 5 5 1 4 6 0 3 1 4 3 2 2 1 4 2 3 
6 5 5 3 0 4 3 6 2 6 4 3 2 5 5 2 4 5 2 5 0 4 1 3 5 3 4 2 6 4 3 3 6 1 4 5 6 2 6 0 2 1 1 6 5 5 1 4 6 0 3 1 4 3 2 
5 6 3 1 0 5 1 4 4 5 2 3 5 3 1 4 2 6 4 3 3 6 1 4 5 6 2 6 0 2 6 2 3 3 5 0 3 5 6 1 2 4 3 5 5 3 0 4 3 6 2 6 4 3 
6 2 1 4 2 3 5 2 5 0 4 1 3 5 3 4 2 6 4 3 3 6 1 4 5 6 2 6 0 2 5 5 3 0 4 3 6 2 6 4 3 5 0 4 3 5 1 3 5 3 4 4 5 5 1 4 6 0 3 1 4 3 2 
5 1 1 6 2 5 5 2 4 5 5 1 4 6 0 3 1 4 3 2 5 0 4 3 5 1 3 5 3 4 4 2 1 4 2 3 
6 1 3 3 6 4 3 3 6 1 4 5 6 2 6 0 2 5 5 3 0 4 3 6 2 6 4 3 6 3 1 0 5 1 4 4 5 2 3 5 3 2 5 3 4 6 5 5 1 4 6 0 3 1 4 3 2 

Dynamic Events
Machine Breakdowns (x y z): Machine {x} breakdown from time {y} to {z}
0 81 100
0 123 148
1 43 62
2 216 234
3 166 204
4 225 264
5 171 194

Added Jobs (first number is the time at which the job is added, then pairs of machines and process time)
99: 6 4 4 2 2 2 0 1 5 4 3 3 6 5 5 1 2 3 3 5 1 5 5 5 5 2 2 3 1 5 6 1 3 4 4 4 0 2 1 4 4 4 3 3 6 3 6 1 1 2 6 0 5 4 5 5 3 
139: 5 1 5 4 3 1 6 4 3 0 5 1 4 6 3 4 5 5 4 0 4 4 0 2 3 3 4 2 2 5 
139: 5 6 4 6 0 1 3 2 5 5 1 6 2 5 5 5 3 2 3 1 3 4 2 0 3 6 0 5 4 3 3 4 2 6 1 6 5 5 4 2 3 4 4 1 4 0 2 5 4 6 3 6 5 1 2 4 0 3 

Cancelled Jobs
