15 4
6 2 2 5 1 7 2 0 8 3 8 2 0 6 1 5 1 2 7 2 3 5 1 6 2 3 5 0 5 
5 1 2 7 2 0 6 1 5 1 3 6 2 3 5 1 6 2 0 8 1 6 
8 2 3 7 2 9 2 2 5 1 7 2 3 5 0 5 2 0 8 3 8 2 0 6 1 5 1 3 6 2 0 8 1 6 2 3 9 2 6 
7 2 3 5 0 5 2 3 7 2 9 2 0 8 3 8 1 3 8 2 0 8 1 6 2 3 5 1 6 1 3 6 
6 2 2 7 0 5 2 3 6 1 7 2 3 7 2 9 1 2 8 2 2 5 1 7 2 0 8 1 6 
9 1 3 6 2 3 5 1 6 1 2 8 2 2 7 0 5 2 3 6 1 7 1 3 8 2 0 8 1 6 2 0 8 3 8 2 3 5 0 5 
5 1 2 8 2 3 7 2 9 2 0 6 1 5 2 3 6 1 7 1 2 7 
8 2 2 7 0 5 1 2 8 2 3 7 2 9 2 3 5 0 5 1 2 7 1 3 8 2 3 9 2 6 2 0 6 1 5 
9 2 2 5 1 7 1 3 8 2 3 5 1 6 2 0 6 1 5 1 3 6 2 0 8 3 9 2 0 8 3 8 2 0 8 1 6 1 2 7 
9 2 0 8 1 6 2 0 8 3 8 2 0 8 3 9 2 3 9 2 6 2 0 6 1 5 1 2 8 1 2 7 1 3 6 2 3 5 1 6 
7 2 0 8 1 6 2 0 8 3 8 2 0 6 1 5 1 2 7 1 3 6 1 2 8 2 3 9 2 6 
6 1 3 8 1 2 7 2 3 7 2 9 2 0 6 1 5 1 2 8 2 0 8 3 8 
7 1 3 8 2 3 9 2 6 2 0 8 3 8 2 3 6 1 7 2 3 6 1 7 2 0 8 1 6 2 2 7 0 5 
7 2 0 6 1 5 2 2 7 0 5 2 0 8 3 8 2 0 8 1 6 2 3 5 0 5 2 3 6 1 7 1 3 6 
7 1 2 8 2 0 8 3 9 2 3 9 2 6 1 2 7 2 3 5 1 6 2 0 8 1 6 2 0 6 1 5 

Dynamic Events
Machine Breakdowns (x y z): Machine {x} breakdown from time {y} to {z}
0 473 534
1 339 392
2 390 427
3 312 345
3 592 653

Added Jobs (first number is the time at which the job is added, then pairs of machines and process time)
276: 7 1 0 8 2 3 7 0 5 2 3 8 1 6 2 3 7 2 6 1 0 7 2 1 5 0 6 2 2 7 1 6 
117: 6 1 1 7 2 1 7 2 6 2 1 7 2 7 2 3 5 0 5 2 1 5 3 5 1 3 8 
140: 9 2 0 5 3 6 1 3 8 2 0 5 3 8 1 1 7 2 2 6 1 6 2 3 8 1 7 1 3 7 2 2 5 0 7 2 2 5 1 7 

Cancelled Jobs
73 5
