10 10
15 4 1 8 5 3 6 2 8 5 2 8 7 0 2 5 6 4 0 4 8 1 1 7 9 4 2 0 1 7 2 3 6 5 2 8 4 8 5 0 3 7 8 1 5 2 8 9 9 3 4 6 0 1 5 2 5 1 5 0 9 8 1 4 7 3 6 2 9 6 0 2 2 6 9 4 6 2 3 8 6 2 5 1 1 4 8 3 2 0 8 2 7 3 9 2 7 9 3 5 3 6 5 2 7 8 3 3 8 4 4 8 0 1 
15 5 0 3 7 8 1 5 2 8 9 9 5 6 4 0 4 8 1 1 7 9 4 3 4 6 0 1 5 2 5 1 1 4 8 3 2 0 8 2 7 2 3 8 6 2 2 9 6 0 2 3 9 2 7 9 3 5 2 6 9 4 6 3 6 5 2 7 8 3 3 6 5 2 8 4 8 3 8 4 4 8 0 1 2 8 7 0 2 2 0 1 7 2 4 1 8 5 3 6 2 8 5 5 1 5 0 9 8 1 4 7 3 6 
15 2 0 1 7 2 2 6 9 4 6 2 9 6 0 2 2 3 8 6 2 5 1 1 4 8 3 2 0 8 2 7 3 8 4 4 8 0 1 2 8 7 0 2 3 6 5 2 7 8 3 5 6 4 0 4 8 1 1 7 9 4 4 1 8 5 3 6 2 8 5 5 0 3 7 8 1 5 2 8 9 9 3 9 2 7 9 3 5 5 1 5 0 9 8 1 4 7 3 6 3 4 6 0 1 5 2 3 6 5 2 8 4 8 
15 3 4 6 0 1 5 2 5 1 5 0 9 8 1 4 7 3 6 5 0 3 7 8 1 5 2 8 9 9 5 1 1 4 8 3 2 0 8 2 7 2 3 8 6 2 2 9 6 0 2 3 6 5 2 8 4 8 2 8 7 0 2 3 6 5 2 7 8 3 3 8 4 4 8 0 1 4 1 8 5 3 6 2 8 5 2 0 1 7 2 5 6 4 0 4 8 1 1 7 9 4 2 6 9 4 6 3 9 2 7 9 3 5 
15 3 9 2 7 9 3 5 2 0 1 7 2 3 8 4 4 8 0 1 2 8 7 0 2 3 6 5 2 8 4 8 5 1 1 4 8 3 2 0 8 2 7 3 4 6 0 1 5 2 3 6 5 2 7 8 3 4 1 8 5 3 6 2 8 5 2 9 6 0 2 5 6 4 0 4 8 1 1 7 9 4 2 6 9 4 6 5 1 5 0 9 8 1 4 7 3 6 5 0 3 7 8 1 5 2 8 9 9 2 3 8 6 2 
15 3 6 5 2 8 4 8 5 0 3 7 8 1 5 2 8 9 9 2 6 9 4 6 3 4 6 0 1 5 2 5 1 5 0 9 8 1 4 7 3 6 2 3 8 6 2 2 8 7 0 2 5 1 1 4 8 3 2 0 8 2 7 5 6 4 0 4 8 1 1 7 9 4 4 1 8 5 3 6 2 8 5 2 0 1 7 2 3 6 5 2 7 8 3 2 9 6 0 2 3 8 4 4 8 0 1 3 9 2 7 9 3 5 
15 3 4 6 0 1 5 2 3 9 2 7 9 3 5 3 6 5 2 8 4 8 5 0 3 7 8 1 5 2 8 9 9 2 0 1 7 2 2 8 7 0 2 5 1 1 4 8 3 2 0 8 2 7 3 6 5 2 7 8 3 5 6 4 0 4 8 1 1 7 9 4 3 8 4 4 8 0 1 2 9 6 0 2 4 1 8 5 3 6 2 8 5 2 6 9 4 6 2 3 8 6 2 5 1 5 0 9 8 1 4 7 3 6 
15 5 6 4 0 4 8 1 1 7 9 4 3 6 5 2 7 8 3 3 6 5 2 8 4 8 2 0 1 7 2 3 4 6 0 1 5 2 5 1 5 0 9 8 1 4 7 3 6 3 9 2 7 9 3 5 3 8 4 4 8 0 1 2 8 7 0 2 4 1 8 5 3 6 2 8 5 5 0 3 7 8 1 5 2 8 9 9 2 3 8 6 2 2 9 6 0 2 5 1 1 4 8 3 2 0 8 2 7 2 6 9 4 6 
15 4 1 8 5 3 6 2 8 5 3 8 4 4 8 0 1 3 6 5 2 8 4 8 5 6 4 0 4 8 1 1 7 9 4 5 1 1 4 8 3 2 0 8 2 7 2 3 8 6 2 2 8 7 0 2 3 9 2 7 9 3 5 5 0 3 7 8 1 5 2 8 9 9 2 9 6 0 2 5 1 5 0 9 8 1 4 7 3 6 3 6 5 2 7 8 3 2 6 9 4 6 2 0 1 7 2 3 4 6 0 1 5 2 
15 2 0 1 7 2 4 1 8 5 3 6 2 8 5 3 9 2 7 9 3 5 3 6 5 2 8 4 8 3 6 5 2 7 8 3 2 9 6 0 2 2 6 9 4 6 3 8 4 4 8 0 1 5 6 4 0 4 8 1 1 7 9 4 5 1 5 0 9 8 1 4 7 3 6 5 0 3 7 8 1 5 2 8 9 9 3 4 6 0 1 5 2 5 1 1 4 8 3 2 0 8 2 7 2 3 8 6 2 2 8 7 0 2 

Dynamic Events
Machine Breakdowns (x y z): Machine {x} breakdown from time {y} to {z}
1 78 91
3 18 34
3 128 146
5 8 13

Added Jobs (first number is the time at which the job is added, then pairs of machines and process time)
128: 15 4 5 2 8 1 7 3 1 5 3 7 3 1 2 2 8 2 4 8 5 3 5 9 8 4 6 3 4 0 8 5 2 5 5 3 8 4 3 8 1 3 6 4 4 6 6 5 3 2 8 3 6 4 4 6 3 6 8 1 2 7 4 7 9 3 7 4 6 2 8 5 1 7 9 6 4 6 5 2 7 8 4 7 7 8 7 0 1 2 8 2 7 2 2 7 4 8 1 0 6 9 5 6 6 5 9 7 4 6 5 3 0 2 2 7 4 8 4 7 4 9 4 5 2 4 1 8 0 1 8 3 6 3 
111: 15 4 0 1 7 5 8 3 2 7 2 4 6 9 6 2 0 2 1 5 3 1 7 9 6 0 2 5 3 3 4 8 0 8 5 3 1 5 2 6 9 3 2 3 2 7 3 5 5 3 3 9 4 7 9 5 2 3 8 1 9 2 2 8 4 1 2 4 7 0 7 8 2 5 5 2 0 8 2 7 1 8 8 1 3 8 7 5 3 4 6 2 2 7 7 7 4 6 5 9 8 0 3 8 6 4 0 2 7 5 2 8 4 6 

Cancelled Jobs
155 0
