20 10
10 2 6 18 3 5 2 4 7 6 7 1 2 19 1 6 14 2 3 5 9 12 1 0 10 1 9 18 2 6 10 7 19 2 2 11 7 9 2 2 5 7 12 
12 1 1 5 2 6 18 3 5 2 2 5 7 12 1 0 10 1 9 19 2 2 15 3 19 1 6 14 1 4 9 2 4 14 8 5 1 0 19 2 6 10 7 19 1 0 16 
14 2 4 14 8 5 1 0 19 1 0 10 1 2 19 2 6 18 3 5 2 3 5 9 12 2 2 5 7 12 1 9 10 1 4 9 1 0 7 2 6 10 7 19 1 0 10 1 9 19 1 9 18 
10 1 9 10 2 4 7 6 7 1 6 14 1 0 10 1 9 18 2 2 15 6 13 2 9 14 4 7 2 2 11 7 9 1 8 11 1 4 9 
12 1 4 9 2 4 14 8 5 2 6 18 3 5 2 2 11 7 9 1 0 10 1 8 11 1 0 7 1 6 14 2 3 5 9 12 2 2 15 3 19 1 7 18 1 9 19 
10 2 2 15 6 13 1 2 19 1 4 9 1 9 19 2 2 5 7 12 2 6 18 3 5 2 7 14 9 9 2 3 5 9 12 1 9 18 1 0 7 
12 1 0 10 1 9 18 1 0 7 1 4 9 2 7 14 9 9 2 6 10 7 19 2 2 15 3 19 2 9 14 4 7 1 7 18 1 9 19 1 0 19 1 0 10 
11 1 0 10 1 6 14 1 0 10 2 2 15 3 19 2 4 14 8 5 2 6 18 3 5 1 2 19 1 0 19 2 3 5 9 12 1 4 9 1 9 19 
14 2 6 10 7 19 2 7 14 9 9 1 0 19 1 9 19 2 9 14 4 7 1 1 5 2 3 5 9 12 2 4 7 6 7 1 0 16 1 0 7 1 8 11 1 2 19 1 0 10 1 9 18 
11 1 9 19 2 9 14 4 7 1 7 18 2 2 11 7 9 1 0 7 1 0 10 2 4 14 8 5 2 2 15 3 19 1 9 18 1 2 19 1 0 19 
11 2 4 14 8 5 1 0 10 1 7 18 2 2 15 3 19 2 6 10 7 19 2 2 5 7 12 2 2 11 7 9 2 7 14 9 9 1 9 10 1 8 11 1 2 19 
10 1 9 19 2 2 11 7 9 2 4 7 6 7 1 0 16 1 6 14 2 6 18 3 5 2 3 5 9 12 1 0 10 1 7 18 2 4 14 8 5 
11 2 9 14 4 7 1 9 19 2 6 10 7 19 2 2 15 3 19 1 0 19 1 7 18 2 7 14 9 9 2 2 11 7 9 1 9 18 2 4 14 8 5 1 1 5 
11 1 0 10 2 4 7 6 7 1 0 10 1 8 11 1 6 14 2 2 15 6 13 2 7 14 9 9 1 0 16 2 2 5 7 12 2 4 14 8 5 1 1 5 
11 2 4 14 8 5 2 4 7 6 7 1 6 14 1 9 10 2 6 10 7 19 2 2 15 3 19 2 6 18 3 5 1 0 7 2 2 11 7 9 1 0 19 1 7 18 
11 1 1 5 2 6 10 7 19 1 9 10 1 8 11 1 7 18 2 9 14 4 7 2 4 14 8 5 1 0 10 1 0 19 2 2 15 6 13 2 7 14 9 9 
13 1 9 10 2 4 14 8 5 1 4 9 1 9 19 1 0 10 2 2 5 7 12 1 1 5 2 9 14 4 7 1 0 10 2 7 14 9 9 2 2 15 6 13 1 0 16 1 6 14 
11 2 2 15 6 13 1 1 5 1 9 19 1 2 19 1 7 18 1 0 7 1 4 9 1 6 14 2 6 18 3 5 1 0 10 2 4 14 8 5 
10 2 6 10 7 19 1 1 5 2 2 11 7 9 1 8 11 2 3 5 9 12 1 9 18 2 6 18 3 5 2 7 14 9 9 2 2 5 7 12 1 9 19 
10 1 9 18 1 9 10 1 6 14 1 8 11 2 2 15 6 13 1 1 5 2 7 14 9 9 2 2 5 7 12 1 4 9 1 0 16 

Dynamic Events
Machine Breakdowns (x y z): Machine {x} breakdown from time {y} to {z}
0 154 262
0 288 344
1 20 38
2 528 620
3 61 140
3 316 371
6 649 774
7 1303 1384
8 248 284
8 298 358
9 1315 1427

Added Jobs (first number is the time at which the job is added, then pairs of machines and process time)
298: 10 1 9 19 1 8 5 2 7 12 9 12 1 0 16 2 9 9 3 11 1 3 10 2 4 11 5 6 1 2 16 1 2 9 1 4 14 
555: 12 1 3 9 1 6 11 2 3 13 2 15 2 5 9 3 15 1 6 10 1 6 7 2 7 17 0 13 1 5 17 1 1 5 2 0 16 5 13 1 9 9 2 7 11 5 5 
97: 10 2 2 5 0 14 1 3 19 1 7 16 2 0 19 2 7 2 9 11 4 13 1 3 8 1 4 11 1 9 13 2 8 9 5 17 1 6 13 
514: 14 1 8 11 1 5 18 1 6 9 1 3 11 1 5 13 1 0 8 1 6 9 2 6 17 8 9 1 5 7 2 5 9 8 6 2 6 10 3 12 1 1 5 2 0 13 9 17 1 7 18 

Cancelled Jobs
750 13
