20 10
10 2 6 18 3 5 2 4 7 6 7 1 2 19 1 6 14 2 3 5 9 12 1 0 10 1 9 18 2 6 10 7 19 2 2 11 7 9 2 2 5 7 12 
12 1 1 5 2 6 18 3 5 2 2 5 7 12 1 0 10 1 9 19 2 2 15 3 19 1 6 14 1 4 9 2 4 14 8 5 1 0 19 2 6 10 7 19 1 0 16 
14 2 4 14 8 5 1 0 19 1 0 10 1 2 19 2 6 18 3 5 2 3 5 9 12 2 2 5 7 12 1 9 10 1 4 9 1 0 7 2 6 10 7 19 1 0 10 1 9 19 1 9 18 
10 1 9 10 2 4 7 6 7 1 6 14 1 0 10 1 9 18 2 2 15 6 13 2 9 14 4 7 2 2 11 7 9 1 8 11 1 4 9 
12 1 4 9 2 4 14 8 5 2 6 18 3 5 2 2 11 7 9 1 0 10 1 8 11 1 0 7 1 6 14 2 3 5 9 12 2 2 15 3 19 1 7 18 1 9 19 
10 2 2 15 6 13 1 2 19 1 4 9 1 9 19 2 2 5 7 12 2 6 18 3 5 2 7 14 9 9 2 3 5 9 12 1 9 18 1 0 7 
12 1 0 10 1 9 18 1 0 7 1 4 9 2 7 14 9 9 2 6 10 7 19 2 2 15 3 19 2 9 14 4 7 1 7 18 1 9 19 1 0 19 1 0 10 
11 1 0 10 1 6 14 1 0 10 2 2 15 3 19 2 4 14 8 5 2 6 18 3 5 1 2 19 1 0 19 2 3 5 9 12 1 4 9 1 9 19 
14 2 6 10 7 19 2 7 14 9 9 1 0 19 1 9 19 2 9 14 4 7 1 1 5 2 3 5 9 12 2 4 7 6 7 1 0 16 1 0 7 1 8 11 1 2 19 1 0 10 1 9 18 
11 1 9 19 2 9 14 4 7 1 7 18 2 2 11 7 9 1 0 7 1 0 10 2 4 14 8 5 2 2 15 3 19 1 9 18 1 2 19 1 0 19 
11 2 4 14 8 5 1 0 10 1 7 18 2 2 15 3 19 2 6 10 7 19 2 2 5 7 12 2 2 11 7 9 2 7 14 9 9 1 9 10 1 8 11 1 2 19 
10 1 9 19 2 2 11 7 9 2 4 7 6 7 1 0 16 1 6 14 2 6 18 3 5 2 3 5 9 12 1 0 10 1 7 18 2 4 14 8 5 
11 2 9 14 4 7 1 9 19 2 6 10 7 19 2 2 15 3 19 1 0 19 1 7 18 2 7 14 9 9 2 2 11 7 9 1 9 18 2 4 14 8 5 1 1 5 
11 1 0 10 2 4 7 6 7 1 0 10 1 8 11 1 6 14 2 2 15 6 13 2 7 14 9 9 1 0 16 2 2 5 7 12 2 4 14 8 5 1 1 5 
11 2 4 14 8 5 2 4 7 6 7 1 6 14 1 9 10 2 6 10 7 19 2 2 15 3 19 2 6 18 3 5 1 0 7 2 2 11 7 9 1 0 19 1 7 18 
11 1 1 5 2 6 10 7 19 1 9 10 1 8 11 1 7 18 2 9 14 4 7 2 4 14 8 5 1 0 10 1 0 19 2 2 15 6 13 2 7 14 9 9 
13 1 9 10 2 4 14 8 5 1 4 9 1 9 19 1 0 10 2 2 5 7 12 1 1 5 2 9 14 4 7 1 0 10 2 7 14 9 9 2 2 15 6 13 1 0 16 1 6 14 
11 2 2 15 6 13 1 1 5 1 9 19 1 2 19 1 7 18 1 0 7 1 4 9 1 6 14 2 6 18 3 5 1 0 10 2 4 14 8 5 
10 2 6 10 7 19 1 1 5 2 2 11 7 9 1 8 11 2 3 5 9 12 1 9 18 2 6 18 3 5 2 7 14 9 9 2 2 5 7 12 1 9 19 
10 1 9 18 1 9 10 1 6 14 1 8 11 2 2 15 6 13 1 1 5 2 7 14 9 9 2 2 5 7 12 1 4 9 1 0 16 

Dynamic Events
Machine Breakdowns (x y z): Machine {x} breakdown from time {y} to {z}
1 83 101
2 576 636
3 363 402
4 463 521
4 660 758
6 925 1037
7 421 485
7 1143 1269
9 112 236
9 1429 1508

Added Jobs (first number is the time at which the job is added, then pairs of machines and process time)
327: 10 1 4 9 1 0 14 2 2 11 8 9 2 0 8 8 7 2 7 10 0 11 1 0 17 2 1 5 6 17 1 7 19 2 2 17 0 14 2 0 12 3 7 
160: 12 2 4 13 8 5 2 3 19 2 13 1 4 11 1 4 13 2 0 14 2 12 1 6 12 2 7 11 4 12 1 1 5 1 7 16 2 0 17 7 17 2 2 8 1 5 2 6 16 0 10 
171: 11 2 9 13 1 5 1 2 12 1 8 6 1 7 9 2 7 13 4 10 2 8 6 9 14 1 2 16 1 3 12 1 0 12 2 3 5 4 7 2 4 13 2 8 

Cancelled Jobs
947 4
