20 10
12 2 1 10 0 11 1 7 17 1 7 14 1 0 10 2 1 16 9 18 2 8 6 1 12 4 6 9 3 11 2 10 0 16 2 4 19 0 7 1 8 11 1 3 16 1 1 5 5 6 9 8 9 3 6 7 14 5 16 
13 1 7 17 2 4 6 3 11 2 1 10 0 11 2 4 9 7 8 2 1 16 2 11 4 0 8 4 14 9 15 5 12 4 5 10 7 15 6 5 1 8 2 4 19 0 7 4 6 9 3 11 2 10 0 16 1 0 10 4 0 16 2 11 6 17 3 7 1 3 16 4 2 11 4 8 6 11 8 17 
11 4 5 10 7 15 6 5 1 8 2 4 9 7 8 2 1 16 9 18 2 1 10 0 11 5 6 9 8 9 3 6 7 14 5 16 1 3 16 2 4 19 0 7 1 0 10 2 4 6 3 11 2 1 16 2 11 1 2 14 
11 4 0 8 4 14 9 15 5 12 2 4 19 0 7 4 3 11 7 16 8 15 0 6 1 7 14 1 3 16 1 7 17 4 0 16 2 11 6 17 3 7 4 9 6 7 13 4 5 1 8 1 2 14 4 6 9 3 11 2 10 0 16 1 0 10 
14 1 7 17 1 3 16 1 4 9 4 9 6 7 13 4 5 1 8 4 0 16 2 11 6 17 3 7 2 1 16 9 18 4 5 10 7 15 6 5 1 8 1 7 14 2 4 6 3 11 4 1 5 6 13 9 10 4 11 5 6 9 8 9 3 6 7 14 5 16 2 4 9 7 8 4 0 8 4 14 9 15 5 12 2 4 19 0 7 
11 4 1 5 6 13 9 10 4 11 2 1 16 9 18 1 0 10 1 2 14 1 4 9 5 6 9 8 9 3 6 7 14 5 16 1 7 17 1 7 14 1 1 5 4 5 10 7 15 6 5 1 8 4 3 11 7 16 8 15 0 6 
14 1 7 14 1 7 17 2 4 9 7 8 1 3 16 1 0 10 4 1 5 6 13 9 10 4 11 1 1 5 2 4 6 3 11 5 6 9 8 9 3 6 7 14 5 16 4 3 11 7 16 8 15 0 6 5 1 8 0 19 7 13 5 14 9 18 4 5 10 7 15 6 5 1 8 4 0 16 2 11 6 17 3 7 2 1 16 9 18 
13 1 0 10 4 9 6 7 13 4 5 1 8 1 4 9 4 6 9 3 11 2 10 0 16 1 8 11 4 1 5 6 13 9 10 4 11 4 5 10 7 15 6 5 1 8 1 1 5 5 1 8 0 19 7 13 5 14 9 18 5 6 9 8 9 3 6 7 14 5 16 2 1 10 0 11 4 0 16 2 11 6 17 3 7 2 4 6 3 11 
11 1 7 17 1 1 5 1 0 10 1 3 16 2 4 6 3 11 4 6 9 3 11 2 10 0 16 5 1 8 0 19 7 13 5 14 9 18 1 8 11 2 8 6 1 12 2 1 10 0 11 2 4 9 7 8 
12 1 3 16 4 3 11 7 16 8 15 0 6 1 2 14 4 1 5 6 13 9 10 4 11 1 8 11 5 6 9 8 9 3 6 7 14 5 16 2 4 6 3 11 4 0 16 2 11 6 17 3 7 2 1 10 0 11 2 1 16 2 11 4 0 8 4 14 9 15 5 12 1 0 10 
10 1 8 11 1 4 9 5 1 8 0 19 7 13 5 14 9 18 1 3 16 4 3 11 7 16 8 15 0 6 2 4 9 7 8 4 6 9 3 11 2 10 0 16 1 2 14 1 0 10 4 0 16 2 11 6 17 3 7 
11 4 9 6 7 13 4 5 1 8 4 3 11 7 16 8 15 0 6 1 3 16 2 8 6 1 12 4 5 10 7 15 6 5 1 8 4 6 9 3 11 2 10 0 16 1 1 5 1 7 14 5 6 9 8 9 3 6 7 14 5 16 2 4 6 3 11 2 1 16 9 18 
11 1 1 5 1 2 14 2 8 6 1 12 1 4 9 4 1 5 6 13 9 10 4 11 4 0 16 2 11 6 17 3 7 2 1 10 0 11 1 7 17 2 4 19 0 7 1 0 10 4 6 9 3 11 2 10 0 16 
10 4 2 11 4 8 6 11 8 17 1 0 10 2 1 16 9 18 2 1 10 0 11 4 5 10 7 15 6 5 1 8 4 3 11 7 16 8 15 0 6 1 3 16 4 0 16 2 11 6 17 3 7 4 6 9 3 11 2 10 0 16 2 1 16 2 11 
12 1 0 10 4 3 11 7 16 8 15 0 6 4 1 5 6 13 9 10 4 11 5 1 8 0 19 7 13 5 14 9 18 2 4 6 3 11 2 8 6 1 12 1 1 5 4 9 6 7 13 4 5 1 8 1 3 16 2 1 16 2 11 2 1 10 0 11 4 5 10 7 15 6 5 1 8 
14 1 7 17 4 3 11 7 16 8 15 0 6 1 2 14 2 8 6 1 12 1 7 14 4 5 10 7 15 6 5 1 8 4 6 9 3 11 2 10 0 16 4 1 5 6 13 9 10 4 11 4 0 8 4 14 9 15 5 12 2 1 10 0 11 1 3 16 4 2 11 4 8 6 11 8 17 2 4 19 0 7 4 9 6 7 13 4 5 1 8 
13 5 1 8 0 19 7 13 5 14 9 18 1 8 11 4 6 9 3 11 2 10 0 16 1 7 17 4 9 6 7 13 4 5 1 8 2 4 6 3 11 1 0 10 4 5 10 7 15 6 5 1 8 2 1 10 0 11 2 1 16 9 18 4 0 16 2 11 6 17 3 7 1 2 14 2 4 19 0 7 
11 5 1 8 0 19 7 13 5 14 9 18 5 6 9 8 9 3 6 7 14 5 16 2 4 6 3 11 4 9 6 7 13 4 5 1 8 1 2 14 4 2 11 4 8 6 11 8 17 1 8 11 2 1 10 0 11 4 1 5 6 13 9 10 4 11 1 7 14 4 0 8 4 14 9 15 5 12 
13 1 2 14 2 1 10 0 11 4 6 9 3 11 2 10 0 16 2 1 16 9 18 2 1 16 2 11 4 3 11 7 16 8 15 0 6 4 0 16 2 11 6 17 3 7 4 1 5 6 13 9 10 4 11 4 9 6 7 13 4 5 1 8 2 4 9 7 8 1 1 5 4 5 10 7 15 6 5 1 8 1 4 9 
13 4 0 16 2 11 6 17 3 7 4 1 5 6 13 9 10 4 11 4 5 10 7 15 6 5 1 8 1 2 14 2 4 6 3 11 4 3 11 7 16 8 15 0 6 1 4 9 1 0 10 1 7 17 2 8 6 1 12 5 1 8 0 19 7 13 5 14 9 18 2 1 16 2 11 2 1 16 9 18 

# Dynamic Events
# Machine Breakdowns (x y z): Machine {x} breakdown from time {y} to {z}
0 165 176
0 201 215
1 126 139
2 18 37
2 245 253
5 96 118
7 29 56
9 110 130
9 249 258

# Added Jobs (first number is the time at which the job is added, then pairs of machines and process time)
435: 12 1 3 8 1 6 8 5 6 13 1 15 5 13 3 6 0 12 2 7 12 2 14 3 2 13 8 11 5 15 1 5 13 5 2 14 7 14 0 12 3 6 1 15 2 5 11 2 13 3 2 11 4 17 1 11 1 8 11 2 3 14 6 5 2 7 15 9 7 

# Cancelled Jobs
48 17
