30 15
8 1 8 20 2 4 28 9 19 1 11 17 1 11 17 2 12 27 13 25 2 8 28 4 25 1 8 20 2 12 15 1 21 
11 2 4 29 9 28 1 13 14 2 12 27 13 25 2 8 28 4 25 1 13 18 2 4 22 14 27 2 13 20 9 18 1 13 16 1 8 20 1 6 17 2 13 27 7 23 
8 2 12 17 2 19 2 13 20 9 18 1 11 17 2 4 28 0 11 1 0 25 2 3 16 12 10 2 10 25 5 23 1 13 16 
10 2 4 29 9 28 1 6 17 2 4 12 8 17 1 3 16 2 11 19 13 13 1 1 20 2 13 20 9 18 1 13 16 2 4 28 0 11 2 3 16 12 10 
9 2 4 22 14 27 2 4 28 0 11 1 8 20 2 13 27 7 23 2 8 28 4 25 1 11 17 1 10 11 2 4 28 9 19 1 6 17 
8 1 13 20 1 10 11 2 4 29 9 28 1 10 27 2 10 25 5 23 1 11 17 2 13 27 7 23 2 12 27 13 25 
8 2 13 27 7 23 1 1 20 2 11 19 13 13 2 4 28 0 11 2 3 16 12 10 2 4 12 8 17 2 11 13 3 10 2 10 25 5 23 
11 1 13 16 1 13 18 2 4 12 8 17 2 12 27 13 25 1 11 17 2 4 22 14 27 2 10 25 5 23 1 0 25 2 4 28 0 11 1 11 17 2 4 29 9 28 
11 1 10 11 1 11 17 1 13 14 2 8 14 5 19 1 13 20 1 6 17 1 0 25 1 8 20 2 4 28 0 11 1 1 20 2 3 16 12 10 
10 2 10 25 5 23 2 13 20 9 18 1 13 14 1 11 17 1 13 18 2 12 27 13 25 1 13 20 1 3 16 2 11 13 3 10 1 0 25 
10 2 4 29 9 28 1 8 20 2 12 17 2 19 2 13 27 7 23 2 3 16 12 10 1 13 14 2 8 14 5 19 1 11 17 1 13 20 1 13 16 
8 2 4 29 9 28 2 10 25 5 23 1 11 17 1 8 20 2 12 27 13 25 2 12 15 1 21 2 4 28 9 19 2 11 13 3 10 
11 2 13 20 9 18 2 11 19 13 13 2 12 17 2 19 2 3 16 12 10 1 13 16 1 13 18 2 12 15 1 21 2 10 25 5 23 1 13 14 1 8 20 1 11 17 
9 1 10 27 2 3 16 12 10 2 4 28 0 11 1 13 18 1 1 20 2 12 15 1 21 1 13 14 1 3 16 2 13 20 9 18 
10 2 4 12 8 17 1 11 17 1 10 11 1 13 18 2 4 29 9 28 1 1 20 2 3 16 12 10 2 4 22 14 27 1 8 20 2 4 28 0 11 
9 1 8 20 1 13 18 2 4 28 9 19 1 8 20 2 12 15 1 21 2 8 28 4 25 2 4 28 0 11 2 4 22 14 27 2 10 25 5 23 
8 2 4 22 14 27 2 13 27 7 23 1 13 18 1 1 20 2 12 15 1 21 1 10 27 1 6 17 2 3 16 12 10 
9 1 10 11 2 12 17 2 19 1 8 20 1 13 14 2 8 28 4 25 2 11 19 13 13 2 4 28 9 19 2 4 12 8 17 1 11 17 
10 1 8 20 2 11 13 3 10 2 4 29 9 28 1 11 17 2 4 22 14 27 2 12 15 1 21 1 10 27 2 8 14 5 19 2 10 25 5 23 2 11 19 13 13 
8 2 8 28 4 25 2 12 27 13 25 2 13 27 7 23 2 4 28 0 11 1 11 17 2 10 25 5 23 1 8 20 1 13 20 
8 1 13 14 2 13 20 9 18 2 4 22 14 27 2 8 14 5 19 2 3 16 12 10 2 11 19 13 13 1 8 20 2 12 27 13 25 
8 2 4 29 9 28 2 12 17 2 19 1 11 17 2 8 28 4 25 1 13 14 1 13 18 2 10 25 5 23 2 13 20 9 18 
8 2 3 16 12 10 1 11 17 1 6 17 2 8 14 5 19 2 4 12 8 17 1 1 20 1 13 20 2 4 29 9 28 
11 2 13 27 7 23 1 3 16 1 8 20 1 1 20 2 10 25 5 23 2 4 28 0 11 2 3 16 12 10 1 0 25 2 4 28 9 19 1 13 14 2 12 27 13 25 
9 2 10 25 5 23 2 8 14 5 19 2 4 28 0 11 1 13 18 2 13 27 7 23 2 12 27 13 25 2 3 16 12 10 2 11 19 13 13 1 10 27 
8 1 13 14 2 13 27 7 23 2 8 14 5 19 2 4 22 14 27 2 11 19 13 13 1 10 27 1 13 18 2 4 28 0 11 
10 1 13 20 1 11 17 2 3 16 12 10 1 6 17 1 8 20 2 4 22 14 27 2 4 28 9 19 1 10 11 2 11 19 13 13 2 8 14 5 19 
8 2 13 20 9 18 1 3 16 1 13 20 2 8 14 5 19 1 6 17 1 13 16 1 8 20 2 4 29 9 28 
10 2 11 13 3 10 2 8 28 4 25 1 11 17 2 4 28 0 11 2 13 27 7 23 1 8 20 1 13 20 2 13 20 9 18 2 12 27 13 25 1 3 16 
11 1 3 16 1 6 17 2 12 15 1 21 2 3 16 12 10 2 4 28 0 11 2 4 28 9 19 1 13 14 2 12 27 13 25 1 13 20 1 13 16 1 11 17 

Dynamic Events
Machine Breakdowns (x y z): Machine {x} breakdown from time {y} to {z}
0 368 484
1 404 535
2 17 55
3 723 848
4 1264 1396
5 275 454
6 286 347
7 495 596
8 1364 1476
9 862 1071
10 372 565
10 1054 1261
11 818 905
12 326 431
12 917 1045
13 964 1085
13 1211 1336
13 2784 2866
14 169 277

Added Jobs (first number is the time at which the job is added, then pairs of machines and process time)
346: 10 1 12 17 2 7 23 9 24 2 0 16 2 19 1 7 23 2 0 13 13 25 1 14 27 2 11 17 14 27 2 5 20 8 20 2 12 16 6 17 1 5 22 
382: 8 1 12 25 1 13 17 2 8 28 6 17 2 14 27 5 21 2 4 26 14 27 1 4 17 1 1 21 2 9 24 11 19 
319: 8 1 7 23 1 11 15 2 0 13 11 17 2 10 24 7 23 2 6 17 11 17 1 5 21 2 12 12 11 14 1 12 25 
865: 11 1 2 19 1 13 15 1 5 22 1 14 27 2 1 21 9 24 2 8 16 5 21 1 8 16 1 10 16 2 2 19 1 20 2 2 19 8 17 1 4 15 
348: 11 2 14 27 5 22 1 0 14 2 14 27 9 21 1 8 19 1 12 16 1 10 17 2 4 22 10 22 2 5 22 12 12 1 2 19 2 5 23 6 17 2 5 20 10 27 

Cancelled Jobs
266 15
