30 15
8 1 8 20 2 4 28 9 19 1 11 17 1 11 17 2 12 27 13 25 2 8 28 4 25 1 8 20 2 12 15 1 21 
11 2 4 29 9 28 1 13 14 2 12 27 13 25 2 8 28 4 25 1 13 18 2 4 22 14 27 2 13 20 9 18 1 13 16 1 8 20 1 6 17 2 13 27 7 23 
8 2 12 17 2 19 2 13 20 9 18 1 11 17 2 4 28 0 11 1 0 25 2 3 16 12 10 2 10 25 5 23 1 13 16 
10 2 4 29 9 28 1 6 17 2 4 12 8 17 1 3 16 2 11 19 13 13 1 1 20 2 13 20 9 18 1 13 16 2 4 28 0 11 2 3 16 12 10 
9 2 4 22 14 27 2 4 28 0 11 1 8 20 2 13 27 7 23 2 8 28 4 25 1 11 17 1 10 11 2 4 28 9 19 1 6 17 
8 1 13 20 1 10 11 2 4 29 9 28 1 10 27 2 10 25 5 23 1 11 17 2 13 27 7 23 2 12 27 13 25 
8 2 13 27 7 23 1 1 20 2 11 19 13 13 2 4 28 0 11 2 3 16 12 10 2 4 12 8 17 2 11 13 3 10 2 10 25 5 23 
11 1 13 16 1 13 18 2 4 12 8 17 2 12 27 13 25 1 11 17 2 4 22 14 27 2 10 25 5 23 1 0 25 2 4 28 0 11 1 11 17 2 4 29 9 28 
11 1 10 11 1 11 17 1 13 14 2 8 14 5 19 1 13 20 1 6 17 1 0 25 1 8 20 2 4 28 0 11 1 1 20 2 3 16 12 10 
10 2 10 25 5 23 2 13 20 9 18 1 13 14 1 11 17 1 13 18 2 12 27 13 25 1 13 20 1 3 16 2 11 13 3 10 1 0 25 
10 2 4 29 9 28 1 8 20 2 12 17 2 19 2 13 27 7 23 2 3 16 12 10 1 13 14 2 8 14 5 19 1 11 17 1 13 20 1 13 16 
8 2 4 29 9 28 2 10 25 5 23 1 11 17 1 8 20 2 12 27 13 25 2 12 15 1 21 2 4 28 9 19 2 11 13 3 10 
11 2 13 20 9 18 2 11 19 13 13 2 12 17 2 19 2 3 16 12 10 1 13 16 1 13 18 2 12 15 1 21 2 10 25 5 23 1 13 14 1 8 20 1 11 17 
9 1 10 27 2 3 16 12 10 2 4 28 0 11 1 13 18 1 1 20 2 12 15 1 21 1 13 14 1 3 16 2 13 20 9 18 
10 2 4 12 8 17 1 11 17 1 10 11 1 13 18 2 4 29 9 28 1 1 20 2 3 16 12 10 2 4 22 14 27 1 8 20 2 4 28 0 11 
9 1 8 20 1 13 18 2 4 28 9 19 1 8 20 2 12 15 1 21 2 8 28 4 25 2 4 28 0 11 2 4 22 14 27 2 10 25 5 23 
8 2 4 22 14 27 2 13 27 7 23 1 13 18 1 1 20 2 12 15 1 21 1 10 27 1 6 17 2 3 16 12 10 
9 1 10 11 2 12 17 2 19 1 8 20 1 13 14 2 8 28 4 25 2 11 19 13 13 2 4 28 9 19 2 4 12 8 17 1 11 17 
10 1 8 20 2 11 13 3 10 2 4 29 9 28 1 11 17 2 4 22 14 27 2 12 15 1 21 1 10 27 2 8 14 5 19 2 10 25 5 23 2 11 19 13 13 
8 2 8 28 4 25 2 12 27 13 25 2 13 27 7 23 2 4 28 0 11 1 11 17 2 10 25 5 23 1 8 20 1 13 20 
8 1 13 14 2 13 20 9 18 2 4 22 14 27 2 8 14 5 19 2 3 16 12 10 2 11 19 13 13 1 8 20 2 12 27 13 25 
8 2 4 29 9 28 2 12 17 2 19 1 11 17 2 8 28 4 25 1 13 14 1 13 18 2 10 25 5 23 2 13 20 9 18 
8 2 3 16 12 10 1 11 17 1 6 17 2 8 14 5 19 2 4 12 8 17 1 1 20 1 13 20 2 4 29 9 28 
11 2 13 27 7 23 1 3 16 1 8 20 1 1 20 2 10 25 5 23 2 4 28 0 11 2 3 16 12 10 1 0 25 2 4 28 9 19 1 13 14 2 12 27 13 25 
9 2 10 25 5 23 2 8 14 5 19 2 4 28 0 11 1 13 18 2 13 27 7 23 2 12 27 13 25 2 3 16 12 10 2 11 19 13 13 1 10 27 
8 1 13 14 2 13 27 7 23 2 8 14 5 19 2 4 22 14 27 2 11 19 13 13 1 10 27 1 13 18 2 4 28 0 11 
10 1 13 20 1 11 17 2 3 16 12 10 1 6 17 1 8 20 2 4 22 14 27 2 4 28 9 19 1 10 11 2 11 19 13 13 2 8 14 5 19 
8 2 13 20 9 18 1 3 16 1 13 20 2 8 14 5 19 1 6 17 1 13 16 1 8 20 2 4 29 9 28 
10 2 11 13 3 10 2 8 28 4 25 1 11 17 2 4 28 0 11 2 13 27 7 23 1 8 20 1 13 20 2 13 20 9 18 2 12 27 13 25 1 3 16 
11 1 3 16 1 6 17 2 12 15 1 21 2 3 16 12 10 2 4 28 0 11 2 4 28 9 19 1 13 14 2 12 27 13 25 1 13 20 1 13 16 1 11 17 

Dynamic Events
Machine Breakdowns (x y z): Machine {x} breakdown from time {y} to {z}
0 8 82
1 508 639
2 71 109
3 787 911
4 2029 2216
5 933 1112
6 270 331
7 148 249
8 373 481
8 1058 1235
9 1258 1362
10 10 107
10 428 525
11 1105 1192
12 66 212
12 765 881
13 2166 2281
14 254 362

Added Jobs (first number is the time at which the job is added, then pairs of machines and process time)
657: 8 2 11 14 3 14 1 13 17 2 2 19 10 21 1 3 15 1 12 24 2 9 19 8 24 1 9 18 1 9 26 
834: 8 2 2 19 8 21 1 6 17 1 3 10 1 11 13 1 4 27 1 14 27 2 10 18 11 16 2 6 17 11 17 
1018: 11 1 12 19 1 2 19 1 10 13 2 4 29 11 14 1 4 12 2 2 19 3 16 1 4 20 2 6 17 4 21 2 11 13 6 17 2 12 26 1 21 2 12 11 10 16 
792: 11 1 2 19 1 13 19 1 6 17 1 10 18 2 13 23 11 18 2 3 14 1 20 2 8 27 9 18 2 6 17 11 18 1 4 27 2 7 23 10 13 1 1 20 
598: 8 1 9 18 2 2 19 12 12 2 13 22 0 22 1 13 22 2 0 23 7 23 1 11 15 1 1 21 1 2 19 

Cancelled Jobs
1743 10
1447 12
1680 17
