30 15
9 2 2 24 3 18 1 0 17 1 1 10 4 7 14 1 11 11 20 5 13 2 6 28 0 13 4 14 11 11 21 6 10 1 14 5 5 18 4 13 7 18 10 18 3 20 1 11 26 2 12 11 2 20 
9 1 0 17 1 12 18 5 9 15 12 16 4 11 13 25 7 24 4 5 18 11 25 12 24 0 12 4 1 10 10 21 14 17 6 18 1 4 23 2 2 24 3 18 2 2 16 1 18 2 10 22 8 24 
10 2 1 25 14 27 5 9 15 12 16 4 11 13 25 7 24 5 5 18 4 13 7 18 10 18 3 20 1 0 17 4 7 14 1 11 11 20 5 13 5 3 16 8 13 0 23 12 26 1 29 2 2 24 3 18 1 7 15 1 12 18 2 6 12 5 18 
9 4 4 18 6 15 9 19 12 26 2 2 16 1 18 2 6 12 5 18 2 2 24 3 18 4 1 10 10 21 14 17 6 18 2 1 25 14 27 1 12 18 5 9 15 12 16 4 11 13 25 7 24 5 3 16 8 13 0 23 12 26 1 29 
9 5 5 18 4 13 7 18 10 18 3 20 4 9 16 5 19 10 14 0 25 2 2 16 1 18 4 14 11 11 21 6 10 1 14 1 11 26 3 4 12 13 16 10 20 1 1 10 5 9 15 12 16 4 11 13 25 7 24 2 6 28 0 13 
8 1 0 17 1 7 15 5 6 21 9 29 13 25 5 27 3 14 4 9 16 5 19 10 14 0 25 4 7 14 1 11 11 20 5 13 5 3 16 8 13 0 23 12 26 1 29 1 12 18 2 1 25 14 27 
11 1 7 15 2 6 28 0 13 2 1 25 14 27 1 11 22 1 4 23 5 3 16 8 13 0 23 12 26 1 29 4 5 18 11 25 12 24 0 12 2 2 16 1 18 4 1 10 10 21 14 17 6 18 5 2 15 0 29 11 21 8 22 14 27 5 9 15 12 16 4 11 13 25 7 24 
9 3 4 12 13 16 10 20 2 6 12 5 18 4 7 14 1 11 11 20 5 13 4 9 16 5 19 10 14 0 25 1 11 22 4 5 18 11 25 12 24 0 12 1 0 17 5 3 16 8 13 0 23 12 26 1 29 1 1 10 
10 1 11 22 2 1 25 14 27 5 3 16 8 13 0 23 12 26 1 29 2 6 12 5 18 4 4 18 6 15 9 19 12 26 5 11 22 3 12 13 26 8 17 7 10 2 6 28 0 13 1 0 17 1 1 10 4 0 14 6 22 14 24 8 20 
8 4 4 18 6 15 9 19 12 26 2 2 16 1 18 5 3 16 8 13 0 23 12 26 1 29 5 2 15 0 29 11 21 8 22 14 27 4 7 14 1 11 11 20 5 13 1 4 23 4 5 18 11 25 12 24 0 12 5 11 22 3 12 13 26 8 17 7 10 
10 1 0 17 1 12 18 2 1 25 14 27 1 7 15 4 7 14 1 11 11 20 5 13 2 6 12 5 18 4 1 10 10 21 14 17 6 18 5 3 16 8 13 0 23 12 26 1 29 4 5 21 0 16 6 22 2 23 5 5 18 4 13 7 18 10 18 3 20 
8 3 4 12 13 16 10 20 4 4 18 6 15 9 19 12 26 2 1 25 14 27 2 12 11 2 20 1 11 22 5 9 15 12 16 4 11 13 25 7 24 4 5 21 0 16 6 22 2 23 4 1 10 10 21 14 17 6 18 
10 5 2 15 0 29 11 21 8 22 14 27 1 12 18 5 6 21 9 29 13 25 5 27 3 14 3 4 12 13 16 10 20 4 7 14 1 11 11 20 5 13 1 4 23 2 6 15 10 15 1 0 17 5 3 16 8 13 0 23 12 26 1 29 5 9 15 12 16 4 11 13 25 7 24 
9 4 7 14 1 11 11 20 5 13 4 5 18 11 25 12 24 0 12 5 5 18 4 13 7 18 10 18 3 20 2 12 11 2 20 4 0 14 6 22 14 24 8 20 2 2 24 3 18 2 2 16 1 18 5 9 15 12 16 4 11 13 25 7 24 1 12 18 
11 4 9 16 5 19 10 14 0 25 3 4 12 13 16 10 20 2 12 11 2 20 4 5 18 11 25 12 24 0 12 1 4 23 1 7 15 4 4 18 6 15 9 19 12 26 2 2 24 3 18 2 10 22 8 24 4 14 11 11 21 6 10 1 14 5 3 16 8 13 0 23 12 26 1 29 
8 2 12 11 2 20 2 1 25 14 27 4 5 21 0 16 6 22 2 23 1 11 22 4 5 18 11 25 12 24 0 12 4 4 18 6 15 9 19 12 26 5 11 22 3 12 13 26 8 17 7 10 2 2 16 1 18 
11 4 9 16 5 19 10 14 0 25 4 7 14 1 11 11 20 5 13 1 7 15 2 6 15 10 15 5 6 21 9 29 13 25 5 27 3 14 5 11 22 3 12 13 26 8 17 7 10 1 12 18 4 0 14 6 22 14 24 8 20 4 4 18 6 15 9 19 12 26 5 2 15 0 29 11 21 8 22 14 27 2 6 28 0 13 
11 4 1 10 10 21 14 17 6 18 1 4 23 2 6 28 0 13 4 0 14 6 22 14 24 8 20 5 9 15 12 16 4 11 13 25 7 24 4 9 16 5 19 10 14 0 25 2 1 25 14 27 3 4 12 13 16 10 20 5 2 15 0 29 11 21 8 22 14 27 1 7 15 2 2 24 3 18 
8 4 1 10 10 21 14 17 6 18 1 11 26 4 7 14 1 11 11 20 5 13 5 5 18 4 13 7 18 10 18 3 20 2 12 11 2 20 2 6 12 5 18 5 3 16 8 13 0 23 12 26 1 29 2 2 24 3 18 
8 5 11 22 3 12 13 26 8 17 7 10 1 12 18 4 7 14 1 11 11 20 5 13 2 10 22 8 24 5 2 15 0 29 11 21 8 22 14 27 5 3 16 8 13 0 23 12 26 1 29 3 4 12 13 16 10 20 4 5 18 11 25 12 24 0 12 
9 4 0 14 6 22 14 24 8 20 3 4 12 13 16 10 20 5 3 16 8 13 0 23 12 26 1 29 5 9 15 12 16 4 11 13 25 7 24 5 6 21 9 29 13 25 5 27 3 14 1 12 18 2 10 22 8 24 2 2 24 3 18 4 4 18 6 15 9 19 12 26 
11 1 0 17 5 11 22 3 12 13 26 8 17 7 10 4 9 16 5 19 10 14 0 25 1 1 10 4 4 18 6 15 9 19 12 26 4 7 14 1 11 11 20 5 13 5 3 16 8 13 0 23 12 26 1 29 2 6 28 0 13 5 5 18 4 13 7 18 10 18 3 20 4 14 11 11 21 6 10 1 14 2 2 24 3 18 
9 4 4 18 6 15 9 19 12 26 2 6 15 10 15 5 5 18 4 13 7 18 10 18 3 20 1 1 10 1 11 26 4 14 11 11 21 6 10 1 14 5 6 21 9 29 13 25 5 27 3 14 4 9 16 5 19 10 14 0 25 4 5 21 0 16 6 22 2 23 
8 5 5 18 4 13 7 18 10 18 3 20 4 1 10 10 21 14 17 6 18 5 6 21 9 29 13 25 5 27 3 14 1 0 17 1 11 26 4 7 14 1 11 11 20 5 13 4 5 21 0 16 6 22 2 23 2 1 25 14 27 
10 2 6 12 5 18 4 5 21 0 16 6 22 2 23 5 5 18 4 13 7 18 10 18 3 20 1 7 15 4 9 16 5 19 10 14 0 25 1 11 26 4 0 14 6 22 14 24 8 20 4 5 18 11 25 12 24 0 12 4 1 10 10 21 14 17 6 18 5 6 21 9 29 13 25 5 27 3 14 
10 2 6 15 10 15 2 12 11 2 20 4 14 11 11 21 6 10 1 14 5 3 16 8 13 0 23 12 26 1 29 1 4 23 4 5 18 11 25 12 24 0 12 1 1 10 4 9 16 5 19 10 14 0 25 5 6 21 9 29 13 25 5 27 3 14 2 2 24 3 18 
11 4 14 11 11 21 6 10 1 14 2 6 12 5 18 5 5 18 4 13 7 18 10 18 3 20 5 11 22 3 12 13 26 8 17 7 10 1 7 15 3 4 12 13 16 10 20 5 6 21 9 29 13 25 5 27 3 14 2 2 16 1 18 5 9 15 12 16 4 11 13 25 7 24 4 4 18 6 15 9 19 12 26 1 11 22 
10 1 7 15 5 3 16 8 13 0 23 12 26 1 29 4 4 18 6 15 9 19 12 26 1 0 17 1 4 23 3 4 12 13 16 10 20 2 1 25 14 27 5 11 22 3 12 13 26 8 17 7 10 4 0 14 6 22 14 24 8 20 4 5 21 0 16 6 22 2 23 
11 2 6 12 5 18 4 5 21 0 16 6 22 2 23 1 12 18 2 6 28 0 13 1 4 23 1 7 15 4 9 16 5 19 10 14 0 25 2 10 22 8 24 1 1 10 1 11 22 2 1 25 14 27 
9 5 6 21 9 29 13 25 5 27 3 14 4 5 18 11 25 12 24 0 12 2 2 24 3 18 4 0 14 6 22 14 24 8 20 4 1 10 10 21 14 17 6 18 4 9 16 5 19 10 14 0 25 1 7 15 1 11 22 2 6 12 5 18 

Dynamic Events
Machine Breakdowns (x y z): Machine {x} breakdown from time {y} to {z}
0 1574 1715
1 272 398
2 608 748
2 1533 1661
3 1854 2001
4 563 638
4 1541 1690
5 2423 2582
6 1086 1196
7 816 926
9 575 710
9 1155 1301
10 684 837
11 1200 1334
12 1211 1413
13 172 385
13 1091 1280
14 289 473
14 1583 1704
14 1809 2007

Added Jobs (first number is the time at which the job is added, then pairs of machines and process time)
738: 8 2 10 14 2 15 4 6 11 5 14 4 17 11 26 5 6 17 0 18 13 23 5 23 3 18 1 14 16 1 8 16 3 10 16 5 14 7 18 2 4 14 13 24 3 7 14 12 19 0 16 
228: 9 5 5 27 7 17 12 14 10 20 1 24 1 0 22 4 2 15 7 24 13 22 11 21 1 3 15 4 3 19 5 26 11 25 12 18 3 1 27 11 24 8 13 2 5 18 8 13 3 3 13 7 10 1 21 1 8 18 
465: 10 2 7 18 0 13 5 8 19 12 12 2 18 3 15 7 17 3 2 24 1 18 14 16 1 2 15 1 1 23 1 12 14 5 1 22 2 17 0 25 13 18 7 15 4 14 26 2 23 5 24 9 26 1 4 16 4 6 16 10 19 14 11 5 17 
1044: 8 5 6 26 1 26 14 16 10 19 12 23 1 5 18 2 11 24 6 18 2 7 12 14 17 4 6 21 0 15 12 18 10 19 3 13 24 9 22 12 12 4 10 14 6 19 1 25 13 19 2 4 12 8 15 
747: 10 3 14 20 0 24 8 19 4 8 20 1 10 6 25 9 17 3 3 14 5 15 14 22 3 14 25 7 14 1 10 2 11 23 1 15 2 13 18 12 11 5 12 11 9 17 1 11 6 17 5 13 5 10 20 5 13 12 14 8 18 11 23 5 10 22 8 19 9 29 6 23 13 26 2 1 28 13 22 
842: 11 2 13 21 3 12 4 3 19 14 23 10 21 12 20 4 11 23 12 14 4 18 13 24 5 4 16 9 22 0 24 11 23 8 16 4 12 18 14 27 11 24 7 14 5 5 23 14 23 8 13 3 14 4 15 2 4 12 1 29 4 6 28 14 18 8 14 5 17 2 8 19 11 23 1 7 10 4 10 15 9 21 6 18 3 15 
1181: 11 2 12 20 3 20 2 8 20 4 14 2 1 18 14 19 4 1 21 5 22 2 23 11 23 2 6 18 8 21 4 13 21 1 24 0 24 5 14 4 7 22 4 21 9 16 6 14 5 8 22 12 14 11 20 5 19 2 16 2 8 16 5 22 4 14 13 8 24 0 25 11 25 1 8 21 
947: 11 3 2 22 0 16 7 20 5 0 26 11 21 6 14 14 27 12 13 5 12 26 11 20 3 19 6 24 14 25 2 6 12 4 23 2 1 20 2 19 3 11 26 1 18 4 18 5 8 22 14 26 4 19 10 15 5 26 1 12 17 4 12 11 6 27 4 16 8 14 4 14 19 5 21 8 22 12 20 2 1 25 10 20 

Cancelled Jobs
1773 11
