30 15
9 2 2 24 3 18 1 0 17 1 1 10 4 7 14 1 11 11 20 5 13 2 6 28 0 13 4 14 11 11 21 6 10 1 14 5 5 18 4 13 7 18 10 18 3 20 1 11 26 2 12 11 2 20 
9 1 0 17 1 12 18 5 9 15 12 16 4 11 13 25 7 24 4 5 18 11 25 12 24 0 12 4 1 10 10 21 14 17 6 18 1 4 23 2 2 24 3 18 2 2 16 1 18 2 10 22 8 24 
10 2 1 25 14 27 5 9 15 12 16 4 11 13 25 7 24 5 5 18 4 13 7 18 10 18 3 20 1 0 17 4 7 14 1 11 11 20 5 13 5 3 16 8 13 0 23 12 26 1 29 2 2 24 3 18 1 7 15 1 12 18 2 6 12 5 18 
9 4 4 18 6 15 9 19 12 26 2 2 16 1 18 2 6 12 5 18 2 2 24 3 18 4 1 10 10 21 14 17 6 18 2 1 25 14 27 1 12 18 5 9 15 12 16 4 11 13 25 7 24 5 3 16 8 13 0 23 12 26 1 29 
9 5 5 18 4 13 7 18 10 18 3 20 4 9 16 5 19 10 14 0 25 2 2 16 1 18 4 14 11 11 21 6 10 1 14 1 11 26 3 4 12 13 16 10 20 1 1 10 5 9 15 12 16 4 11 13 25 7 24 2 6 28 0 13 
8 1 0 17 1 7 15 5 6 21 9 29 13 25 5 27 3 14 4 9 16 5 19 10 14 0 25 4 7 14 1 11 11 20 5 13 5 3 16 8 13 0 23 12 26 1 29 1 12 18 2 1 25 14 27 
11 1 7 15 2 6 28 0 13 2 1 25 14 27 1 11 22 1 4 23 5 3 16 8 13 0 23 12 26 1 29 4 5 18 11 25 12 24 0 12 2 2 16 1 18 4 1 10 10 21 14 17 6 18 5 2 15 0 29 11 21 8 22 14 27 5 9 15 12 16 4 11 13 25 7 24 
9 3 4 12 13 16 10 20 2 6 12 5 18 4 7 14 1 11 11 20 5 13 4 9 16 5 19 10 14 0 25 1 11 22 4 5 18 11 25 12 24 0 12 1 0 17 5 3 16 8 13 0 23 12 26 1 29 1 1 10 
10 1 11 22 2 1 25 14 27 5 3 16 8 13 0 23 12 26 1 29 2 6 12 5 18 4 4 18 6 15 9 19 12 26 5 11 22 3 12 13 26 8 17 7 10 2 6 28 0 13 1 0 17 1 1 10 4 0 14 6 22 14 24 8 20 
8 4 4 18 6 15 9 19 12 26 2 2 16 1 18 5 3 16 8 13 0 23 12 26 1 29 5 2 15 0 29 11 21 8 22 14 27 4 7 14 1 11 11 20 5 13 1 4 23 4 5 18 11 25 12 24 0 12 5 11 22 3 12 13 26 8 17 7 10 
10 1 0 17 1 12 18 2 1 25 14 27 1 7 15 4 7 14 1 11 11 20 5 13 2 6 12 5 18 4 1 10 10 21 14 17 6 18 5 3 16 8 13 0 23 12 26 1 29 4 5 21 0 16 6 22 2 23 5 5 18 4 13 7 18 10 18 3 20 
8 3 4 12 13 16 10 20 4 4 18 6 15 9 19 12 26 2 1 25 14 27 2 12 11 2 20 1 11 22 5 9 15 12 16 4 11 13 25 7 24 4 5 21 0 16 6 22 2 23 4 1 10 10 21 14 17 6 18 
10 5 2 15 0 29 11 21 8 22 14 27 1 12 18 5 6 21 9 29 13 25 5 27 3 14 3 4 12 13 16 10 20 4 7 14 1 11 11 20 5 13 1 4 23 2 6 15 10 15 1 0 17 5 3 16 8 13 0 23 12 26 1 29 5 9 15 12 16 4 11 13 25 7 24 
9 4 7 14 1 11 11 20 5 13 4 5 18 11 25 12 24 0 12 5 5 18 4 13 7 18 10 18 3 20 2 12 11 2 20 4 0 14 6 22 14 24 8 20 2 2 24 3 18 2 2 16 1 18 5 9 15 12 16 4 11 13 25 7 24 1 12 18 
11 4 9 16 5 19 10 14 0 25 3 4 12 13 16 10 20 2 12 11 2 20 4 5 18 11 25 12 24 0 12 1 4 23 1 7 15 4 4 18 6 15 9 19 12 26 2 2 24 3 18 2 10 22 8 24 4 14 11 11 21 6 10 1 14 5 3 16 8 13 0 23 12 26 1 29 
8 2 12 11 2 20 2 1 25 14 27 4 5 21 0 16 6 22 2 23 1 11 22 4 5 18 11 25 12 24 0 12 4 4 18 6 15 9 19 12 26 5 11 22 3 12 13 26 8 17 7 10 2 2 16 1 18 
11 4 9 16 5 19 10 14 0 25 4 7 14 1 11 11 20 5 13 1 7 15 2 6 15 10 15 5 6 21 9 29 13 25 5 27 3 14 5 11 22 3 12 13 26 8 17 7 10 1 12 18 4 0 14 6 22 14 24 8 20 4 4 18 6 15 9 19 12 26 5 2 15 0 29 11 21 8 22 14 27 2 6 28 0 13 
11 4 1 10 10 21 14 17 6 18 1 4 23 2 6 28 0 13 4 0 14 6 22 14 24 8 20 5 9 15 12 16 4 11 13 25 7 24 4 9 16 5 19 10 14 0 25 2 1 25 14 27 3 4 12 13 16 10 20 5 2 15 0 29 11 21 8 22 14 27 1 7 15 2 2 24 3 18 
8 4 1 10 10 21 14 17 6 18 1 11 26 4 7 14 1 11 11 20 5 13 5 5 18 4 13 7 18 10 18 3 20 2 12 11 2 20 2 6 12 5 18 5 3 16 8 13 0 23 12 26 1 29 2 2 24 3 18 
8 5 11 22 3 12 13 26 8 17 7 10 1 12 18 4 7 14 1 11 11 20 5 13 2 10 22 8 24 5 2 15 0 29 11 21 8 22 14 27 5 3 16 8 13 0 23 12 26 1 29 3 4 12 13 16 10 20 4 5 18 11 25 12 24 0 12 
9 4 0 14 6 22 14 24 8 20 3 4 12 13 16 10 20 5 3 16 8 13 0 23 12 26 1 29 5 9 15 12 16 4 11 13 25 7 24 5 6 21 9 29 13 25 5 27 3 14 1 12 18 2 10 22 8 24 2 2 24 3 18 4 4 18 6 15 9 19 12 26 
11 1 0 17 5 11 22 3 12 13 26 8 17 7 10 4 9 16 5 19 10 14 0 25 1 1 10 4 4 18 6 15 9 19 12 26 4 7 14 1 11 11 20 5 13 5 3 16 8 13 0 23 12 26 1 29 2 6 28 0 13 5 5 18 4 13 7 18 10 18 3 20 4 14 11 11 21 6 10 1 14 2 2 24 3 18 
9 4 4 18 6 15 9 19 12 26 2 6 15 10 15 5 5 18 4 13 7 18 10 18 3 20 1 1 10 1 11 26 4 14 11 11 21 6 10 1 14 5 6 21 9 29 13 25 5 27 3 14 4 9 16 5 19 10 14 0 25 4 5 21 0 16 6 22 2 23 
8 5 5 18 4 13 7 18 10 18 3 20 4 1 10 10 21 14 17 6 18 5 6 21 9 29 13 25 5 27 3 14 1 0 17 1 11 26 4 7 14 1 11 11 20 5 13 4 5 21 0 16 6 22 2 23 2 1 25 14 27 
10 2 6 12 5 18 4 5 21 0 16 6 22 2 23 5 5 18 4 13 7 18 10 18 3 20 1 7 15 4 9 16 5 19 10 14 0 25 1 11 26 4 0 14 6 22 14 24 8 20 4 5 18 11 25 12 24 0 12 4 1 10 10 21 14 17 6 18 5 6 21 9 29 13 25 5 27 3 14 
10 2 6 15 10 15 2 12 11 2 20 4 14 11 11 21 6 10 1 14 5 3 16 8 13 0 23 12 26 1 29 1 4 23 4 5 18 11 25 12 24 0 12 1 1 10 4 9 16 5 19 10 14 0 25 5 6 21 9 29 13 25 5 27 3 14 2 2 24 3 18 
11 4 14 11 11 21 6 10 1 14 2 6 12 5 18 5 5 18 4 13 7 18 10 18 3 20 5 11 22 3 12 13 26 8 17 7 10 1 7 15 3 4 12 13 16 10 20 5 6 21 9 29 13 25 5 27 3 14 2 2 16 1 18 5 9 15 12 16 4 11 13 25 7 24 4 4 18 6 15 9 19 12 26 1 11 22 
10 1 7 15 5 3 16 8 13 0 23 12 26 1 29 4 4 18 6 15 9 19 12 26 1 0 17 1 4 23 3 4 12 13 16 10 20 2 1 25 14 27 5 11 22 3 12 13 26 8 17 7 10 4 0 14 6 22 14 24 8 20 4 5 21 0 16 6 22 2 23 
11 2 6 12 5 18 4 5 21 0 16 6 22 2 23 1 12 18 2 6 28 0 13 1 4 23 1 7 15 4 9 16 5 19 10 14 0 25 2 10 22 8 24 1 1 10 1 11 22 2 1 25 14 27 
9 5 6 21 9 29 13 25 5 27 3 14 4 5 18 11 25 12 24 0 12 2 2 24 3 18 4 0 14 6 22 14 24 8 20 4 1 10 10 21 14 17 6 18 4 9 16 5 19 10 14 0 25 1 7 15 1 11 22 2 6 12 5 18 

Dynamic Events
Machine Breakdowns (x y z): Machine {x} breakdown from time {y} to {z}
0 2419 2569
1 1351 1467
1 1576 1662
2 1074 1190
3 1810 1914
4 330 459
5 531 625
6 1246 1399
6 1520 1634
7 574 719
7 1314 1438
8 386 494
9 1420 1501
10 1123 1304
10 1862 1937
11 964 1075
11 1372 1526
11 1790 2001
12 1428 1619
12 2553 2736
12 2872 3038
13 1481 1657
13 1729 1897
14 1410 1539

Added Jobs (first number is the time at which the job is added, then pairs of machines and process time)
252: 8 1 4 17 5 4 13 6 10 13 17 11 25 5 27 2 2 19 8 19 1 13 18 1 0 23 4 1 10 4 17 13 25 6 11 3 1 15 7 22 4 12 2 9 24 8 15 
954: 10 3 13 17 5 22 8 22 4 6 20 9 29 8 24 0 12 5 13 21 0 21 5 25 1 21 12 14 2 9 27 10 14 3 2 23 6 27 1 27 4 9 28 1 12 7 14 14 24 2 6 24 2 22 4 5 24 3 16 1 15 10 18 5 7 22 8 24 6 15 2 17 11 20 4 4 14 5 21 11 22 3 12 
487: 11 5 7 13 0 14 13 24 11 25 10 14 5 5 16 4 16 11 25 6 28 0 19 1 0 21 5 7 14 4 19 3 16 13 23 10 19 2 11 23 4 21 5 3 12 4 18 1 13 7 20 11 21 2 7 13 0 23 5 3 18 0 24 6 28 5 25 11 22 4 12 18 4 15 11 20 13 18 3 9 25 5 13 0 28 2 12 22 0 20 
959: 8 1 13 24 5 1 18 13 25 7 19 8 24 2 18 2 0 26 7 23 5 1 29 9 16 12 22 2 17 7 11 5 13 16 0 17 4 18 5 15 10 15 3 14 12 4 22 3 20 4 12 11 6 24 10 19 7 19 1 6 21 
626: 8 3 6 27 3 16 0 27 4 8 18 4 22 2 23 14 14 4 14 25 13 19 12 19 5 17 3 2 16 12 15 6 22 4 8 14 0 27 6 23 14 11 1 5 27 1 6 19 2 5 19 8 13 

Cancelled Jobs
1606 9
456 21
795 29
