30 15
9 2 2 24 3 18 1 0 17 1 1 10 4 7 14 1 11 11 20 5 13 2 6 28 0 13 4 14 11 11 21 6 10 1 14 5 5 18 4 13 7 18 10 18 3 20 1 11 26 2 12 11 2 20 
9 1 0 17 1 12 18 5 9 15 12 16 4 11 13 25 7 24 4 5 18 11 25 12 24 0 12 4 1 10 10 21 14 17 6 18 1 4 23 2 2 24 3 18 2 2 16 1 18 2 10 22 8 24 
10 2 1 25 14 27 5 9 15 12 16 4 11 13 25 7 24 5 5 18 4 13 7 18 10 18 3 20 1 0 17 4 7 14 1 11 11 20 5 13 5 3 16 8 13 0 23 12 26 1 29 2 2 24 3 18 1 7 15 1 12 18 2 6 12 5 18 
9 4 4 18 6 15 9 19 12 26 2 2 16 1 18 2 6 12 5 18 2 2 24 3 18 4 1 10 10 21 14 17 6 18 2 1 25 14 27 1 12 18 5 9 15 12 16 4 11 13 25 7 24 5 3 16 8 13 0 23 12 26 1 29 
9 5 5 18 4 13 7 18 10 18 3 20 4 9 16 5 19 10 14 0 25 2 2 16 1 18 4 14 11 11 21 6 10 1 14 1 11 26 3 4 12 13 16 10 20 1 1 10 5 9 15 12 16 4 11 13 25 7 24 2 6 28 0 13 
8 1 0 17 1 7 15 5 6 21 9 29 13 25 5 27 3 14 4 9 16 5 19 10 14 0 25 4 7 14 1 11 11 20 5 13 5 3 16 8 13 0 23 12 26 1 29 1 12 18 2 1 25 14 27 
11 1 7 15 2 6 28 0 13 2 1 25 14 27 1 11 22 1 4 23 5 3 16 8 13 0 23 12 26 1 29 4 5 18 11 25 12 24 0 12 2 2 16 1 18 4 1 10 10 21 14 17 6 18 5 2 15 0 29 11 21 8 22 14 27 5 9 15 12 16 4 11 13 25 7 24 
9 3 4 12 13 16 10 20 2 6 12 5 18 4 7 14 1 11 11 20 5 13 4 9 16 5 19 10 14 0 25 1 11 22 4 5 18 11 25 12 24 0 12 1 0 17 5 3 16 8 13 0 23 12 26 1 29 1 1 10 
10 1 11 22 2 1 25 14 27 5 3 16 8 13 0 23 12 26 1 29 2 6 12 5 18 4 4 18 6 15 9 19 12 26 5 11 22 3 12 13 26 8 17 7 10 2 6 28 0 13 1 0 17 1 1 10 4 0 14 6 22 14 24 8 20 
8 4 4 18 6 15 9 19 12 26 2 2 16 1 18 5 3 16 8 13 0 23 12 26 1 29 5 2 15 0 29 11 21 8 22 14 27 4 7 14 1 11 11 20 5 13 1 4 23 4 5 18 11 25 12 24 0 12 5 11 22 3 12 13 26 8 17 7 10 
10 1 0 17 1 12 18 2 1 25 14 27 1 7 15 4 7 14 1 11 11 20 5 13 2 6 12 5 18 4 1 10 10 21 14 17 6 18 5 3 16 8 13 0 23 12 26 1 29 4 5 21 0 16 6 22 2 23 5 5 18 4 13 7 18 10 18 3 20 
8 3 4 12 13 16 10 20 4 4 18 6 15 9 19 12 26 2 1 25 14 27 2 12 11 2 20 1 11 22 5 9 15 12 16 4 11 13 25 7 24 4 5 21 0 16 6 22 2 23 4 1 10 10 21 14 17 6 18 
10 5 2 15 0 29 11 21 8 22 14 27 1 12 18 5 6 21 9 29 13 25 5 27 3 14 3 4 12 13 16 10 20 4 7 14 1 11 11 20 5 13 1 4 23 2 6 15 10 15 1 0 17 5 3 16 8 13 0 23 12 26 1 29 5 9 15 12 16 4 11 13 25 7 24 
9 4 7 14 1 11 11 20 5 13 4 5 18 11 25 12 24 0 12 5 5 18 4 13 7 18 10 18 3 20 2 12 11 2 20 4 0 14 6 22 14 24 8 20 2 2 24 3 18 2 2 16 1 18 5 9 15 12 16 4 11 13 25 7 24 1 12 18 
11 4 9 16 5 19 10 14 0 25 3 4 12 13 16 10 20 2 12 11 2 20 4 5 18 11 25 12 24 0 12 1 4 23 1 7 15 4 4 18 6 15 9 19 12 26 2 2 24 3 18 2 10 22 8 24 4 14 11 11 21 6 10 1 14 5 3 16 8 13 0 23 12 26 1 29 
8 2 12 11 2 20 2 1 25 14 27 4 5 21 0 16 6 22 2 23 1 11 22 4 5 18 11 25 12 24 0 12 4 4 18 6 15 9 19 12 26 5 11 22 3 12 13 26 8 17 7 10 2 2 16 1 18 
11 4 9 16 5 19 10 14 0 25 4 7 14 1 11 11 20 5 13 1 7 15 2 6 15 10 15 5 6 21 9 29 13 25 5 27 3 14 5 11 22 3 12 13 26 8 17 7 10 1 12 18 4 0 14 6 22 14 24 8 20 4 4 18 6 15 9 19 12 26 5 2 15 0 29 11 21 8 22 14 27 2 6 28 0 13 
11 4 1 10 10 21 14 17 6 18 1 4 23 2 6 28 0 13 4 0 14 6 22 14 24 8 20 5 9 15 12 16 4 11 13 25 7 24 4 9 16 5 19 10 14 0 25 2 1 25 14 27 3 4 12 13 16 10 20 5 2 15 0 29 11 21 8 22 14 27 1 7 15 2 2 24 3 18 
8 4 1 10 10 21 14 17 6 18 1 11 26 4 7 14 1 11 11 20 5 13 5 5 18 4 13 7 18 10 18 3 20 2 12 11 2 20 2 6 12 5 18 5 3 16 8 13 0 23 12 26 1 29 2 2 24 3 18 
8 5 11 22 3 12 13 26 8 17 7 10 1 12 18 4 7 14 1 11 11 20 5 13 2 10 22 8 24 5 2 15 0 29 11 21 8 22 14 27 5 3 16 8 13 0 23 12 26 1 29 3 4 12 13 16 10 20 4 5 18 11 25 12 24 0 12 
9 4 0 14 6 22 14 24 8 20 3 4 12 13 16 10 20 5 3 16 8 13 0 23 12 26 1 29 5 9 15 12 16 4 11 13 25 7 24 5 6 21 9 29 13 25 5 27 3 14 1 12 18 2 10 22 8 24 2 2 24 3 18 4 4 18 6 15 9 19 12 26 
11 1 0 17 5 11 22 3 12 13 26 8 17 7 10 4 9 16 5 19 10 14 0 25 1 1 10 4 4 18 6 15 9 19 12 26 4 7 14 1 11 11 20 5 13 5 3 16 8 13 0 23 12 26 1 29 2 6 28 0 13 5 5 18 4 13 7 18 10 18 3 20 4 14 11 11 21 6 10 1 14 2 2 24 3 18 
9 4 4 18 6 15 9 19 12 26 2 6 15 10 15 5 5 18 4 13 7 18 10 18 3 20 1 1 10 1 11 26 4 14 11 11 21 6 10 1 14 5 6 21 9 29 13 25 5 27 3 14 4 9 16 5 19 10 14 0 25 4 5 21 0 16 6 22 2 23 
8 5 5 18 4 13 7 18 10 18 3 20 4 1 10 10 21 14 17 6 18 5 6 21 9 29 13 25 5 27 3 14 1 0 17 1 11 26 4 7 14 1 11 11 20 5 13 4 5 21 0 16 6 22 2 23 2 1 25 14 27 
10 2 6 12 5 18 4 5 21 0 16 6 22 2 23 5 5 18 4 13 7 18 10 18 3 20 1 7 15 4 9 16 5 19 10 14 0 25 1 11 26 4 0 14 6 22 14 24 8 20 4 5 18 11 25 12 24 0 12 4 1 10 10 21 14 17 6 18 5 6 21 9 29 13 25 5 27 3 14 
10 2 6 15 10 15 2 12 11 2 20 4 14 11 11 21 6 10 1 14 5 3 16 8 13 0 23 12 26 1 29 1 4 23 4 5 18 11 25 12 24 0 12 1 1 10 4 9 16 5 19 10 14 0 25 5 6 21 9 29 13 25 5 27 3 14 2 2 24 3 18 
11 4 14 11 11 21 6 10 1 14 2 6 12 5 18 5 5 18 4 13 7 18 10 18 3 20 5 11 22 3 12 13 26 8 17 7 10 1 7 15 3 4 12 13 16 10 20 5 6 21 9 29 13 25 5 27 3 14 2 2 16 1 18 5 9 15 12 16 4 11 13 25 7 24 4 4 18 6 15 9 19 12 26 1 11 22 
10 1 7 15 5 3 16 8 13 0 23 12 26 1 29 4 4 18 6 15 9 19 12 26 1 0 17 1 4 23 3 4 12 13 16 10 20 2 1 25 14 27 5 11 22 3 12 13 26 8 17 7 10 4 0 14 6 22 14 24 8 20 4 5 21 0 16 6 22 2 23 
11 2 6 12 5 18 4 5 21 0 16 6 22 2 23 1 12 18 2 6 28 0 13 1 4 23 1 7 15 4 9 16 5 19 10 14 0 25 2 10 22 8 24 1 1 10 1 11 22 2 1 25 14 27 
9 5 6 21 9 29 13 25 5 27 3 14 4 5 18 11 25 12 24 0 12 2 2 24 3 18 4 0 14 6 22 14 24 8 20 4 1 10 10 21 14 17 6 18 4 9 16 5 19 10 14 0 25 1 7 15 1 11 22 2 6 12 5 18 

# Dynamic Events
# Machine Breakdowns (x y z): Machine {x} breakdown from time {y} to {z}
1 66 84
2 4 31
2 212 249
3 29 51
3 233 263
3 350 376
4 65 95
4 154 168
5 166 198
5 353 370
6 23 57
6 187 219
6 318 335
7 131 148
9 59 91
10 83 113
12 211 253
12 325 345
14 5 37
14 164 203

# Added Jobs (first number is the time at which the job is added, then pairs of machines and process time)
234: 9 2 3 20 5 13 4 1 21 7 13 12 18 0 26 1 13 19 5 13 25 2 21 9 21 3 18 12 18 2 14 22 13 17 5 12 18 9 18 1 21 14 25 8 19 3 0 21 6 21 9 20 3 11 22 6 23 0 14 1 2 19 
247: 9 3 13 19 9 16 12 25 3 13 24 3 20 1 21 4 1 25 0 26 7 16 13 16 3 13 21 3 14 12 24 3 9 23 0 22 7 21 5 3 18 9 25 11 20 5 26 12 25 3 7 23 9 26 3 13 3 4 11 11 22 7 17 2 4 23 5 18 

# Cancelled Jobs
35 4
127 6
573 26
