20 10
10 1 8 14 1 2 38 1 7 44 1 0 76 2 5 97 7 97 1 3 12 1 4 75 1 6 66 1 9 12 1 1 29 
10 1 0 43 1 2 85 2 3 82 5 82 1 5 38 1 4 58 1 9 89 2 8 92 5 92 1 6 87 1 7 69 1 1 80 
10 1 3 41 2 7 7 9 7 1 9 5 1 0 43 1 2 14 1 4 8 1 5 61 1 1 84 2 8 66 3 66 1 6 48 
10 1 2 42 2 3 74 2 74 1 4 59 1 6 41 1 1 8 1 9 73 1 8 43 1 0 96 1 5 19 1 7 97 
10 1 7 23 1 8 42 2 4 37 0 37 1 6 55 1 0 7 2 5 5 2 5 1 2 70 1 9 38 2 3 75 5 75 2 1 48 7 48 
10 2 8 9 7 9 1 6 43 1 7 31 1 4 25 1 5 73 1 3 95 1 0 79 1 2 72 1 9 60 1 1 56 
10 1 1 7 1 5 21 1 8 53 1 6 16 1 4 94 1 0 97 1 3 78 1 2 64 1 7 86 1 9 31 
10 1 2 65 2 6 59 2 59 1 7 85 1 1 33 1 4 30 1 8 44 1 0 61 1 3 86 1 9 63 1 5 32 
10 1 6 45 2 2 44 4 44 1 5 61 1 8 93 1 1 30 1 7 90 1 9 84 1 4 11 1 3 16 1 0 60 
10 1 4 47 1 7 36 2 8 31 4 31 1 1 49 1 3 20 1 2 28 1 6 52 1 9 35 1 5 11 1 0 32 
10 1 2 77 1 4 10 1 9 68 1 5 17 2 0 85 7 85 1 1 84 1 8 20 1 6 49 1 7 74 1 3 34 
10 2 0 17 8 17 1 5 7 1 1 85 1 3 29 1 2 17 1 4 76 1 6 59 1 8 71 1 9 13 1 7 48 
10 1 6 87 1 4 39 3 8 43 3 43 2 43 2 7 11 3 11 1 2 15 2 3 32 0 32 1 5 64 1 0 19 1 1 39 2 9 16 1 16 
10 1 5 33 1 3 99 1 6 32 1 4 91 1 8 82 1 2 92 2 9 99 0 99 1 7 57 1 1 83 1 0 8 
10 2 3 91 9 91 1 5 39 1 2 69 1 8 27 1 7 7 1 6 21 1 1 38 1 9 62 2 4 88 3 88 1 0 48 
10 1 2 67 1 7 80 1 3 24 1 0 88 1 4 18 1 1 44 1 8 45 1 9 64 1 5 80 2 6 38 1 38 
10 1 9 59 1 3 72 1 6 47 1 4 40 1 7 21 1 5 43 1 0 51 1 8 52 1 1 24 1 2 15 
10 1 3 70 1 2 31 1 6 20 1 8 76 1 1 40 1 7 43 2 0 32 3 32 1 5 88 1 9 5 1 4 77 
10 1 4 47 2 5 64 4 64 1 9 85 1 3 49 1 7 58 1 1 26 1 0 32 1 8 80 1 2 14 1 6 94 
10 1 5 59 1 2 96 1 0 5 1 7 79 1 8 34 1 4 75 1 3 26 1 6 9 1 9 23 1 1 11 

Dynamic Events
Machine Breakdowns (x y z): Machine {x} breakdown from time {y} to {z}
0 721 1097
1 625 1001
3 1141 1488
3 1611 1890
4 37 413
5 734 1101
7 548 924
8 763 1139
9 992 1260

Added Jobs (first number is the time at which the job is added, then pairs of machines and process time)
601: 10 2 7 80 9 41 3 6 26 5 74 7 88 2 2 66 9 87 2 3 17 8 61 3 5 27 2 12 0 86 3 2 43 8 85 7 45 3 6 18 7 92 5 65 1 0 24 3 4 28 8 63 9 25 1 1 78 
161: 10 3 5 66 3 46 1 84 1 7 71 2 6 46 9 92 1 6 27 3 3 35 9 81 8 39 2 1 57 0 32 1 2 67 3 5 15 3 73 2 70 1 1 47 2 2 10 3 76 
747: 10 2 0 52 9 29 3 4 22 7 53 2 14 1 2 17 3 3 52 9 16 4 77 2 8 62 1 40 1 1 27 3 1 44 5 50 9 58 1 6 68 3 4 67 8 44 9 65 3 4 90 0 26 1 33 
569: 10 1 5 91 1 5 31 1 0 59 3 4 29 5 80 7 54 1 2 32 3 9 15 7 97 6 48 2 7 10 4 91 1 5 52 2 3 19 7 52 2 5 52 3 51 
318: 10 2 5 71 7 95 2 6 36 4 55 3 1 83 3 83 0 17 1 7 16 1 1 7 1 3 76 3 9 89 7 36 4 44 2 8 80 7 29 1 6 93 1 4 33 

Cancelled Jobs
533 7
86 16
1103 17
595 19
