20 10
10 1 6 32 1 3 16 1 1 33 1 8 12 2 7 70 9 70 1 4 10 1 9 75 1 0 82 1 5 88 1 2 20 
10 1 8 39 1 4 81 2 3 91 8 91 1 5 56 1 9 69 2 1 45 9 45 1 6 59 1 0 86 1 2 36 1 7 68 
10 1 3 84 2 2 57 5 57 1 7 41 1 5 73 1 4 81 1 0 88 1 8 38 2 9 17 3 17 1 6 83 1 1 5 
10 2 4 20 2 20 1 5 6 1 2 15 1 8 19 1 1 30 1 0 94 1 6 45 1 7 17 1 3 18 1 9 88 
10 1 9 24 2 6 49 0 49 1 5 16 1 4 11 2 3 60 2 60 1 7 5 1 8 63 2 1 25 5 25 2 2 15 7 15 2 0 45 7 45 
10 1 1 86 1 8 50 1 2 77 1 6 54 1 9 48 1 0 93 1 3 32 1 7 92 1 5 45 1 4 71 
10 1 5 86 1 6 90 1 3 78 1 9 88 1 2 57 1 0 32 1 7 57 1 8 86 1 4 71 1 1 39 
10 2 2 59 9 59 1 3 18 1 9 31 1 4 41 1 7 20 1 5 83 1 8 65 1 0 54 1 6 94 2 1 69 9 69 
10 1 3 47 1 4 79 1 6 76 1 0 59 1 1 72 1 2 8 1 9 30 1 5 73 1 7 57 1 8 84 
10 2 0 59 9 59 1 2 89 1 4 10 1 7 45 1 3 8 1 5 54 1 6 88 1 8 20 1 9 7 1 1 62 
10 1 5 63 1 6 9 2 4 77 7 77 1 3 37 1 2 5 1 8 13 1 9 79 1 1 24 1 7 10 2 0 82 1 82 
10 1 0 74 1 1 32 1 2 61 1 7 53 1 4 92 1 9 20 1 8 10 1 3 5 1 6 45 1 5 23 
10 2 2 85 8 85 1 9 51 1 0 61 2 5 99 6 99 1 4 37 1 6 94 2 1 98 0 98 1 8 65 1 3 33 1 7 75 
10 2 0 51 7 51 1 3 24 1 5 8 1 6 30 1 7 12 1 8 23 2 2 7 9 7 1 4 17 1 9 35 1 1 81 
10 1 1 71 2 5 42 2 42 1 8 68 1 2 31 1 6 29 1 3 63 1 4 65 1 9 70 1 7 27 2 0 93 8 93 
10 1 1 28 1 5 38 1 4 51 1 7 70 1 2 33 1 8 78 1 9 45 1 3 90 1 6 54 1 0 72 
10 2 0 18 8 18 1 2 90 1 4 25 1 6 92 1 8 85 1 5 35 1 7 29 1 1 81 1 9 80 1 3 59 
10 1 5 67 1 2 96 1 1 38 1 4 86 1 0 97 1 3 94 1 7 86 3 6 35 7 35 4 35 1 9 82 1 8 45 
10 1 2 92 2 8 51 5 51 1 4 59 1 6 52 1 5 8 1 9 70 1 1 75 1 3 54 1 7 60 1 0 33 
10 1 3 98 1 7 80 1 5 78 1 0 82 1 2 7 1 9 89 1 1 69 1 4 51 1 8 79 1 6 62 

Dynamic Events
Machine Breakdowns (x y z): Machine {x} breakdown from time {y} to {z}
0 1788 2062
1 1398 1717
2 113 309
2 1422 1781
3 344 676
3 1239 1639
4 141 485
4 911 1294
5 1014 1414
6 1148 1548
7 1554 1954
8 341 560
8 1321 1670
9 1184 1584

Added Jobs (first number is the time at which the job is added, then pairs of machines and process time)
346: 10 2 2 78 5 15 2 0 58 6 38 2 3 27 2 35 1 3 15 2 8 47 5 68 1 9 63 1 8 30 3 7 11 2 65 1 40 1 7 47 2 4 19 5 69 
454: 10 3 3 13 9 75 5 41 3 3 84 8 35 9 57 3 3 14 8 36 5 88 3 3 34 5 7 0 58 2 9 11 2 25 2 1 72 6 18 1 3 58 3 5 28 9 37 6 16 1 5 8 2 5 65 9 11 
401: 10 3 7 66 1 14 3 71 1 6 34 1 6 31 1 3 85 1 4 59 2 8 25 2 93 3 7 24 5 95 3 24 1 8 19 1 6 84 2 9 59 8 36 

Cancelled Jobs
