15 15
15 1 5 19 1 6 64 1 11 73 1 9 13 2 2 84 12 84 1 14 88 1 3 85 1 10 41 1 12 53 1 13 80 1 1 66 1 7 46 2 8 59 5 59 1 4 25 1 0 62 
15 1 1 67 2 3 74 5 74 1 7 41 1 2 57 1 14 52 1 0 14 2 9 64 12 64 1 8 84 1 6 78 1 5 47 1 13 28 1 4 84 2 10 63 4 63 1 12 26 1 11 46 
15 2 6 97 2 97 1 8 95 1 0 64 1 9 38 1 10 59 1 12 95 1 2 17 1 11 65 1 13 93 1 3 10 1 5 73 2 1 11 10 11 1 4 85 1 14 46 2 7 67 2 67 
15 1 10 23 1 12 49 2 3 32 0 32 2 4 66 7 66 2 2 43 12 43 1 0 60 1 8 41 1 7 61 1 13 70 1 9 49 1 11 17 1 6 90 1 1 85 1 14 99 1 5 85 
15 1 9 98 1 8 57 1 3 73 1 6 9 1 0 73 1 7 7 1 1 98 1 4 13 1 13 41 1 5 40 2 11 85 2 85 1 10 37 1 2 68 1 14 79 1 12 17 
15 1 11 66 1 7 53 1 5 86 1 6 40 1 0 14 2 3 19 9 19 1 13 96 1 4 95 1 2 54 1 10 84 1 12 97 1 8 16 1 14 52 1 1 76 1 9 87 
15 1 4 77 2 2 55 9 55 1 9 42 1 5 74 1 14 91 1 13 33 1 10 16 1 12 54 1 0 18 1 3 87 1 7 60 1 8 13 1 6 33 2 1 33 7 33 1 11 61 
15 1 6 41 1 5 39 1 11 82 1 9 64 2 14 47 8 47 1 10 28 1 7 78 1 13 49 1 1 79 1 4 58 1 2 92 1 3 79 1 12 6 1 0 69 1 8 76 
15 1 11 21 3 5 42 8 42 3 42 1 9 91 2 2 28 6 28 1 0 52 1 6 88 2 12 76 10 76 1 13 86 1 10 23 1 1 35 2 7 52 1 52 1 4 91 1 3 47 1 14 82 1 8 24 
15 1 11 42 2 1 93 0 93 1 3 95 1 13 45 1 9 28 2 14 77 12 77 1 0 84 1 10 8 1 7 45 1 4 70 1 5 37 1 6 86 1 12 64 2 8 67 10 67 1 2 38 
15 1 4 97 1 12 81 1 1 58 1 7 84 1 5 58 1 0 9 1 11 87 1 3 5 2 2 44 13 44 1 13 85 1 6 89 1 10 77 1 9 96 1 14 39 1 8 77 
15 1 12 80 1 1 21 1 10 10 1 5 73 1 8 70 1 6 49 1 2 31 1 13 34 1 4 40 1 11 22 3 0 15 2 15 4 15 1 14 82 1 3 57 1 9 71 2 7 48 10 48 
15 1 2 17 1 7 62 1 5 75 1 9 35 1 1 91 1 14 50 1 3 7 1 10 64 1 13 75 1 12 94 1 0 55 1 6 72 1 8 47 1 4 11 1 11 90 
15 1 11 93 1 6 57 1 1 71 1 12 70 1 9 93 1 5 20 1 3 15 1 13 77 1 10 58 1 0 12 1 2 67 1 8 68 1 14 7 1 7 29 2 4 52 12 52 
15 1 13 76 1 3 27 2 4 26 2 26 2 9 36 12 36 1 11 8 2 10 36 8 36 2 0 95 6 95 1 8 48 1 2 82 1 6 87 1 5 6 1 1 63 1 7 56 1 12 36 1 14 15 

Dynamic Events
Machine Breakdowns (x y z): Machine {x} breakdown from time {y} to {z}
0 1396 1782
0 1913 2293
1 1453 1807
2 1652 1973
4 1483 1833
5 62 358
6 1862 2155
7 1437 1847
8 1718 2128
9 843 1253
10 599 858
10 952 1362
11 874 1284
12 1158 1445
13 959 1369

Added Jobs (first number is the time at which the job is added, then pairs of machines and process time)
242: 15 3 1 37 5 48 6 60 1 5 11 3 0 40 9 18 3 17 3 10 19 13 38 3 10 3 8 73 4 48 6 88 1 12 41 3 4 13 0 15 5 19 1 6 52 3 5 47 3 9 8 19 1 3 70 3 0 29 7 20 1 84 3 6 89 2 33 13 69 2 0 37 2 65 3 12 54 1 22 4 79 3 1 50 13 48 8 57 
530: 15 3 5 16 1 13 0 49 3 9 43 10 42 8 15 2 13 96 3 8 1 3 31 3 9 82 14 16 2 24 1 1 40 3 3 48 2 62 12 28 3 9 62 11 14 13 72 1 14 92 3 12 87 2 75 6 74 1 5 35 2 12 61 0 74 3 12 90 2 15 8 59 3 3 70 1 19 11 93 3 12 95 7 63 4 62 
749: 15 1 14 26 3 6 33 7 56 12 6 3 7 69 0 52 4 51 2 6 16 10 17 2 3 47 6 61 3 10 59 4 91 5 9 1 5 66 3 2 57 12 75 8 84 1 9 16 3 10 16 1 23 3 39 3 5 20 1 15 12 22 2 12 65 7 83 3 10 46 0 59 11 8 3 11 59 1 96 0 12 3 9 86 11 31 12 82 

Cancelled Jobs
