15 15
15 1 1 26 1 12 67 1 0 72 1 6 74 2 14 13 12 13 1 8 43 1 4 30 1 3 19 1 10 23 1 11 85 1 5 98 1 13 43 2 2 38 5 38 1 7 8 1 9 75 
15 1 14 42 2 0 39 5 39 1 4 55 1 12 46 1 1 19 1 8 93 2 9 80 12 80 1 5 26 1 10 7 1 6 50 1 11 57 1 3 73 2 2 9 4 9 1 7 61 1 13 72 
15 2 3 96 6 96 1 4 99 1 12 34 1 6 60 1 7 43 1 14 7 1 13 12 1 8 11 1 11 70 1 10 43 1 0 91 2 1 68 7 68 1 9 11 1 5 68 2 2 72 4 72 
15 1 14 63 1 11 45 1 4 49 2 1 74 8 74 1 8 27 2 0 30 12 30 1 9 72 1 7 9 1 12 99 1 13 60 1 5 69 1 6 69 1 2 84 1 3 40 1 10 59 
15 1 2 91 1 0 75 1 9 98 1 3 17 1 10 72 1 13 31 1 11 9 1 14 98 1 7 50 1 5 37 1 4 8 2 8 65 2 65 1 1 90 1 12 91 1 6 71 
15 1 11 35 1 6 80 1 4 39 1 3 62 1 14 74 1 5 72 2 10 35 9 35 1 9 25 1 1 49 1 8 52 1 7 63 1 2 90 1 13 21 1 12 47 1 0 38 
15 1 14 19 1 7 57 2 10 24 9 24 1 13 91 1 3 50 1 0 5 1 11 49 1 12 18 1 9 58 1 5 24 1 8 52 1 1 88 1 2 68 1 6 20 2 4 53 7 53 
15 1 7 77 1 14 72 1 5 35 1 11 90 1 4 68 2 6 18 8 18 1 3 9 1 0 33 1 8 60 1 10 18 1 12 10 1 13 60 1 1 38 1 2 99 1 9 15 
15 1 13 6 1 8 86 3 2 40 8 40 3 40 1 9 79 2 12 92 6 92 1 11 23 1 5 89 2 10 95 14 95 1 6 91 1 7 72 2 0 80 6 80 1 1 60 1 3 56 1 4 51 1 14 23 
15 1 1 46 1 6 28 2 5 34 0 34 1 11 77 1 4 47 1 0 10 2 14 49 12 49 1 8 77 1 10 48 1 7 24 1 12 8 1 2 72 1 13 55 1 9 29 2 3 40 8 40 
15 1 10 22 1 4 89 1 12 79 1 0 7 1 9 15 1 1 6 1 11 30 1 6 38 1 5 11 1 8 52 2 3 20 13 20 1 7 5 1 14 9 1 2 20 1 13 28 
15 1 5 73 1 14 56 1 2 37 1 3 22 1 13 25 1 6 58 1 1 8 1 7 93 1 4 88 1 8 17 1 12 9 1 11 69 3 10 71 2 71 4 71 1 9 85 1 0 55 
15 1 9 85 2 14 58 10 58 1 3 46 1 8 64 1 2 49 1 6 37 1 1 33 1 4 30 1 5 26 1 0 20 1 13 74 1 10 77 1 12 99 1 11 56 1 7 21 
15 1 10 17 1 3 24 1 4 89 1 5 15 1 11 60 1 1 42 1 8 98 1 2 64 1 13 92 1 0 63 1 7 52 1 12 54 1 6 75 1 14 23 1 9 38 
15 1 3 8 2 5 17 12 17 1 11 56 1 7 93 2 14 26 2 26 2 9 62 12 62 1 6 7 2 10 88 8 88 2 0 97 6 97 1 1 7 1 2 43 1 8 29 1 13 35 1 12 87 1 4 57 

Dynamic Events
Machine Breakdowns (x y z): Machine {x} breakdown from time {y} to {z}
0 196 568
2 636 973
2 1712 2082
3 594 761
3 954 1253
4 92 363
5 1557 1800
6 1420 1694
7 1221 1593
8 1262 1634
9 975 1347
10 1639 1858
11 541 913
12 339 648
12 1719 2091
13 1109 1481
14 457 711
14 1821 2005

Added Jobs (first number is the time at which the job is added, then pairs of machines and process time)
628: 15 2 13 24 1 72 3 13 6 8 52 14 68 1 8 52 1 11 81 3 3 79 1 82 13 33 2 13 50 4 42 2 12 70 11 66 1 7 53 2 1 24 6 86 1 8 66 1 10 41 3 8 95 7 28 10 15 1 7 76 3 9 36 5 13 3 68 3 14 59 13 12 4 80 
512: 15 2 10 14 8 92 1 8 66 1 14 32 2 1 71 13 34 3 6 74 1 73 12 53 1 8 74 3 10 35 2 78 13 58 2 5 33 10 52 1 5 64 1 12 67 3 1 29 5 22 6 65 2 9 11 2 83 3 5 42 4 91 11 14 3 7 8 9 90 2 10 3 9 79 11 10 1 74 

Cancelled Jobs
500 0
685 8
907 9
