15 15
15 1 10 51 1 14 43 1 7 80 1 4 18 2 6 38 12 38 1 3 24 1 2 67 1 12 15 1 11 24 1 13 72 1 8 45 1 5 80 2 9 64 5 64 1 1 44 1 0 88 
15 1 6 40 2 9 88 5 88 1 10 77 1 5 59 1 11 20 1 3 52 2 8 70 9 70 1 0 40 1 4 32 1 13 76 1 12 43 1 7 31 1 2 21 2 14 5 3 5 1 1 47 
15 1 0 32 2 3 49 2 49 1 10 5 1 5 64 1 7 58 1 8 80 1 6 94 1 11 11 1 1 26 1 13 26 1 14 59 1 9 85 2 4 47 10 47 1 12 96 1 2 14 
15 2 5 23 2 23 1 6 9 1 0 75 2 12 37 0 37 2 11 43 7 43 2 2 79 12 79 1 4 75 1 3 34 1 7 20 1 13 10 1 14 83 1 10 68 1 9 52 1 8 66 1 1 9 
15 1 12 69 1 9 59 1 3 28 1 14 62 1 13 36 1 1 26 1 6 84 1 11 16 1 8 54 1 5 42 1 2 54 2 0 6 2 6 1 10 40 1 7 88 1 4 79 
15 1 13 78 1 12 53 1 11 17 1 5 29 1 4 82 1 2 23 2 9 12 7 12 1 8 64 1 1 86 1 7 59 1 6 5 1 3 68 1 14 59 1 10 13 1 0 56 
15 1 10 83 2 13 46 9 46 1 9 7 1 12 65 1 11 69 1 6 62 1 0 16 1 2 58 1 8 66 1 5 83 1 7 90 1 14 42 1 4 81 2 3 69 2 69 1 1 85 
15 1 7 73 1 10 71 1 8 64 1 6 10 1 9 20 2 11 99 1 99 1 4 24 1 14 65 1 5 82 1 3 72 1 12 43 1 1 82 1 13 27 1 2 24 1 0 33 
15 1 4 82 2 1 34 13 34 1 3 92 1 2 8 2 0 38 6 38 1 8 45 1 6 21 2 5 35 10 35 1 12 52 1 9 35 1 11 15 2 14 23 7 23 1 10 6 1 13 83 1 7 30 
15 1 2 84 1 5 7 2 9 66 0 66 1 10 6 1 4 28 1 13 27 2 6 79 14 79 1 7 70 1 0 85 1 1 94 1 3 60 1 14 80 1 12 39 1 8 66 2 11 29 3 29 
15 1 3 44 1 6 58 1 13 14 1 8 65 1 1 72 1 5 14 1 12 52 1 4 21 1 9 25 1 0 5 2 11 51 13 51 1 7 61 1 14 55 1 10 42 1 2 36 
15 1 14 43 1 10 72 1 5 78 1 11 12 1 12 17 1 0 46 1 9 27 1 6 51 1 2 63 1 1 79 1 8 79 1 7 91 3 4 49 2 49 14 49 1 13 26 1 3 93 
15 2 7 49 12 49 1 0 49 1 4 71 1 5 78 1 9 44 1 10 41 1 12 91 1 13 84 1 8 91 1 6 21 1 11 47 1 14 28 1 3 61 1 2 70 1 1 93 
15 1 3 25 1 4 85 1 0 66 1 2 45 1 10 95 1 12 21 1 8 84 1 5 24 1 9 53 1 7 67 1 6 91 1 11 11 1 13 32 1 1 30 1 14 89 
15 1 3 92 2 7 93 2 93 1 0 99 1 1 40 2 10 37 14 37 2 12 69 2 69 2 5 66 1 66 1 6 57 2 14 22 4 22 1 9 44 1 8 73 1 13 97 1 11 18 1 2 69 1 4 41 

Dynamic Events
Machine Breakdowns (x y z): Machine {x} breakdown from time {y} to {z}
0 878 1241
1 1105 1372
2 1343 1599
3 328 691
5 347 710
7 741 1104
8 1107 1407
9 1395 1649
10 1095 1299
13 747 1037

Added Jobs (first number is the time at which the job is added, then pairs of machines and process time)
585: 15 2 14 83 3 65 1 4 68 3 10 21 13 73 12 52 1 1 93 2 1 83 0 75 3 9 76 6 60 3 42 2 13 56 0 8 3 11 84 10 38 4 21 1 7 84 3 8 68 3 15 11 86 2 0 96 6 20 3 7 24 0 31 10 24 3 4 26 11 16 8 52 2 5 28 1 11 1 0 42 
602: 15 1 8 70 3 13 11 6 62 7 75 3 12 96 7 18 0 24 1 3 81 2 7 12 4 27 2 8 70 13 30 3 13 25 4 26 1 46 1 2 84 2 7 45 13 44 3 7 62 14 81 13 53 1 2 6 3 8 54 0 10 6 11 1 9 33 3 10 24 4 61 11 82 3 5 16 1 61 13 97 
199: 15 3 12 61 1 81 6 20 1 8 79 1 7 77 3 6 32 0 8 5 56 3 0 67 3 13 11 13 1 4 81 2 3 87 9 37 3 7 13 2 34 1 70 2 1 31 0 40 3 7 25 2 78 3 75 2 4 48 13 30 1 13 90 2 6 68 3 64 3 14 76 8 55 5 57 3 3 24 0 23 8 57 

Cancelled Jobs
705 10
345 13
410 14
