15 15
15 1 9 65 1 10 28 1 4 74 1 12 33 2 2 51 12 51 1 14 75 1 5 73 1 8 32 1 6 13 1 3 81 1 1 35 1 7 59 2 13 38 5 38 1 11 55 1 0 27 
15 1 0 64 2 1 53 5 53 1 11 83 1 2 33 1 4 6 1 9 52 2 14 72 9 72 1 8 7 1 13 90 1 12 21 1 6 23 1 3 10 1 10 39 2 5 49 3 49 1 7 72 
15 1 14 73 2 3 82 2 82 1 1 23 1 12 62 1 6 88 1 5 21 1 8 65 1 11 70 1 7 53 1 10 81 1 2 93 1 13 77 2 0 61 10 61 1 9 28 1 4 78 
15 2 1 12 2 12 1 6 51 1 7 33 2 4 15 0 15 2 14 72 7 72 2 10 98 12 98 1 9 94 1 5 12 1 11 42 1 2 24 1 13 15 1 8 28 1 3 6 1 12 99 1 0 41 
15 1 12 97 1 5 7 1 9 96 1 4 15 1 14 73 1 13 43 1 0 32 1 8 22 1 11 42 1 1 94 1 2 23 2 7 86 2 86 1 6 78 1 10 24 1 3 31 
15 1 1 72 1 5 88 1 2 93 1 13 13 1 4 44 1 14 66 2 6 63 9 63 1 7 14 1 9 67 1 10 17 1 11 85 1 0 35 1 3 68 1 12 5 1 8 49 
15 1 9 15 1 7 82 2 6 21 9 21 1 14 53 1 3 72 1 13 49 1 2 99 1 4 26 1 12 56 1 8 45 1 1 68 1 10 51 1 0 8 1 5 27 2 11 96 7 96 
15 1 3 54 1 7 24 1 4 14 1 8 38 1 5 36 2 2 52 8 52 1 14 55 1 12 37 1 11 48 1 0 93 1 13 60 1 10 70 1 1 23 1 6 23 1 9 83 
15 1 3 12 1 8 69 3 6 26 8 26 3 26 1 9 23 2 14 28 6 28 1 1 82 1 5 33 2 4 45 10 45 1 13 64 1 7 15 1 11 9 2 12 73 7 73 1 10 59 1 2 37 1 0 62 
15 1 0 87 1 5 12 2 7 80 9 80 1 4 50 1 10 48 1 12 90 1 1 72 2 13 24 12 24 1 6 14 1 8 71 1 11 44 1 9 46 1 2 15 1 14 61 1 3 92 
15 2 2 54 8 54 1 0 22 1 6 61 1 4 46 1 3 73 1 5 16 1 12 6 1 9 94 1 14 93 1 13 67 1 8 54 2 7 75 13 75 1 11 32 1 10 40 1 1 97 
15 1 10 92 1 14 36 1 4 22 1 9 9 1 3 47 1 1 77 1 12 79 1 13 36 1 6 30 1 8 98 1 11 79 1 7 7 1 5 55 3 2 6 4 6 14 6 1 0 30 
15 1 0 49 2 13 83 12 83 1 3 73 1 6 82 1 1 82 1 14 92 1 11 73 1 4 31 1 10 35 1 9 54 1 5 7 1 8 37 1 7 72 1 2 52 1 12 76 
15 1 10 98 1 12 34 1 13 52 1 4 26 1 1 28 1 3 39 1 8 80 1 5 29 1 9 70 1 0 43 1 6 48 1 7 58 1 2 45 1 14 94 1 11 96 
15 1 1 70 1 10 17 2 6 90 2 90 1 12 67 1 4 14 2 8 23 14 23 2 3 21 2 21 2 7 18 1 18 1 13 43 2 11 84 4 84 1 5 26 1 9 36 1 2 93 1 14 84 1 0 42 

Dynamic Events
Machine Breakdowns (x y z): Machine {x} breakdown from time {y} to {z}
0 1670 1873
1 1292 1521
2 23 363
3 453 793
4 1292 1553
6 1656 1917
8 815 1155
10 927 1267
11 594 906
12 755 1095
13 322 541
13 1572 1912

Added Jobs (first number is the time at which the job is added, then pairs of machines and process time)
185: 15 3 12 9 7 93 1 12 1 5 74 3 3 65 9 92 11 94 3 12 5 11 45 9 91 2 8 88 0 80 2 14 64 11 78 1 9 88 3 9 33 11 46 6 28 3 0 10 13 28 5 77 1 6 62 2 0 44 10 38 2 6 84 1 29 3 13 37 11 17 12 44 1 4 66 3 5 10 1 54 13 15 
546: 15 1 4 47 2 13 35 6 84 1 8 17 1 0 36 1 10 38 2 6 61 13 31 3 8 65 5 14 10 45 3 11 86 14 48 7 41 3 2 28 10 81 3 80 3 12 12 7 57 5 41 3 3 40 10 26 0 80 2 7 80 4 58 1 4 84 1 1 31 2 1 51 8 13 
250: 15 1 4 59 2 0 81 1 83 2 13 58 10 86 1 2 37 1 6 68 1 3 56 2 5 58 12 76 3 5 85 6 61 10 45 2 9 9 2 38 2 5 19 8 63 2 7 31 9 18 2 2 33 12 87 3 0 13 4 73 1 40 3 7 9 11 76 0 9 3 12 37 7 87 9 85 
507: 15 2 9 21 8 8 2 9 73 5 55 2 2 70 11 20 1 13 88 3 1 30 2 12 5 18 1 8 19 2 0 15 6 22 1 13 22 3 13 52 14 28 7 19 1 12 27 1 9 96 1 7 31 1 10 41 1 5 39 1 8 34 
102: 15 2 12 6 1 22 3 6 78 0 24 7 25 3 14 77 9 30 11 48 3 9 24 10 94 4 59 1 13 69 3 12 82 13 45 11 28 2 9 64 12 57 1 11 37 1 14 56 1 4 25 2 12 98 10 79 3 10 22 2 24 7 33 1 5 30 1 12 45 1 6 52 

Cancelled Jobs
