15 8
10 4 6 15 7 11 3 5 4 19 2 2 18 3 5 4 7 18 6 3 5 11 2 16 4 4 7 1 1 6 2 2 19 2 4 6 5 3 3 3 5 4 2 7 18 1 4 2 1 0 17 5 4 10 1 10 0 12 7 5 2 14 3 6 15 5 2 7 19 
10 4 7 18 6 3 5 11 2 16 1 0 17 2 1 1 3 13 5 4 10 1 10 0 12 7 5 2 14 5 3 11 0 9 1 18 5 18 2 13 2 5 15 6 13 4 6 15 7 11 3 5 4 19 4 4 7 1 1 6 2 2 19 4 3 11 0 7 5 13 7 3 3 6 15 5 2 7 19 
10 2 2 3 4 5 4 4 7 1 1 6 2 2 19 2 2 18 3 5 2 4 6 5 3 4 3 11 0 7 5 13 7 3 3 6 15 5 2 7 19 5 3 11 0 9 1 18 5 18 2 13 3 3 5 4 2 7 18 1 0 17 2 1 1 3 13 
10 2 2 18 3 5 2 2 3 4 5 5 3 11 0 9 1 18 5 18 2 13 4 3 11 0 7 5 13 7 3 2 5 15 6 13 4 4 7 1 1 6 2 2 19 1 4 2 4 7 18 6 3 5 11 2 16 1 0 17 2 4 6 5 3 
10 2 5 15 6 13 3 6 15 5 2 7 19 1 4 2 4 6 15 7 11 3 5 4 19 5 3 11 0 9 1 18 5 18 2 13 4 4 7 1 1 6 2 2 19 3 3 5 4 2 7 18 2 4 6 5 3 2 2 3 4 5 5 4 10 1 10 0 12 7 5 2 14 
10 2 1 1 3 13 2 5 15 6 13 2 2 18 3 5 4 7 18 6 3 5 11 2 16 5 3 11 0 9 1 18 5 18 2 13 5 4 10 1 10 0 12 7 5 2 14 4 3 11 0 7 5 13 7 3 4 6 15 7 11 3 5 4 19 2 4 6 5 3 2 2 3 4 5 
10 5 4 10 1 10 0 12 7 5 2 14 4 3 11 0 7 5 13 7 3 2 1 1 3 13 1 0 17 2 5 15 6 13 4 4 7 1 1 6 2 2 19 1 4 2 5 3 11 0 9 1 18 5 18 2 13 2 2 18 3 5 3 6 15 5 2 7 19 
10 3 6 15 5 2 7 19 1 0 17 4 6 15 7 11 3 5 4 19 2 5 15 6 13 5 4 10 1 10 0 12 7 5 2 14 4 3 11 0 7 5 13 7 3 5 3 11 0 9 1 18 5 18 2 13 2 1 1 3 13 2 2 18 3 5 2 2 3 4 5 
10 1 0 17 5 4 10 1 10 0 12 7 5 2 14 4 7 18 6 3 5 11 2 16 3 6 15 5 2 7 19 2 5 15 6 13 4 3 11 0 7 5 13 7 3 1 4 2 2 1 1 3 13 5 3 11 0 9 1 18 5 18 2 13 4 6 15 7 11 3 5 4 19 
10 1 0 17 2 5 15 6 13 3 3 5 4 2 7 18 5 3 11 0 9 1 18 5 18 2 13 4 3 11 0 7 5 13 7 3 2 2 18 3 5 2 4 6 5 3 3 6 15 5 2 7 19 4 7 18 6 3 5 11 2 16 5 4 10 1 10 0 12 7 5 2 14 
10 2 1 1 3 13 3 6 15 5 2 7 19 4 7 18 6 3 5 11 2 16 2 2 18 3 5 2 4 6 5 3 1 0 17 2 2 3 4 5 3 3 5 4 2 7 18 5 4 10 1 10 0 12 7 5 2 14 5 3 11 0 9 1 18 5 18 2 13 
10 4 3 11 0 7 5 13 7 3 3 3 5 4 2 7 18 4 7 18 6 3 5 11 2 16 1 0 17 5 3 11 0 9 1 18 5 18 2 13 3 6 15 5 2 7 19 1 4 2 2 2 3 4 5 4 6 15 7 11 3 5 4 19 2 1 1 3 13 
10 5 4 10 1 10 0 12 7 5 2 14 1 4 2 2 2 18 3 5 4 4 7 1 1 6 2 2 19 2 5 15 6 13 4 7 18 6 3 5 11 2 16 4 6 15 7 11 3 5 4 19 5 3 11 0 9 1 18 5 18 2 13 2 4 6 5 3 4 3 11 0 7 5 13 7 3 
10 4 7 18 6 3 5 11 2 16 3 3 5 4 2 7 18 2 1 1 3 13 4 4 7 1 1 6 2 2 19 2 4 6 5 3 2 2 18 3 5 2 5 15 6 13 1 4 2 5 3 11 0 9 1 18 5 18 2 13 1 0 17 
10 5 4 10 1 10 0 12 7 5 2 14 2 4 6 5 3 2 5 15 6 13 4 6 15 7 11 3 5 4 19 4 7 18 6 3 5 11 2 16 1 0 17 5 3 11 0 9 1 18 5 18 2 13 3 3 5 4 2 7 18 2 2 18 3 5 4 4 7 1 1 6 2 2 19 

Dynamic Events
Machine Breakdowns (x y z): Machine {x} breakdown from time {y} to {z}
0 218 281
1 129 170
2 312 375
3 84 147
4 134 165
6 41 104
7 91 154

Added Jobs (first number is the time at which the job is added, then pairs of machines and process time)
115: 10 1 2 16 3 3 10 1 14 2 16 1 0 7 4 6 9 5 8 0 7 2 8 3 2 8 7 5 1 11 5 0 7 3 5 1 11 6 15 2 6 1 1 8 4 4 2 0 15 7 15 2 14 3 1 13 7 18 0 12 5 6 12 5 3 7 16 0 9 2 17 

Cancelled Jobs
167 0
21 2
120 9
