20 10
12 2 1 10 0 11 1 7 17 1 7 14 1 0 10 2 1 16 9 18 2 8 6 1 12 4 6 9 3 11 2 10 0 16 2 4 19 0 7 1 8 11 1 3 16 1 1 5 5 6 9 8 9 3 6 7 14 5 16 
13 1 7 17 2 4 6 3 11 2 1 10 0 11 2 4 9 7 8 2 1 16 2 11 4 0 8 4 14 9 15 5 12 4 5 10 7 15 6 5 1 8 2 4 19 0 7 4 6 9 3 11 2 10 0 16 1 0 10 4 0 16 2 11 6 17 3 7 1 3 16 4 2 11 4 8 6 11 8 17 
11 4 5 10 7 15 6 5 1 8 2 4 9 7 8 2 1 16 9 18 2 1 10 0 11 5 6 9 8 9 3 6 7 14 5 16 1 3 16 2 4 19 0 7 1 0 10 2 4 6 3 11 2 1 16 2 11 1 2 14 
11 4 0 8 4 14 9 15 5 12 2 4 19 0 7 4 3 11 7 16 8 15 0 6 1 7 14 1 3 16 1 7 17 4 0 16 2 11 6 17 3 7 4 9 6 7 13 4 5 1 8 1 2 14 4 6 9 3 11 2 10 0 16 1 0 10 
14 1 7 17 1 3 16 1 4 9 4 9 6 7 13 4 5 1 8 4 0 16 2 11 6 17 3 7 2 1 16 9 18 4 5 10 7 15 6 5 1 8 1 7 14 2 4 6 3 11 4 1 5 6 13 9 10 4 11 5 6 9 8 9 3 6 7 14 5 16 2 4 9 7 8 4 0 8 4 14 9 15 5 12 2 4 19 0 7 
11 4 1 5 6 13 9 10 4 11 2 1 16 9 18 1 0 10 1 2 14 1 4 9 5 6 9 8 9 3 6 7 14 5 16 1 7 17 1 7 14 1 1 5 4 5 10 7 15 6 5 1 8 4 3 11 7 16 8 15 0 6 
14 1 7 14 1 7 17 2 4 9 7 8 1 3 16 1 0 10 4 1 5 6 13 9 10 4 11 1 1 5 2 4 6 3 11 5 6 9 8 9 3 6 7 14 5 16 4 3 11 7 16 8 15 0 6 5 1 8 0 19 7 13 5 14 9 18 4 5 10 7 15 6 5 1 8 4 0 16 2 11 6 17 3 7 2 1 16 9 18 
13 1 0 10 4 9 6 7 13 4 5 1 8 1 4 9 4 6 9 3 11 2 10 0 16 1 8 11 4 1 5 6 13 9 10 4 11 4 5 10 7 15 6 5 1 8 1 1 5 5 1 8 0 19 7 13 5 14 9 18 5 6 9 8 9 3 6 7 14 5 16 2 1 10 0 11 4 0 16 2 11 6 17 3 7 2 4 6 3 11 
11 1 7 17 1 1 5 1 0 10 1 3 16 2 4 6 3 11 4 6 9 3 11 2 10 0 16 5 1 8 0 19 7 13 5 14 9 18 1 8 11 2 8 6 1 12 2 1 10 0 11 2 4 9 7 8 
12 1 3 16 4 3 11 7 16 8 15 0 6 1 2 14 4 1 5 6 13 9 10 4 11 1 8 11 5 6 9 8 9 3 6 7 14 5 16 2 4 6 3 11 4 0 16 2 11 6 17 3 7 2 1 10 0 11 2 1 16 2 11 4 0 8 4 14 9 15 5 12 1 0 10 
10 1 8 11 1 4 9 5 1 8 0 19 7 13 5 14 9 18 1 3 16 4 3 11 7 16 8 15 0 6 2 4 9 7 8 4 6 9 3 11 2 10 0 16 1 2 14 1 0 10 4 0 16 2 11 6 17 3 7 
11 4 9 6 7 13 4 5 1 8 4 3 11 7 16 8 15 0 6 1 3 16 2 8 6 1 12 4 5 10 7 15 6 5 1 8 4 6 9 3 11 2 10 0 16 1 1 5 1 7 14 5 6 9 8 9 3 6 7 14 5 16 2 4 6 3 11 2 1 16 9 18 
11 1 1 5 1 2 14 2 8 6 1 12 1 4 9 4 1 5 6 13 9 10 4 11 4 0 16 2 11 6 17 3 7 2 1 10 0 11 1 7 17 2 4 19 0 7 1 0 10 4 6 9 3 11 2 10 0 16 
10 4 2 11 4 8 6 11 8 17 1 0 10 2 1 16 9 18 2 1 10 0 11 4 5 10 7 15 6 5 1 8 4 3 11 7 16 8 15 0 6 1 3 16 4 0 16 2 11 6 17 3 7 4 6 9 3 11 2 10 0 16 2 1 16 2 11 
12 1 0 10 4 3 11 7 16 8 15 0 6 4 1 5 6 13 9 10 4 11 5 1 8 0 19 7 13 5 14 9 18 2 4 6 3 11 2 8 6 1 12 1 1 5 4 9 6 7 13 4 5 1 8 1 3 16 2 1 16 2 11 2 1 10 0 11 4 5 10 7 15 6 5 1 8 
14 1 7 17 4 3 11 7 16 8 15 0 6 1 2 14 2 8 6 1 12 1 7 14 4 5 10 7 15 6 5 1 8 4 6 9 3 11 2 10 0 16 4 1 5 6 13 9 10 4 11 4 0 8 4 14 9 15 5 12 2 1 10 0 11 1 3 16 4 2 11 4 8 6 11 8 17 2 4 19 0 7 4 9 6 7 13 4 5 1 8 
13 5 1 8 0 19 7 13 5 14 9 18 1 8 11 4 6 9 3 11 2 10 0 16 1 7 17 4 9 6 7 13 4 5 1 8 2 4 6 3 11 1 0 10 4 5 10 7 15 6 5 1 8 2 1 10 0 11 2 1 16 9 18 4 0 16 2 11 6 17 3 7 1 2 14 2 4 19 0 7 
11 5 1 8 0 19 7 13 5 14 9 18 5 6 9 8 9 3 6 7 14 5 16 2 4 6 3 11 4 9 6 7 13 4 5 1 8 1 2 14 4 2 11 4 8 6 11 8 17 1 8 11 2 1 10 0 11 4 1 5 6 13 9 10 4 11 1 7 14 4 0 8 4 14 9 15 5 12 
13 1 2 14 2 1 10 0 11 4 6 9 3 11 2 10 0 16 2 1 16 9 18 2 1 16 2 11 4 3 11 7 16 8 15 0 6 4 0 16 2 11 6 17 3 7 4 1 5 6 13 9 10 4 11 4 9 6 7 13 4 5 1 8 2 4 9 7 8 1 1 5 4 5 10 7 15 6 5 1 8 1 4 9 
13 4 0 16 2 11 6 17 3 7 4 1 5 6 13 9 10 4 11 4 5 10 7 15 6 5 1 8 1 2 14 2 4 6 3 11 4 3 11 7 16 8 15 0 6 1 4 9 1 0 10 1 7 17 2 8 6 1 12 5 1 8 0 19 7 13 5 14 9 18 2 1 16 2 11 2 1 16 9 18 

Dynamic Events
Machine Breakdowns (x y z): Machine {x} breakdown from time {y} to {z}
0 322 427
0 521 617
1 189 277
1 343 420
2 443 536
3 113 157
4 36 132
4 162 234
5 254 320
5 438 549
6 529 599
8 111 166
8 513 622
9 224 305

Added Jobs (first number is the time at which the job is added, then pairs of machines and process time)
92: 12 5 4 14 3 8 2 10 6 5 9 14 4 3 15 9 12 1 10 2 12 1 9 10 1 2 10 2 6 8 0 12 3 5 15 7 11 0 16 4 7 10 5 12 8 13 2 14 1 6 6 5 7 17 0 6 9 12 2 14 5 13 5 7 15 5 10 4 17 1 16 3 7 4 1 11 3 6 6 15 5 15 2 6 6 7 13 
199: 14 3 9 8 7 10 2 12 1 0 12 2 8 8 1 16 3 1 15 5 13 0 11 1 5 10 4 7 13 3 8 9 13 6 13 2 8 11 2 12 5 0 10 7 15 1 6 8 17 3 13 3 4 18 1 5 5 11 5 4 11 3 8 1 6 9 12 0 14 4 8 8 9 15 0 12 7 10 1 6 6 4 4 12 1 13 3 9 5 10 2 8 12 2 10 
162: 12 4 3 14 5 12 6 8 1 6 4 8 14 5 12 4 7 1 10 1 2 11 1 7 8 1 4 5 2 0 13 6 7 1 9 8 1 1 16 1 2 13 1 0 15 3 9 13 7 13 8 12 5 0 9 7 8 4 11 8 16 1 7 
218: 14 3 0 19 6 6 8 15 5 8 16 2 14 9 15 0 12 6 5 5 6 11 2 11 8 10 9 8 5 11 2 8 9 2 11 3 5 16 8 8 0 10 3 3 14 1 12 4 11 2 9 8 5 12 5 2 13 4 8 1 15 7 8 3 12 5 9 16 5 16 4 13 1 10 0 18 4 7 17 0 15 2 12 6 16 3 8 10 9 9 4 18 2 2 11 7 12 5 7 11 6 9 5 13 9 18 8 12 5 6 13 9 7 7 9 2 11 0 12 
56: 14 3 3 15 7 14 8 7 2 4 9 5 11 3 3 13 6 14 9 11 5 1 11 9 13 6 12 0 12 5 12 1 2 14 1 5 15 1 4 5 2 4 5 3 12 2 9 7 0 14 1 0 14 4 5 15 0 19 7 9 3 16 3 0 7 5 12 4 11 1 0 19 5 5 11 8 15 9 18 1 8 2 11 
112: 12 2 2 13 6 13 4 9 17 8 15 0 11 3 13 3 0 10 8 14 4 7 5 0 18 9 11 3 11 7 17 1 7 3 0 19 8 16 7 14 5 5 12 2 14 8 9 0 15 9 18 1 9 16 1 4 19 1 1 9 1 5 14 2 9 13 5 16 4 7 8 1 11 9 16 4 19 
189: 11 3 5 15 8 11 4 15 3 6 7 0 11 9 15 1 4 14 2 0 7 9 11 3 2 11 5 10 3 14 1 9 12 2 3 14 7 8 1 5 14 4 9 16 8 16 2 12 1 7 2 9 7 1 6 3 4 16 2 10 6 9 

Cancelled Jobs
90 0
68 2
178 16
