20 10
12 2 1 10 0 11 1 7 17 1 7 14 1 0 10 2 1 16 9 18 2 8 6 1 12 4 6 9 3 11 2 10 0 16 2 4 19 0 7 1 8 11 1 3 16 1 1 5 5 6 9 8 9 3 6 7 14 5 16 
13 1 7 17 2 4 6 3 11 2 1 10 0 11 2 4 9 7 8 2 1 16 2 11 4 0 8 4 14 9 15 5 12 4 5 10 7 15 6 5 1 8 2 4 19 0 7 4 6 9 3 11 2 10 0 16 1 0 10 4 0 16 2 11 6 17 3 7 1 3 16 4 2 11 4 8 6 11 8 17 
11 4 5 10 7 15 6 5 1 8 2 4 9 7 8 2 1 16 9 18 2 1 10 0 11 5 6 9 8 9 3 6 7 14 5 16 1 3 16 2 4 19 0 7 1 0 10 2 4 6 3 11 2 1 16 2 11 1 2 14 
11 4 0 8 4 14 9 15 5 12 2 4 19 0 7 4 3 11 7 16 8 15 0 6 1 7 14 1 3 16 1 7 17 4 0 16 2 11 6 17 3 7 4 9 6 7 13 4 5 1 8 1 2 14 4 6 9 3 11 2 10 0 16 1 0 10 
14 1 7 17 1 3 16 1 4 9 4 9 6 7 13 4 5 1 8 4 0 16 2 11 6 17 3 7 2 1 16 9 18 4 5 10 7 15 6 5 1 8 1 7 14 2 4 6 3 11 4 1 5 6 13 9 10 4 11 5 6 9 8 9 3 6 7 14 5 16 2 4 9 7 8 4 0 8 4 14 9 15 5 12 2 4 19 0 7 
11 4 1 5 6 13 9 10 4 11 2 1 16 9 18 1 0 10 1 2 14 1 4 9 5 6 9 8 9 3 6 7 14 5 16 1 7 17 1 7 14 1 1 5 4 5 10 7 15 6 5 1 8 4 3 11 7 16 8 15 0 6 
14 1 7 14 1 7 17 2 4 9 7 8 1 3 16 1 0 10 4 1 5 6 13 9 10 4 11 1 1 5 2 4 6 3 11 5 6 9 8 9 3 6 7 14 5 16 4 3 11 7 16 8 15 0 6 5 1 8 0 19 7 13 5 14 9 18 4 5 10 7 15 6 5 1 8 4 0 16 2 11 6 17 3 7 2 1 16 9 18 
13 1 0 10 4 9 6 7 13 4 5 1 8 1 4 9 4 6 9 3 11 2 10 0 16 1 8 11 4 1 5 6 13 9 10 4 11 4 5 10 7 15 6 5 1 8 1 1 5 5 1 8 0 19 7 13 5 14 9 18 5 6 9 8 9 3 6 7 14 5 16 2 1 10 0 11 4 0 16 2 11 6 17 3 7 2 4 6 3 11 
11 1 7 17 1 1 5 1 0 10 1 3 16 2 4 6 3 11 4 6 9 3 11 2 10 0 16 5 1 8 0 19 7 13 5 14 9 18 1 8 11 2 8 6 1 12 2 1 10 0 11 2 4 9 7 8 
12 1 3 16 4 3 11 7 16 8 15 0 6 1 2 14 4 1 5 6 13 9 10 4 11 1 8 11 5 6 9 8 9 3 6 7 14 5 16 2 4 6 3 11 4 0 16 2 11 6 17 3 7 2 1 10 0 11 2 1 16 2 11 4 0 8 4 14 9 15 5 12 1 0 10 
10 1 8 11 1 4 9 5 1 8 0 19 7 13 5 14 9 18 1 3 16 4 3 11 7 16 8 15 0 6 2 4 9 7 8 4 6 9 3 11 2 10 0 16 1 2 14 1 0 10 4 0 16 2 11 6 17 3 7 
11 4 9 6 7 13 4 5 1 8 4 3 11 7 16 8 15 0 6 1 3 16 2 8 6 1 12 4 5 10 7 15 6 5 1 8 4 6 9 3 11 2 10 0 16 1 1 5 1 7 14 5 6 9 8 9 3 6 7 14 5 16 2 4 6 3 11 2 1 16 9 18 
11 1 1 5 1 2 14 2 8 6 1 12 1 4 9 4 1 5 6 13 9 10 4 11 4 0 16 2 11 6 17 3 7 2 1 10 0 11 1 7 17 2 4 19 0 7 1 0 10 4 6 9 3 11 2 10 0 16 
10 4 2 11 4 8 6 11 8 17 1 0 10 2 1 16 9 18 2 1 10 0 11 4 5 10 7 15 6 5 1 8 4 3 11 7 16 8 15 0 6 1 3 16 4 0 16 2 11 6 17 3 7 4 6 9 3 11 2 10 0 16 2 1 16 2 11 
12 1 0 10 4 3 11 7 16 8 15 0 6 4 1 5 6 13 9 10 4 11 5 1 8 0 19 7 13 5 14 9 18 2 4 6 3 11 2 8 6 1 12 1 1 5 4 9 6 7 13 4 5 1 8 1 3 16 2 1 16 2 11 2 1 10 0 11 4 5 10 7 15 6 5 1 8 
14 1 7 17 4 3 11 7 16 8 15 0 6 1 2 14 2 8 6 1 12 1 7 14 4 5 10 7 15 6 5 1 8 4 6 9 3 11 2 10 0 16 4 1 5 6 13 9 10 4 11 4 0 8 4 14 9 15 5 12 2 1 10 0 11 1 3 16 4 2 11 4 8 6 11 8 17 2 4 19 0 7 4 9 6 7 13 4 5 1 8 
13 5 1 8 0 19 7 13 5 14 9 18 1 8 11 4 6 9 3 11 2 10 0 16 1 7 17 4 9 6 7 13 4 5 1 8 2 4 6 3 11 1 0 10 4 5 10 7 15 6 5 1 8 2 1 10 0 11 2 1 16 9 18 4 0 16 2 11 6 17 3 7 1 2 14 2 4 19 0 7 
11 5 1 8 0 19 7 13 5 14 9 18 5 6 9 8 9 3 6 7 14 5 16 2 4 6 3 11 4 9 6 7 13 4 5 1 8 1 2 14 4 2 11 4 8 6 11 8 17 1 8 11 2 1 10 0 11 4 1 5 6 13 9 10 4 11 1 7 14 4 0 8 4 14 9 15 5 12 
13 1 2 14 2 1 10 0 11 4 6 9 3 11 2 10 0 16 2 1 16 9 18 2 1 16 2 11 4 3 11 7 16 8 15 0 6 4 0 16 2 11 6 17 3 7 4 1 5 6 13 9 10 4 11 4 9 6 7 13 4 5 1 8 2 4 9 7 8 1 1 5 4 5 10 7 15 6 5 1 8 1 4 9 
13 4 0 16 2 11 6 17 3 7 4 1 5 6 13 9 10 4 11 4 5 10 7 15 6 5 1 8 1 2 14 2 4 6 3 11 4 3 11 7 16 8 15 0 6 1 4 9 1 0 10 1 7 17 2 8 6 1 12 5 1 8 0 19 7 13 5 14 9 18 2 1 16 2 11 2 1 16 9 18 

Dynamic Events
Machine Breakdowns (x y z): Machine {x} breakdown from time {y} to {z}
1 26 63
2 308 413
2 491 572
4 409 459
5 140 240
6 224 322
7 56 120
7 488 565
8 401 478
9 468 573

Added Jobs (first number is the time at which the job is added, then pairs of machines and process time)
124: 12 5 4 17 0 18 5 15 9 6 6 17 4 0 16 5 15 2 12 8 15 2 3 7 1 16 4 3 7 7 10 6 11 9 18 2 4 17 0 6 2 4 13 5 13 5 0 11 3 10 2 13 4 14 7 16 2 7 10 6 10 2 3 9 2 14 3 8 14 0 10 2 14 5 6 11 7 8 9 10 1 7 4 19 5 5 11 9 7 7 9 3 11 0 17 
144: 12 1 9 15 2 1 9 7 10 4 9 10 8 16 7 17 6 12 2 7 11 6 10 4 2 13 9 17 1 14 4 15 4 5 14 4 7 8 6 6 10 3 8 6 9 8 5 11 4 3 8 1 14 0 19 5 15 3 7 14 1 6 8 16 5 6 5 9 13 4 5 3 13 1 5 1 9 10 4 7 10 2 11 6 13 9 18 
40: 14 4 9 14 0 16 3 14 1 10 4 5 11 9 6 1 6 7 8 2 2 13 8 6 3 8 9 2 12 5 15 1 7 11 3 8 17 3 9 6 8 3 8 7 5 10 6 12 1 4 12 3 2 12 5 16 9 9 3 7 14 4 11 8 15 3 9 7 4 17 7 12 4 4 17 0 9 2 14 1 11 3 7 16 6 12 5 13 2 9 7 7 9 

Cancelled Jobs
154 4
