30 10
6 1 9 28 2 8 14 5 10 2 4 22 9 15 2 6 24 4 18 2 2 10 0 10 1 7 18 
6 2 2 12 8 12 2 8 14 5 10 1 4 17 1 6 10 1 0 15 2 9 12 4 11 
6 2 0 22 4 29 1 4 28 2 2 18 6 16 1 7 18 2 6 17 3 19 2 8 14 5 10 
8 1 1 13 2 2 12 8 12 2 7 26 5 26 1 7 22 1 7 13 1 6 10 1 5 23 2 2 10 0 10 
8 2 6 17 3 19 1 4 28 2 9 28 3 20 2 4 16 5 11 1 7 22 1 4 17 2 4 22 9 15 2 7 26 5 26 
7 2 6 17 3 19 1 6 11 2 2 18 6 16 1 0 15 1 4 28 1 7 19 2 5 29 7 16 
5 2 6 24 4 18 2 9 12 4 11 1 6 29 2 8 14 5 10 1 7 22 
6 2 2 10 0 10 2 6 11 4 25 2 9 28 3 20 1 1 13 1 7 18 1 6 10 
6 2 9 28 3 20 2 6 11 4 25 2 2 12 8 12 1 7 19 1 6 11 1 5 23 
5 2 9 28 3 20 2 6 11 4 25 2 8 14 5 10 2 8 12 1 23 2 2 10 0 10 
5 1 4 28 1 7 19 2 8 14 5 10 1 6 29 2 9 28 3 20 
7 1 5 23 2 2 18 6 16 2 0 22 4 29 1 7 18 1 4 17 1 7 22 1 6 10 
5 1 9 28 2 2 18 6 16 1 6 11 1 5 23 1 7 19 
5 1 6 10 2 4 16 5 11 2 7 26 5 26 2 6 24 4 18 1 6 29 
6 2 8 14 5 10 2 4 22 9 15 2 6 11 4 25 2 9 28 3 20 2 9 14 6 26 1 6 10 
8 2 9 12 4 11 2 6 11 4 25 1 6 10 1 4 28 1 7 19 1 1 13 1 4 17 2 2 12 8 12 
7 1 6 10 2 2 10 0 10 2 9 14 6 26 1 9 28 1 6 11 1 0 15 1 6 29 
5 1 7 22 1 1 13 1 0 15 2 2 10 0 10 2 0 22 4 29 
9 1 7 13 1 4 28 1 6 10 2 2 12 8 12 2 9 28 3 20 2 5 29 7 16 1 1 13 1 7 19 1 7 18 
8 1 6 10 1 1 13 2 9 14 6 26 1 5 23 1 6 29 2 9 12 4 11 2 0 22 4 29 1 6 11 
7 2 6 11 4 25 1 5 23 2 9 28 3 20 1 6 29 1 4 17 2 6 24 4 18 2 5 29 7 16 
6 2 4 16 5 11 1 7 19 1 6 10 2 0 22 4 29 1 4 28 2 6 24 4 18 
8 2 2 18 6 16 1 0 15 1 7 13 1 6 10 1 6 11 2 6 17 3 19 1 7 19 2 0 22 4 29 
7 1 6 29 2 9 28 3 20 2 4 22 9 15 1 5 23 2 9 12 4 11 2 5 29 7 16 1 6 10 
9 2 9 28 3 20 2 8 14 5 10 1 9 28 1 1 13 1 7 19 2 6 17 3 19 2 4 16 5 11 1 6 11 1 5 23 
6 2 8 12 1 23 1 6 10 1 9 28 2 9 12 4 11 2 9 14 6 26 2 8 14 5 10 
5 2 8 12 1 23 1 0 15 2 4 22 9 15 1 6 11 1 5 23 
6 1 7 22 1 0 15 2 6 17 3 19 2 2 18 6 16 1 7 13 2 9 14 6 26 
5 1 7 22 2 6 11 4 25 1 7 19 2 2 18 6 16 1 5 23 
6 1 7 22 2 6 11 4 25 1 6 10 2 8 14 5 10 2 2 10 0 10 2 8 12 1 23 

Dynamic Events
Machine Breakdowns (x y z): Machine {x} breakdown from time {y} to {z}
0 689 773
1 703 813
2 495 567
3 184 280
3 624 753
4 201 347
6 511 657
7 407 494
8 468 556
8 703 833
9 53 178
9 242 388

Added Jobs (first number is the time at which the job is added, then pairs of machines and process time)
113: 7 1 1 23 2 1 15 5 26 1 9 20 1 0 18 2 9 26 8 12 1 9 19 2 8 13 2 11 
70: 7 2 6 12 9 15 2 4 19 8 14 1 5 12 2 2 16 8 14 2 4 24 6 18 1 0 18 2 6 23 5 22 
40: 6 1 5 14 2 0 19 7 18 2 8 14 4 17 1 2 14 2 5 20 4 26 1 0 22 
207: 5 2 1 21 2 10 1 9 27 1 3 20 2 1 15 0 13 1 7 25 
293: 9 1 9 25 2 5 28 3 19 1 9 22 2 4 20 5 28 1 2 12 1 2 11 2 0 22 8 13 2 3 20 5 28 1 8 14 

Cancelled Jobs
248 2
71 5
42 17
400 21
12 23
