100 60
5 4 0 11 1 16 2 25 3 10 44 4 21 5 15 6 24 7 24 12 28 13 28 14 17 15 26 16 27 17 28 18 24 19 22 20 26 21 15 22 25 23 23 24 14 25 21 26 14 27 21 28 14 29 13 30 11 31 18 32 16 33 27 34 29 35 10 40 18 41 11 42 22 43 23 44 17 45 28 46 16 47 16 48 10 49 28 50 19 51 20 52 26 53 11 54 15 55 26 52 4 29 5 17 6 20 7 19 8 11 9 29 10 22 11 16 12 23 13 24 14 24 15 22 16 18 17 19 18 16 19 14 20 26 21 25 22 28 23 27 24 17 25 14 26 12 27 21 28 11 29 26 30 26 31 26 32 26 33 30 34 29 35 30 36 25 37 20 38 30 39 21 40 18 41 18 42 23 43 20 44 22 45 12 46 16 47 30 48 12 49 15 50 11 51 18 52 29 53 24 54 27 55 20 44 8 18 9 17 10 22 11 22 12 25 13 12 14 30 15 16 16 28 17 26 18 16 19 14 20 11 21 13 22 24 23 26 28 29 29 18 30 12 31 19 32 25 33 28 34 18 35 27 36 22 37 27 38 16 39 17 40 21 41 19 42 11 43 18 44 28 45 25 46 19 47 21 48 10 49 22 50 13 51 20 52 25 53 28 54 20 55 23 4 56 12 57 24 58 10 59 10 
5 4 0 11 1 21 2 12 3 18 32 4 10 5 26 6 16 7 19 20 17 21 29 22 25 23 10 28 23 29 22 30 29 31 20 32 24 33 17 34 15 35 11 36 17 37 11 38 17 39 19 40 19 41 22 42 13 43 20 44 16 45 22 46 14 47 15 48 24 49 14 50 16 51 17 32 4 16 5 27 6 11 7 25 16 24 17 22 18 11 19 29 20 19 21 27 22 11 23 19 24 12 25 30 26 15 27 21 28 27 29 26 30 26 31 17 32 15 33 17 34 12 35 24 44 13 45 21 46 27 47 22 48 21 49 15 50 22 51 30 32 4 14 5 20 6 19 7 30 8 29 9 16 10 29 11 25 12 16 13 27 14 13 15 19 16 18 17 27 18 29 19 20 28 18 29 16 30 12 31 29 32 14 33 19 34 11 35 18 44 10 45 15 46 22 47 15 52 15 53 15 54 21 55 26 4 56 20 57 13 58 19 59 13 
5 4 0 30 1 10 2 13 3 10 4 28 11 29 25 30 30 31 10 12 4 26 5 29 6 14 7 24 28 13 29 14 30 12 31 19 36 27 37 15 38 18 39 29 48 4 30 5 10 6 20 7 30 8 21 9 25 10 27 11 11 12 25 13 26 14 22 15 27 16 12 17 20 18 18 19 12 20 10 21 26 22 18 23 25 24 14 25 21 26 25 27 18 32 28 33 28 34 14 35 24 36 22 37 22 38 13 39 22 40 28 41 21 42 25 43 13 44 16 45 22 46 30 47 25 48 18 49 17 50 22 51 14 52 26 53 23 54 12 55 10 4 56 26 57 27 58 25 59 17 
5 4 0 28 1 21 2 27 3 21 40 4 17 5 24 6 24 7 30 12 29 13 28 14 25 15 21 20 17 21 27 22 12 23 21 24 17 25 27 26 24 27 26 28 17 29 16 30 27 31 23 32 30 33 23 34 14 35 15 36 11 37 22 38 20 39 29 40 14 41 19 42 11 43 19 48 19 49 19 50 25 51 15 52 30 53 16 54 24 55 21 32 8 16 9 23 10 14 11 29 12 30 13 10 14 18 15 10 20 15 21 28 22 27 23 25 24 13 25 12 26 14 27 19 36 25 37 22 38 27 39 26 44 17 45 29 46 21 47 27 48 15 49 11 50 18 51 13 52 29 53 17 54 22 55 20 24 12 21 13 17 14 20 15 19 16 12 17 28 18 22 19 17 20 22 21 25 22 21 23 16 28 28 29 10 30 30 31 28 40 22 41 18 42 25 43 15 48 25 49 25 50 26 51 17 4 56 11 57 30 58 21 59 23 
5 4 0 26 1 30 2 30 3 21 48 4 18 5 16 6 29 7 26 8 26 9 21 10 17 11 19 12 28 13 10 14 24 15 13 16 20 17 27 18 17 19 28 20 10 21 24 22 24 23 13 24 16 25 15 26 25 27 13 28 28 29 18 30 13 31 25 32 17 33 28 34 27 35 29 36 20 37 20 38 17 39 24 40 17 41 16 42 11 43 21 44 29 45 10 46 20 47 23 48 26 49 17 50 21 51 12 48 4 15 5 19 6 22 7 20 8 21 9 16 10 13 11 30 12 24 13 23 14 15 15 21 16 24 17 25 18 15 19 12 20 13 21 27 22 20 23 12 24 16 25 29 26 11 27 15 28 16 29 28 30 19 31 19 32 17 33 19 34 15 35 17 36 29 37 15 38 14 39 29 40 25 41 14 42 21 43 30 48 17 49 16 50 22 51 28 52 18 53 14 54 14 55 24 44 4 16 5 27 6 23 7 21 8 13 9 21 10 29 11 27 16 21 17 11 18 15 19 28 20 16 21 12 22 25 23 28 24 15 25 29 26 18 27 30 32 22 33 13 34 15 35 24 36 29 37 11 38 12 39 30 40 13 41 22 42 20 43 26 44 13 45 15 46 17 47 19 48 23 49 24 50 15 51 25 52 29 53 17 54 20 55 14 4 56 19 57 11 58 25 59 27 
5 4 0 17 1 19 2 11 3 23 48 4 30 5 20 6 21 7 13 8 10 9 26 10 20 11 17 12 20 13 26 14 22 15 13 16 24 17 18 18 27 19 20 20 27 21 15 22 22 23 24 24 19 25 17 26 23 27 26 32 18 33 16 34 22 35 19 36 14 37 29 38 30 39 16 40 30 41 25 42 24 43 11 44 30 45 13 46 12 47 18 48 12 49 26 50 14 51 21 52 13 53 19 54 27 55 10 44 4 21 5 26 6 10 7 17 8 23 9 11 10 22 11 23 16 18 17 17 18 27 19 18 24 13 25 26 26 27 27 28 28 11 29 20 30 25 31 17 32 14 33 16 34 26 35 30 36 13 37 15 38 17 39 25 40 26 41 23 42 27 43 13 44 24 45 19 46 19 47 20 48 24 49 15 50 11 51 12 52 14 53 11 54 13 55 27 36 4 15 5 28 6 28 7 30 12 15 13 16 14 13 15 26 16 11 17 26 18 13 19 29 28 18 29 28 30 11 31 27 36 27 37 26 38 14 39 22 40 24 41 26 42 14 43 16 44 16 45 25 46 10 47 22 48 22 49 10 50 21 51 29 52 30 53 30 54 17 55 17 4 56 25 57 29 58 13 59 13 
5 4 0 30 1 28 2 18 3 13 36 4 14 5 26 6 10 7 23 12 30 13 23 14 20 15 16 16 28 17 23 18 29 19 16 20 16 21 11 22 30 23 28 24 14 25 22 26 17 27 14 28 11 29 10 30 30 31 27 32 15 33 11 34 22 35 18 36 18 37 25 38 14 39 14 44 28 45 15 46 25 47 13 32 8 23 9 14 10 10 11 16 12 28 13 25 14 26 15 16 16 13 17 21 18 28 19 27 20 17 21 29 22 20 23 18 24 11 25 28 26 17 27 19 40 14 41 13 42 15 43 23 48 21 49 16 50 22 51 16 52 26 53 21 54 21 55 29 20 8 13 9 29 10 25 11 17 20 13 21 27 22 16 23 25 32 10 33 23 34 30 35 22 36 27 37 22 38 15 39 24 48 26 49 14 50 27 51 23 4 56 23 57 12 58 29 59 24 
5 4 0 17 1 22 2 26 3 24 36 4 22 5 20 6 14 7 24 12 29 13 24 14 16 15 21 16 25 17 24 18 13 19 28 24 23 25 26 26 14 27 15 28 19 29 23 30 23 31 30 32 20 33 26 34 12 35 18 40 26 41 22 42 18 43 16 44 23 45 26 46 22 47 22 52 12 53 11 54 17 55 12 8 20 29 21 24 22 21 23 19 52 16 53 17 54 30 55 15 16 12 19 13 13 14 23 15 15 28 22 29 12 30 30 31 10 40 14 41 17 42 25 43 29 52 20 53 24 54 13 55 25 4 56 25 57 27 58 11 59 28 
5 4 0 18 1 11 2 14 3 22 16 4 28 5 16 6 30 7 16 16 15 17 18 18 21 19 24 32 22 33 27 34 27 35 25 40 23 41 24 42 16 43 16 52 4 27 5 25 6 29 7 15 8 28 9 29 10 11 11 14 12 17 13 20 14 22 15 15 16 22 17 11 18 18 19 24 20 17 21 28 22 10 23 28 24 25 25 23 26 17 27 18 28 13 29 16 30 26 31 14 32 10 33 14 34 18 35 26 36 30 37 19 38 29 39 17 40 12 41 28 42 26 43 14 44 12 45 23 46 18 47 19 48 12 49 17 50 14 51 23 52 14 53 23 54 10 55 21 4 16 26 17 15 18 17 19 15 4 56 26 57 16 58 11 59 22 
5 4 0 22 1 20 2 15 3 18 4 32 13 33 22 34 30 35 16 44 4 22 5 14 6 28 7 14 8 30 9 17 10 18 11 28 12 22 13 29 14 10 15 20 16 18 17 24 18 16 19 29 20 25 21 25 22 15 23 28 24 18 25 15 26 17 27 14 28 23 29 28 30 14 31 10 32 28 33 30 34 16 35 14 40 27 41 24 42 29 43 23 44 15 45 21 46 30 47 22 52 14 53 14 54 14 55 15 8 16 29 17 19 18 15 19 24 24 15 25 17 26 18 27 11 4 56 27 57 27 58 25 59 19 
5 4 0 18 1 28 2 15 3 22 52 4 27 5 16 6 15 7 14 8 17 9 12 10 24 11 20 12 28 13 28 14 27 15 15 16 17 17 23 18 23 19 11 20 18 21 30 22 15 23 16 24 20 25 19 26 24 27 24 28 30 29 18 30 10 31 16 32 19 33 21 34 18 35 15 36 29 37 24 38 10 39 29 40 27 41 11 42 10 43 10 44 19 45 20 46 19 47 11 48 25 49 20 50 18 51 29 52 21 53 28 54 10 55 10 4 24 16 25 25 26 17 27 16 28 12 21 13 24 14 28 15 21 16 28 17 23 18 11 19 22 24 21 25 10 26 30 27 14 36 16 37 18 38 12 39 14 40 11 41 16 42 21 43 30 44 12 45 18 46 20 47 16 52 24 53 17 54 10 55 14 4 56 19 57 27 58 12 59 14 
5 4 0 11 1 14 2 14 3 21 52 4 14 5 15 6 16 7 22 8 15 9 27 10 10 11 17 12 20 13 30 14 23 15 11 16 22 17 23 18 15 19 30 20 19 21 28 22 23 23 16 24 19 25 14 26 14 27 10 28 19 29 15 30 23 31 14 32 27 33 21 34 28 35 15 36 22 37 14 38 11 39 20 40 28 41 14 42 10 43 29 44 25 45 27 46 12 47 19 48 22 49 16 50 28 51 25 52 10 53 26 54 27 55 26 8 4 24 5 17 6 27 7 23 16 27 17 30 18 21 19 24 24 4 22 5 29 6 19 7 14 16 12 17 10 18 15 19 27 28 17 29 14 30 10 31 22 32 21 33 30 34 28 35 20 40 13 41 27 42 19 43 23 52 28 53 25 54 25 55 10 4 56 23 57 24 58 11 59 18 
5 4 0 18 1 24 2 13 3 22 12 12 20 13 17 14 15 15 12 32 13 33 13 34 18 35 30 40 28 41 30 42 22 43 14 8 8 14 9 28 10 28 11 23 44 15 45 29 46 23 47 10 44 4 20 5 19 6 30 7 22 8 15 9 20 10 11 11 29 16 30 17 17 18 18 19 12 20 10 21 22 22 10 23 21 24 10 25 15 26 14 27 22 28 15 29 11 30 12 31 26 32 11 33 24 34 12 35 21 36 23 37 19 38 25 39 24 40 30 41 29 42 26 43 19 44 30 45 22 46 15 47 26 48 24 49 13 50 15 51 25 4 56 26 57 10 58 19 59 30 
5 4 0 22 1 26 2 30 3 22 40 4 20 5 30 6 24 7 28 8 18 9 11 10 21 11 25 12 15 13 23 14 22 15 14 16 27 17 30 18 13 19 20 20 25 21 26 22 13 23 23 28 12 29 25 30 21 31 13 32 17 33 11 34 13 35 28 36 29 37 24 38 21 39 25 40 27 41 29 42 22 43 26 52 10 53 29 54 22 55 16 20 4 27 5 12 6 10 7 23 20 17 21 13 22 15 23 14 24 15 25 23 26 29 27 19 44 24 45 17 46 22 47 22 52 25 53 26 54 28 55 23 28 4 28 5 30 6 17 7 11 28 23 29 22 30 19 31 15 32 13 33 15 34 17 35 21 36 17 37 19 38 12 39 11 44 15 45 27 46 17 47 26 48 21 49 14 50 24 51 23 52 23 53 11 54 22 55 18 4 56 30 57 16 58 27 59 20 
5 4 0 23 1 29 2 28 3 20 24 20 11 21 16 22 20 23 17 28 23 29 24 30 15 31 13 36 21 37 29 38 23 39 14 44 23 45 15 46 12 47 14 48 29 49 16 50 14 51 16 52 29 53 20 54 18 55 11 28 16 16 17 26 18 24 19 14 20 24 21 14 22 12 23 15 28 15 29 20 30 22 31 17 32 10 33 12 34 25 35 21 44 14 45 29 46 24 47 12 48 22 49 29 50 26 51 11 52 22 53 11 54 30 55 30 28 4 12 5 10 6 24 7 15 16 30 17 12 18 17 19 25 32 22 33 18 34 16 35 24 36 30 37 10 38 16 39 30 40 30 41 13 42 23 43 12 48 19 49 12 50 14 51 25 52 20 53 22 54 22 55 20 4 56 18 57 25 58 13 59 20 
5 4 0 29 1 17 2 22 3 20 8 4 30 5 18 6 11 7 11 24 29 25 30 26 20 27 18 52 4 23 5 23 6 26 7 29 8 18 9 20 10 20 11 23 12 28 13 23 14 12 15 14 16 23 17 20 18 28 19 26 20 28 21 18 22 15 23 13 24 23 25 18 26 22 27 17 28 26 29 10 30 30 31 14 32 24 33 15 34 24 35 29 36 13 37 30 38 23 39 13 40 15 41 19 42 16 43 20 44 13 45 13 46 28 47 27 48 16 49 12 50 10 51 15 52 27 53 19 54 17 55 16 8 8 29 9 15 10 24 11 27 24 13 25 15 26 18 27 15 4 56 23 57 11 58 10 59 14 
5 4 0 19 1 13 2 11 3 14 12 40 19 41 28 42 26 43 21 44 20 45 11 46 17 47 14 48 27 49 15 50 20 51 13 52 4 14 5 12 6 21 7 11 8 21 9 29 10 12 11 29 12 11 13 27 14 26 15 20 16 16 17 26 18 15 19 17 20 30 21 14 22 29 23 25 24 30 25 13 26 24 27 26 28 11 29 26 30 19 31 12 32 18 33 17 34 23 35 17 36 25 37 10 38 21 39 14 40 30 41 28 42 11 43 11 44 25 45 29 46 20 47 18 48 23 49 28 50 16 51 22 52 27 53 22 54 20 55 19 32 4 22 5 22 6 24 7 18 12 24 13 16 14 11 15 15 16 19 17 18 18 26 19 11 20 23 21 14 22 11 23 13 24 26 25 25 26 18 27 10 28 28 29 12 30 13 31 11 40 15 41 18 42 19 43 16 52 22 53 26 54 27 55 27 4 56 15 57 29 58 27 59 23 
5 4 0 23 1 19 2 23 3 23 20 4 17 5 28 6 21 7 15 16 16 17 28 18 10 19 19 28 28 29 25 30 18 31 12 32 28 33 23 34 21 35 27 44 20 45 30 46 10 47 25 36 4 24 5 16 6 12 7 18 8 23 9 18 10 10 11 14 12 20 13 22 14 11 15 16 16 11 17 22 18 29 19 24 20 20 21 15 22 23 23 17 24 21 25 10 26 24 27 14 32 28 33 17 34 14 35 17 36 25 37 30 38 29 39 28 52 17 53 10 54 28 55 25 4 28 29 29 28 30 11 31 26 4 56 17 57 20 58 10 59 25 
5 4 0 30 1 26 2 10 3 28 12 20 12 21 22 22 30 23 23 28 13 29 11 30 20 31 10 52 11 53 12 54 30 55 20 40 12 17 13 19 14 16 15 17 16 11 17 12 18 22 19 25 24 16 25 23 26 17 27 12 28 15 29 28 30 29 31 20 32 15 33 16 34 10 35 16 36 29 37 14 38 26 39 10 40 10 41 12 42 21 43 20 44 16 45 29 46 17 47 20 48 17 49 26 50 14 51 28 52 26 53 13 54 20 55 10 40 4 15 5 30 6 18 7 16 8 27 9 10 10 23 11 12 12 13 13 11 14 12 15 22 16 29 17 17 18 17 19 21 20 25 21 28 22 15 23 12 24 18 25 21 26 25 27 18 28 30 29 13 30 27 31 17 32 13 33 25 34 25 35 12 36 27 37 13 38 24 39 24 48 14 49 18 50 18 51 25 4 56 14 57 21 58 25 59 19 
5 4 0 26 1 29 2 12 3 11 24 4 18 5 10 6 15 7 15 8 23 9 13 10 22 11 20 16 19 17 17 18 17 19 17 20 30 21 22 22 15 23 30 24 21 25 29 26 29 27 27 52 24 53 19 54 20 55 22 4 20 17 21 26 22 25 23 23 48 4 29 5 17 6 28 7 25 8 25 9 27 10 15 11 11 12 23 13 12 14 21 15 21 16 30 17 19 18 10 19 12 20 30 21 13 22 22 23 15 24 12 25 14 26 24 27 29 28 20 29 26 30 28 31 25 32 23 33 16 34 15 35 17 36 27 37 16 38 10 39 14 40 11 41 21 42 17 43 13 48 17 49 29 50 10 51 17 52 13 53 18 54 22 55 17 4 56 23 57 19 58 18 59 22 
5 4 0 24 1 25 2 22 3 16 32 4 19 5 25 6 29 7 25 8 30 9 19 10 18 11 22 12 30 13 21 14 18 15 17 20 16 21 30 22 19 23 26 28 13 29 22 30 20 31 16 36 15 37 11 38 30 39 17 44 19 45 18 46 16 47 15 52 16 53 10 54 20 55 12 48 4 13 5 25 6 23 7 30 8 14 9 27 10 21 11 24 12 30 13 14 14 22 15 12 20 12 21 13 22 16 23 28 24 24 25 12 26 14 27 24 28 25 29 30 30 21 31 28 32 13 33 27 34 16 35 14 36 16 37 20 38 28 39 28 40 27 41 16 42 26 43 17 44 15 45 26 46 22 47 27 48 28 49 28 50 29 51 23 52 13 53 20 54 25 55 11 48 4 14 5 28 6 25 7 23 12 18 13 20 14 21 15 17 16 10 17 11 18 27 19 12 20 10 21 24 22 30 23 24 24 30 25 22 26 27 27 11 28 28 29 12 30 30 31 29 32 20 33 10 34 23 35 22 36 23 37 21 38 13 39 18 40 28 41 15 42 19 43 30 44 29 45 16 46 18 47 18 48 24 49 23 50 25 51 24 52 19 53 14 54 22 55 27 4 56 12 57 17 58 18 59 13 
5 4 0 24 1 16 2 22 3 15 16 8 25 9 19 10 28 11 13 28 17 29 17 30 30 31 30 36 29 37 29 38 23 39 29 48 12 49 18 50 17 51 23 36 4 15 5 22 6 17 7 10 8 14 9 13 10 30 11 29 12 28 13 23 14 24 15 15 16 23 17 20 18 27 19 19 24 19 25 24 26 27 27 18 40 10 41 22 42 20 43 14 44 30 45 15 46 22 47 18 48 24 49 24 50 23 51 17 52 17 53 16 54 17 55 26 20 4 22 5 16 6 21 7 28 24 21 25 23 26 10 27 11 32 29 33 11 34 27 35 29 40 27 41 15 42 27 43 28 48 30 49 23 50 24 51 16 4 56 17 57 26 58 13 59 23 
5 4 0 22 1 27 2 22 3 18 4 32 19 33 14 34 13 35 17 44 8 29 9 26 10 20 11 27 12 10 13 28 14 14 15 24 16 25 17 17 18 19 19 24 20 27 21 29 22 18 23 10 24 18 25 28 26 10 27 15 28 10 29 18 30 13 31 28 36 11 37 24 38 20 39 17 40 14 41 29 42 11 43 29 44 23 45 16 46 12 47 26 48 13 49 27 50 25 51 26 52 16 53 14 54 12 55 10 4 52 28 53 14 54 23 55 13 4 56 25 57 16 58 30 59 24 
5 4 0 26 1 13 2 12 3 17 28 8 16 9 19 10 29 11 25 12 30 13 15 14 12 15 13 24 20 25 12 26 23 27 12 36 30 37 25 38 23 39 14 40 26 41 30 42 18 43 30 48 25 49 25 50 25 51 25 52 18 53 10 54 29 55 26 48 4 24 5 17 6 25 7 24 12 11 13 15 14 24 15 10 16 26 17 11 18 22 19 18 20 18 21 18 22 10 23 27 24 18 25 17 26 23 27 24 28 15 29 29 30 11 31 19 32 22 33 18 34 13 35 29 36 18 37 19 38 15 39 17 40 26 41 26 42 10 43 27 44 28 45 26 46 24 47 24 48 29 49 28 50 16 51 26 52 14 53 23 54 23 55 16 4 40 28 41 19 42 13 43 28 4 56 29 57 27 58 25 59 19 
5 4 0 13 1 30 2 24 3 11 20 12 18 13 20 14 29 15 11 20 24 21 16 22 10 23 27 24 27 25 25 26 24 27 20 28 13 29 29 30 17 31 20 40 11 41 16 42 28 43 23 24 8 15 9 26 10 16 11 27 12 26 13 17 14 13 15 26 16 16 17 19 18 21 19 19 24 24 25 19 26 30 27 15 28 12 29 22 30 24 31 16 48 26 49 17 50 23 51 14 36 12 14 13 23 14 10 15 15 16 13 17 25 18 28 19 21 20 13 21 20 22 11 23 30 32 29 33 21 34 18 35 16 36 30 37 24 38 22 39 13 40 14 41 11 42 29 43 16 44 10 45 12 46 15 47 30 48 14 49 12 50 26 51 15 52 11 53 24 54 28 55 23 4 56 11 57 28 58 17 59 16 
5 4 0 10 1 27 2 19 3 15 52 4 11 5 13 6 14 7 10 8 30 9 22 10 26 11 16 12 20 13 17 14 17 15 27 16 21 17 15 18 23 19 12 20 11 21 21 22 26 23 29 24 23 25 15 26 21 27 14 28 14 29 15 30 12 31 22 32 20 33 11 34 25 35 23 36 24 37 30 38 16 39 28 40 30 41 12 42 16 43 30 44 20 45 18 46 18 47 15 48 12 49 18 50 26 51 27 52 26 53 27 54 23 55 15 4 48 24 49 15 50 24 51 20 28 4 27 5 24 6 13 7 27 12 25 13 18 14 29 15 27 16 10 17 24 18 26 19 19 28 20 29 25 30 10 31 29 36 14 37 14 38 22 39 16 48 23 49 24 50 21 51 10 52 10 53 10 54 18 55 30 4 56 16 57 24 58 30 59 12 
5 4 0 24 1 26 2 11 3 29 52 4 24 5 29 6 11 7 23 8 15 9 21 10 26 11 19 12 23 13 21 14 28 15 21 16 11 17 26 18 10 19 10 20 11 21 19 22 28 23 23 24 20 25 15 26 25 27 23 28 17 29 22 30 15 31 25 32 26 33 25 34 30 35 19 36 14 37 25 38 26 39 20 40 19 41 23 42 10 43 25 44 20 45 13 46 15 47 15 48 28 49 28 50 28 51 20 52 27 53 11 54 16 55 23 40 4 17 5 12 6 21 7 12 8 28 9 24 10 20 11 13 12 11 13 25 14 12 15 20 16 28 17 23 18 20 19 18 28 24 29 13 30 27 31 30 32 15 33 28 34 21 35 23 36 30 37 10 38 28 39 30 40 29 41 25 42 25 43 15 44 24 45 12 46 20 47 14 52 18 53 14 54 28 55 17 40 4 26 5 10 6 23 7 13 8 29 9 28 10 11 11 30 12 25 13 13 14 27 15 13 16 29 17 28 18 25 19 21 20 17 21 23 22 24 23 18 24 24 25 23 26 21 27 27 28 19 29 25 30 29 31 26 32 28 33 20 34 23 35 19 36 16 37 25 38 28 39 23 44 22 45 29 46 18 47 25 4 56 10 57 17 58 30 59 18 
5 4 0 16 1 30 2 29 3 22 40 4 15 5 23 6 11 7 17 8 26 9 12 10 29 11 21 12 27 13 17 14 16 15 15 16 25 17 27 18 15 19 16 24 30 25 26 26 28 27 16 32 23 33 30 34 29 35 23 36 24 37 24 38 18 39 21 44 23 45 30 46 20 47 22 48 10 49 22 50 13 51 29 52 23 53 12 54 14 55 19 28 8 26 9 13 10 19 11 29 12 14 13 15 14 25 15 17 16 21 17 26 18 18 19 14 28 16 29 23 30 13 31 27 40 17 41 25 42 28 43 13 48 12 49 14 50 24 51 23 52 19 53 15 54 12 55 15 52 4 20 5 25 6 13 7 26 8 18 9 24 10 14 11 20 12 27 13 16 14 26 15 24 16 11 17 13 18 21 19 19 20 17 21 22 22 22 23 25 24 17 25 14 26 13 27 28 28 28 29 16 30 24 31 21 32 18 33 20 34 10 35 11 36 15 37 19 38 24 39 19 40 28 41 28 42 14 43 16 44 18 45 12 46 10 47 20 48 10 49 11 50 21 51 20 52 11 53 20 54 21 55 18 4 56 11 57 25 58 23 59 27 
5 4 0 18 1 29 2 25 3 19 16 8 30 9 28 10 23 11 19 28 27 29 19 30 25 31 15 32 28 33 19 34 23 35 14 44 18 45 27 46 19 47 19 52 4 29 5 21 6 17 7 23 8 19 9 14 10 18 11 16 12 14 13 16 14 27 15 29 16 14 17 26 18 28 19 17 20 17 21 19 22 30 23 24 24 27 25 11 26 28 27 27 28 23 29 12 30 15 31 27 32 15 33 25 34 23 35 28 36 27 37 30 38 21 39 29 40 16 41 21 42 19 43 25 44 29 45 21 46 21 47 28 48 23 49 20 50 19 51 26 52 30 53 24 54 13 55 29 4 40 10 41 29 42 26 43 23 4 56 12 57 17 58 13 59 22 
5 4 0 14 1 15 2 13 3 29 28 4 18 5 29 6 25 7 16 12 16 13 16 14 21 15 17 28 26 29 23 30 19 31 18 36 10 37 22 38 21 39 13 44 17 45 28 46 19 47 22 48 21 49 13 50 20 51 14 52 23 53 10 54 14 55 30 8 20 12 21 25 22 18 23 14 44 11 45 21 46 30 47 23 4 20 23 21 21 22 10 23 19 4 56 16 57 11 58 14 59 15 
5 4 0 24 1 30 2 18 3 23 40 4 15 5 10 6 11 7 14 8 18 9 16 10 23 11 24 12 14 13 10 14 19 15 13 16 18 17 20 18 14 19 16 24 30 25 20 26 12 27 15 28 15 29 17 30 25 31 12 32 10 33 24 34 28 35 13 36 12 37 20 38 27 39 29 40 29 41 20 42 22 43 11 44 16 45 30 46 20 47 26 36 4 16 5 30 6 30 7 20 8 17 9 18 10 11 11 26 20 23 21 17 22 20 23 21 28 24 29 18 30 15 31 29 32 11 33 16 34 25 35 11 36 13 37 13 38 17 39 21 44 26 45 24 46 16 47 24 48 22 49 15 50 19 51 17 52 12 53 17 54 24 55 28 24 4 17 5 19 6 29 7 19 12 15 13 27 14 17 15 13 16 12 17 26 18 29 19 12 24 20 25 20 26 26 27 15 28 13 29 28 30 23 31 26 48 16 49 28 50 24 51 11 4 56 26 57 13 58 21 59 23 
5 4 0 26 1 30 2 22 3 26 32 4 15 5 20 6 24 7 24 8 19 9 24 10 24 11 29 20 10 21 14 22 20 23 22 24 30 25 16 26 26 27 17 32 26 33 10 34 26 35 21 40 12 41 13 42 17 43 10 44 30 45 23 46 16 47 20 52 29 53 20 54 10 55 18 4 44 19 45 12 46 12 47 12 4 52 28 53 17 54 17 55 25 4 56 23 57 22 58 21 59 24 
5 4 0 21 1 14 2 12 3 12 4 24 18 25 28 26 10 27 25 12 12 20 13 20 14 22 15 10 24 17 25 21 26 30 27 24 44 25 45 14 46 24 47 17 40 8 29 9 27 10 10 11 30 12 14 13 10 14 24 15 22 16 13 17 20 18 24 19 24 20 30 21 30 22 17 23 13 24 14 25 25 26 27 27 14 32 25 33 11 34 14 35 18 36 17 37 18 38 23 39 26 44 25 45 26 46 17 47 22 48 10 49 19 50 19 51 22 52 30 53 15 54 30 55 29 4 56 24 57 30 58 12 59 24 
5 4 0 13 1 30 2 10 3 28 48 4 20 5 15 6 25 7 11 8 25 9 28 10 26 11 25 12 29 13 28 14 23 15 22 16 30 17 20 18 29 19 20 20 10 21 15 22 25 23 26 24 22 25 13 26 13 27 12 28 27 29 11 30 21 31 24 36 11 37 11 38 14 39 15 40 23 41 10 42 21 43 30 44 30 45 13 46 21 47 23 48 24 49 28 50 19 51 17 52 21 53 19 54 15 55 14 12 8 29 9 24 10 13 11 16 16 23 17 17 18 22 19 20 36 25 37 14 38 15 39 25 8 28 26 29 28 30 11 31 29 32 30 33 24 34 17 35 27 4 56 18 57 21 58 17 59 10 
5 4 0 29 1 19 2 30 3 22 4 48 30 49 18 50 29 51 12 40 4 25 5 21 6 21 7 21 12 19 13 30 14 16 15 21 16 24 17 20 18 15 19 23 20 21 21 14 22 10 23 21 28 24 29 17 30 15 31 30 32 10 33 26 34 25 35 18 36 16 37 22 38 27 39 12 40 29 41 16 42 24 43 13 44 27 45 11 46 28 47 28 52 30 53 16 54 17 55 16 12 12 10 13 16 14 14 15 20 28 22 29 10 30 15 31 30 44 28 45 19 46 23 47 26 4 56 29 57 11 58 14 59 16 
5 4 0 13 1 11 2 23 3 25 12 4 16 5 25 6 14 7 11 12 14 13 16 14 22 15 16 48 22 49 19 50 26 51 22 12 16 24 17 25 18 24 19 14 36 10 37 20 38 22 39 10 48 12 49 28 50 24 51 18 24 4 28 5 26 6 16 7 29 12 17 13 23 14 11 15 23 28 19 29 29 30 25 31 14 36 30 37 20 38 10 39 25 44 17 45 10 46 12 47 16 52 24 53 26 54 10 55 16 4 56 30 57 16 58 19 59 28 
5 4 0 20 1 21 2 28 3 29 4 40 16 41 19 42 21 43 27 44 8 17 9 16 10 25 11 12 12 30 13 26 14 30 15 14 16 10 17 21 18 25 19 21 20 15 21 30 22 11 23 24 24 10 25 11 26 27 27 18 32 11 33 17 34 15 35 26 36 30 37 24 38 19 39 16 40 17 41 16 42 17 43 29 44 21 45 30 46 27 47 21 48 12 49 10 50 13 51 30 52 13 53 25 54 13 55 13 16 24 26 25 26 26 27 27 22 28 29 29 19 30 29 31 22 36 27 37 29 38 26 39 28 48 29 49 19 50 10 51 12 4 56 27 57 28 58 30 59 24 
5 4 0 21 1 11 2 15 3 18 4 4 30 5 30 6 22 7 21 28 8 23 9 14 10 29 11 22 12 12 13 24 14 16 15 22 16 11 17 23 18 26 19 24 24 14 25 23 26 18 27 25 32 22 33 17 34 22 35 13 36 19 37 28 38 12 39 21 52 10 53 27 54 18 55 27 20 16 21 17 30 18 19 19 13 28 15 29 14 30 10 31 16 36 14 37 11 38 22 39 13 40 27 41 20 42 25 43 28 44 26 45 30 46 25 47 28 4 56 11 57 30 58 20 59 22 
5 4 0 18 1 26 2 11 3 11 4 48 14 49 12 50 21 51 25 4 4 10 5 20 6 14 7 14 32 4 11 5 25 6 27 7 26 8 27 9 19 10 14 11 17 12 10 13 22 14 16 15 18 20 25 21 28 22 28 23 28 28 22 29 21 30 12 31 22 40 16 41 11 42 12 43 19 48 27 49 27 50 16 51 10 52 15 53 12 54 10 55 12 4 56 15 57 17 58 27 59 11 
5 4 0 14 1 17 2 11 3 19 28 4 30 5 26 6 17 7 14 8 15 9 26 10 17 11 27 12 19 13 18 14 24 15 29 20 17 21 10 22 17 23 30 32 28 33 13 34 18 35 15 40 11 41 14 42 29 43 13 48 12 49 15 50 16 51 18 4 12 27 13 21 14 13 15 30 12 16 11 17 16 18 19 19 23 24 15 25 28 26 30 27 27 36 16 37 15 38 13 39 20 4 56 14 57 26 58 25 59 18 
5 4 0 16 1 19 2 22 3 25 44 4 10 5 26 6 30 7 15 8 14 9 19 10 26 11 22 12 15 13 14 14 11 15 19 16 18 17 19 18 25 19 30 20 21 21 27 22 20 23 14 28 21 29 23 30 20 31 22 32 27 33 28 34 30 35 16 36 12 37 19 38 12 39 14 40 24 41 13 42 15 43 18 44 16 45 21 46 19 47 13 52 27 53 17 54 22 55 20 12 16 29 17 13 18 10 19 29 48 29 49 21 50 29 51 19 52 17 53 27 54 10 55 30 24 20 14 21 10 22 29 23 23 28 13 29 16 30 10 31 30 32 12 33 30 34 26 35 22 36 25 37 15 38 15 39 14 40 28 41 14 42 11 43 20 48 21 49 17 50 21 51 25 4 56 18 57 27 58 28 59 12 
5 4 0 19 1 20 2 17 3 24 44 8 27 9 15 10 30 11 13 12 23 13 16 14 26 15 20 16 12 17 12 18 27 19 29 20 11 21 26 22 23 23 23 24 11 25 22 26 19 27 28 28 12 29 23 30 10 31 16 32 11 33 23 34 20 35 23 36 20 37 19 38 16 39 27 40 22 41 23 42 11 43 21 48 20 49 12 50 16 51 30 52 11 53 11 54 17 55 15 44 4 29 5 17 6 25 7 14 8 14 9 11 10 22 11 15 12 30 13 18 14 23 15 15 16 28 17 29 18 12 19 18 24 10 25 15 26 22 27 17 28 30 29 26 30 20 31 25 36 30 37 21 38 28 39 19 40 25 41 16 42 22 43 17 44 23 45 17 46 21 47 25 48 11 49 17 50 25 51 19 52 25 53 23 54 10 55 16 40 4 21 5 30 6 15 7 18 8 20 9 10 10 12 11 15 12 12 13 30 14 18 15 24 16 19 17 16 18 20 19 19 20 28 21 15 22 29 23 11 24 13 25 15 26 19 27 11 28 15 29 18 30 21 31 15 40 12 41 20 42 24 43 10 48 26 49 14 50 22 51 12 52 17 53 21 54 25 55 19 4 56 23 57 22 58 20 59 24 
5 4 0 27 1 20 2 18 3 20 32 4 12 5 12 6 26 7 11 16 19 17 28 18 22 19 29 20 12 21 24 22 28 23 23 24 13 25 14 26 10 27 23 32 30 33 10 34 19 35 23 44 22 45 24 46 19 47 19 48 27 49 27 50 24 51 30 52 14 53 16 54 30 55 14 44 4 19 5 24 6 13 7 27 8 24 9 22 10 20 11 19 12 24 13 13 14 16 15 26 20 13 21 30 22 26 23 12 24 17 25 22 26 14 27 10 32 26 33 27 34 19 35 23 36 18 37 16 38 18 39 17 40 18 41 17 42 14 43 11 44 23 45 24 46 21 47 21 48 11 49 22 50 12 51 23 52 20 53 16 54 18 55 12 8 8 14 9 22 10 20 11 28 52 10 53 29 54 11 55 15 4 56 27 57 22 58 28 59 29 
5 4 0 20 1 28 2 22 3 19 48 4 14 5 24 6 17 7 29 8 26 9 13 10 25 11 24 12 26 13 29 14 22 15 16 20 23 21 28 22 21 23 16 24 13 25 27 26 26 27 14 28 26 29 24 30 24 31 23 32 12 33 11 34 28 35 24 36 21 37 12 38 15 39 11 40 29 41 30 42 27 43 10 44 25 45 22 46 29 47 16 48 30 49 15 50 28 51 18 52 18 53 29 54 15 55 22 28 4 28 5 25 6 18 7 11 8 28 9 10 10 14 11 15 16 20 17 26 18 29 19 11 20 30 21 19 22 20 23 11 24 22 25 17 26 18 27 22 36 26 37 14 38 10 39 26 52 19 53 25 54 26 55 15 32 4 18 5 30 6 11 7 25 12 16 13 22 14 20 15 14 16 22 17 14 18 21 19 24 20 24 21 26 22 24 23 12 24 26 25 26 26 20 27 14 32 11 33 21 34 27 35 17 36 12 37 18 38 23 39 17 52 27 53 21 54 16 55 28 4 56 16 57 11 58 25 59 28 
5 4 0 29 1 13 2 24 3 15 32 4 16 5 19 6 18 7 10 12 29 13 29 14 25 15 11 20 24 21 11 22 27 23 30 28 27 29 14 30 27 31 18 36 10 37 20 38 19 39 21 40 13 41 26 42 27 43 14 44 14 45 28 46 10 47 21 52 17 53 30 54 28 55 13 32 8 15 9 23 10 11 11 13 20 14 21 11 22 18 23 23 28 16 29 14 30 15 31 26 32 18 33 20 34 10 35 30 36 13 37 25 38 24 39 20 44 29 45 29 46 29 47 25 48 17 49 19 50 10 51 22 52 24 53 13 54 25 55 28 36 16 18 17 23 18 14 19 21 20 11 21 20 22 18 23 21 24 28 25 21 26 12 27 13 28 21 29 28 30 11 31 27 32 18 33 17 34 17 35 14 36 23 37 22 38 29 39 15 40 22 41 13 42 16 43 29 44 13 45 23 46 26 47 17 52 18 53 12 54 29 55 16 4 56 14 57 10 58 23 59 20 
5 4 0 17 1 26 2 16 3 22 48 4 19 5 16 6 26 7 17 8 13 9 30 10 30 11 27 16 30 17 14 18 16 19 20 20 22 21 15 22 28 23 13 24 20 25 27 26 23 27 25 28 25 29 30 30 16 31 14 32 21 33 29 34 11 35 18 36 23 37 30 38 22 39 25 40 26 41 26 42 16 43 13 44 17 45 30 46 15 47 26 48 28 49 27 50 20 51 25 52 19 53 27 54 26 55 20 16 16 20 17 20 18 16 19 27 40 26 41 18 42 19 43 13 48 12 49 28 50 27 51 26 52 30 53 22 54 23 55 11 24 8 16 9 30 10 20 11 18 20 22 21 10 22 23 23 17 32 20 33 16 34 18 35 24 44 29 45 28 46 29 47 18 48 22 49 30 50 24 51 16 52 27 53 28 54 20 55 18 4 56 16 57 29 58 16 59 11 
5 4 0 12 1 24 2 29 3 18 52 4 20 5 26 6 29 7 27 8 18 9 16 10 24 11 27 12 23 13 11 14 16 15 18 16 12 17 18 18 22 19 12 20 12 21 30 22 24 23 11 24 22 25 19 26 27 27 17 28 28 29 17 30 25 31 18 32 26 33 11 34 26 35 14 36 27 37 26 38 13 39 30 40 25 41 15 42 25 43 19 44 15 45 30 46 17 47 12 48 19 49 22 50 30 51 24 52 28 53 11 54 13 55 19 4 20 10 21 29 22 27 23 13 16 4 27 5 14 6 12 7 22 8 28 9 10 10 16 11 23 24 10 25 28 26 22 27 21 40 21 41 29 42 17 43 17 4 56 29 57 14 58 19 59 19 
5 4 0 15 1 13 2 13 3 25 52 4 24 5 13 6 15 7 10 8 24 9 28 10 12 11 23 12 27 13 21 14 30 15 22 16 24 17 26 18 29 19 11 20 25 21 18 22 29 23 23 24 18 25 14 26 19 27 13 28 17 29 29 30 20 31 23 32 12 33 19 34 15 35 30 36 24 37 17 38 25 39 29 40 17 41 22 42 13 43 18 44 26 45 19 46 18 47 15 48 20 49 28 50 19 51 21 52 23 53 23 54 10 55 21 40 4 18 5 15 6 16 7 19 8 16 9 21 10 17 11 23 12 20 13 22 14 21 15 12 16 22 17 15 18 22 19 26 20 17 21 19 22 19 23 25 24 18 25 16 26 29 27 16 32 14 33 20 34 28 35 14 36 26 37 16 38 23 39 12 44 15 45 24 46 23 47 16 52 11 53 11 54 13 55 25 36 4 23 5 25 6 22 7 10 12 26 13 10 14 24 15 10 16 21 17 15 18 15 19 19 20 23 21 18 22 30 23 15 24 12 25 18 26 27 27 14 36 29 37 16 38 28 39 18 40 22 41 18 42 21 43 28 48 28 49 21 50 20 51 19 52 16 53 13 54 26 55 25 4 56 10 57 25 58 10 59 21 
5 4 0 14 1 26 2 28 3 14 8 12 11 13 14 14 19 15 28 20 19 21 30 22 14 23 11 24 20 24 21 22 22 11 23 27 28 16 29 11 30 11 31 14 32 26 33 15 34 30 35 18 36 23 37 10 38 10 39 26 48 20 49 28 50 21 51 28 52 18 53 29 54 28 55 22 4 32 26 33 22 34 10 35 24 4 56 21 57 20 58 11 59 30 
5 4 0 10 1 27 2 18 3 19 28 12 15 13 11 14 18 15 18 16 23 17 26 18 15 19 17 20 15 21 29 22 26 23 10 24 17 25 11 26 19 27 16 32 22 33 28 34 13 35 13 36 18 37 14 38 20 39 12 52 12 53 30 54 19 55 13 20 16 30 17 24 18 21 19 15 20 23 21 25 22 11 23 15 32 26 33 16 34 17 35 24 36 29 37 30 38 23 39 21 44 24 45 23 46 27 47 11 4 40 26 41 26 42 10 43 12 4 56 16 57 15 58 25 59 23 
5 4 0 25 1 29 2 29 3 11 4 52 21 53 17 54 13 55 17 32 12 27 13 26 14 15 15 17 16 21 17 20 18 15 19 20 20 22 21 30 22 29 23 17 24 25 25 27 26 15 27 21 28 10 29 18 30 11 31 27 32 30 33 17 34 28 35 29 36 28 37 13 38 19 39 21 52 30 53 12 54 26 55 13 24 4 16 5 20 6 29 7 18 12 10 13 26 14 18 15 16 20 29 21 15 22 28 23 29 28 24 29 12 30 13 31 21 32 24 33 26 34 30 35 20 44 12 45 24 46 25 47 10 4 56 28 57 17 58 16 59 11 
5 4 0 25 1 20 2 25 3 24 48 4 20 5 23 6 12 7 17 8 17 9 23 10 10 11 14 12 23 13 12 14 11 15 12 16 28 17 30 18 21 19 18 20 25 21 16 22 14 23 24 24 24 25 23 26 29 27 11 28 22 29 15 30 16 31 11 32 15 33 14 34 17 35 29 36 10 37 22 38 13 39 25 40 12 41 15 42 28 43 14 44 29 45 27 46 16 47 17 48 18 49 19 50 14 51 24 48 4 22 5 22 6 11 7 11 8 21 9 30 10 18 11 14 12 18 13 28 14 16 15 19 16 26 17 26 18 20 19 16 20 27 21 27 22 17 23 14 24 23 25 11 26 15 27 15 28 16 29 10 30 21 31 10 32 16 33 14 34 17 35 16 36 15 37 26 38 25 39 11 40 29 41 13 42 26 43 22 44 30 45 30 46 14 47 26 52 17 53 17 54 24 55 22 32 4 17 5 21 6 30 7 11 8 18 9 18 10 26 11 12 16 25 17 18 18 13 19 11 32 14 33 28 34 15 35 19 36 18 37 13 38 10 39 23 44 28 45 25 46 27 47 10 48 15 49 14 50 24 51 22 52 21 53 29 54 12 55 14 4 56 11 57 15 58 13 59 30 
5 4 0 10 1 28 2 27 3 11 16 4 25 5 12 6 25 7 17 32 28 33 23 34 28 35 12 36 17 37 26 38 29 39 11 52 13 53 26 54 12 55 15 44 4 12 5 10 6 24 7 22 8 18 9 27 10 17 11 17 12 14 13 24 14 17 15 10 16 21 17 18 18 24 19 20 20 16 21 27 22 17 23 20 24 13 25 18 26 29 27 13 28 23 29 20 30 10 31 12 36 14 37 27 38 17 39 11 40 10 41 13 42 20 43 14 44 23 45 19 46 12 47 27 52 24 53 30 54 16 55 27 12 8 12 9 27 10 11 11 20 16 11 17 24 18 24 19 16 20 27 21 22 22 30 23 30 4 56 24 57 18 58 25 59 15 
5 4 0 13 1 17 2 30 3 12 4 32 12 33 17 34 14 35 20 20 32 26 33 21 34 30 35 11 36 16 37 11 38 24 39 19 40 10 41 14 42 11 43 27 48 27 49 16 50 22 51 14 52 15 53 24 54 19 55 13 44 4 26 5 28 6 14 7 26 8 26 9 10 10 15 11 26 12 25 13 20 14 17 15 21 16 29 17 18 18 16 19 26 24 19 25 17 26 12 27 28 28 13 29 10 30 18 31 27 32 29 33 12 34 21 35 21 36 28 37 28 38 26 39 23 44 30 45 10 46 14 47 28 48 25 49 16 50 12 51 15 52 19 53 20 54 10 55 23 4 56 17 57 16 58 16 59 20 
5 4 0 25 1 12 2 16 3 23 28 4 20 5 17 6 26 7 13 8 24 9 10 10 26 11 22 12 26 13 13 14 13 15 19 24 21 25 26 26 21 27 17 28 18 29 24 30 27 31 13 36 24 37 23 38 14 39 22 44 18 45 23 46 15 47 10 24 4 10 5 22 6 13 7 16 16 25 17 21 18 20 19 13 20 26 21 30 22 10 23 25 32 15 33 19 34 17 35 10 36 16 37 20 38 18 39 29 52 18 53 16 54 19 55 12 32 4 20 5 15 6 28 7 20 8 15 9 16 10 19 11 13 20 19 21 13 22 27 23 12 24 22 25 10 26 20 27 24 28 26 29 17 30 13 31 15 40 14 41 25 42 29 43 26 44 15 45 20 46 27 47 20 52 14 53 21 54 25 55 25 4 56 28 57 28 58 11 59 22 
5 4 0 22 1 28 2 16 3 16 36 12 13 13 12 14 14 15 22 16 30 17 16 18 13 19 14 20 16 21 24 22 26 23 15 28 10 29 30 30 19 31 23 32 27 33 12 34 11 35 14 36 28 37 20 38 11 39 21 40 13 41 13 42 25 43 23 44 27 45 20 46 26 47 21 52 15 53 29 54 30 55 28 44 4 15 5 21 6 21 7 10 8 23 9 24 10 29 11 25 12 10 13 18 14 13 15 15 20 29 21 13 22 26 23 23 24 12 25 15 26 25 27 18 28 22 29 18 30 28 31 28 32 29 33 11 34 17 35 14 36 14 37 30 38 13 39 17 40 29 41 30 42 16 43 11 48 21 49 12 50 12 51 29 52 25 53 15 54 21 55 12 32 4 17 5 25 6 18 7 27 8 27 9 13 10 15 11 23 16 16 17 14 18 19 19 29 20 16 21 26 22 28 23 19 24 29 25 27 26 25 27 27 32 25 33 27 34 12 35 14 40 25 41 22 42 20 43 26 52 29 53 27 54 27 55 19 4 56 27 57 26 58 30 59 19 
5 4 0 26 1 11 2 10 3 14 52 4 10 5 20 6 26 7 15 8 22 9 14 10 24 11 10 12 26 13 21 14 22 15 30 16 10 17 14 18 25 19 14 20 14 21 11 22 15 23 12 24 29 25 28 26 25 27 22 28 24 29 14 30 12 31 22 32 17 33 25 34 27 35 12 36 13 37 28 38 11 39 25 40 12 41 25 42 21 43 20 44 22 45 27 46 16 47 23 48 16 49 21 50 26 51 22 52 17 53 15 54 23 55 24 16 20 24 21 15 22 24 23 26 28 12 29 29 30 23 31 20 36 12 37 26 38 12 39 24 52 25 53 25 54 21 55 16 16 16 12 17 15 18 28 19 12 36 27 37 27 38 30 39 13 44 21 45 21 46 27 47 15 52 21 53 26 54 26 55 24 4 56 12 57 28 58 11 59 29 
5 4 0 29 1 26 2 24 3 22 28 12 24 13 13 14 15 15 11 20 21 21 11 22 23 23 11 24 19 25 22 26 13 27 10 28 22 29 21 30 14 31 12 36 30 37 19 38 23 39 11 40 21 41 22 42 13 43 13 48 15 49 30 50 12 51 22 20 4 23 5 12 6 25 7 14 36 24 37 25 38 20 39 29 40 24 41 21 42 15 43 23 44 15 45 27 46 22 47 17 48 21 49 23 50 28 51 13 20 8 16 9 14 10 23 11 12 16 11 17 29 18 28 19 15 36 21 37 19 38 27 39 19 44 18 45 26 46 22 47 16 52 25 53 28 54 20 55 14 4 56 11 57 12 58 13 59 15 
5 4 0 26 1 30 2 16 3 18 40 4 12 5 14 6 18 7 11 12 15 13 30 14 16 15 24 16 20 17 14 18 26 19 20 20 20 21 10 22 29 23 18 32 19 33 15 34 17 35 14 36 11 37 28 38 23 39 25 40 16 41 30 42 23 43 19 44 17 45 18 46 14 47 22 48 26 49 20 50 30 51 15 52 16 53 15 54 18 55 21 20 8 16 9 27 10 17 11 22 12 29 13 20 14 11 15 21 32 16 33 13 34 27 35 13 36 20 37 16 38 19 39 18 44 15 45 15 46 12 47 13 44 4 16 5 20 6 13 7 14 8 14 9 30 10 14 11 30 12 22 13 19 14 17 15 13 16 18 17 10 18 19 19 19 20 18 21 10 22 29 23 23 24 21 25 24 26 20 27 19 28 10 29 22 30 10 31 14 32 26 33 19 34 13 35 28 36 26 37 26 38 10 39 26 40 21 41 26 42 27 43 18 52 27 53 10 54 10 55 10 4 56 10 57 26 58 10 59 11 
5 4 0 29 1 30 2 14 3 28 52 4 18 5 28 6 23 7 17 8 22 9 22 10 18 11 16 12 14 13 13 14 30 15 16 16 26 17 17 18 21 19 26 20 27 21 18 22 14 23 30 24 10 25 12 26 23 27 15 28 22 29 25 30 29 31 12 32 20 33 20 34 17 35 29 36 26 37 19 38 21 39 20 40 26 41 17 42 16 43 14 44 21 45 29 46 16 47 19 48 12 49 22 50 18 51 10 52 12 53 24 54 17 55 26 20 4 24 5 30 6 20 7 24 8 14 9 26 10 18 11 16 16 23 17 30 18 22 19 30 36 15 37 29 38 13 39 27 48 20 49 17 50 12 51 24 36 4 17 5 22 6 24 7 25 8 11 9 11 10 15 11 15 16 14 17 28 18 25 19 20 20 24 21 17 22 12 23 23 28 12 29 10 30 20 31 15 32 28 33 30 34 21 35 10 36 21 37 26 38 22 39 19 40 25 41 27 42 30 43 29 48 27 49 17 50 12 51 22 4 56 30 57 12 58 21 59 23 
5 4 0 10 1 10 2 14 3 23 16 12 29 13 11 14 15 15 22 24 10 25 12 26 17 27 17 36 29 37 18 38 10 39 19 48 30 49 12 50 10 51 25 28 8 22 9 28 10 19 11 19 12 11 13 17 14 27 15 18 16 29 17 11 18 17 19 17 32 27 33 13 34 28 35 24 40 21 41 20 42 20 43 10 48 23 49 30 50 30 51 28 52 23 53 19 54 19 55 14 32 16 19 17 22 18 28 19 30 24 15 25 22 26 23 27 12 28 26 29 20 30 16 31 28 36 28 37 29 38 12 39 21 40 30 41 19 42 11 43 14 44 19 45 27 46 13 47 25 48 24 49 15 50 12 51 26 52 30 53 20 54 12 55 24 4 56 18 57 28 58 17 59 26 
5 4 0 27 1 20 2 27 3 20 8 28 11 29 20 30 23 31 24 36 10 37 26 38 22 39 18 20 8 10 9 13 10 11 11 19 20 21 21 21 22 11 23 23 36 12 37 27 38 18 39 12 40 30 41 26 42 15 43 23 44 18 45 16 46 20 47 24 28 4 25 5 14 6 20 7 27 16 24 17 11 18 22 19 15 20 18 21 25 22 18 23 19 28 14 29 26 30 13 31 12 32 23 33 21 34 15 35 10 36 29 37 28 38 13 39 14 48 23 49 21 50 25 51 25 4 56 11 57 14 58 28 59 28 
5 4 0 16 1 22 2 11 3 19 52 4 17 5 27 6 14 7 12 8 17 9 24 10 20 11 16 12 11 13 15 14 20 15 30 16 25 17 26 18 27 19 22 20 24 21 10 22 27 23 19 24 13 25 24 26 14 27 28 28 20 29 30 30 20 31 16 32 30 33 16 34 23 35 13 36 10 37 14 38 17 39 16 40 27 41 28 42 13 43 14 44 12 45 11 46 17 47 23 48 13 49 22 50 19 51 28 52 19 53 29 54 10 55 26 44 4 26 5 13 6 10 7 16 8 24 9 10 10 19 11 23 12 29 13 13 14 16 15 12 16 28 17 29 18 11 19 24 20 10 21 19 22 24 23 28 28 21 29 26 30 25 31 25 32 14 33 21 34 27 35 21 36 27 37 25 38 12 39 22 40 11 41 27 42 19 43 23 44 13 45 20 46 11 47 16 48 23 49 21 50 10 51 25 4 8 14 9 23 10 17 11 16 4 56 20 57 24 58 26 59 29 
5 4 0 29 1 17 2 20 3 20 40 4 23 5 21 6 16 7 27 8 19 9 30 10 24 11 28 16 18 17 11 18 14 19 26 24 19 25 30 26 12 27 24 28 24 29 29 30 14 31 26 32 17 33 27 34 21 35 10 36 12 37 16 38 18 39 13 40 30 41 10 42 21 43 16 44 12 45 21 46 29 47 26 48 17 49 19 50 30 51 10 20 4 23 5 16 6 25 7 23 12 14 13 15 14 22 15 25 24 18 25 28 26 25 27 27 28 18 29 15 30 20 31 17 52 23 53 12 54 15 55 10 52 4 14 5 19 6 12 7 10 8 24 9 18 10 21 11 18 12 23 13 11 14 30 15 17 16 19 17 29 18 12 19 20 20 16 21 20 22 26 23 13 24 15 25 23 26 23 27 27 28 30 29 10 30 20 31 13 32 10 33 17 34 11 35 22 36 11 37 10 38 22 39 18 40 30 41 22 42 12 43 14 44 28 45 20 46 19 47 14 48 11 49 20 50 13 51 16 52 26 53 19 54 22 55 28 4 56 20 57 14 58 27 59 11 
5 4 0 22 1 23 2 22 3 17 8 4 22 5 23 6 20 7 20 28 28 29 28 30 11 31 26 48 4 24 5 14 6 30 7 24 8 20 9 11 10 19 11 10 12 28 13 29 14 19 15 23 16 10 17 14 18 26 19 21 20 26 21 28 22 17 23 19 24 29 25 16 26 13 27 18 28 13 29 12 30 11 31 27 32 12 33 12 34 27 35 18 40 26 41 19 42 13 43 25 44 25 45 30 46 18 47 27 48 30 49 24 50 24 51 12 52 11 53 12 54 16 55 20 28 4 19 5 26 6 30 7 18 8 20 9 24 10 27 11 30 20 30 21 19 22 17 23 14 36 30 37 29 38 21 39 10 40 10 41 17 42 25 43 16 44 26 45 21 46 12 47 24 52 21 53 14 54 18 55 23 4 56 13 57 17 58 13 59 22 
5 4 0 28 1 10 2 30 3 30 16 12 27 13 13 14 16 15 24 20 15 21 21 22 23 23 27 24 18 25 14 26 30 27 19 32 14 33 29 34 11 35 30 32 8 27 9 11 10 24 11 23 16 13 17 12 18 23 19 28 24 15 25 12 26 29 27 30 32 25 33 24 34 21 35 25 36 20 37 10 38 27 39 26 40 25 41 30 42 11 43 12 48 11 49 11 50 24 51 24 52 28 53 15 54 20 55 12 36 8 28 9 11 10 25 11 27 12 13 13 11 14 24 15 26 16 21 17 10 18 29 19 30 20 17 21 29 22 22 23 14 24 13 25 15 26 20 27 29 28 22 29 26 30 19 31 17 32 29 33 26 34 28 35 13 36 19 37 22 38 21 39 13 44 30 45 10 46 15 47 14 4 56 30 57 27 58 26 59 17 
5 4 0 17 1 15 2 10 3 20 8 4 17 5 27 6 19 7 28 52 14 53 18 54 11 55 29 28 4 27 5 12 6 19 7 22 8 27 9 17 10 20 11 30 12 11 13 21 14 11 15 20 16 12 17 19 18 16 19 11 28 17 29 25 30 12 31 17 36 27 37 25 38 17 39 17 44 13 45 10 46 25 47 26 52 4 11 5 21 6 12 7 13 8 11 9 28 10 16 11 21 12 26 13 30 14 16 15 24 16 11 17 27 18 23 19 24 20 25 21 19 22 19 23 12 24 15 25 16 26 26 27 13 28 29 29 21 30 19 31 19 32 14 33 22 34 10 35 11 36 10 37 16 38 13 39 21 40 26 41 16 42 23 43 27 44 30 45 13 46 12 47 24 48 29 49 16 50 17 51 21 52 17 53 28 54 11 55 11 4 56 18 57 27 58 18 59 15 
5 4 0 18 1 29 2 28 3 16 44 4 15 5 10 6 11 7 27 8 30 9 18 10 12 11 24 12 29 13 13 14 19 15 20 16 18 17 30 18 17 19 26 20 26 21 19 22 24 23 16 24 26 25 15 26 21 27 17 28 18 29 20 30 20 31 20 32 28 33 28 34 25 35 17 44 16 45 11 46 25 47 24 48 10 49 10 50 26 51 30 52 28 53 29 54 28 55 22 12 16 27 17 25 18 23 19 29 20 23 21 21 22 18 23 27 52 14 53 21 54 27 55 10 24 8 10 9 10 10 10 11 25 12 17 13 19 14 28 15 12 20 30 21 29 22 29 23 11 28 21 29 29 30 20 31 20 36 20 37 22 38 16 39 30 44 16 45 18 46 11 47 10 4 56 10 57 17 58 19 59 18 
5 4 0 21 1 20 2 25 3 20 28 4 13 5 30 6 15 7 10 16 16 17 20 18 26 19 30 24 14 25 24 26 16 27 10 32 26 33 24 34 26 35 21 40 28 41 15 42 20 43 20 44 10 45 29 46 14 47 29 52 10 53 16 54 23 55 24 52 4 18 5 28 6 26 7 12 8 25 9 10 10 27 11 18 12 20 13 30 14 16 15 20 16 11 17 12 18 28 19 15 20 26 21 27 22 18 23 21 24 21 25 13 26 17 27 26 28 30 29 11 30 22 31 29 32 15 33 10 34 16 35 28 36 17 37 13 38 30 39 24 40 19 41 28 42 24 43 27 44 24 45 19 46 12 47 21 48 17 49 13 50 29 51 11 52 30 53 30 54 13 55 15 20 16 28 17 18 18 10 19 15 24 26 25 18 26 19 27 14 32 23 33 20 34 15 35 22 48 10 49 19 50 24 51 11 52 18 53 30 54 29 55 28 4 56 12 57 28 58 15 59 10 
5 4 0 10 1 28 2 26 3 29 24 4 26 5 17 6 27 7 22 28 24 29 24 30 15 31 25 32 17 33 21 34 11 35 27 40 16 41 29 42 19 43 17 44 11 45 29 46 25 47 24 48 24 49 17 50 14 51 22 40 8 10 9 13 10 24 11 27 12 13 13 17 14 20 15 14 16 12 17 18 18 19 19 14 20 25 21 15 22 12 23 24 28 29 29 20 30 25 31 24 32 18 33 29 34 16 35 24 36 21 37 30 38 30 39 16 40 13 41 26 42 20 43 11 48 14 49 29 50 19 51 29 52 14 53 10 54 27 55 11 28 4 23 5 20 6 18 7 22 8 15 9 16 10 24 11 19 28 29 29 14 30 17 31 20 32 12 33 18 34 15 35 28 36 10 37 19 38 15 39 13 44 29 45 12 46 19 47 15 48 11 49 24 50 28 51 22 4 56 30 57 25 58 28 59 28 
5 4 0 14 1 20 2 10 3 28 16 4 15 5 28 6 11 7 14 20 20 21 25 22 14 23 11 28 19 29 19 30 24 31 16 40 23 41 21 42 13 43 30 28 8 16 9 28 10 27 11 28 12 19 13 11 14 27 15 21 28 19 29 17 30 20 31 17 32 21 33 25 34 24 35 13 36 27 37 10 38 25 39 19 48 14 49 25 50 19 51 17 52 15 53 15 54 23 55 15 8 12 27 13 20 14 24 15 11 28 11 29 26 30 12 31 15 4 56 19 57 27 58 25 59 16 
5 4 0 15 1 29 2 23 3 25 28 8 25 9 27 10 24 11 19 20 12 21 23 22 20 23 18 24 19 25 11 26 12 27 13 28 28 29 15 30 27 31 20 32 25 33 18 34 23 35 12 40 11 41 10 42 29 43 18 44 29 45 23 46 17 47 18 20 4 26 5 27 6 25 7 30 28 21 29 25 30 18 31 29 32 11 33 11 34 14 35 21 44 26 45 30 46 22 47 12 48 22 49 23 50 21 51 11 28 8 29 9 15 10 10 11 27 12 20 13 22 14 27 15 30 20 23 21 16 22 18 23 20 24 24 25 11 26 24 27 12 36 18 37 27 38 27 39 21 40 24 41 27 42 26 43 14 48 28 49 20 50 19 51 24 4 56 16 57 13 58 22 59 21 
5 4 0 28 1 23 2 18 3 21 24 24 27 25 14 26 22 27 10 28 13 29 25 30 28 31 28 32 14 33 28 34 16 35 10 36 29 37 21 38 21 39 12 44 17 45 10 46 21 47 19 48 30 49 18 50 12 51 13 40 4 30 5 25 6 15 7 26 8 14 9 17 10 10 11 11 16 16 17 28 18 13 19 12 24 26 25 13 26 11 27 26 28 19 29 13 30 22 31 17 32 27 33 16 34 23 35 13 36 28 37 26 38 17 39 18 40 25 41 25 42 19 43 27 44 28 45 25 46 30 47 22 52 28 53 27 54 26 55 17 8 28 15 29 24 30 12 31 29 52 19 53 10 54 19 55 10 4 56 21 57 13 58 20 59 29 
5 4 0 24 1 18 2 18 3 14 52 4 30 5 12 6 22 7 30 8 14 9 20 10 19 11 21 12 24 13 20 14 20 15 24 16 11 17 10 18 12 19 13 20 22 21 22 22 22 23 25 24 26 25 12 26 28 27 23 28 12 29 20 30 26 31 17 32 30 33 18 34 25 35 17 36 14 37 10 38 27 39 10 40 26 41 17 42 12 43 25 44 28 45 18 46 25 47 17 48 21 49 17 50 20 51 11 52 12 53 22 54 23 55 22 40 4 28 5 22 6 10 7 25 8 22 9 12 10 26 11 22 12 14 13 13 14 16 15 18 16 20 17 19 18 16 19 11 24 23 25 23 26 25 27 11 28 20 29 12 30 22 31 29 32 14 33 15 34 17 35 12 36 18 37 15 38 30 39 29 40 19 41 22 42 18 43 12 48 13 49 28 50 13 51 26 36 4 30 5 17 6 29 7 17 8 16 9 26 10 19 11 19 12 30 13 23 14 12 15 26 20 20 21 25 22 18 23 27 24 22 25 20 26 13 27 14 28 12 29 29 30 19 31 20 32 15 33 12 34 29 35 29 44 26 45 29 46 10 47 26 48 13 49 29 50 26 51 15 4 56 14 57 12 58 14 59 18 
5 4 0 22 1 19 2 30 3 29 12 24 14 25 26 26 16 27 20 32 30 33 27 34 30 35 30 48 19 49 13 50 15 51 22 36 4 20 5 22 6 28 7 17 12 19 13 16 14 13 15 27 16 18 17 18 18 18 19 26 20 22 21 20 22 27 23 30 28 27 29 28 30 28 31 21 36 12 37 12 38 30 39 28 40 13 41 11 42 13 43 24 44 22 45 16 46 16 47 13 48 11 49 11 50 22 51 18 4 48 18 49 26 50 27 51 25 4 56 30 57 18 58 10 59 19 
5 4 0 13 1 25 2 29 3 27 4 28 15 29 30 30 28 31 16 44 4 14 5 20 6 12 7 13 8 18 9 28 10 21 11 22 16 14 17 28 18 28 19 14 20 30 21 30 22 20 23 29 24 17 25 25 26 27 27 18 28 11 29 13 30 25 31 10 32 20 33 17 34 11 35 21 36 26 37 20 38 29 39 19 40 21 41 24 42 20 43 30 44 24 45 28 46 17 47 11 48 25 49 22 50 25 51 25 4 48 16 49 21 50 23 51 29 4 56 28 57 21 58 20 59 15 
5 4 0 10 1 18 2 24 3 24 44 4 16 5 16 6 14 7 15 8 24 9 20 10 26 11 14 12 19 13 10 14 23 15 29 16 11 17 10 18 29 19 17 20 18 21 12 22 25 23 27 24 14 25 13 26 27 27 18 28 30 29 24 30 22 31 10 32 30 33 18 34 13 35 12 36 19 37 11 38 29 39 25 44 30 45 30 46 28 47 11 48 21 49 21 50 25 51 12 32 8 21 9 22 10 21 11 25 16 22 17 21 18 20 19 21 20 22 21 25 22 27 23 19 28 18 29 14 30 18 31 17 32 28 33 23 34 12 35 22 40 16 41 28 42 13 43 25 44 17 45 16 46 18 47 20 52 27 53 11 54 25 55 28 24 8 24 9 19 10 23 11 17 16 21 17 15 18 24 19 16 20 15 21 23 22 13 23 15 36 24 37 10 38 27 39 28 48 11 49 24 50 30 51 17 52 22 53 24 54 20 55 28 4 56 15 57 11 58 28 59 23 
5 4 0 25 1 27 2 20 3 22 16 20 12 21 13 22 16 23 11 28 29 29 25 30 30 31 21 32 14 33 25 34 27 35 20 48 18 49 25 50 11 51 14 36 4 24 5 29 6 12 7 19 12 14 13 26 14 22 15 11 24 16 25 16 26 17 27 11 32 10 33 20 34 15 35 14 36 25 37 12 38 19 39 27 40 30 41 12 42 25 43 15 44 24 45 28 46 27 47 15 48 21 49 13 50 12 51 18 52 16 53 21 54 17 55 10 12 12 30 13 13 14 29 15 12 32 12 33 20 34 18 35 16 48 24 49 18 50 14 51 23 4 56 30 57 23 58 29 59 11 
5 4 0 30 1 18 2 23 3 24 44 4 26 5 22 6 14 7 20 8 18 9 30 10 23 11 29 12 25 13 15 14 13 15 22 16 28 17 15 18 30 19 21 20 30 21 18 22 21 23 12 24 12 25 26 26 15 27 25 28 11 29 22 30 28 31 25 32 17 33 19 34 22 35 17 36 29 37 13 38 25 39 20 40 24 41 22 42 22 43 25 48 22 49 13 50 22 51 13 16 8 27 9 19 10 28 11 26 32 13 33 17 34 28 35 12 36 16 37 23 38 20 39 15 40 28 41 25 42 14 43 18 4 52 20 53 28 54 21 55 19 4 56 20 57 23 58 22 59 14 
5 4 0 24 1 15 2 12 3 15 48 4 10 5 17 6 30 7 27 8 18 9 25 10 13 11 17 12 22 13 14 14 17 15 27 16 24 17 16 18 26 19 27 20 27 21 26 22 17 23 14 24 15 25 14 26 10 27 17 28 30 29 26 30 11 31 10 32 13 33 13 34 27 35 16 36 19 37 21 38 24 39 18 40 27 41 12 42 18 43 30 44 29 45 10 46 15 47 25 52 11 53 15 54 24 55 18 24 12 24 13 30 14 22 15 27 20 20 21 16 22 23 23 26 40 22 41 16 42 29 43 10 44 30 45 21 46 24 47 13 48 22 49 10 50 24 51 14 52 28 53 29 54 11 55 17 44 4 30 5 30 6 23 7 22 8 12 9 28 10 29 11 25 12 15 13 28 14 30 15 23 16 14 17 26 18 11 19 10 24 30 25 30 26 14 27 29 32 13 33 24 34 16 35 21 36 25 37 26 38 17 39 20 40 25 41 12 42 11 43 26 44 21 45 22 46 17 47 21 48 25 49 27 50 19 51 27 52 29 53 28 54 28 55 19 4 56 17 57 28 58 26 59 27 
5 4 0 30 1 23 2 26 3 22 52 4 13 5 21 6 21 7 27 8 11 9 17 10 23 11 17 12 26 13 20 14 14 15 17 16 29 17 21 18 12 19 10 20 19 21 22 22 16 23 23 24 26 25 26 26 20 27 12 28 17 29 18 30 25 31 15 32 18 33 23 34 15 35 22 36 17 37 11 38 27 39 23 40 14 41 13 42 21 43 21 44 10 45 25 46 23 47 24 48 15 49 15 50 23 51 14 52 10 53 28 54 11 55 14 16 20 30 21 11 22 10 23 26 32 24 33 10 34 19 35 12 36 11 37 21 38 12 39 27 48 11 49 20 50 15 51 28 40 4 25 5 24 6 16 7 26 8 26 9 25 10 12 11 15 12 16 13 12 14 19 15 10 16 14 17 22 18 11 19 21 20 10 21 13 22 11 23 19 24 17 25 27 26 17 27 11 32 26 33 25 34 19 35 23 40 23 41 14 42 23 43 24 48 29 49 23 50 24 51 26 52 15 53 12 54 14 55 22 4 56 13 57 27 58 12 59 26 
5 4 0 23 1 25 2 16 3 16 16 8 30 9 21 10 27 11 13 16 25 17 14 18 10 19 29 40 29 41 14 42 27 43 26 44 13 45 24 46 20 47 18 36 8 18 9 15 10 21 11 26 12 13 13 28 14 28 15 24 16 12 17 22 18 11 19 12 28 21 29 15 30 23 31 14 36 10 37 16 38 13 39 27 40 27 41 29 42 15 43 26 44 15 45 20 46 11 47 12 48 20 49 25 50 12 51 13 52 24 53 20 54 30 55 18 28 4 21 5 23 6 11 7 10 8 23 9 27 10 20 11 19 12 24 13 20 14 28 15 28 20 20 21 23 22 25 23 17 28 17 29 25 30 19 31 10 32 18 33 29 34 15 35 12 40 19 41 16 42 19 43 15 4 56 21 57 25 58 13 59 16 
5 4 0 10 1 25 2 24 3 17 12 8 27 9 13 10 14 11 22 16 22 17 13 18 19 19 15 24 21 25 16 26 20 27 13 52 4 28 5 25 6 22 7 20 8 10 9 24 10 22 11 30 12 21 13 12 14 26 15 27 16 20 17 10 18 20 19 28 20 30 21 16 22 11 23 17 24 25 25 20 26 12 27 24 28 29 29 19 30 20 31 13 32 12 33 16 34 17 35 20 36 19 37 14 38 12 39 26 40 17 41 23 42 14 43 15 44 30 45 17 46 14 47 23 48 26 49 29 50 23 51 30 52 12 53 10 54 22 55 26 16 12 23 13 11 14 20 15 20 16 12 17 25 18 19 19 30 20 22 21 23 22 17 23 30 52 29 53 29 54 15 55 20 4 56 30 57 10 58 13 59 21 
5 4 0 18 1 17 2 10 3 14 8 20 17 21 21 22 23 23 12 24 23 25 23 26 26 27 10 20 8 30 9 20 10 23 11 27 36 10 37 21 38 15 39 10 40 23 41 18 42 28 43 26 48 10 49 11 50 28 51 13 52 27 53 26 54 13 55 25 36 16 10 17 18 18 19 19 11 20 11 21 10 22 15 23 10 24 24 25 12 26 13 27 21 28 30 29 13 30 23 31 23 36 30 37 15 38 12 39 29 40 14 41 10 42 19 43 29 44 22 45 22 46 20 47 19 48 11 49 29 50 25 51 17 52 16 53 27 54 24 55 10 4 56 17 57 26 58 15 59 12 
5 4 0 18 1 17 2 14 3 18 48 4 20 5 28 6 30 7 17 8 13 9 24 10 21 11 26 12 25 13 27 14 29 15 21 16 26 17 18 18 10 19 25 20 16 21 12 22 13 23 23 24 11 25 29 26 16 27 21 28 28 29 27 30 13 31 28 32 22 33 25 34 11 35 13 36 27 37 25 38 17 39 19 40 25 41 28 42 17 43 18 48 28 49 15 50 13 51 15 52 12 53 30 54 20 55 27 52 4 21 5 25 6 24 7 28 8 16 9 16 10 14 11 17 12 17 13 18 14 29 15 30 16 13 17 22 18 24 19 11 20 30 21 11 22 23 23 14 24 25 25 15 26 30 27 21 28 24 29 14 30 17 31 22 32 30 33 17 34 13 35 24 36 28 37 28 38 15 39 25 40 11 41 22 42 20 43 10 44 28 45 18 46 17 47 22 48 13 49 12 50 18 51 25 52 25 53 17 54 14 55 14 32 4 11 5 22 6 10 7 13 12 17 13 10 14 26 15 26 16 13 17 28 18 18 19 18 20 16 21 28 22 25 23 11 24 21 25 27 26 15 27 27 36 23 37 10 38 24 39 10 40 19 41 25 42 10 43 17 48 20 49 20 50 12 51 30 4 56 26 57 22 58 17 59 16 
5 4 0 27 1 24 2 11 3 18 48 4 14 5 23 6 12 7 18 8 30 9 19 10 13 11 17 12 25 13 17 14 24 15 27 20 26 21 28 22 13 23 24 24 11 25 18 26 10 27 14 28 13 29 26 30 18 31 10 32 29 33 24 34 12 35 26 36 30 37 30 38 15 39 19 40 25 41 25 42 19 43 16 44 11 45 21 46 25 47 13 48 27 49 20 50 23 51 20 52 11 53 21 54 30 55 14 8 28 16 29 10 30 25 31 23 44 25 45 11 46 30 47 10 20 20 11 21 10 22 27 23 14 24 11 25 24 26 26 27 21 36 21 37 10 38 16 39 14 48 21 49 14 50 29 51 19 52 23 53 23 54 18 55 23 4 56 27 57 22 58 28 59 25 
5 4 0 22 1 26 2 14 3 28 4 4 10 5 23 6 16 7 13 24 8 12 9 18 10 11 11 25 16 24 17 30 18 14 19 20 24 13 25 16 26 11 27 13 40 15 41 25 42 11 43 28 48 21 49 28 50 27 51 17 52 12 53 20 54 17 55 27 4 48 26 49 13 50 17 51 15 4 56 30 57 16 58 10 59 19 
5 4 0 23 1 24 2 15 3 22 16 16 15 17 28 18 12 19 10 28 23 29 15 30 26 31 12 40 20 41 25 42 27 43 15 48 28 49 20 50 29 51 27 28 8 17 9 22 10 24 11 22 20 22 21 28 22 26 23 15 24 26 25 20 26 28 27 30 32 19 33 13 34 20 35 30 36 12 37 12 38 17 39 19 40 19 41 24 42 22 43 24 44 27 45 28 46 17 47 22 24 4 15 5 10 6 29 7 14 8 14 9 28 10 19 11 23 32 17 33 15 34 15 35 10 40 29 41 15 42 12 43 29 44 18 45 18 46 27 47 23 52 20 53 24 54 14 55 10 4 56 16 57 19 58 29 59 28 
5 4 0 10 1 13 2 15 3 26 12 20 29 21 10 22 19 23 23 32 27 33 12 34 17 35 30 36 19 37 16 38 17 39 30 32 4 10 5 13 6 22 7 24 8 17 9 22 10 12 11 14 16 23 17 19 18 17 19 16 20 30 21 29 22 12 23 10 24 24 25 28 26 22 27 17 28 13 29 21 30 16 31 12 32 27 33 24 34 25 35 18 44 27 45 15 46 30 47 24 8 36 24 37 26 38 11 39 29 48 24 49 13 50 24 51 25 4 56 21 57 29 58 11 59 20 
5 4 0 15 1 12 2 21 3 10 36 4 10 5 19 6 11 7 12 8 30 9 22 10 10 11 18 12 26 13 14 14 15 15 27 16 28 17 16 18 21 19 21 20 12 21 16 22 29 23 28 24 27 25 15 26 15 27 28 36 13 37 17 38 30 39 10 40 28 41 11 42 15 43 30 48 23 49 18 50 11 51 21 12 12 10 13 25 14 24 15 28 20 11 21 15 22 16 23 28 48 23 49 27 50 15 51 19 48 4 21 5 15 6 25 7 24 8 15 9 24 10 22 11 30 12 27 13 25 14 17 15 11 16 19 17 29 18 13 19 27 20 24 21 20 22 20 23 25 28 12 29 21 30 19 31 19 32 11 33 27 34 14 35 18 36 29 37 12 38 14 39 19 40 10 41 21 42 17 43 12 44 21 45 10 46 21 47 21 48 17 49 21 50 30 51 29 52 22 53 21 54 28 55 24 4 56 27 57 24 58 30 59 26 
5 4 0 25 1 17 2 10 3 26 8 24 30 25 12 26 22 27 17 36 25 37 23 38 12 39 22 52 4 11 5 23 6 13 7 14 8 29 9 30 10 13 11 27 12 30 13 24 14 21 15 21 16 23 17 22 18 25 19 29 20 30 21 15 22 17 23 26 24 12 25 14 26 24 27 14 28 20 29 14 30 12 31 25 32 18 33 18 34 28 35 21 36 25 37 12 38 11 39 20 40 12 41 23 42 23 43 16 44 15 45 19 46 22 47 18 48 20 49 22 50 23 51 11 52 10 53 25 54 14 55 23 4 28 23 29 12 30 23 31 29 4 56 18 57 12 58 21 59 28 
5 4 0 10 1 24 2 13 3 23 32 4 11 5 20 6 20 7 29 8 16 9 13 10 18 11 20 12 28 13 20 14 27 15 19 24 28 25 15 26 20 27 23 36 28 37 26 38 30 39 30 40 30 41 10 42 11 43 21 44 22 45 23 46 12 47 13 52 19 53 13 54 27 55 19 44 8 18 9 24 10 24 11 10 12 23 13 28 14 29 15 23 16 15 17 25 18 22 19 13 20 22 21 22 22 12 23 18 24 23 25 10 26 10 27 29 28 24 29 14 30 19 31 19 32 24 33 15 34 27 35 19 36 19 37 25 38 26 39 11 40 18 41 16 42 29 43 17 48 25 49 16 50 17 51 29 52 23 53 26 54 11 55 16 4 4 20 5 22 6 20 7 26 4 56 11 57 12 58 16 59 16 
5 4 0 19 1 16 2 27 3 21 4 8 22 9 25 10 25 11 20 40 8 30 9 27 10 30 11 16 12 15 13 24 14 15 15 10 16 20 17 13 18 17 19 10 20 26 21 20 22 29 23 27 24 19 25 12 26 22 27 23 28 18 29 24 30 15 31 11 32 17 33 19 34 15 35 14 40 27 41 19 42 23 43 22 44 18 45 17 46 24 47 29 48 21 49 11 50 11 51 14 36 4 26 5 22 6 20 7 28 16 23 17 29 18 11 19 20 20 18 21 16 22 11 23 15 24 29 25 24 26 18 27 14 28 10 29 21 30 25 31 26 36 24 37 11 38 11 39 22 40 16 41 25 42 16 43 14 44 30 45 14 46 27 47 30 48 28 49 14 50 12 51 23 4 56 21 57 29 58 15 59 21 
5 4 0 19 1 19 2 16 3 14 40 4 12 5 23 6 17 7 11 8 15 9 18 10 15 11 17 12 12 13 26 14 19 15 11 20 13 21 16 22 17 23 19 28 22 29 13 30 27 31 16 32 28 33 12 34 21 35 13 36 11 37 17 38 28 39 26 40 21 41 16 42 30 43 22 44 24 45 29 46 24 47 15 52 10 53 26 54 24 55 24 48 8 16 9 30 10 28 11 12 12 20 13 22 14 27 15 16 16 30 17 11 18 21 19 25 20 10 21 25 22 23 23 26 24 29 25 28 26 13 27 20 28 27 29 25 30 18 31 10 32 22 33 23 34 23 35 24 36 15 37 15 38 28 39 10 40 24 41 12 42 27 43 14 44 19 45 24 46 10 47 19 48 27 49 26 50 14 51 28 52 13 53 15 54 29 55 22 8 12 24 13 10 14 22 15 27 16 26 17 12 18 13 19 16 4 56 22 57 11 58 22 59 13 
5 4 0 11 1 14 2 24 3 14 52 4 30 5 14 6 11 7 20 8 18 9 26 10 14 11 10 12 14 13 24 14 25 15 10 16 20 17 20 18 29 19 10 20 21 21 17 22 18 23 25 24 13 25 16 26 25 27 24 28 22 29 25 30 14 31 25 32 17 33 28 34 23 35 30 36 16 37 24 38 30 39 22 40 25 41 29 42 17 43 26 44 14 45 21 46 17 47 28 48 11 49 18 50 18 51 29 52 11 53 20 54 28 55 19 12 28 28 29 18 30 16 31 29 44 12 45 24 46 10 47 19 52 24 53 28 54 10 55 12 4 36 10 37 13 38 10 39 28 4 56 12 57 15 58 14 59 23 
5 4 0 23 1 27 2 27 3 25 24 4 25 5 13 6 17 7 20 12 10 13 21 14 10 15 20 20 24 21 25 22 19 23 19 24 30 25 19 26 30 27 16 36 19 37 27 38 13 39 23 44 22 45 18 46 27 47 24 8 12 25 13 17 14 21 15 16 20 19 21 22 22 20 23 15 12 12 20 13 30 14 23 15 13 28 29 29 20 30 20 31 11 40 29 41 28 42 20 43 11 4 56 28 57 10 58 29 59 22 
5 4 0 11 1 10 2 12 3 14 8 32 27 33 21 34 25 35 20 48 27 49 10 50 27 51 28 8 4 25 5 15 6 11 7 23 28 14 29 10 30 30 31 16 8 4 12 5 17 6 25 7 15 20 24 21 24 22 19 23 28 4 56 18 57 16 58 30 59 13 
5 4 0 20 1 20 2 13 3 21 40 4 24 5 14 6 30 7 12 8 20 9 27 10 25 11 14 12 28 13 28 14 13 15 24 16 18 17 27 18 20 19 24 20 22 21 20 22 14 23 10 24 30 25 29 26 21 27 21 28 22 29 24 30 18 31 22 36 10 37 12 38 21 39 17 48 23 49 24 50 26 51 15 52 10 53 19 54 23 55 28 36 12 26 13 21 14 11 15 27 16 24 17 10 18 13 19 15 20 23 21 28 22 24 23 21 24 13 25 25 26 29 27 20 36 27 37 27 38 23 39 22 40 19 41 30 42 15 43 23 44 28 45 13 46 21 47 24 48 16 49 27 50 26 51 18 52 18 53 16 54 15 55 18 8 20 14 21 30 22 11 23 22 24 11 25 16 26 10 27 19 4 56 19 57 26 58 30 59 27 
5 4 0 16 1 10 2 21 3 16 24 8 24 9 23 10 13 11 13 16 24 17 24 18 12 19 18 20 23 21 24 22 22 23 17 40 20 41 16 42 16 43 23 48 17 49 12 50 15 51 20 52 18 53 20 54 10 55 21 52 4 29 5 20 6 14 7 24 8 11 9 21 10 15 11 22 12 14 13 15 14 21 15 16 16 17 17 29 18 27 19 30 20 13 21 11 22 29 23 15 24 11 25 25 26 13 27 17 28 11 29 16 30 21 31 23 32 24 33 15 34 26 35 10 36 21 37 21 38 27 39 23 40 29 41 14 42 24 43 26 44 21 45 16 46 20 47 16 48 11 49 22 50 24 51 10 52 13 53 10 54 29 55 13 8 32 19 33 23 34 26 35 22 40 22 41 12 42 27 43 12 4 56 19 57 25 58 20 59 28 
5 4 0 13 1 11 2 12 3 15 8 40 13 41 19 42 27 43 14 48 10 49 20 50 15 51 19 16 16 28 17 23 18 28 19 16 24 25 25 18 26 12 27 12 44 21 45 26 46 27 47 21 52 21 53 13 54 19 55 23 16 20 15 21 26 22 25 23 30 24 13 25 13 26 10 27 24 32 10 33 22 34 13 35 13 48 12 49 25 50 11 51 14 4 56 25 57 11 58 10 59 14 

Dynamic Events
Machine Breakdowns (x y z): Machine {x} breakdown from time {y} to {z}
0 2643 2800
0 3288 3415
0 3702 3789
1 3312 3406
1 4184 4311
2 2870 2953
2 3739 3911
3 2171 2272
3 2802 2924
3 3980 4086
4 5538 5672
5 1133 1224
5 3574 3747
5 4127 4293
5 6146 6291
6 3430 3597
6 4182 4267
6 4551 4709
6 5637 5720
7 860 952
7 2388 2469
7 4828 4966
8 1103 1257
8 5768 5870
9 708 841
9 1983 2101
9 2906 3057
9 5789 5912
10 2897 3045
10 5701 5799
11 2459 2578
11 3075 3272
11 5614 5700
11 5971 6148
12 4528 4683
12 4892 5042
12 5643 5815
13 613 739
13 1447 1575
13 5525 5636
14 858 996
14 5422 5546
15 1641 1768
15 2543 2723
15 3726 3877
15 4751 4827
15 5036 5149
16 2862 2961
16 6196 6342
17 5199 5389
18 5751 5834
19 6139 6322
20 673 791
20 5893 6067
21 4586 4749
21 5805 5963
21 6292 6446
22 5887 6042
22 6300 6439
23 6515 6640
24 1814 1991
24 2351 2504
24 3345 3487
24 5086 5277
24 5576 5685
25 1726 1814
25 3806 3981
25 5632 5795
26 5317 5494
27 3226 3320
27 5405 5519
28 4334 4524
29 1136 1318
29 4465 4551
29 4766 4873
30 4642 4824
30 5417 5560
31 5745 5923
32 1023 1214
32 2117 2288
32 6140 6273
33 3393 3562
33 4833 5003
33 6149 6263
34 1446 1569
34 2025 2133
34 4913 5017
34 5846 5999
35 2382 2510
35 4016 4121
36 4492 4583
36 6115 6300
37 5148 5320
37 6433 6555
38 6499 6616
39 4069 4220
39 5789 5878
40 4251 4438
40 6423 6608
41 5030 5157
41 5626 5807
42 2467 2595
42 2979 3096
42 5490 5584
43 5110 5278
43 5722 5823
44 3620 3827
44 5938 6109
45 4896 5087
46 4 105
46 623 729
46 4468 4647
46 5428 5508
47 5299 5465
47 5670 5841
48 6298 6434
49 2644 2744
49 5467 5607
50 5484 5567
50 6049 6213
51 2776 2930
51 4155 4337
51 5248 5405
52 5469 5623
52 6335 6450
53 5690 5781
53 6304 6434
54 2895 2973
54 4806 4957
54 6035 6140
55 1192 1363
55 5662 5853
55 6096 6210
56 1930 2066
56 2451 2579
56 3970 4077
57 1351 1476
57 2033 2198
57 3969 4161
58 3804 3983
59 830 972
59 3966 4056

Added Jobs (first number is the time at which the job is added, then pairs of machines and process time)
762: 5 30 8 10 41 28 42 15 31 22 22 20 53 28 14 10 24 20 44 18 18 17 51 21 6 25 32 16 48 29 39 30 50 28 17 18 58 30 34 19 49 18 46 17 23 26 52 21 12 18 21 13 15 13 27 23 4 15 10 23 38 15 15 36 21 57 19 35 29 2 25 41 30 58 25 7 17 34 28 25 27 30 30 18 23 42 22 1 16 4 11 9 16 36 8 28 48 20 49 27 21 10 43 17 39 27 31 18 19 13 30 18 35 17 18 10 26 22 56 26 24 10 57 12 47 25 2 17 10 17 32 29 7 13 15 17 14 24 36 24 12 30 29 16 22 21 13 10 0 18 50 23 11 20 54 11 34 10 27 17 5 25 20 25 33 10 41 35 19 15 11 24 24 56 20 16 26 17 22 0 24 37 30 21 16 13 30 41 13 20 15 34 11 39 19 33 14 10 15 30 11 44 29 59 18 47 13 28 15 14 11 9 16 55 20 32 18 12 12 2 20 1 20 46 11 19 21 6 27 51 14 58 28 42 28 52 12 49 28 11 23 18 22 8 14 38 28 27 29 28 9 24 56 24 5 24 55 16 0 19 14 27 27 10 54 23 17 13 6 17 16 22 7 18 50 19 44 21 10 25 36 15 39 21 22 11 19 18 41 10 37 17 53 21 49 27 18 17 1 22 59 19 34 17 40 11 
1492: 5 4 39 21 44 27 52 28 41 15 41 26 30 22 30 28 13 1 19 30 12 46 23 44 13 7 18 6 22 42 25 16 20 14 25 5 17 25 21 15 18 29 29 50 17 27 20 45 13 47 14 9 22 11 29 33 16 34 20 43 29 56 25 51 15 35 28 10 20 38 23 59 10 58 25 41 14 8 17 0 12 49 10 57 13 17 28 13 22 36 29 31 22 11 23 22 49 13 51 25 48 18 16 20 3 25 1 11 8 16 0 21 30 26 57 12 15 56 24 13 29 55 13 28 27 4 16 30 24 23 16 2 21 21 22 59 21 12 12 49 23 38 13 29 20 19 11 52 2 26 21 12 11 29 19 13 40 13 50 25 35 29 1 23 54 12 56 13 41 14 28 27 53 11 31 18 25 16 4 30 6 27 30 12 32 20 34 18 24 25 16 11 23 11 12 14 38 15 13 17 44 19 57 19 0 10 45 30 42 20 15 12 59 12 9 12 55 30 52 16 10 12 14 28 51 30 27 21 58 16 29 21 33 27 18 27 43 15 37 11 36 26 46 30 20 22 47 22 48 26 22 27 
526: 5 4 50 24 7 15 33 11 59 27 20 2 23 41 11 45 10 51 16 53 12 15 17 0 16 47 29 39 20 35 14 31 19 17 19 21 19 10 19 20 17 3 25 36 19 55 10 4 10 22 26 25 45 22 5 22 2 27 26 10 44 19 17 28 15 26 27 11 1 30 51 13 19 23 52 17 10 22 20 25 4 11 31 13 48 21 33 22 41 23 56 12 16 22 57 17 13 11 18 19 30 20 44 43 22 20 12 48 26 25 22 30 20 32 16 11 21 50 21 45 18 3 12 34 11 19 19 47 20 37 15 44 18 51 19 18 16 39 17 54 20 36 17 12 24 9 11 33 18 26 20 13 27 38 22 17 24 2 23 21 25 49 29 15 10 8 19 0 11 4 15 22 25 7 19 10 18 29 22 28 27 1 15 5 25 55 15 16 22 53 24 15 46 12 5 27 9 14 11 19 14 17 0 18 52 17 51 18 12 18 48 23 43 20 2 12 15 16 35 21 47 18 
1148: 5 42 24 17 16 20 5 26 18 17 53 28 14 20 23 17 4 26 31 26 30 13 12 12 50 21 35 28 8 13 36 25 19 10 10 16 1 23 7 19 25 27 44 19 49 23 38 23 21 30 40 21 47 22 45 27 42 11 55 16 41 21 15 22 57 26 17 30 59 22 11 25 52 13 58 25 54 23 39 18 46 13 32 25 34 10 42 15 10 3 12 41 11 19 14 37 11 27 10 9 18 43 28 8 22 25 22 40 30 55 15 45 19 20 16 33 25 13 15 14 28 7 23 0 21 57 19 4 20 54 13 59 26 31 25 16 30 52 22 17 11 21 30 28 10 10 14 18 19 47 26 6 15 26 13 53 19 22 13 2 27 49 28 50 29 44 28 30 22 34 11 27 38 22 45 20 35 13 26 13 6 18 43 13 57 11 11 25 27 14 4 24 46 24 3 30 37 10 58 20 34 22 48 19 17 12 8 25 50 19 20 28 15 17 53 23 9 22 0 17 39 18 54 26 31 22 4 22 21 26 13 55 22 19 29 4 17 29 51 15 21 22 54 12 
922: 5 26 38 21 58 29 27 11 2 26 55 25 19 21 25 15 43 20 0 30 39 21 26 20 10 29 8 22 9 22 53 14 37 14 40 16 56 14 33 23 45 14 50 14 46 27 11 23 22 30 34 11 44 15 23 35 11 37 20 18 16 2 19 19 22 59 12 53 26 20 28 33 21 6 11 5 30 17 13 38 18 51 29 31 10 24 18 34 12 44 18 21 14 42 18 1 30 27 23 9 25 19 48 12 24 27 43 12 16 14 53 17 45 11 57 28 41 11 26 20 14 25 28 23 39 25 8 16 36 17 9 15 32 27 2 27 5 30 23 17 51 25 14 14 23 19 23 33 15 17 19 47 10 10 16 45 20 51 27 20 29 38 21 43 18 35 16 15 11 22 30 41 23 49 29 11 13 18 12 6 26 12 21 9 24 28 20 27 21 2 19 8 13 58 13 29 11 37 23 4 11 39 12 57 24 59 25 40 13 42 23 44 28 36 19 1 16 55 27 56 26 46 30 50 17 3 26 7 23 5 11 32 24 24 21 54 29 30 21 48 17 16 22 41 51 11 23 12 4 23 55 17 31 26 54 30 9 13 49 26 56 11 13 14 6 12 7 27 10 16 43 28 1 15 39 24 15 27 59 10 27 29 38 30 0 15 8 26 53 16 47 15 44 11 36 24 37 11 30 16 41 21 26 13 25 26 22 19 24 25 46 25 52 30 57 17 17 25 58 12 14 19 34 28 5 30 
853: 5 5 16 23 54 23 8 23 40 11 58 21 36 8 10 59 21 37 17 23 29 35 30 54 20 10 10 1 17 42 24 27 12 4 24 45 10 38 30 12 12 43 23 39 18 49 23 3 27 19 28 58 23 36 25 56 26 14 14 44 24 18 11 7 25 15 13 57 24 22 13 20 19 29 24 48 26 46 20 50 22 28 29 32 29 44 34 25 56 14 43 27 4 28 28 24 33 23 8 30 55 26 1 10 20 26 10 15 39 25 30 15 6 19 18 15 26 30 25 30 53 15 0 24 44 19 52 18 3 25 2 22 16 24 15 14 31 22 57 12 5 25 24 24 9 18 19 23 49 28 54 19 48 21 37 22 40 21 45 18 36 17 27 26 7 25 47 29 59 28 41 10 32 17 25 31 26 53 19 40 22 44 23 0 29 35 18 12 12 9 27 38 12 25 19 16 28 46 18 32 18 30 20 11 25 15 17 56 20 27 19 14 15 7 24 24 20 48 13 45 21 28 18 51 15 22 5 20 29 10 35 28 23 25 18 25 17 29 7 24 13 29 1 25 51 16 43 30 31 12 47 15 21 13 20 11 10 20 49 29 8 23 42 21 15 19 25 24 36 22 
801: 5 26 57 20 36 29 17 18 35 30 59 10 15 16 54 14 22 19 42 15 37 15 2 23 45 24 47 28 44 19 32 24 38 16 24 19 41 10 34 28 10 29 14 13 21 16 9 26 43 23 58 16 1 18 6 40 18 31 21 43 16 47 19 8 22 41 19 16 36 19 54 28 19 25 47 12 8 29 2 12 32 23 29 23 38 12 44 29 11 23 7 15 30 10 39 21 49 10 13 28 22 12 11 30 26 15 23 47 20 37 30 29 18 8 23 18 12 54 26 46 14 28 17 32 12 52 12 56 29 17 29 11 29 21 13 35 18 53 27 31 12 58 27 51 19 28 33 18 3 14 7 23 46 21 11 10 29 17 45 27 42 11 55 19 59 20 6 14 30 22 21 20 36 16 13 16 24 20 12 10 1 19 47 24 4 26 27 19 15 19 50 30 41 21 35 22 34 30 10 14 20 15 
1660: 5 49 3 12 44 25 31 13 36 23 39 13 1 26 37 20 40 18 47 13 7 16 19 25 2 16 51 13 25 20 54 19 48 16 50 22 12 10 55 26 23 14 20 30 6 12 11 23 41 14 18 19 26 17 22 16 4 14 29 27 8 10 45 18 43 22 24 28 14 16 10 23 28 14 46 13 16 15 27 21 35 19 57 20 53 14 21 29 15 22 59 27 30 17 58 12 38 13 33 13 27 12 23 47 26 51 20 14 12 29 10 38 17 6 21 50 15 0 27 59 30 3 28 45 25 20 11 35 18 32 18 22 16 27 27 36 16 54 21 21 30 34 17 5 26 23 30 46 21 4 22 18 11 53 20 13 33 23 27 21 15 19 46 10 14 13 53 16 21 30 10 23 34 21 28 17 56 26 40 14 9 21 5 58 20 59 20 51 29 12 30 22 19 33 12 12 42 10 27 26 3 27 51 19 59 27 29 15 8 12 16 15 21 16 10 29 7 27 49 10 57 11 35 29 52 18 0 13 40 12 55 20 38 18 43 18 50 28 9 29 15 20 45 23 47 24 46 19 17 13 30 30 53 16 18 23 5 22 20 20 
1581: 5 18 7 27 22 22 28 16 38 16 39 28 56 30 10 25 3 11 47 28 36 14 5 19 18 13 53 24 34 18 37 12 33 16 13 15 0 11 29 44 27 25 17 12 19 3 16 39 27 21 30 22 11 45 29 29 25 2 27 56 21 5 11 10 25 17 11 1 13 8 21 43 11 31 18 46 12 37 27 27 23 54 14 50 18 4 21 38 25 36 18 53 28 32 18 59 17 12 17 21 22 25 20 14 32 26 24 13 12 15 23 11 14 25 28 24 49 15 33 30 0 29 5 56 20 35 28 45 20 26 24 43 21 5 5 22 47 19 39 15 50 25 10 23 
853: 5 15 18 27 19 22 32 20 0 23 27 20 4 23 21 15 23 27 14 15 11 27 10 25 49 18 33 30 43 17 17 30 17 27 23 52 23 10 26 32 23 15 18 22 26 17 26 28 29 48 19 35 21 55 23 50 16 42 28 43 27 19 22 1 21 14 13 10 19 18 48 26 8 21 34 20 45 19 56 21 29 29 40 25 35 17 2 12 4 14 21 20 20 54 15 41 19 34 34 16 35 17 10 16 9 26 48 29 49 20 37 17 27 15 44 23 4 14 0 29 39 19 45 30 15 28 26 21 1 17 13 26 22 29 50 19 43 25 18 18 20 27 5 18 24 30 52 29 14 13 3 27 51 20 8 29 53 26 36 12 55 20 23 14 54 21 
2021: 5 47 32 11 38 20 16 18 30 28 25 19 13 23 44 27 4 27 45 26 57 14 56 21 43 29 40 26 29 19 53 10 22 15 26 16 51 30 28 25 15 10 2 27 20 17 37 20 9 14 18 10 0 30 24 27 23 12 36 15 50 20 17 16 1 21 34 13 41 11 12 14 33 29 11 10 47 17 54 15 49 10 59 24 27 25 35 27 6 21 7 29 46 17 42 17 42 10 11 4 25 9 18 47 19 42 16 20 16 17 22 8 16 6 15 53 22 0 30 33 29 30 20 29 12 16 18 1 30 34 15 28 17 2 29 40 13 50 27 57 28 7 20 21 23 37 30 22 29 41 25 19 20 52 30 46 16 24 13 5 15 3 10 35 29 32 18 56 22 49 21 58 15 38 30 55 27 31 18 59 29 14 5 20 49 11 27 10 32 14 10 15 44 17 29 20 41 20 2 26 48 21 13 16 23 21 11 12 33 20 13 22 10 29 11 44 23 33 16 30 27 19 17 20 19 4 20 26 29 56 11 1 13 55 11 41 24 34 24 24 4 13 45 30 49 28 58 10 52 15 17 24 55 25 11 27 53 13 42 22 25 16 40 27 18 16 13 30 6 13 33 19 54 19 27 10 16 20 7 18 34 15 23 22 20 16 8 19 59 30 10 11 3 26 2 27 39 28 31 20 46 11 9 10 0 15 
1339: 5 25 4 14 17 17 50 21 28 26 11 10 37 30 47 27 44 23 56 26 15 20 19 25 45 14 20 18 26 24 0 27 57 22 3 12 54 22 36 29 59 25 58 26 9 28 43 23 49 18 40 23 39 5 11 37 19 41 19 28 12 34 24 16 23 4 22 54 27 25 26 36 28 44 26 22 30 20 18 43 25 0 15 10 20 18 16 42 22 56 29 14 18 47 18 29 30 55 10 32 24 13 19 27 26 21 23 49 25 3 16 50 25 23 12 19 28 38 13 26 13 1 12 7 14 15 20 30 16 57 18 35 19 16 53 18 35 14 43 22 44 21 23 15 10 13 49 23 55 27 40 15 1 12 15 20 51 19 25 16 14 14 24 14 0 17 11 27 12 14 7 22 21 19 20 14 8 11 54 14 4 19 46 19 52 12 59 27 50 13 33 25 29 14 32 14 56 29 13 28 48 10 30 15 28 51 17 42 20 12 24 40 27 46 26 48 29 39 18 13 20 52 27 5 17 9 17 8 18 34 18 20 29 55 29 24 26 21 22 36 14 28 22 10 17 45 15 22 23 29 17 16 18 57 30 54 18 27 22 38 20 26 20 33 20 29 43 21 5 25 44 27 26 23 14 17 48 24 45 30 37 11 34 27 16 18 52 15 8 18 30 19 19 15 56 11 38 18 4 21 24 29 9 27 12 27 57 27 7 30 29 19 21 30 53 15 10 26 59 20 40 23 50 10 15 20 28 28 55 24 
1348: 5 51 28 18 12 18 23 17 43 20 21 19 16 10 37 16 41 27 50 18 46 19 56 11 34 23 52 28 30 16 29 28 18 15 57 11 55 26 14 12 59 15 10 25 36 22 3 11 15 30 22 24 6 22 33 20 4 23 8 17 39 14 17 13 58 25 27 29 2 16 25 27 24 27 1 22 26 19 47 24 53 12 31 24 51 29 7 27 42 23 54 20 9 19 11 30 19 13 45 22 20 20 40 13 20 29 26 50 26 7 17 13 18 43 28 49 26 12 22 33 21 11 15 20 10 59 18 18 29 24 11 38 12 54 17 46 24 36 30 31 12 6 12 23 24 12 54 19 29 27 50 11 9 20 44 25 3 16 15 18 17 12 6 11 32 14 37 12 0 21 10 12 24 20 22 44 16 48 19 46 23 9 26 38 22 28 15 43 16 4 10 13 38 10 49 10 48 12 31 21 19 27 53 23 6 21 1 28 25 24 54 10 14 25 51 28 52 18 
593: 5 48 5 24 34 14 20 24 11 21 49 21 22 26 6 16 9 27 33 22 41 13 21 17 31 21 12 24 13 16 37 13 40 26 17 18 28 17 25 13 3 25 23 30 57 24 29 17 53 17 30 12 0 25 54 12 51 11 16 17 7 17 18 16 2 20 44 29 46 10 47 14 56 24 45 12 8 24 58 15 15 29 35 22 36 10 42 23 14 24 48 16 26 17 43 21 4 11 40 8 29 52 28 6 13 14 26 56 30 12 17 32 12 54 24 50 28 17 21 37 17 23 11 33 12 16 28 47 19 57 28 22 18 36 23 10 27 9 21 2 22 21 12 44 28 1 12 49 15 28 14 55 30 38 12 24 20 19 24 26 13 15 27 45 20 4 25 20 12 31 29 27 23 48 16 30 25 18 17 25 9 20 50 25 42 24 15 28 25 11 52 21 14 18 3 16 22 28 26 11 11 16 0 10 35 24 34 15 18 19 17 27 4 13 12 14 41 23 16 30 39 30 1 12 33 10 59 24 53 10 7 7 12 54 13 18 13 44 29 27 22 45 28 23 18 15 34 28 18 10 54 30 39 26 11 22 13 25 1 10 49 27 6 15 40 15 7 11 33 28 22 18 50 11 23 19 
1558: 5 48 7 18 28 27 44 26 8 24 1 28 36 19 30 20 35 10 22 25 19 15 6 29 39 16 47 15 48 15 26 10 51 12 56 26 58 28 37 11 20 30 16 28 17 19 34 10 54 12 50 12 38 28 14 14 43 22 10 20 3 21 53 16 23 20 12 11 40 22 25 30 15 16 42 11 11 30 9 17 5 24 52 15 0 30 41 29 49 26 21 21 57 12 59 29 2 15 40 21 15 26 11 6 20 36 18 33 19 10 28 1 30 2 29 43 28 19 11 16 12 12 20 4 27 14 24 47 21 15 14 34 10 13 23 35 21 50 22 59 10 46 11 57 30 31 30 7 24 56 11 11 26 52 24 42 15 0 24 58 21 18 28 45 13 51 30 17 21 44 13 8 13 23 16 53 11 48 22 8 2 26 21 29 40 19 23 12 8 19 29 14 56 16 44 24 16 17 15 24 10 3 27 22 26 34 30 23 14 43 18 8 17 54 16 16 20 52 19 30 20 15 26 19 25 36 19 1 23 6 9 29 39 28 42 16 59 18 10 25 38 11 
1991: 5 50 44 27 38 28 30 28 29 20 17 10 47 10 22 15 43 13 55 23 3 19 26 18 58 17 35 14 21 10 57 30 46 12 10 17 37 18 39 24 50 30 12 26 27 13 25 11 36 11 40 27 7 10 15 30 32 23 59 21 34 20 6 21 8 13 11 28 52 22 33 22 51 20 42 18 16 12 31 23 23 28 2 14 14 25 5 15 24 21 49 10 1 25 20 14 9 19 18 15 13 13 38 47 23 25 12 1 12 40 21 52 28 43 22 20 20 41 28 21 30 33 25 11 10 13 14 9 14 45 25 55 13 14 20 29 10 50 11 30 10 34 24 36 27 0 20 38 20 12 16 48 17 37 13 7 29 39 23 46 13 59 17 27 23 15 25 8 17 53 30 4 18 42 12 51 22 49 29 28 28 10 45 11 3 17 46 14 44 25 29 20 40 16 35 21 12 20 0 22 36 11 5 30 1 15 25 30 48 18 43 10 34 28 47 15 8 26 54 13 38 26 27 18 53 19 10 19 33 20 50 11 52 22 9 22 15 2 10 18 12 10 10 21 17 4 24 0 11 47 13 8 17 45 24 38 16 30 13 53 16 29 20 13 14 49 17 43 4 16 7 23 44 20 46 15 27 24 41 11 38 30 6 19 32 24 8 12 24 10 17 15 33 27 49 27 30 22 19 30 34 18 18 20 53 21 31 22 22 15 20 23 37 16 58 21 26 30 25 24 14 28 5 14 1 28 12 14 40 16 59 21 13 14 2 16 57 10 0 13 45 15 11 25 52 29 42 12 15 11 36 18 47 14 
724: 5 42 52 26 36 16 55 14 10 23 51 28 25 10 6 28 23 19 19 18 43 29 18 15 2 11 3 29 32 26 21 19 27 21 37 10 26 10 59 18 38 27 45 23 20 15 8 13 40 19 50 21 46 21 24 23 58 20 49 15 15 30 11 29 7 11 56 15 12 28 35 17 17 25 9 21 57 19 47 30 22 23 42 11 28 28 38 21 23 56 14 0 11 25 15 45 29 54 15 14 13 50 12 38 29 31 26 52 15 49 14 40 29 32 13 36 11 27 28 4 28 19 18 26 30 37 22 34 29 9 19 44 28 53 25 16 29 23 17 28 30 12 22 39 21 35 22 17 30 57 18 18 11 48 15 55 15 5 14 41 19 59 11 17 56 13 23 20 16 26 30 10 27 12 10 29 13 19 7 16 28 18 3 21 53 14 19 25 18 30 40 29 52 25 59 15 58 21 41 56 29 48 20 7 19 57 10 40 14 46 18 6 25 31 19 16 14 13 29 55 21 32 18 58 22 53 29 39 11 23 23 4 16 50 13 37 29 21 24 20 17 24 24 11 27 47 27 36 30 8 25 26 15 45 24 5 22 43 30 29 25 12 10 41 29 33 20 0 28 2 23 18 29 19 24 25 23 44 29 54 25 45 13 12 7 14 29 25 32 22 55 26 52 15 27 18 19 10 58 26 30 24 16 19 20 19 34 10 45 15 25 16 56 25 38 18 21 22 2 14 33 11 17 26 42 12 5 30 53 11 3 22 12 28 54 20 43 26 1 10 36 18 9 15 41 15 51 16 0 13 24 27 15 28 26 23 40 25 8 12 37 15 50 21 10 14 23 11 46 23 6 19 
626: 5 21 33 21 55 13 58 29 29 25 12 22 52 14 0 20 39 30 9 21 24 15 20 27 46 21 4 14 45 28 13 19 25 19 43 19 37 28 26 25 51 25 35 22 11 6 14 37 23 26 20 46 24 10 26 58 26 30 30 43 26 35 24 31 23 11 26 16 41 27 2 21 3 23 28 18 19 28 14 24 42 21 40 15 59 16 50 21 57 13 48 26 7 15 9 12 1 16 20 21 11 34 10 11 12 43 16 19 17 59 13 36 30 14 30 56 10 51 17 40 12 25 16 43 29 15 23 17 32 20 47 10 24 11 58 28 33 23 14 13 39 27 1 27 54 22 46 26 50 21 18 24 6 12 30 12 7 27 40 12 59 26 48 27 4 11 57 22 36 10 51 23 45 10 31 11 56 21 13 13 15 28 9 13 44 10 27 20 2 27 41 23 42 27 0 16 25 12 52 12 34 26 11 23 28 25 53 26 21 12 
1973: 5 25 50 19 43 11 21 12 8 16 14 15 40 25 53 15 54 21 6 14 39 29 47 13 45 13 48 30 32 11 23 14 33 21 12 27 22 26 17 29 19 22 35 29 1 23 44 28 37 21 26 11 50 37 26 50 25 40 21 30 23 49 23 4 23 56 20 53 25 39 28 24 12 33 11 20 18 31 24 7 20 8 20 57 28 51 11 47 17 44 16 36 14 38 23 17 12 34 10 15 10 22 16 59 27 26 26 28 15 52 19 19 17 3 17 11 16 25 28 12 28 32 21 48 17 35 17 45 30 18 21 55 22 10 22 43 30 16 26 41 24 21 21 58 23 0 17 42 25 27 11 14 21 11 48 14 11 15 29 15 8 22 30 17 51 11 47 20 36 19 53 21 45 10 21 26 45 15 30 43 14 40 12 25 12 45 14 35 15 20 19 10 21 24 24 14 14 28 14 52 26 22 28 18 11 9 15 30 30 27 12 33 29 49 11 5 28 48 20 11 23 55 14 53 21 34 21 8 10 37 13 59 17 58 26 0 30 47 28 16 10 4 10 39 11 44 18 50 15 21 10 54 11 3 28 7 14 36 23 17 18 1 19 19 17 13 12 28 6 19 23 11 17 10 49 13 5 29 15 29 59 17 16 13 12 22 40 10 3 15 55 10 51 15 30 14 39 20 57 19 25 20 2 19 9 18 28 15 10 22 32 16 20 27 1 25 0 21 45 29 29 16 47 13 

Cancelled Jobs
2528 1
3325 35
1092 38
224 66
4051 72
3613 82
