100 60
5 4 0 10 1 21 2 27 3 10 16 8 13 9 20 10 25 11 26 16 27 17 12 18 11 19 17 40 27 41 13 42 15 43 11 52 29 53 24 54 12 55 29 40 4 30 5 12 6 26 7 21 8 19 9 24 10 13 11 13 16 18 17 23 18 10 19 30 24 29 25 19 26 27 27 10 28 15 29 23 30 27 31 22 32 22 33 21 34 18 35 13 40 19 41 26 42 24 43 16 44 16 45 13 46 21 47 26 48 15 49 12 50 19 51 30 52 17 53 12 54 10 55 26 32 4 17 5 22 6 11 7 15 8 25 9 25 10 25 11 22 16 25 17 27 18 26 19 16 20 19 21 16 22 15 23 29 24 24 25 10 26 29 27 15 36 21 37 23 38 11 39 22 40 11 41 23 42 19 43 22 44 25 45 18 46 24 47 25 4 56 11 57 15 58 28 59 11 
5 4 0 26 1 11 2 30 3 18 32 12 13 13 27 14 14 15 27 20 13 21 15 22 15 23 17 24 25 25 30 26 19 27 24 32 25 33 13 34 24 35 22 36 20 37 29 38 20 39 17 40 13 41 20 42 25 43 14 48 11 49 17 50 17 51 22 52 28 53 24 54 26 55 28 28 12 21 13 21 14 21 15 18 16 28 17 16 18 28 19 18 20 27 21 11 22 12 23 21 24 10 25 30 26 14 27 29 32 10 33 24 34 10 35 28 36 16 37 23 38 28 39 10 44 23 45 14 46 20 47 13 20 8 22 9 28 10 15 11 20 16 27 17 25 18 23 19 10 20 12 21 12 22 22 23 26 40 20 41 22 42 11 43 19 44 30 45 22 46 17 47 22 4 56 25 57 22 58 18 59 26 
5 4 0 20 1 14 2 19 3 17 16 12 17 13 23 14 16 15 20 16 10 17 27 18 30 19 26 24 17 25 22 26 13 27 21 52 22 53 17 54 14 55 28 8 4 30 5 16 6 12 7 25 16 19 17 18 18 19 19 13 20 4 25 5 24 6 17 7 12 32 14 33 27 34 20 35 16 40 10 41 27 42 20 43 25 44 16 45 11 46 22 47 11 52 11 53 19 54 16 55 14 4 56 28 57 18 58 22 59 21 
5 4 0 13 1 17 2 17 3 14 4 48 15 49 24 50 21 51 21 4 44 22 45 26 46 17 47 26 40 4 24 5 10 6 24 7 18 12 13 13 30 14 22 15 18 16 12 17 18 18 25 19 14 20 19 21 18 22 25 23 29 24 12 25 17 26 17 27 25 28 10 29 15 30 30 31 20 32 27 33 11 34 18 35 30 36 13 37 10 38 27 39 15 44 18 45 13 46 27 47 20 52 16 53 23 54 29 55 30 4 56 14 57 22 58 21 59 21 
5 4 0 29 1 16 2 25 3 21 28 4 21 5 21 6 10 7 13 8 15 9 29 10 21 11 28 12 15 13 25 14 19 15 27 16 11 17 29 18 18 19 27 24 22 25 29 26 11 27 30 36 22 37 27 38 29 39 13 48 28 49 29 50 22 51 29 8 32 10 33 24 34 19 35 21 44 10 45 22 46 24 47 22 44 8 23 9 19 10 15 11 25 12 24 13 10 14 10 15 22 16 18 17 22 18 15 19 16 20 20 21 20 22 17 23 30 24 25 25 24 26 21 27 23 28 16 29 27 30 12 31 21 32 14 33 18 34 21 35 27 40 28 41 11 42 25 43 26 44 24 45 17 46 30 47 12 48 11 49 11 50 22 51 15 52 15 53 28 54 29 55 21 4 56 19 57 16 58 12 59 11 
5 4 0 19 1 25 2 23 3 20 24 8 17 9 13 10 24 11 21 24 25 25 28 26 15 27 15 32 25 33 17 34 24 35 23 40 19 41 15 42 19 43 18 44 12 45 16 46 15 47 18 48 24 49 20 50 14 51 15 36 4 20 5 25 6 22 7 10 8 10 9 23 10 11 11 20 12 17 13 25 14 25 15 27 20 20 21 26 22 12 23 13 24 26 25 13 26 14 27 27 28 28 29 14 30 29 31 15 32 17 33 13 34 18 35 10 44 13 45 14 46 10 47 14 52 17 53 19 54 29 55 26 16 8 26 9 13 10 14 11 15 24 15 25 12 26 19 27 16 28 15 29 12 30 28 31 15 44 28 45 28 46 29 47 19 4 56 17 57 30 58 26 59 18 
5 4 0 16 1 15 2 16 3 18 36 4 18 5 14 6 17 7 11 8 28 9 16 10 18 11 15 12 29 13 18 14 27 15 16 16 20 17 12 18 25 19 23 28 28 29 11 30 27 31 23 32 27 33 17 34 19 35 14 40 23 41 15 42 13 43 21 48 18 49 22 50 29 51 16 52 22 53 14 54 22 55 30 16 4 19 5 10 6 25 7 28 20 14 21 16 22 23 23 16 24 11 25 20 26 15 27 25 44 29 45 23 46 10 47 15 40 4 29 5 19 6 22 7 18 8 19 9 24 10 26 11 18 12 13 13 19 14 28 15 12 16 25 17 26 18 15 19 16 20 10 21 29 22 24 23 13 24 11 25 10 26 13 27 25 28 13 29 26 30 15 31 30 32 21 33 30 34 11 35 30 48 14 49 15 50 10 51 29 52 13 53 15 54 19 55 23 4 56 17 57 13 58 19 59 19 
5 4 0 24 1 16 2 14 3 16 12 24 19 25 19 26 28 27 21 32 11 33 18 34 21 35 11 44 17 45 12 46 14 47 29 52 4 23 5 20 6 20 7 12 8 28 9 27 10 29 11 30 12 18 13 28 14 14 15 10 16 19 17 30 18 24 19 29 20 16 21 24 22 28 23 24 24 20 25 20 26 12 27 19 28 27 29 24 30 10 31 19 32 18 33 13 34 29 35 19 36 23 37 30 38 19 39 28 40 29 41 16 42 19 43 14 44 23 45 25 46 12 47 19 48 18 49 22 50 26 51 13 52 23 53 28 54 30 55 21 28 8 12 9 14 10 25 11 12 24 14 25 20 26 15 27 25 28 29 29 28 30 11 31 26 36 29 37 16 38 25 39 21 40 26 41 20 42 23 43 16 48 17 49 21 50 15 51 30 52 27 53 28 54 23 55 14 4 56 28 57 28 58 14 59 10 
5 4 0 27 1 24 2 10 3 30 48 4 30 5 16 6 23 7 12 8 25 9 19 10 12 11 14 12 15 13 13 14 23 15 29 16 29 17 30 18 27 19 23 24 25 25 23 26 20 27 22 28 11 29 18 30 18 31 10 32 11 33 13 34 23 35 22 36 25 37 16 38 27 39 27 40 18 41 13 42 22 43 23 44 25 45 18 46 28 47 15 48 30 49 25 50 22 51 29 52 22 53 26 54 18 55 21 16 8 23 9 28 10 12 11 10 28 26 29 19 30 26 31 18 40 24 41 20 42 24 43 12 52 29 53 22 54 15 55 26 24 8 19 9 11 10 15 11 11 12 11 13 25 14 23 15 30 16 25 17 17 18 12 19 17 24 21 25 24 26 27 27 12 32 30 33 18 34 15 35 11 48 13 49 22 50 29 51 30 4 56 11 57 29 58 24 59 15 
5 4 0 26 1 19 2 17 3 14 20 4 29 5 29 6 19 7 23 16 30 17 18 18 30 19 11 20 19 21 18 22 15 23 11 28 23 29 10 30 10 31 27 52 15 53 18 54 22 55 18 28 4 19 5 16 6 29 7 19 8 29 9 22 10 19 11 19 16 27 17 15 18 29 19 13 24 29 25 22 26 22 27 20 28 30 29 15 30 20 31 19 40 12 41 26 42 10 43 21 48 13 49 13 50 27 51 27 8 24 15 25 21 26 14 27 15 32 12 33 23 34 24 35 20 4 56 27 57 21 58 19 59 30 
5 4 0 22 1 28 2 26 3 19 12 16 20 17 11 18 20 19 17 48 18 49 17 50 28 51 30 52 21 53 15 54 14 55 29 44 4 12 5 10 6 11 7 30 8 19 9 25 10 18 11 14 16 19 17 10 18 20 19 28 24 30 25 17 26 22 27 11 28 23 29 11 30 17 31 20 32 24 33 13 34 15 35 26 36 28 37 19 38 15 39 25 40 14 41 11 42 26 43 18 44 27 45 24 46 16 47 12 48 27 49 22 50 16 51 25 52 23 53 10 54 12 55 28 44 4 11 5 26 6 17 7 12 8 18 9 28 10 25 11 30 16 26 17 22 18 21 19 29 20 23 21 11 22 13 23 15 24 23 25 12 26 16 27 16 28 12 29 18 30 29 31 19 32 14 33 24 34 24 35 23 36 12 37 13 38 28 39 18 40 24 41 15 42 21 43 15 48 18 49 16 50 28 51 22 52 18 53 21 54 11 55 11 4 56 13 57 14 58 19 59 18 
5 4 0 30 1 21 2 11 3 10 24 4 12 5 17 6 21 7 14 8 20 9 12 10 22 11 11 12 15 13 28 14 22 15 23 16 19 17 19 18 23 19 19 44 30 45 30 46 20 47 16 48 30 49 22 50 18 51 10 16 16 26 17 16 18 15 19 29 36 19 37 19 38 28 39 20 44 24 45 26 46 18 47 27 52 19 53 26 54 30 55 26 16 8 30 9 14 10 12 11 26 24 23 25 20 26 25 27 28 28 28 29 16 30 13 31 26 32 20 33 23 34 18 35 28 4 56 12 57 22 58 23 59 15 
5 4 0 24 1 27 2 25 3 19 40 4 28 5 20 6 12 7 12 8 11 9 10 10 16 11 13 12 27 13 16 14 11 15 23 16 30 17 26 18 30 19 29 20 20 21 22 22 30 23 14 24 10 25 18 26 10 27 29 28 28 29 28 30 15 31 11 32 20 33 11 34 23 35 19 48 17 49 20 50 24 51 20 52 29 53 19 54 13 55 15 52 4 24 5 19 6 11 7 22 8 18 9 19 10 15 11 27 12 22 13 20 14 30 15 27 16 26 17 23 18 27 19 27 20 10 21 30 22 14 23 30 24 20 25 30 26 11 27 19 28 15 29 19 30 29 31 18 32 27 33 21 34 25 35 11 36 13 37 20 38 30 39 12 40 18 41 26 42 16 43 20 44 19 45 14 46 16 47 28 48 11 49 28 50 18 51 28 52 22 53 24 54 19 55 13 24 8 25 9 26 10 14 11 27 16 29 17 16 18 22 19 14 28 10 29 15 30 21 31 19 32 16 33 11 34 22 35 18 40 28 41 15 42 11 43 18 48 21 49 13 50 28 51 25 4 56 17 57 19 58 23 59 20 
5 4 0 19 1 21 2 25 3 12 44 4 18 5 29 6 29 7 13 8 22 9 24 10 23 11 30 12 27 13 17 14 13 15 20 16 19 17 14 18 30 19 22 20 19 21 10 22 28 23 16 24 25 25 20 26 21 27 19 28 25 29 27 30 29 31 17 32 14 33 14 34 16 35 21 40 15 41 11 42 13 43 16 48 21 49 30 50 26 51 14 52 27 53 30 54 16 55 11 40 8 19 9 20 10 12 11 24 12 18 13 24 14 29 15 24 16 30 17 24 18 13 19 15 24 13 25 21 26 11 27 10 28 13 29 29 30 22 31 23 32 18 33 17 34 26 35 20 36 12 37 20 38 27 39 11 40 26 41 14 42 29 43 25 44 22 45 16 46 14 47 29 48 17 49 25 50 20 51 14 32 4 22 5 27 6 11 7 11 12 21 13 24 14 11 15 11 16 15 17 11 18 29 19 25 28 29 29 20 30 24 31 28 36 18 37 13 38 20 39 14 40 14 41 26 42 30 43 30 44 24 45 29 46 18 47 29 48 22 49 20 50 21 51 15 4 56 26 57 16 58 13 59 28 
5 4 0 12 1 22 2 23 3 13 20 8 25 9 24 10 19 11 21 20 21 21 15 22 28 23 15 28 11 29 24 30 14 31 17 32 11 33 12 34 21 35 10 44 27 45 21 46 26 47 14 24 4 11 5 18 6 25 7 11 16 22 17 17 18 25 19 20 20 20 21 12 22 22 23 19 32 15 33 28 34 11 35 26 40 14 41 30 42 27 43 27 48 18 49 22 50 26 51 30 36 4 27 5 21 6 24 7 18 8 30 9 18 10 14 11 20 20 30 21 18 22 10 23 16 24 19 25 22 26 15 27 13 28 21 29 11 30 12 31 14 36 13 37 19 38 14 39 29 40 18 41 27 42 19 43 23 48 10 49 19 50 28 51 19 52 30 53 30 54 28 55 15 4 56 28 57 15 58 25 59 29 
5 4 0 12 1 30 2 30 3 24 12 24 14 25 28 26 25 27 21 36 10 37 17 38 11 39 24 40 11 41 23 42 20 43 10 28 8 17 9 26 10 27 11 13 12 25 13 21 14 27 15 21 28 25 29 20 30 20 31 13 36 14 37 11 38 11 39 27 40 13 41 16 42 24 43 28 44 28 45 30 46 23 47 20 48 12 49 30 50 13 51 13 20 8 13 9 15 10 27 11 17 24 23 25 29 26 24 27 10 36 11 37 12 38 30 39 11 40 25 41 29 42 20 43 10 44 24 45 14 46 17 47 12 4 56 22 57 30 58 19 59 11 
5 4 0 15 1 19 2 24 3 14 52 4 23 5 27 6 14 7 11 8 14 9 24 10 18 11 28 12 17 13 29 14 18 15 14 16 19 17 21 18 14 19 16 20 28 21 26 22 26 23 22 24 19 25 29 26 23 27 11 28 28 29 20 30 16 31 11 32 29 33 18 34 15 35 25 36 11 37 24 38 18 39 21 40 30 41 10 42 14 43 20 44 25 45 25 46 20 47 10 48 19 49 16 50 13 51 16 52 21 53 17 54 26 55 29 16 8 27 9 24 10 22 11 26 16 21 17 11 18 12 19 20 28 12 29 21 30 12 31 13 44 16 45 23 46 13 47 13 36 4 18 5 20 6 20 7 25 12 30 13 20 14 23 15 13 20 13 21 28 22 18 23 13 28 16 29 28 30 10 31 13 32 19 33 11 34 20 35 18 36 21 37 16 38 21 39 17 44 14 45 28 46 19 47 13 48 22 49 21 50 10 51 29 52 15 53 18 54 21 55 22 4 56 24 57 11 58 11 59 13 
5 4 0 12 1 22 2 29 3 12 32 4 26 5 22 6 14 7 14 8 13 9 14 10 19 11 11 12 21 13 13 14 13 15 10 16 12 17 18 18 21 19 19 32 26 33 19 34 10 35 28 44 27 45 30 46 24 47 14 48 11 49 24 50 21 51 11 52 10 53 15 54 20 55 10 52 4 18 5 30 6 24 7 20 8 20 9 28 10 26 11 16 12 12 13 23 14 11 15 25 16 11 17 14 18 24 19 22 20 26 21 30 22 15 23 10 24 13 25 26 26 13 27 16 28 23 29 24 30 17 31 12 32 15 33 16 34 18 35 18 36 22 37 17 38 23 39 16 40 18 41 18 42 17 43 23 44 26 45 25 46 14 47 28 48 19 49 26 50 12 51 16 52 14 53 30 54 19 55 27 28 12 21 13 10 14 30 15 14 16 25 17 24 18 25 19 15 28 22 29 29 30 19 31 19 32 26 33 25 34 21 35 15 36 29 37 18 38 19 39 30 44 14 45 24 46 14 47 11 48 12 49 11 50 18 51 28 4 56 12 57 19 58 19 59 28 
5 4 0 15 1 11 2 24 3 19 8 4 22 5 15 6 22 7 22 12 12 13 14 14 25 15 28 32 4 24 5 15 6 30 7 16 12 30 13 12 14 11 15 29 20 30 21 28 22 30 23 14 24 14 25 22 26 11 27 23 28 30 29 14 30 10 31 23 40 20 41 20 42 14 43 17 44 27 45 12 46 12 47 18 48 24 49 25 50 26 51 22 20 8 13 9 11 10 15 11 19 12 12 13 13 14 12 15 16 28 15 29 28 30 14 31 16 32 18 33 16 34 13 35 12 48 15 49 24 50 23 51 16 4 56 19 57 30 58 20 59 18 
5 4 0 17 1 23 2 28 3 12 24 8 25 9 24 10 26 11 28 16 26 17 16 18 19 19 11 24 13 25 18 26 15 27 10 28 20 29 10 30 23 31 18 36 27 37 17 38 17 39 26 44 14 45 20 46 26 47 25 4 48 24 49 13 50 18 51 23 4 28 17 29 10 30 20 31 22 4 56 19 57 15 58 26 59 22 
5 4 0 28 1 12 2 13 3 22 12 8 27 9 28 10 14 11 13 32 15 33 16 34 13 35 29 48 20 49 12 50 20 51 28 16 16 29 17 10 18 20 19 24 24 11 25 14 26 20 27 13 36 19 37 13 38 20 39 25 52 10 53 25 54 14 55 19 32 4 28 5 24 6 28 7 29 8 25 9 18 10 25 11 25 12 16 13 21 14 26 15 16 16 20 17 11 18 21 19 21 20 17 21 12 22 15 23 26 28 20 29 17 30 21 31 28 32 19 33 21 34 30 35 22 48 27 49 25 50 26 51 21 4 56 16 57 13 58 25 59 29 
5 4 0 20 1 21 2 15 3 10 12 32 30 33 24 34 27 35 10 44 14 45 25 46 30 47 15 48 11 49 26 50 17 51 12 4 36 13 37 25 38 18 39 16 48 4 12 5 22 6 12 7 12 8 15 9 27 10 21 11 25 12 30 13 15 14 18 15 19 20 21 21 11 22 14 23 15 24 18 25 11 26 24 27 22 28 13 29 15 30 17 31 17 32 26 33 19 34 18 35 12 36 22 37 23 38 16 39 19 40 23 41 12 42 23 43 28 44 16 45 24 46 17 47 12 48 27 49 23 50 30 51 10 52 29 53 14 54 19 55 28 4 56 21 57 25 58 25 59 21 
5 4 0 24 1 15 2 29 3 22 20 4 20 5 29 6 28 7 12 12 22 13 25 14 11 15 24 40 15 41 28 42 20 43 27 48 11 49 17 50 24 51 14 52 20 53 15 54 19 55 16 24 4 28 5 24 6 15 7 18 8 20 9 30 10 11 11 11 16 13 17 30 18 10 19 30 28 21 29 18 30 19 31 14 32 21 33 25 34 10 35 12 48 28 49 13 50 29 51 19 4 16 27 17 10 18 17 19 29 4 56 12 57 11 58 26 59 22 
5 4 0 28 1 14 2 10 3 20 44 8 15 9 13 10 29 11 30 12 15 13 21 14 18 15 14 16 28 17 10 18 22 19 24 20 14 21 19 22 23 23 14 24 15 25 27 26 24 27 16 28 28 29 14 30 26 31 28 36 28 37 21 38 14 39 27 40 11 41 20 42 28 43 19 44 24 45 10 46 14 47 24 48 27 49 30 50 15 51 14 52 27 53 21 54 14 55 17 24 4 27 5 21 6 27 7 16 12 27 13 26 14 27 15 24 24 26 25 20 26 29 27 21 32 12 33 27 34 15 35 30 40 20 41 12 42 25 43 13 48 18 49 13 50 16 51 13 4 48 22 49 12 50 28 51 11 4 56 21 57 25 58 21 59 26 
5 4 0 10 1 11 2 21 3 14 24 4 22 5 19 6 10 7 28 12 14 13 24 14 23 15 27 16 11 17 17 18 18 19 20 36 25 37 21 38 21 39 15 48 16 49 18 50 10 51 13 52 26 53 10 54 12 55 23 44 8 16 9 22 10 23 11 24 12 27 13 21 14 26 15 28 16 22 17 30 18 14 19 15 24 25 25 11 26 22 27 22 28 19 29 15 30 14 31 15 32 12 33 27 34 18 35 14 36 17 37 24 38 18 39 12 40 12 41 20 42 12 43 26 44 16 45 20 46 14 47 28 48 22 49 26 50 28 51 21 52 30 53 28 54 14 55 13 8 16 25 17 28 18 29 19 12 48 28 49 23 50 14 51 19 4 56 30 57 28 58 30 59 11 
5 4 0 10 1 26 2 14 3 11 28 4 10 5 18 6 15 7 28 24 21 25 10 26 10 27 27 32 14 33 27 34 21 35 25 36 27 37 13 38 23 39 10 40 23 41 16 42 13 43 14 44 23 45 25 46 17 47 27 48 27 49 16 50 29 51 11 28 8 22 9 16 10 13 11 27 12 24 13 19 14 10 15 13 16 17 17 29 18 18 19 23 20 29 21 13 22 25 23 20 28 11 29 23 30 14 31 29 36 19 37 29 38 30 39 25 44 17 45 23 46 20 47 27 20 8 27 9 26 10 11 11 19 20 21 21 11 22 15 23 13 24 12 25 16 26 12 27 12 28 16 29 22 30 14 31 26 44 10 45 28 46 26 47 11 4 56 29 57 16 58 11 59 11 
5 4 0 18 1 18 2 12 3 14 24 8 30 9 19 10 17 11 30 24 22 25 18 26 15 27 14 28 12 29 11 30 12 31 10 32 26 33 25 34 21 35 24 44 27 45 23 46 19 47 20 52 10 53 24 54 10 55 17 28 4 11 5 13 6 10 7 14 12 17 13 22 14 30 15 21 16 20 17 14 18 24 19 13 20 21 21 18 22 27 23 18 28 23 29 24 30 15 31 14 32 28 33 10 34 29 35 14 52 19 53 29 54 29 55 20 32 4 20 5 18 6 23 7 29 8 13 9 24 10 25 11 25 12 16 13 25 14 30 15 21 24 16 25 27 26 15 27 28 28 15 29 11 30 12 31 18 32 17 33 18 34 17 35 11 44 10 45 24 46 15 47 27 52 15 53 10 54 26 55 14 4 56 13 57 17 58 15 59 18 
5 4 0 11 1 15 2 20 3 15 24 4 28 5 29 6 10 7 12 12 12 13 23 14 10 15 30 20 15 21 17 22 29 23 20 24 29 25 21 26 16 27 30 40 17 41 26 42 23 43 21 44 12 45 15 46 23 47 28 32 4 25 5 17 6 10 7 15 8 11 9 18 10 27 11 10 16 22 17 24 18 14 19 25 20 13 21 27 22 10 23 27 32 29 33 13 34 14 35 19 44 20 45 16 46 18 47 17 48 24 49 18 50 22 51 22 52 26 53 22 54 22 55 15 44 4 29 5 17 6 21 7 12 8 29 9 19 10 16 11 29 12 23 13 24 14 28 15 29 16 16 17 24 18 19 19 18 20 13 21 16 22 19 23 27 24 28 25 16 26 18 27 16 32 21 33 17 34 17 35 11 40 30 41 24 42 21 43 20 44 12 45 27 46 16 47 28 48 25 49 16 50 17 51 26 52 17 53 14 54 23 55 11 4 56 17 57 13 58 12 59 18 
5 4 0 25 1 25 2 19 3 29 32 4 22 5 19 6 21 7 11 8 19 9 17 10 24 11 25 24 18 25 15 26 10 27 30 28 29 29 22 30 15 31 12 32 21 33 25 34 20 35 17 40 19 41 13 42 20 43 12 44 26 45 25 46 16 47 17 52 20 53 21 54 10 55 23 32 8 21 9 28 10 10 11 29 16 12 17 30 18 19 19 22 20 16 21 20 22 26 23 13 24 22 25 22 26 30 27 22 28 29 29 10 30 24 31 20 32 10 33 29 34 12 35 21 44 22 45 21 46 16 47 10 48 23 49 29 50 14 51 18 12 24 18 25 12 26 14 27 26 44 21 45 15 46 21 47 11 48 19 49 18 50 21 51 30 4 56 16 57 11 58 21 59 21 
5 4 0 18 1 27 2 24 3 14 36 4 21 5 26 6 30 7 17 12 19 13 18 14 23 15 14 16 20 17 17 18 24 19 18 20 13 21 17 22 20 23 21 28 20 29 29 30 18 31 10 32 10 33 17 34 15 35 18 40 16 41 19 42 26 43 10 44 22 45 10 46 13 47 11 48 10 49 30 50 28 51 11 16 8 10 9 15 10 29 11 18 20 20 21 30 22 27 23 29 24 21 25 22 26 12 27 30 40 25 41 25 42 19 43 23 24 8 11 9 11 10 19 11 10 12 13 13 15 14 28 15 28 20 29 21 17 22 12 23 19 28 21 29 17 30 13 31 21 32 17 33 21 34 10 35 13 40 14 41 20 42 16 43 27 4 56 14 57 21 58 23 59 17 
5 4 0 29 1 22 2 16 3 16 52 4 14 5 22 6 16 7 18 8 20 9 27 10 18 11 30 12 29 13 22 14 30 15 19 16 24 17 28 18 24 19 30 20 22 21 20 22 22 23 23 24 19 25 22 26 17 27 20 28 24 29 25 30 20 31 18 32 26 33 30 34 12 35 19 36 20 37 19 38 20 39 27 40 17 41 14 42 25 43 23 44 15 45 19 46 20 47 17 48 25 49 23 50 28 51 18 52 17 53 11 54 10 55 26 24 16 11 17 28 18 27 19 13 20 15 21 28 22 13 23 16 36 22 37 23 38 12 39 15 44 10 45 26 46 23 47 14 48 19 49 22 50 30 51 25 52 20 53 13 54 18 55 24 44 4 18 5 18 6 22 7 24 8 26 9 17 10 18 11 30 12 14 13 28 14 12 15 29 20 21 21 24 22 21 23 17 24 19 25 26 26 24 27 21 28 23 29 20 30 13 31 23 36 28 37 21 38 26 39 22 40 22 41 28 42 15 43 24 44 25 45 22 46 29 47 16 48 13 49 16 50 14 51 22 52 21 53 17 54 10 55 13 4 56 12 57 16 58 25 59 25 
5 4 0 25 1 27 2 15 3 10 52 4 13 5 12 6 18 7 16 8 21 9 15 10 16 11 25 12 18 13 13 14 26 15 14 16 29 17 16 18 29 19 25 20 27 21 16 22 25 23 22 24 11 25 11 26 14 27 20 28 30 29 17 30 27 31 21 32 22 33 26 34 15 35 27 36 15 37 13 38 11 39 23 40 10 41 11 42 19 43 24 44 26 45 23 46 28 47 23 48 11 49 10 50 10 51 12 52 29 53 22 54 13 55 26 12 4 23 5 27 6 19 7 11 24 30 25 13 26 17 27 14 36 24 37 24 38 10 39 28 8 32 23 33 17 34 25 35 28 48 14 49 23 50 22 51 23 4 56 19 57 18 58 15 59 29 
5 4 0 19 1 28 2 13 3 26 16 24 24 25 26 26 16 27 15 32 18 33 23 34 30 35 30 48 17 49 20 50 25 51 25 52 28 53 24 54 15 55 14 12 28 17 29 28 30 18 31 25 32 22 33 17 34 13 35 20 44 18 45 17 46 19 47 17 40 4 12 5 26 6 18 7 20 8 16 9 15 10 27 11 27 12 26 13 10 14 12 15 13 20 20 21 27 22 20 23 26 28 12 29 28 30 25 31 24 32 27 33 26 34 22 35 11 36 15 37 25 38 19 39 27 40 18 41 22 42 13 43 10 48 30 49 25 50 21 51 29 52 10 53 30 54 28 55 28 4 56 21 57 15 58 16 59 23 
5 4 0 11 1 11 2 24 3 12 28 8 15 9 22 10 19 11 13 12 30 13 10 14 22 15 15 28 11 29 30 30 20 31 30 32 12 33 18 34 20 35 30 36 24 37 19 38 21 39 26 44 23 45 16 46 30 47 26 48 14 49 25 50 29 51 21 52 4 29 5 16 6 26 7 27 8 19 9 20 10 18 11 29 12 12 13 21 14 10 15 23 16 10 17 19 18 23 19 15 20 10 21 21 22 23 23 29 24 12 25 16 26 10 27 16 28 21 29 14 30 25 31 24 32 27 33 28 34 24 35 21 36 11 37 16 38 24 39 19 40 14 41 30 42 26 43 14 44 24 45 12 46 23 47 16 48 16 49 29 50 30 51 23 52 20 53 29 54 12 55 19 4 4 25 5 12 6 13 7 20 4 56 12 57 24 58 29 59 15 
5 4 0 22 1 18 2 11 3 12 16 4 13 5 18 6 20 7 28 12 17 13 14 14 21 15 14 16 21 17 27 18 30 19 23 28 22 29 28 30 19 31 26 44 4 19 5 14 6 15 7 17 12 26 13 11 14 25 15 22 16 20 17 11 18 22 19 26 20 13 21 12 22 14 23 18 24 25 25 12 26 28 27 17 28 23 29 16 30 26 31 13 32 30 33 28 34 30 35 23 36 10 37 10 38 21 39 30 40 17 41 23 42 10 43 19 44 21 45 13 46 27 47 26 48 18 49 20 50 10 51 22 24 4 18 5 21 6 13 7 18 12 11 13 19 14 20 15 10 20 25 21 10 22 12 23 18 28 29 29 17 30 16 31 24 44 11 45 24 46 27 47 19 48 19 49 12 50 24 51 12 4 56 16 57 26 58 16 59 25 
5 4 0 30 1 19 2 13 3 15 44 8 10 9 15 10 14 11 20 12 16 13 13 14 21 15 22 16 22 17 27 18 10 19 24 20 24 21 19 22 15 23 18 24 16 25 15 26 18 27 11 32 29 33 12 34 20 35 13 36 30 37 23 38 10 39 27 40 14 41 25 42 19 43 17 44 14 45 27 46 18 47 19 48 23 49 20 50 18 51 11 52 11 53 15 54 17 55 14 28 4 27 5 23 6 22 7 23 16 12 17 26 18 10 19 16 20 25 21 11 22 30 23 19 32 24 33 20 34 19 35 15 36 20 37 27 38 30 39 30 44 13 45 29 46 11 47 12 48 28 49 18 50 30 51 24 44 4 26 5 12 6 16 7 11 8 11 9 17 10 15 11 19 12 21 13 20 14 12 15 24 16 21 17 21 18 13 19 22 20 12 21 24 22 19 23 22 24 20 25 14 26 25 27 29 28 29 29 11 30 30 31 12 32 26 33 21 34 21 35 22 44 19 45 22 46 15 47 29 48 17 49 12 50 17 51 12 52 20 53 26 54 14 55 14 4 56 11 57 14 58 15 59 14 
5 4 0 14 1 11 2 13 3 25 20 12 11 13 30 14 27 15 27 16 25 17 11 18 10 19 23 24 16 25 10 26 29 27 15 32 28 33 24 34 19 35 27 40 28 41 30 42 14 43 17 16 16 19 17 12 18 29 19 24 36 21 37 24 38 22 39 25 40 28 41 15 42 27 43 22 44 23 45 25 46 14 47 29 48 4 11 5 27 6 13 7 17 8 20 9 26 10 11 11 30 12 28 13 17 14 19 15 17 20 10 21 27 22 12 23 26 24 16 25 15 26 19 27 20 28 12 29 26 30 21 31 28 32 29 33 15 34 19 35 18 36 17 37 15 38 30 39 17 40 16 41 13 42 19 43 27 44 16 45 19 46 28 47 12 48 21 49 17 50 27 51 29 52 27 53 12 54 29 55 17 4 56 10 57 10 58 19 59 29 
5 4 0 26 1 21 2 24 3 30 36 8 24 9 21 10 16 11 11 20 28 21 18 22 25 23 15 24 23 25 17 26 11 27 19 32 25 33 10 34 14 35 23 36 14 37 18 38 15 39 22 40 13 41 16 42 27 43 27 44 22 45 24 46 13 47 19 48 21 49 16 50 12 51 22 52 25 53 24 54 21 55 15 8 4 20 5 23 6 15 7 12 24 14 25 11 26 24 27 19 36 8 16 9 11 10 28 11 28 12 20 13 29 14 10 15 15 16 30 17 27 18 13 19 27 20 18 21 23 22 13 23 18 24 27 25 17 26 29 27 12 28 28 29 30 30 10 31 24 36 29 37 10 38 24 39 15 40 27 41 18 42 19 43 23 44 18 45 11 46 25 47 18 4 56 30 57 29 58 12 59 29 
5 4 0 21 1 30 2 18 3 26 40 4 22 5 28 6 20 7 20 8 15 9 26 10 21 11 23 16 18 17 12 18 17 19 27 20 17 21 11 22 15 23 27 24 20 25 12 26 18 27 14 28 17 29 16 30 15 31 15 32 28 33 14 34 27 35 17 36 15 37 23 38 17 39 26 40 26 41 22 42 20 43 26 48 13 49 23 50 10 51 27 12 4 27 5 27 6 29 7 25 20 12 21 26 22 19 23 27 48 17 49 11 50 10 51 30 4 4 20 5 20 6 10 7 24 4 56 22 57 29 58 16 59 16 
5 4 0 26 1 13 2 19 3 22 48 4 27 5 22 6 22 7 15 8 29 9 15 10 17 11 15 12 10 13 26 14 24 15 25 16 24 17 27 18 28 19 24 20 30 21 20 22 13 23 26 24 21 25 15 26 13 27 23 28 20 29 28 30 26 31 21 32 26 33 26 34 16 35 29 36 27 37 30 38 17 39 12 44 10 45 25 46 27 47 19 48 20 49 17 50 13 51 16 52 22 53 20 54 11 55 27 44 4 12 5 18 6 26 7 18 8 13 9 24 10 30 11 13 12 13 13 12 14 24 15 28 16 24 17 18 18 30 19 22 20 24 21 16 22 14 23 18 28 22 29 11 30 16 31 29 32 11 33 15 34 19 35 15 36 20 37 21 38 12 39 28 40 28 41 29 42 27 43 16 44 10 45 16 46 26 47 20 52 28 53 15 54 18 55 26 24 12 20 13 27 14 20 15 18 16 13 17 10 18 23 19 18 24 21 25 17 26 25 27 29 36 11 37 17 38 20 39 26 40 14 41 25 42 10 43 22 44 10 45 21 46 29 47 29 4 56 14 57 23 58 16 59 11 
5 4 0 28 1 13 2 27 3 22 52 4 14 5 28 6 25 7 17 8 10 9 26 10 10 11 27 12 19 13 28 14 26 15 13 16 22 17 14 18 26 19 25 20 11 21 20 22 21 23 19 24 23 25 14 26 24 27 24 28 18 29 14 30 22 31 30 32 13 33 19 34 20 35 25 36 15 37 29 38 26 39 19 40 13 41 26 42 29 43 23 44 22 45 16 46 17 47 21 48 10 49 13 50 17 51 25 52 11 53 25 54 13 55 22 52 4 17 5 15 6 28 7 14 8 13 9 14 10 12 11 24 12 10 13 20 14 13 15 10 16 15 17 11 18 14 19 16 20 26 21 24 22 24 23 25 24 21 25 22 26 28 27 27 28 15 29 17 30 25 31 27 32 18 33 23 34 13 35 29 36 28 37 12 38 29 39 12 40 29 41 28 42 16 43 18 44 23 45 19 46 25 47 24 48 12 49 13 50 28 51 11 52 14 53 19 54 19 55 18 4 48 29 49 14 50 18 51 17 4 56 30 57 20 58 22 59 14 
5 4 0 29 1 21 2 14 3 10 48 4 18 5 22 6 12 7 23 8 15 9 10 10 17 11 12 12 27 13 18 14 25 15 26 16 19 17 22 18 16 19 30 20 11 21 20 22 11 23 17 24 17 25 17 26 14 27 18 28 12 29 15 30 20 31 13 32 20 33 24 34 21 35 29 36 27 37 28 38 21 39 26 40 22 41 30 42 23 43 22 48 24 49 20 50 16 51 17 52 29 53 13 54 17 55 24 52 4 21 5 24 6 17 7 11 8 14 9 20 10 10 11 17 12 28 13 11 14 22 15 25 16 11 17 10 18 11 19 27 20 15 21 26 22 24 23 23 24 11 25 20 26 22 27 11 28 22 29 24 30 28 31 25 32 16 33 16 34 17 35 10 36 15 37 12 38 23 39 23 40 12 41 12 42 24 43 11 44 19 45 18 46 27 47 20 48 11 49 30 50 28 51 10 52 26 53 24 54 23 55 26 8 36 19 37 12 38 28 39 25 48 13 49 14 50 19 51 10 4 56 19 57 21 58 13 59 28 
5 4 0 20 1 30 2 16 3 14 44 8 23 9 25 10 20 11 10 12 30 13 23 14 14 15 17 16 11 17 28 18 15 19 14 20 30 21 28 22 11 23 19 24 15 25 19 26 20 27 16 28 24 29 30 30 14 31 26 32 28 33 26 34 25 35 25 36 11 37 22 38 13 39 20 40 13 41 17 42 15 43 25 44 12 45 24 46 28 47 21 52 28 53 27 54 29 55 24 16 4 19 5 27 6 16 7 28 16 23 17 11 18 10 19 21 44 10 45 14 46 17 47 27 52 17 53 10 54 24 55 18 52 4 27 5 23 6 14 7 21 8 22 9 28 10 13 11 27 12 17 13 30 14 28 15 26 16 17 17 25 18 18 19 24 20 17 21 18 22 24 23 19 24 20 25 10 26 14 27 17 28 12 29 20 30 17 31 25 32 20 33 23 34 30 35 24 36 21 37 17 38 17 39 13 40 29 41 24 42 11 43 11 44 21 45 14 46 19 47 15 48 11 49 27 50 25 51 17 52 28 53 13 54 23 55 18 4 56 14 57 16 58 29 59 22 
5 4 0 19 1 11 2 16 3 11 40 4 21 5 25 6 19 7 20 8 10 9 12 10 10 11 21 12 27 13 19 14 20 15 26 16 20 17 29 18 25 19 25 20 13 21 17 22 18 23 20 28 30 29 15 30 26 31 15 36 20 37 21 38 24 39 18 44 25 45 30 46 10 47 26 48 18 49 24 50 23 51 17 52 25 53 18 54 10 55 11 32 12 23 13 12 14 24 15 27 20 21 21 16 22 25 23 27 24 23 25 25 26 18 27 10 28 19 29 22 30 18 31 25 32 30 33 30 34 18 35 23 36 20 37 25 38 27 39 11 40 13 41 26 42 24 43 14 52 25 53 30 54 20 55 10 12 12 17 13 20 14 27 15 13 24 21 25 26 26 10 27 17 36 17 37 17 38 12 39 13 4 56 19 57 13 58 12 59 11 
5 4 0 23 1 13 2 25 3 19 48 4 15 5 23 6 25 7 27 8 17 9 29 10 11 11 29 16 18 17 10 18 18 19 18 20 29 21 25 22 22 23 13 24 16 25 23 26 10 27 28 28 28 29 29 30 23 31 29 32 25 33 25 34 21 35 21 36 12 37 16 38 22 39 11 40 19 41 22 42 26 43 14 44 29 45 23 46 29 47 27 48 14 49 13 50 26 51 20 52 10 53 23 54 17 55 25 36 4 18 5 25 6 23 7 13 8 19 9 10 10 19 11 24 12 21 13 17 14 18 15 27 20 15 21 20 22 27 23 28 24 19 25 20 26 20 27 19 28 29 29 26 30 16 31 19 32 22 33 11 34 16 35 26 40 26 41 28 42 19 43 14 52 19 53 23 54 29 55 30 8 24 16 25 17 26 18 27 22 28 11 29 30 30 11 31 17 4 56 21 57 16 58 23 59 27 
5 4 0 18 1 11 2 22 3 24 44 4 22 5 10 6 21 7 16 8 13 9 28 10 23 11 18 12 28 13 20 14 10 15 14 16 12 17 14 18 24 19 10 24 20 25 14 26 20 27 15 28 12 29 19 30 27 31 18 36 30 37 25 38 27 39 13 40 18 41 26 42 19 43 13 44 21 45 16 46 28 47 20 48 27 49 26 50 17 51 21 52 26 53 20 54 17 55 25 4 32 10 33 16 34 20 35 16 20 8 18 9 28 10 26 11 26 28 28 29 29 30 19 31 27 32 24 33 12 34 21 35 30 44 29 45 18 46 19 47 24 52 24 53 26 54 22 55 30 4 56 14 57 21 58 13 59 24 
5 4 0 28 1 17 2 22 3 22 52 4 23 5 27 6 25 7 23 8 27 9 25 10 11 11 11 12 24 13 21 14 29 15 15 16 14 17 13 18 14 19 23 20 30 21 18 22 23 23 16 24 10 25 18 26 21 27 21 28 18 29 24 30 27 31 23 32 24 33 10 34 21 35 22 36 18 37 27 38 17 39 23 40 23 41 30 42 12 43 15 44 20 45 22 46 17 47 11 48 13 49 19 50 17 51 27 52 18 53 21 54 26 55 21 48 4 28 5 10 6 30 7 29 8 15 9 27 10 18 11 10 12 27 13 17 14 27 15 18 16 30 17 22 18 19 19 19 20 24 21 10 22 12 23 18 24 17 25 20 26 16 27 29 28 11 29 25 30 29 31 26 32 14 33 16 34 12 35 13 36 24 37 24 38 21 39 18 40 20 41 20 42 27 43 22 44 26 45 29 46 14 47 16 52 25 53 23 54 17 55 21 12 20 12 21 30 22 30 23 15 40 22 41 14 42 17 43 26 44 16 45 29 46 13 47 29 4 56 28 57 20 58 28 59 16 
5 4 0 28 1 24 2 26 3 10 20 8 24 9 30 10 25 11 20 16 27 17 27 18 27 19 26 28 23 29 20 30 16 31 20 36 10 37 17 38 10 39 24 52 29 53 22 54 14 55 30 4 4 28 5 18 6 30 7 30 24 16 14 17 30 18 23 19 21 20 16 21 28 22 26 23 29 24 20 25 28 26 18 27 18 28 21 29 29 30 10 31 21 36 17 37 29 38 28 39 23 52 30 53 19 54 14 55 14 4 56 22 57 17 58 25 59 23 
5 4 0 10 1 14 2 25 3 17 40 8 11 9 25 10 15 11 14 12 26 13 23 14 25 15 22 16 26 17 10 18 18 19 18 20 17 21 13 22 21 23 19 28 11 29 12 30 13 31 20 32 18 33 30 34 16 35 17 40 14 41 30 42 14 43 14 44 22 45 30 46 15 47 16 48 22 49 12 50 22 51 11 52 30 53 22 54 15 55 30 20 8 25 9 30 10 11 11 29 12 24 13 24 14 15 15 17 16 10 17 27 18 11 19 30 36 10 37 10 38 26 39 27 40 25 41 26 42 22 43 28 8 4 18 5 21 6 16 7 28 36 14 37 12 38 29 39 18 4 56 16 57 20 58 15 59 17 
5 4 0 22 1 15 2 26 3 26 40 8 27 9 29 10 29 11 22 16 26 17 26 18 12 19 24 20 18 21 21 22 21 23 22 24 28 25 23 26 11 27 29 28 24 29 13 30 23 31 28 32 30 33 14 34 19 35 19 36 11 37 24 38 15 39 26 40 29 41 13 42 27 43 29 44 30 45 29 46 12 47 26 52 24 53 16 54 28 55 21 20 8 14 9 16 10 18 11 27 16 13 17 12 18 18 19 12 20 15 21 19 22 22 23 30 24 25 25 10 26 18 27 19 36 22 37 23 38 10 39 13 44 4 24 5 29 6 11 7 16 8 15 9 11 10 14 11 12 12 18 13 17 14 11 15 18 16 14 17 16 18 18 19 18 20 27 21 13 22 17 23 14 24 25 25 18 26 27 27 24 28 24 29 22 30 24 31 15 32 18 33 14 34 18 35 16 36 10 37 12 38 19 39 28 44 15 45 30 46 18 47 17 48 17 49 23 50 17 51 21 4 56 12 57 17 58 26 59 21 
5 4 0 19 1 27 2 23 3 11 48 4 14 5 16 6 15 7 16 8 26 9 25 10 24 11 15 12 21 13 10 14 28 15 10 16 24 17 15 18 26 19 29 20 15 21 30 22 21 23 21 28 12 29 12 30 20 31 11 32 11 33 14 34 20 35 30 36 17 37 11 38 25 39 25 40 18 41 29 42 30 43 23 44 11 45 22 46 13 47 29 48 16 49 18 50 28 51 26 52 11 53 22 54 30 55 23 20 12 23 13 23 14 30 15 28 16 26 17 10 18 24 19 24 20 15 21 24 22 25 23 27 36 18 37 23 38 27 39 29 48 11 49 23 50 24 51 17 48 4 27 5 18 6 25 7 19 8 20 9 15 10 17 11 24 16 21 17 19 18 18 19 18 20 27 21 11 22 23 23 24 24 20 25 18 26 28 27 20 28 17 29 23 30 16 31 21 32 29 33 29 34 12 35 23 36 13 37 22 38 30 39 19 40 24 41 14 42 24 43 25 44 13 45 18 46 24 47 16 48 29 49 16 50 16 51 24 52 10 53 15 54 28 55 24 4 56 23 57 24 58 18 59 21 
5 4 0 11 1 14 2 28 3 22 16 8 20 9 25 10 16 11 25 16 25 17 25 18 24 19 10 44 16 45 14 46 23 47 10 48 17 49 25 50 16 51 25 40 4 22 5 14 6 17 7 12 8 26 9 11 10 28 11 26 12 23 13 17 14 14 15 25 16 19 17 25 18 23 19 25 20 23 21 10 22 29 23 10 24 21 25 11 26 13 27 11 32 19 33 30 34 19 35 10 36 14 37 13 38 17 39 28 40 18 41 24 42 28 43 18 52 15 53 24 54 23 55 20 52 4 17 5 29 6 15 7 30 8 24 9 11 10 13 11 15 12 18 13 19 14 16 15 25 16 14 17 26 18 25 19 29 20 14 21 25 22 30 23 25 24 30 25 12 26 23 27 11 28 17 29 12 30 25 31 30 32 18 33 29 34 13 35 13 36 20 37 14 38 28 39 15 40 14 41 11 42 11 43 15 44 30 45 14 46 17 47 16 48 10 49 12 50 30 51 28 52 13 53 24 54 13 55 24 4 56 16 57 10 58 29 59 23 
5 4 0 29 1 11 2 25 3 30 16 20 25 21 14 22 24 23 28 32 27 33 10 34 14 35 18 36 13 37 27 38 18 39 14 48 21 49 16 50 15 51 10 4 8 11 9 25 10 19 11 24 44 4 17 5 20 6 18 7 24 12 10 13 11 14 27 15 23 16 19 17 28 18 25 19 22 20 14 21 25 22 15 23 19 24 16 25 19 26 18 27 17 28 28 29 13 30 12 31 26 32 20 33 11 34 11 35 29 36 28 37 29 38 24 39 27 44 23 45 26 46 12 47 28 48 17 49 16 50 14 51 17 52 12 53 15 54 29 55 24 4 56 23 57 13 58 20 59 17 
5 4 0 25 1 28 2 28 3 11 4 48 25 49 23 50 11 51 28 40 4 28 5 17 6 19 7 18 12 12 13 30 14 21 15 11 16 27 17 14 18 26 19 23 20 20 21 22 22 22 23 20 24 13 25 28 26 30 27 28 28 17 29 10 30 10 31 27 40 18 41 14 42 16 43 10 44 19 45 27 46 17 47 16 48 25 49 11 50 19 51 10 52 21 53 21 54 13 55 10 16 4 25 5 24 6 22 7 29 36 16 37 23 38 14 39 14 40 17 41 20 42 28 43 26 48 22 49 15 50 23 51 28 4 56 12 57 29 58 10 59 22 
5 4 0 29 1 29 2 26 3 27 28 8 13 9 16 10 22 11 15 12 27 13 10 14 19 15 12 20 15 21 28 22 25 23 28 24 16 25 14 26 24 27 24 36 23 37 27 38 17 39 23 48 24 49 27 50 16 51 12 52 24 53 12 54 13 55 30 20 16 16 17 30 18 16 19 19 24 19 25 16 26 21 27 21 28 27 29 27 30 14 31 14 36 23 37 19 38 26 39 26 40 30 41 27 42 12 43 10 12 4 12 5 19 6 25 7 20 20 28 21 16 22 15 23 28 40 12 41 22 42 12 43 13 4 56 12 57 24 58 18 59 20 
5 4 0 15 1 17 2 11 3 17 20 4 24 5 23 6 19 7 14 20 21 21 28 22 23 23 21 28 20 29 14 30 16 31 21 40 10 41 28 42 13 43 30 52 13 53 11 54 23 55 16 4 52 22 53 23 54 16 55 27 24 12 30 13 16 14 26 15 25 16 10 17 18 18 26 19 23 36 13 37 22 38 29 39 27 44 17 45 12 46 14 47 21 48 27 49 10 50 15 51 23 52 25 53 25 54 24 55 22 4 56 27 57 30 58 16 59 29 
5 4 0 26 1 20 2 21 3 26 16 24 24 25 20 26 19 27 23 28 17 29 22 30 22 31 19 48 13 49 11 50 20 51 26 52 29 53 10 54 23 55 11 36 4 29 5 28 6 30 7 27 8 24 9 15 10 27 11 11 12 30 13 26 14 10 15 14 24 11 25 18 26 26 27 22 28 30 29 26 30 13 31 23 32 26 33 21 34 24 35 10 36 11 37 13 38 24 39 23 44 25 45 17 46 18 47 20 48 11 49 30 50 21 51 27 28 8 12 9 26 10 25 11 26 20 25 21 25 22 18 23 15 28 24 29 25 30 10 31 10 36 12 37 11 38 27 39 21 40 28 41 24 42 15 43 21 44 13 45 21 46 14 47 28 48 13 49 10 50 30 51 23 4 56 25 57 22 58 18 59 20 
5 4 0 12 1 14 2 23 3 11 28 4 25 5 15 6 10 7 10 12 22 13 27 14 14 15 14 20 11 21 14 22 22 23 13 24 25 25 28 26 20 27 22 36 10 37 25 38 12 39 26 40 27 41 13 42 26 43 17 44 27 45 18 46 14 47 20 28 8 27 9 10 10 10 11 19 20 16 21 22 22 22 23 19 24 26 25 12 26 20 27 20 28 29 29 17 30 12 31 17 36 25 37 14 38 16 39 13 40 23 41 27 42 11 43 13 44 28 45 22 46 26 47 25 32 12 22 13 24 14 30 15 18 20 28 21 12 22 11 23 16 24 22 25 17 26 17 27 23 36 18 37 15 38 16 39 17 40 24 41 28 42 18 43 25 44 14 45 22 46 12 47 20 48 29 49 26 50 15 51 23 52 13 53 30 54 19 55 24 4 56 15 57 29 58 16 59 24 
5 4 0 29 1 13 2 22 3 12 28 4 16 5 19 6 29 7 20 20 20 21 27 22 23 23 18 24 30 25 13 26 10 27 10 32 26 33 11 34 21 35 30 36 14 37 18 38 18 39 21 48 18 49 21 50 20 51 13 52 22 53 13 54 20 55 13 32 12 27 13 21 14 20 15 15 20 24 21 28 22 16 23 12 24 15 25 29 26 11 27 11 28 11 29 27 30 12 31 18 36 26 37 26 38 14 39 17 40 28 41 22 42 27 43 11 48 21 49 27 50 26 51 16 52 12 53 24 54 20 55 16 16 20 13 21 22 22 24 23 25 28 20 29 25 30 24 31 30 48 13 49 15 50 28 51 22 52 25 53 19 54 23 55 20 4 56 24 57 12 58 28 59 10 
5 4 0 27 1 28 2 28 3 11 20 16 20 17 25 18 22 19 23 20 11 21 26 22 30 23 22 28 30 29 17 30 16 31 17 36 25 37 30 38 16 39 19 40 26 41 18 42 26 43 28 48 4 17 5 24 6 25 7 29 8 23 9 25 10 20 11 23 12 20 13 27 14 12 15 27 16 15 17 18 18 21 19 30 20 17 21 28 22 10 23 11 24 17 25 17 26 17 27 25 28 13 29 18 30 21 31 15 32 12 33 15 34 15 35 26 36 30 37 14 38 29 39 16 40 21 41 12 42 29 43 27 44 20 45 20 46 21 47 12 52 27 53 16 54 15 55 28 32 4 25 5 27 6 15 7 25 8 17 9 23 10 21 11 19 20 18 21 16 22 11 23 26 28 29 29 12 30 28 31 14 32 12 33 29 34 26 35 29 36 27 37 10 38 19 39 27 44 20 45 20 46 28 47 15 52 19 53 20 54 18 55 13 4 56 14 57 25 58 13 59 12 
5 4 0 17 1 15 2 24 3 15 24 4 20 5 10 6 14 7 11 8 25 9 25 10 24 11 14 12 29 13 10 14 12 15 14 36 16 37 10 38 28 39 25 44 15 45 14 46 14 47 19 52 13 53 22 54 14 55 11 36 4 21 5 14 6 18 7 26 8 21 9 29 10 23 11 21 12 16 13 12 14 17 15 29 24 18 25 28 26 29 27 28 28 21 29 29 30 25 31 30 32 16 33 18 34 30 35 14 36 24 37 26 38 16 39 21 48 29 49 27 50 21 51 21 52 17 53 16 54 28 55 15 8 12 16 13 29 14 12 15 24 28 13 29 30 30 15 31 18 4 56 17 57 19 58 15 59 26 
5 4 0 18 1 28 2 29 3 29 52 4 15 5 13 6 13 7 11 8 22 9 10 10 22 11 15 12 11 13 26 14 18 15 16 16 18 17 27 18 11 19 25 20 22 21 13 22 19 23 25 24 16 25 11 26 15 27 14 28 17 29 11 30 22 31 12 32 24 33 22 34 28 35 28 36 22 37 11 38 15 39 29 40 26 41 24 42 27 43 22 44 10 45 28 46 25 47 12 48 19 49 14 50 15 51 30 52 10 53 15 54 17 55 22 36 4 25 5 30 6 10 7 18 8 26 9 24 10 24 11 21 16 22 17 19 18 14 19 27 24 22 25 20 26 12 27 10 28 23 29 15 30 15 31 25 36 20 37 13 38 21 39 10 40 17 41 30 42 10 43 15 44 30 45 24 46 28 47 14 52 16 53 22 54 27 55 23 48 4 12 5 22 6 12 7 22 8 13 9 15 10 23 11 14 12 12 13 27 14 10 15 13 16 19 17 25 18 16 19 10 20 21 21 19 22 29 23 22 24 28 25 14 26 19 27 24 28 23 29 20 30 26 31 10 32 12 33 12 34 29 35 28 36 19 37 27 38 12 39 27 44 14 45 10 46 16 47 29 48 29 49 14 50 12 51 24 52 23 53 30 54 10 55 20 4 56 30 57 14 58 21 59 20 
5 4 0 14 1 20 2 25 3 28 8 12 26 13 15 14 21 15 13 36 10 37 29 38 17 39 10 32 16 28 17 19 18 28 19 22 20 28 21 20 22 13 23 19 24 28 25 20 26 10 27 29 28 20 29 28 30 27 31 18 32 24 33 13 34 18 35 15 36 24 37 14 38 21 39 20 44 21 45 26 46 18 47 16 48 14 49 28 50 24 51 14 40 8 20 9 21 10 27 11 14 12 21 13 12 14 17 15 11 16 17 17 28 18 25 19 13 20 13 21 18 22 11 23 12 24 13 25 12 26 18 27 12 28 13 29 10 30 25 31 10 32 21 33 18 34 25 35 11 44 22 45 13 46 24 47 24 48 28 49 25 50 22 51 25 52 23 53 13 54 16 55 25 4 56 25 57 28 58 24 59 24 
5 4 0 30 1 15 2 23 3 11 20 8 29 9 18 10 13 11 18 24 20 25 20 26 22 27 11 36 29 37 12 38 22 39 29 44 27 45 12 46 13 47 17 52 18 53 19 54 11 55 27 16 16 28 17 25 18 14 19 27 20 14 21 20 22 30 23 30 36 13 37 20 38 10 39 13 52 21 53 17 54 29 55 13 16 4 18 5 23 6 11 7 29 12 27 13 25 14 13 15 10 28 22 29 22 30 19 31 19 52 11 53 12 54 24 55 17 4 56 27 57 30 58 15 59 28 
5 4 0 19 1 13 2 10 3 23 20 4 30 5 19 6 30 7 23 16 12 17 28 18 11 19 18 28 14 29 27 30 23 31 22 36 17 37 16 38 16 39 24 52 10 53 22 54 12 55 14 44 4 14 5 28 6 12 7 12 8 26 9 16 10 10 11 23 12 28 13 29 14 21 15 25 16 28 17 13 18 14 19 30 24 22 25 26 26 25 27 25 32 26 33 27 34 27 35 30 36 15 37 23 38 15 39 26 40 22 41 25 42 30 43 21 44 17 45 17 46 13 47 22 48 26 49 30 50 10 51 21 52 21 53 22 54 24 55 16 32 4 23 5 23 6 14 7 25 12 20 13 16 14 29 15 22 16 28 17 26 18 15 19 17 20 19 21 28 22 13 23 22 24 19 25 10 26 29 27 16 32 15 33 17 34 14 35 14 36 23 37 26 38 19 39 13 44 20 45 11 46 29 47 15 4 56 26 57 24 58 30 59 15 
5 4 0 30 1 16 2 12 3 27 4 44 29 45 14 46 23 47 27 36 4 15 5 19 6 13 7 26 12 26 13 15 14 22 15 30 20 12 21 27 22 16 23 23 24 28 25 26 26 16 27 28 28 16 29 22 30 19 31 22 36 22 37 13 38 30 39 20 44 26 45 20 46 26 47 16 48 25 49 28 50 24 51 18 52 23 53 11 54 27 55 30 28 8 10 9 17 10 20 11 21 20 18 21 13 22 13 23 14 24 30 25 29 26 17 27 13 28 23 29 30 30 29 31 11 32 26 33 24 34 10 35 10 36 11 37 13 38 29 39 17 44 15 45 10 46 26 47 19 4 56 21 57 25 58 12 59 26 
5 4 0 11 1 11 2 27 3 14 4 8 29 9 12 10 12 11 27 24 12 22 13 21 14 19 15 12 20 22 21 12 22 29 23 27 24 20 25 15 26 27 27 30 36 25 37 27 38 17 39 28 48 21 49 20 50 18 51 29 52 24 53 18 54 27 55 11 28 4 29 5 14 6 24 7 18 8 22 9 20 10 14 11 13 20 24 21 14 22 23 23 16 24 21 25 16 26 12 27 19 36 17 37 25 38 22 39 13 40 20 41 23 42 25 43 27 44 29 45 12 46 20 47 23 4 56 29 57 25 58 19 59 29 
5 4 0 30 1 19 2 28 3 19 32 4 30 5 18 6 18 7 24 12 22 13 26 14 10 15 22 16 24 17 14 18 15 19 12 20 12 21 18 22 19 23 25 28 19 29 25 30 28 31 15 32 19 33 19 34 29 35 11 36 26 37 19 38 19 39 16 40 25 41 24 42 12 43 24 8 24 30 25 29 26 10 27 18 44 25 45 20 46 16 47 12 4 8 21 9 11 10 29 11 15 4 56 25 57 20 58 28 59 17 
5 4 0 10 1 17 2 14 3 24 4 52 16 53 17 54 19 55 30 40 4 23 5 13 6 16 7 25 8 26 9 30 10 18 11 12 12 12 13 11 14 16 15 15 20 18 21 21 22 10 23 16 24 21 25 24 26 19 27 26 32 29 33 30 34 20 35 28 36 28 37 19 38 11 39 17 40 30 41 23 42 27 43 12 44 25 45 23 46 12 47 22 48 21 49 12 50 25 51 16 48 4 12 5 15 6 28 7 17 8 15 9 20 10 11 11 29 12 24 13 20 14 16 15 14 16 21 17 19 18 15 19 24 20 10 21 13 22 18 23 10 24 14 25 27 26 18 27 21 28 25 29 12 30 11 31 16 32 29 33 29 34 12 35 30 36 17 37 25 38 20 39 19 40 28 41 12 42 27 43 25 48 14 49 27 50 12 51 30 52 21 53 15 54 23 55 28 4 56 22 57 30 58 18 59 26 
5 4 0 27 1 29 2 11 3 18 40 4 15 5 30 6 27 7 10 8 21 9 27 10 16 11 23 16 16 17 12 18 25 19 15 20 12 21 29 22 24 23 17 24 22 25 23 26 21 27 15 28 22 29 14 30 20 31 30 32 20 33 25 34 10 35 23 36 20 37 21 38 23 39 19 48 17 49 30 50 22 51 26 52 22 53 16 54 24 55 24 8 4 17 5 18 6 26 7 22 20 12 21 29 22 21 23 10 4 16 19 17 13 18 13 19 27 4 56 27 57 18 58 29 59 26 
5 4 0 11 1 10 2 22 3 23 20 12 14 13 10 14 17 15 24 24 15 25 16 26 10 27 28 32 29 33 28 34 15 35 30 36 17 37 25 38 19 39 18 52 17 53 24 54 26 55 28 28 4 29 5 27 6 28 7 16 8 11 9 13 10 10 11 13 28 20 29 27 30 22 31 26 40 23 41 24 42 13 43 11 44 10 45 19 46 24 47 20 48 23 49 29 50 22 51 30 52 20 53 14 54 30 55 27 32 4 24 5 21 6 18 7 18 16 10 17 26 18 14 19 23 24 20 25 18 26 30 27 17 28 15 29 26 30 17 31 15 36 20 37 22 38 13 39 29 40 10 41 17 42 18 43 30 48 10 49 17 50 12 51 18 52 15 53 18 54 20 55 20 4 56 13 57 19 58 27 59 19 
5 4 0 18 1 12 2 21 3 26 16 8 20 9 22 10 20 11 14 24 22 25 20 26 25 27 19 32 13 33 28 34 13 35 11 40 17 41 13 42 26 43 26 28 12 24 13 30 14 26 15 21 24 11 25 16 26 17 27 15 28 27 29 12 30 14 31 19 32 28 33 19 34 29 35 23 40 10 41 12 42 27 43 12 44 18 45 26 46 12 47 28 52 26 53 18 54 29 55 20 20 4 19 5 22 6 21 7 16 20 25 21 10 22 27 23 13 24 12 25 30 26 15 27 25 36 20 37 19 38 13 39 19 52 24 53 29 54 26 55 21 4 56 27 57 19 58 20 59 21 
5 4 0 20 1 26 2 19 3 24 8 24 22 25 15 26 21 27 22 44 20 45 26 46 11 47 22 40 4 13 5 14 6 19 7 19 12 26 13 26 14 10 15 22 16 11 17 26 18 26 19 14 20 11 21 24 22 11 23 11 32 18 33 22 34 25 35 10 36 29 37 17 38 28 39 27 40 11 41 12 42 13 43 19 44 26 45 23 46 10 47 13 48 24 49 22 50 28 51 28 52 25 53 11 54 24 55 30 4 44 30 45 10 46 16 47 26 4 56 13 57 13 58 20 59 12 
5 4 0 21 1 19 2 29 3 22 20 28 13 29 11 30 21 31 25 32 24 33 26 34 20 35 25 36 22 37 22 38 14 39 22 40 10 41 29 42 19 43 13 48 28 49 13 50 12 51 27 32 4 27 5 28 6 13 7 22 12 13 13 22 14 22 15 14 24 18 25 20 26 30 27 24 28 15 29 14 30 21 31 18 32 12 33 16 34 30 35 22 40 25 41 11 42 12 43 14 48 28 49 29 50 11 51 11 52 12 53 29 54 25 55 30 16 4 28 5 20 6 12 7 25 8 20 9 24 10 17 11 21 20 30 21 15 22 17 23 10 28 12 29 30 30 24 31 22 4 56 20 57 19 58 13 59 12 
5 4 0 11 1 30 2 21 3 10 44 4 10 5 26 6 29 7 24 8 29 9 26 10 19 11 27 16 19 17 13 18 28 19 16 20 26 21 11 22 17 23 16 24 27 25 15 26 28 27 19 28 25 29 27 30 17 31 19 32 18 33 11 34 15 35 20 36 15 37 22 38 19 39 24 40 20 41 14 42 12 43 21 44 11 45 19 46 23 47 17 48 17 49 11 50 20 51 26 52 4 21 5 17 6 17 7 25 8 24 9 24 10 24 11 19 12 22 13 16 14 17 15 18 16 23 17 21 18 21 19 10 20 17 21 11 22 20 23 11 24 13 25 21 26 27 27 16 28 15 29 19 30 28 31 17 32 11 33 19 34 11 35 27 36 21 37 25 38 10 39 16 40 25 41 12 42 19 43 20 44 14 45 12 46 28 47 27 48 17 49 19 50 28 51 14 52 17 53 13 54 29 55 30 36 8 19 9 18 10 11 11 27 16 21 17 11 18 18 19 30 24 27 25 27 26 10 27 18 28 13 29 24 30 14 31 11 32 13 33 28 34 30 35 17 36 17 37 13 38 26 39 13 40 10 41 18 42 18 43 17 44 13 45 22 46 13 47 15 52 10 53 24 54 20 55 13 4 56 14 57 29 58 29 59 30 
5 4 0 12 1 10 2 23 3 11 40 8 23 9 13 10 21 11 14 12 27 13 17 14 23 15 26 16 10 17 15 18 17 19 11 20 10 21 14 22 18 23 13 24 23 25 26 26 27 27 23 28 21 29 17 30 13 31 13 40 17 41 17 42 12 43 29 44 21 45 16 46 17 47 27 48 21 49 16 50 14 51 19 52 14 53 16 54 13 55 20 40 4 26 5 13 6 21 7 15 8 26 9 28 10 27 11 18 12 10 13 15 14 11 15 21 16 14 17 12 18 25 19 13 20 22 21 20 22 14 23 18 28 22 29 29 30 17 31 13 32 14 33 16 34 26 35 18 40 27 41 24 42 15 43 22 44 10 45 25 46 30 47 16 52 12 53 24 54 22 55 20 4 28 30 29 24 30 23 31 18 4 56 29 57 18 58 12 59 22 
5 4 0 15 1 17 2 25 3 26 24 4 20 5 12 6 11 7 19 12 23 13 12 14 20 15 17 16 18 17 12 18 21 19 12 28 10 29 11 30 11 31 10 32 28 33 22 34 16 35 11 48 10 49 23 50 22 51 20 44 4 23 5 26 6 28 7 26 16 24 17 14 18 15 19 14 20 12 21 29 22 14 23 17 24 14 25 13 26 13 27 23 28 23 29 24 30 23 31 21 32 12 33 16 34 20 35 19 36 20 37 12 38 15 39 27 40 10 41 10 42 15 43 18 44 15 45 16 46 21 47 20 48 18 49 19 50 26 51 14 52 23 53 26 54 18 55 13 20 8 17 9 18 10 14 11 24 20 26 21 22 22 22 23 19 28 27 29 15 30 19 31 18 40 19 41 13 42 24 43 28 52 25 53 25 54 12 55 24 4 56 17 57 12 58 12 59 12 
5 4 0 22 1 16 2 21 3 22 52 4 24 5 14 6 22 7 25 8 24 9 22 10 28 11 27 12 15 13 15 14 13 15 24 16 10 17 18 18 14 19 13 20 10 21 13 22 17 23 25 24 20 25 22 26 19 27 23 28 29 29 18 30 13 31 17 32 20 33 17 34 23 35 17 36 24 37 15 38 20 39 29 40 28 41 27 42 13 43 18 44 26 45 20 46 16 47 27 48 22 49 26 50 19 51 26 52 14 53 19 54 19 55 20 8 36 29 37 24 38 19 39 25 48 12 49 25 50 12 51 24 52 4 18 5 29 6 12 7 19 8 25 9 23 10 17 11 16 12 23 13 24 14 22 15 29 16 14 17 20 18 15 19 20 20 19 21 25 22 21 23 21 24 18 25 14 26 30 27 14 28 20 29 27 30 11 31 26 32 21 33 24 34 19 35 29 36 19 37 24 38 22 39 11 40 15 41 23 42 27 43 22 44 20 45 23 46 26 47 23 48 21 49 19 50 14 51 18 52 17 53 30 54 29 55 27 4 56 30 57 28 58 29 59 24 
5 4 0 16 1 12 2 17 3 15 48 4 28 5 28 6 24 7 26 8 27 9 13 10 20 11 23 12 27 13 26 14 14 15 11 16 18 17 12 18 10 19 12 20 14 21 26 22 26 23 24 24 10 25 14 26 17 27 19 28 15 29 29 30 12 31 29 32 16 33 26 34 29 35 27 36 21 37 25 38 18 39 23 40 17 41 25 42 16 43 21 48 14 49 18 50 22 51 23 52 25 53 16 54 26 55 20 8 12 25 13 17 14 12 15 23 44 18 45 14 46 27 47 20 24 4 11 5 22 6 17 7 18 8 29 9 27 10 25 11 26 12 23 13 10 14 14 15 11 20 20 21 14 22 15 23 13 24 11 25 20 26 12 27 30 40 28 41 23 42 23 43 17 4 56 14 57 22 58 30 59 16 
5 4 0 25 1 23 2 14 3 26 36 4 20 5 14 6 24 7 10 8 16 9 26 10 13 11 12 12 10 13 22 14 19 15 18 16 15 17 24 18 13 19 30 32 26 33 29 34 27 35 21 36 25 37 19 38 23 39 22 40 24 41 10 42 10 43 21 44 23 45 23 46 27 47 10 48 26 49 20 50 11 51 24 36 4 25 5 26 6 17 7 11 12 24 13 21 14 14 15 20 16 19 17 15 18 14 19 27 20 11 21 26 22 23 23 20 32 24 33 30 34 28 35 21 36 16 37 13 38 23 39 29 44 26 45 26 46 26 47 20 48 23 49 16 50 25 51 24 52 24 53 16 54 15 55 23 20 4 16 5 16 6 16 7 20 12 14 13 21 14 22 15 18 16 24 17 11 18 21 19 24 28 16 29 15 30 10 31 26 32 25 33 11 34 27 35 19 4 56 10 57 20 58 18 59 22 
5 4 0 23 1 22 2 11 3 24 32 4 18 5 16 6 12 7 13 12 30 13 27 14 18 15 11 16 22 17 24 18 22 19 15 24 27 25 20 26 18 27 26 32 25 33 19 34 18 35 19 40 29 41 16 42 19 43 30 44 15 45 22 46 16 47 30 52 17 53 16 54 16 55 29 48 4 17 5 28 6 23 7 23 8 14 9 16 10 23 11 24 12 10 13 20 14 18 15 26 16 25 17 26 18 11 19 12 20 30 21 13 22 21 23 30 24 18 25 19 26 11 27 17 28 21 29 20 30 16 31 30 32 28 33 30 34 20 35 28 36 12 37 27 38 18 39 24 40 27 41 10 42 17 43 21 48 29 49 16 50 23 51 18 52 17 53 23 54 22 55 22 32 8 11 9 22 10 19 11 14 20 25 21 23 22 30 23 22 28 19 29 19 30 14 31 16 32 15 33 26 34 10 35 20 36 30 37 21 38 22 39 27 40 24 41 28 42 10 43 12 44 30 45 16 46 23 47 14 52 19 53 20 54 20 55 22 4 56 10 57 30 58 21 59 24 
5 4 0 25 1 19 2 26 3 13 40 8 14 9 22 10 16 11 24 12 16 13 10 14 20 15 21 16 30 17 26 18 24 19 18 20 22 21 23 22 10 23 23 24 23 25 13 26 12 27 25 32 27 33 24 34 28 35 20 36 20 37 21 38 15 39 25 40 13 41 25 42 20 43 28 44 11 45 14 46 21 47 17 52 27 53 18 54 20 55 26 40 4 25 5 16 6 26 7 20 8 19 9 18 10 13 11 16 12 29 13 18 14 13 15 17 16 17 17 22 18 24 19 10 20 16 21 15 22 19 23 20 24 22 25 29 26 15 27 17 32 10 33 12 34 18 35 24 40 29 41 15 42 10 43 15 44 17 45 15 46 21 47 17 52 14 53 19 54 14 55 17 24 12 25 13 11 14 12 15 25 20 17 21 19 22 26 23 30 24 26 25 22 26 18 27 15 36 23 37 21 38 21 39 21 44 29 45 19 46 16 47 19 52 28 53 21 54 20 55 27 4 56 13 57 18 58 15 59 12 
5 4 0 29 1 14 2 13 3 25 36 4 22 5 25 6 17 7 16 12 29 13 10 14 26 15 16 16 11 17 17 18 26 19 22 20 13 21 26 22 29 23 24 24 25 25 24 26 10 27 16 32 30 33 28 34 11 35 23 36 23 37 16 38 28 39 19 40 15 41 26 42 11 43 18 44 28 45 17 46 23 47 21 40 4 22 5 26 6 28 7 25 8 10 9 11 10 10 11 10 12 27 13 10 14 25 15 11 16 11 17 12 18 23 19 14 20 29 21 20 22 11 23 27 24 29 25 21 26 21 27 13 28 16 29 16 30 26 31 29 36 15 37 29 38 16 39 17 44 24 45 20 46 25 47 12 52 15 53 25 54 21 55 20 20 12 24 13 28 14 30 15 25 32 23 33 28 34 28 35 29 36 13 37 12 38 18 39 27 40 10 41 18 42 27 43 28 44 27 45 15 46 14 47 21 4 56 29 57 13 58 15 59 16 
5 4 0 13 1 11 2 17 3 14 44 4 10 5 15 6 11 7 19 8 26 9 17 10 29 11 26 16 11 17 26 18 11 19 15 20 19 21 16 22 24 23 28 24 17 25 17 26 21 27 21 28 12 29 30 30 29 31 27 32 10 33 27 34 11 35 29 36 27 37 19 38 13 39 29 44 14 45 27 46 26 47 24 48 25 49 11 50 28 51 17 52 14 53 27 54 23 55 27 36 4 27 5 25 6 16 7 12 8 12 9 29 10 29 11 29 16 29 17 29 18 24 19 13 20 13 21 24 22 29 23 12 28 18 29 26 30 28 31 11 36 23 37 12 38 12 39 26 40 27 41 13 42 12 43 24 44 16 45 23 46 17 47 15 52 20 53 18 54 17 55 26 8 24 18 25 16 26 29 27 29 36 16 37 21 38 22 39 10 4 56 11 57 27 58 22 59 10 
5 4 0 10 1 17 2 10 3 19 16 12 14 13 10 14 12 15 20 36 12 37 15 38 10 39 23 44 13 45 22 46 15 47 26 52 19 53 24 54 21 55 23 48 4 20 5 21 6 29 7 18 12 17 13 29 14 13 15 22 16 11 17 12 18 21 19 20 20 11 21 11 22 10 23 12 24 16 25 15 26 14 27 30 28 17 29 18 30 23 31 25 32 11 33 14 34 27 35 22 36 26 37 13 38 27 39 17 40 29 41 20 42 28 43 17 44 22 45 30 46 18 47 17 48 19 49 10 50 11 51 15 52 17 53 28 54 26 55 27 4 52 29 53 11 54 28 55 10 4 56 20 57 15 58 29 59 11 
5 4 0 29 1 16 2 24 3 12 24 4 16 5 28 6 23 7 12 28 24 29 26 30 29 31 16 32 22 33 25 34 15 35 12 44 29 45 13 46 15 47 21 48 17 49 12 50 27 51 12 52 16 53 26 54 30 55 22 28 8 16 9 30 10 27 11 10 12 28 13 29 14 26 15 26 16 21 17 16 18 25 19 25 20 22 21 16 22 16 23 14 40 16 41 15 42 16 43 26 48 25 49 30 50 10 51 27 52 15 53 13 54 19 55 29 44 4 17 5 23 6 18 7 25 8 23 9 17 10 17 11 18 12 15 13 17 14 27 15 23 16 20 17 11 18 16 19 30 20 24 21 30 22 22 23 28 24 15 25 14 26 17 27 18 28 20 29 20 30 22 31 19 32 29 33 10 34 14 35 19 36 13 37 22 38 10 39 11 40 24 41 26 42 26 43 10 48 17 49 15 50 15 51 22 4 56 14 57 13 58 21 59 30 
5 4 0 22 1 19 2 20 3 20 36 4 22 5 10 6 14 7 23 8 30 9 16 10 23 11 23 16 14 17 14 18 22 19 27 32 22 33 11 34 30 35 14 36 11 37 29 38 11 39 30 40 18 41 17 42 28 43 10 44 14 45 25 46 11 47 18 48 26 49 16 50 15 51 18 52 18 53 13 54 21 55 30 32 4 22 5 28 6 15 7 19 12 15 13 21 14 17 15 17 16 19 17 17 18 25 19 18 28 16 29 12 30 26 31 19 36 23 37 18 38 13 39 28 40 19 41 20 42 10 43 19 44 11 45 10 46 28 47 15 52 24 53 12 54 28 55 23 32 4 13 5 13 6 13 7 27 8 15 9 26 10 20 11 15 20 17 21 16 22 11 23 26 28 21 29 25 30 11 31 10 32 25 33 20 34 27 35 27 36 28 37 20 38 28 39 29 40 24 41 10 42 15 43 19 44 15 45 27 46 30 47 26 4 56 22 57 21 58 20 59 22 
5 4 0 22 1 12 2 27 3 15 48 4 12 5 12 6 24 7 29 8 17 9 29 10 12 11 18 12 24 13 30 14 22 15 29 16 13 17 24 18 23 19 26 20 10 21 24 22 28 23 19 24 14 25 22 26 14 27 23 32 23 33 11 34 21 35 18 36 14 37 21 38 11 39 21 40 21 41 20 42 20 43 27 44 11 45 14 46 19 47 21 48 12 49 23 50 22 51 10 52 29 53 19 54 12 55 10 52 4 17 5 30 6 11 7 18 8 28 9 30 10 20 11 14 12 11 13 25 14 19 15 19 16 13 17 10 18 20 19 13 20 10 21 21 22 30 23 14 24 24 25 26 26 10 27 11 28 27 29 11 30 12 31 10 32 13 33 25 34 28 35 20 36 23 37 15 38 27 39 20 40 26 41 23 42 27 43 16 44 16 45 16 46 16 47 26 48 12 49 20 50 30 51 14 52 23 53 19 54 29 55 14 4 8 22 9 13 10 13 11 26 4 56 26 57 28 58 11 59 22 
5 4 0 29 1 12 2 24 3 18 16 4 24 5 19 6 15 7 21 20 23 21 26 22 30 23 29 24 24 25 11 26 23 27 27 40 13 41 26 42 18 43 12 52 4 26 5 19 6 15 7 18 8 21 9 26 10 22 11 18 12 17 13 27 14 25 15 11 16 20 17 30 18 11 19 18 20 18 21 20 22 10 23 10 24 23 25 24 26 27 27 23 28 15 29 13 30 17 31 12 32 20 33 29 34 14 35 19 36 22 37 29 38 10 39 18 40 29 41 20 42 29 43 11 44 18 45 27 46 18 47 14 48 20 49 17 50 13 51 22 52 14 53 23 54 23 55 27 24 4 16 5 17 6 13 7 11 28 28 29 12 30 24 31 17 32 25 33 12 34 26 35 16 40 26 41 10 42 22 43 17 48 24 49 23 50 21 51 24 52 30 53 10 54 14 55 27 4 56 21 57 20 58 13 59 19 
5 4 0 16 1 14 2 28 3 11 52 4 11 5 22 6 28 7 16 8 12 9 23 10 29 11 22 12 20 13 10 14 27 15 15 16 22 17 13 18 17 19 30 20 23 21 30 22 18 23 24 24 28 25 16 26 16 27 15 28 14 29 24 30 16 31 17 32 14 33 22 34 15 35 30 36 11 37 20 38 30 39 10 40 14 41 24 42 10 43 28 44 10 45 13 46 13 47 26 48 21 49 20 50 30 51 20 52 27 53 23 54 29 55 30 8 12 21 13 20 14 29 15 21 20 13 21 13 22 11 23 17 12 12 15 13 14 14 15 15 13 20 23 21 25 22 29 23 30 28 15 29 25 30 28 31 17 4 56 20 57 14 58 26 59 29 
5 4 0 22 1 21 2 26 3 15 32 4 27 5 25 6 10 7 27 8 28 9 10 10 11 11 10 16 21 17 30 18 29 19 20 20 13 21 10 22 13 23 12 24 10 25 11 26 12 27 30 28 17 29 24 30 12 31 30 32 25 33 18 34 13 35 30 36 27 37 21 38 24 39 24 40 4 16 5 16 6 18 7 30 8 13 9 28 10 10 11 27 12 13 13 30 14 13 15 23 20 23 21 12 22 16 23 28 24 28 25 17 26 29 27 15 28 29 29 28 30 23 31 22 32 23 33 10 34 16 35 16 36 16 37 11 38 22 39 25 40 19 41 20 42 20 43 14 48 28 49 13 50 12 51 27 24 16 24 17 27 18 25 19 17 20 25 21 18 22 27 23 22 32 23 33 12 34 18 35 21 36 17 37 24 38 19 39 17 44 16 45 23 46 28 47 26 48 19 49 14 50 26 51 27 4 56 24 57 13 58 10 59 10 
5 4 0 20 1 28 2 19 3 15 40 4 29 5 16 6 22 7 22 8 25 9 21 10 14 11 19 12 10 13 15 14 17 15 13 24 20 25 16 26 16 27 11 28 24 29 26 30 25 31 12 32 15 33 26 34 21 35 15 36 25 37 17 38 21 39 13 44 14 45 29 46 10 47 13 48 25 49 24 50 29 51 10 52 30 53 16 54 17 55 18 28 4 27 5 28 6 10 7 30 8 29 9 22 10 22 11 25 20 11 21 16 22 12 23 21 24 14 25 22 26 27 27 15 28 23 29 19 30 19 31 22 32 17 33 14 34 25 35 29 48 21 49 24 50 14 51 30 16 12 30 13 27 14 23 15 29 16 16 17 13 18 21 19 13 32 23 33 25 34 28 35 28 36 24 37 17 38 14 39 26 4 56 29 57 29 58 30 59 29 
5 4 0 26 1 30 2 21 3 25 8 24 25 25 17 26 17 27 12 32 26 33 10 34 15 35 12 8 4 21 5 17 6 18 7 29 40 26 41 19 42 22 43 12 52 4 12 5 24 6 12 7 15 8 17 9 25 10 14 11 10 12 21 13 28 14 19 15 29 16 21 17 15 18 27 19 10 20 27 21 28 22 24 23 16 24 17 25 26 26 26 27 30 28 26 29 28 30 25 31 24 32 16 33 10 34 23 35 16 36 26 37 26 38 29 39 10 40 30 41 25 42 11 43 14 44 16 45 15 46 27 47 23 48 27 49 16 50 22 51 19 52 27 53 15 54 21 55 29 4 56 13 57 14 58 11 59 28 
5 4 0 17 1 23 2 21 3 20 52 4 22 5 24 6 11 7 22 8 13 9 12 10 16 11 10 12 20 13 29 14 22 15 12 16 11 17 16 18 20 19 21 20 20 21 17 22 23 23 27 24 15 25 10 26 13 27 28 28 29 29 15 30 13 31 16 32 10 33 25 34 22 35 17 36 21 37 22 38 12 39 28 40 26 41 13 42 19 43 24 44 20 45 16 46 29 47 23 48 26 49 26 50 30 51 17 52 12 53 27 54 20 55 18 36 4 17 5 14 6 19 7 15 12 14 13 12 14 29 15 13 16 17 17 12 18 30 19 18 24 13 25 19 26 18 27 13 28 17 29 18 30 24 31 22 32 22 33 13 34 24 35 16 36 15 37 26 38 13 39 17 44 23 45 27 46 10 47 16 52 18 53 14 54 23 55 26 40 4 13 5 24 6 13 7 16 8 30 9 18 10 21 11 20 12 30 13 25 14 11 15 11 16 16 17 30 18 19 19 17 24 28 25 10 26 24 27 14 32 23 33 21 34 19 35 19 36 11 37 21 38 28 39 14 44 10 45 15 46 19 47 26 48 21 49 25 50 21 51 21 52 26 53 12 54 17 55 20 4 56 27 57 11 58 21 59 18 
5 4 0 29 1 17 2 15 3 13 36 8 24 9 22 10 27 11 16 12 26 13 23 14 11 15 10 20 26 21 17 22 26 23 13 24 17 25 19 26 28 27 22 28 28 29 25 30 15 31 18 40 23 41 30 42 19 43 23 44 15 45 21 46 12 47 13 48 17 49 16 50 26 51 25 52 30 53 11 54 14 55 20 8 16 11 17 11 18 23 19 18 48 26 49 29 50 22 51 22 16 28 25 29 25 30 23 31 25 40 30 41 19 42 10 43 22 44 11 45 17 46 24 47 21 52 28 53 30 54 15 55 17 4 56 16 57 14 58 26 59 25 
5 4 0 14 1 11 2 10 3 11 40 4 21 5 16 6 30 7 15 8 26 9 14 10 26 11 16 16 29 17 11 18 11 19 22 20 24 21 28 22 20 23 28 28 18 29 18 30 27 31 18 32 28 33 22 34 15 35 24 36 20 37 14 38 30 39 27 40 19 41 14 42 27 43 10 48 15 49 18 50 20 51 25 52 23 53 29 54 18 55 24 24 8 14 9 17 10 14 11 22 12 15 13 28 14 11 15 16 20 24 21 22 22 19 23 16 28 25 29 24 30 26 31 24 40 26 41 22 42 19 43 12 44 21 45 26 46 16 47 13 24 12 18 13 24 14 21 15 29 24 16 25 22 26 20 27 21 28 14 29 21 30 24 31 10 40 16 41 27 42 25 43 18 48 30 49 28 50 24 51 21 52 12 53 27 54 24 55 15 4 56 19 57 19 58 10 59 28 
5 4 0 24 1 23 2 11 3 26 44 4 16 5 13 6 22 7 18 8 27 9 25 10 10 11 16 12 21 13 28 14 24 15 24 16 17 17 28 18 28 19 12 20 16 21 25 22 20 23 15 24 28 25 24 26 12 27 17 28 24 29 18 30 28 31 26 32 10 33 24 34 16 35 23 36 16 37 23 38 15 39 26 44 15 45 30 46 30 47 25 52 10 53 18 54 12 55 10 36 4 23 5 17 6 26 7 27 8 26 9 11 10 13 11 10 16 19 17 20 18 21 19 11 24 21 25 13 26 11 27 18 28 22 29 15 30 13 31 23 32 24 33 14 34 10 35 17 36 30 37 21 38 25 39 20 40 22 41 12 42 13 43 15 44 29 45 24 46 17 47 27 48 4 17 5 18 6 14 7 19 8 12 9 11 10 11 11 14 12 19 13 12 14 17 15 16 16 25 17 26 18 16 19 18 20 13 21 10 22 19 23 28 24 28 25 25 26 22 27 17 32 18 33 23 34 28 35 10 36 11 37 24 38 29 39 19 40 27 41 20 42 23 43 14 44 21 45 22 46 17 47 14 48 17 49 26 50 19 51 30 52 18 53 24 54 24 55 26 4 56 18 57 25 58 20 59 11 
5 4 0 21 1 16 2 15 3 10 4 36 28 37 16 38 25 39 19 44 4 19 5 28 6 10 7 15 8 12 9 15 10 25 11 23 12 12 13 25 14 18 15 27 16 25 17 15 18 29 19 15 20 23 21 14 22 14 23 11 24 24 25 25 26 14 27 21 28 22 29 11 30 26 31 16 32 20 33 10 34 27 35 30 36 30 37 25 38 26 39 21 40 27 41 29 42 18 43 24 44 21 45 14 46 11 47 22 52 4 18 5 22 6 10 7 21 8 24 9 24 10 13 11 12 12 23 13 16 14 30 15 25 16 18 17 19 18 19 19 28 20 14 21 13 22 11 23 28 24 15 25 14 26 26 27 29 28 16 29 22 30 26 31 25 32 25 33 11 34 16 35 26 36 30 37 24 38 28 39 17 40 29 41 10 42 30 43 21 44 21 45 24 46 10 47 25 48 27 49 17 50 18 51 12 52 21 53 24 54 20 55 20 4 56 30 57 14 58 29 59 30 
5 4 0 25 1 21 2 22 3 11 4 12 27 13 19 14 30 15 26 48 4 25 5 19 6 19 7 25 8 15 9 16 10 29 11 21 12 11 13 14 14 18 15 30 16 19 17 10 18 30 19 13 20 22 21 16 22 12 23 19 24 16 25 26 26 15 27 12 28 14 29 25 30 30 31 25 32 27 33 22 34 25 35 13 40 12 41 24 42 17 43 29 44 26 45 19 46 30 47 27 48 12 49 29 50 22 51 17 52 30 53 27 54 12 55 24 4 4 14 5 29 6 16 7 12 4 56 23 57 21 58 30 59 19 
5 4 0 20 1 12 2 25 3 22 24 4 25 5 11 6 10 7 17 16 10 17 14 18 25 19 15 20 27 21 24 22 14 23 17 36 30 37 22 38 12 39 25 44 19 45 21 46 12 47 28 52 22 53 14 54 10 55 24 16 8 27 9 17 10 21 11 15 12 26 13 26 14 22 15 12 24 23 25 27 26 14 27 25 28 18 29 24 30 27 31 12 40 8 16 9 19 10 28 11 25 12 29 13 28 14 18 15 19 16 25 17 21 18 28 19 17 20 30 21 14 22 17 23 28 24 17 25 25 26 13 27 21 28 18 29 14 30 30 31 24 32 30 33 26 34 21 35 14 36 30 37 25 38 15 39 30 44 13 45 14 46 20 47 28 48 24 49 11 50 24 51 10 4 56 18 57 15 58 24 59 23 

Dynamic Events
Machine Breakdowns (x y z): Machine {x} breakdown from time {y} to {z}
0 3587 3717
1 2793 2964
1 3519 3614
2 499 630
2 3464 3608
3 1915 2033
3 2218 2369
4 4532 4614
4 5157 5273
4 6202 6295
5 4416 4503
5 5207 5312
5 6536 6718
6 420 528
6 1493 1631
6 2966 3119
6 3634 3723
6 5734 5860
7 4949 5130
7 5479 5625
8 4369 4462
8 5569 5671
8 6281 6411
9 1889 2072
9 4128 4282
9 5937 6077
9 6284 6449
10 181 261
10 4494 4671
10 5272 5450
11 5750 5844
12 5389 5555
13 228 316
13 3857 3993
13 4902 5097
14 2551 2706
14 2944 3139
14 3835 3960
14 5249 5399
14 5761 5867
15 5720 5823
16 4103 4202
16 4401 4537
17 4106 4276
17 5153 5329
17 6081 6180
18 3157 3282
18 5505 5630
19 3807 3899
19 4934 5072
20 5808 5916
21 3028 3137
21 6165 6316
22 1282 1479
22 2038 2166
22 6118 6233
23 5429 5565
23 5966 6046
24 678 767
24 4148 4333
24 4593 4685
24 5392 5512
24 6639 6733
25 4957 5092
25 6138 6239
26 352 507
26 2145 2294
26 3780 3869
26 5194 5318
26 5588 5692
27 8 105
27 5684 5763
27 6613 6738
28 1329 1440
28 5483 5610
29 1857 2001
29 3449 3639
29 6748 6837
30 2991 3119
30 4984 5101
30 5368 5509
30 6271 6406
31 5145 5251
31 6485 6585
32 4270 4409
32 6565 6720
33 2055 2138
33 3185 3309
33 5658 5801
34 3400 3515
34 3770 3906
34 5024 5192
34 5721 5904
35 6198 6358
36 5020 5191
36 6059 6211
37 4856 5003
37 6467 6594
38 1054 1222
38 4008 4162
38 5185 5346
38 5547 5698
38 6304 6423
39 4533 4652
39 6672 6800
40 1797 1900
40 5913 6111
41 5914 6069
42 1167 1326
42 2752 2867
42 4755 4836
42 5081 5227
42 5694 5823
43 3630 3732
43 5438 5620
44 2839 2944
44 5797 5906
44 6129 6209
44 6488 6678
45 5702 5897
45 6690 6892
46 5842 6005
47 2687 2873
47 5447 5634
48 1877 1974
48 4066 4201
48 5733 5927
49 2156 2313
49 4763 4852
49 5729 5924
50 5831 6023
51 5018 5106
51 6318 6439
52 3300 3472
52 6326 6469
53 3931 4106
53 4331 4497
53 6054 6239
54 3205 3404
54 4815 4979
54 5248 5446
55 5129 5337
55 6280 6472
56 1565 1732
56 2258 2385
56 3135 3241
56 3797 3880
57 3736 3923
58 2788 2878
58 3112 3310
58 3891 4068
59 2155 2272
59 2559 2647
59 2877 3077
59 3740 3895

Added Jobs (first number is the time at which the job is added, then pairs of machines and process time)
352: 5 32 25 20 12 18 55 19 56 30 38 20 15 17 49 12 24 26 29 20 31 19 37 11 9 23 43 20 2 13 14 14 0 21 18 24 33 23 1 21 35 23 36 14 22 11 47 24 42 24 44 16 10 25 11 19 58 12 21 18 4 28 26 23 39 24 52 19 10 11 15 49 21 35 14 9 25 24 28 47 23 17 22 28 29 34 21 4 26 31 30 52 27 43 24 48 21 37 15 32 21 12 28 40 11 15 21 54 17 8 18 44 18 3 25 57 14 6 24 23 10 55 30 16 18 45 19 14 15 1 15 59 14 56 20 42 24 51 30 58 10 0 30 38 21 2 16 10 23 50 26 29 13 21 15 22 13 41 29 33 29 7 26 39 24 27 21 5 11 46 23 45 31 26 55 10 13 21 8 12 10 30 39 25 0 11 17 20 56 19 45 10 36 12 32 23 35 21 15 28 6 25 22 13 14 27 23 16 50 12 5 21 44 17 58 13 29 27 4 20 51 18 25 14 1 12 33 22 40 30 28 23 57 19 49 13 26 30 54 24 7 17 47 12 9 26 42 27 20 15 30 14 53 17 21 24 12 23 3 29 48 21 36 9 14 53 13 8 15 58 22 49 20 50 12 42 29 46 12 59 17 57 28 44 10 1 17 52 23 17 28 25 26 30 24 24 28 14 12 12 28 22 14 32 29 38 28 33 18 28 28 39 30 3 25 15 15 51 22 10 20 0 22 18 10 56 26 34 24 40 28 37 16 7 15 21 26 24 15 29 56 21 5 20 22 15 35 19 19 10 14 14 9 29 42 30 37 20 49 17 17 16 59 11 24 22 21 22 30 25 13 24 50 24 10 20 45 10 
2741: 5 43 5 23 51 15 53 20 52 21 49 25 41 21 15 13 39 21 23 11 10 12 57 24 3 12 8 26 54 14 47 27 20 17 19 27 6 22 16 29 0 17 9 17 48 30 44 22 33 19 2 12 22 24 38 10 12 23 45 14 40 18 42 30 27 25 55 14 25 13 7 26 13 30 34 30 21 23 1 24 26 23 31 25 46 20 29 24 21 5 25 35 27 15 30 38 26 2 17 49 21 27 24 24 24 54 24 42 22 7 14 34 23 20 23 18 27 41 26 59 30 11 13 53 10 30 27 33 25 8 16 37 33 25 10 11 51 15 5 15 24 22 59 22 19 30 17 17 30 28 35 29 54 14 45 28 0 12 34 19 23 15 7 23 32 27 11 18 16 14 29 11 14 15 42 21 20 25 49 12 46 13 52 19 26 12 47 17 3 18 13 16 28 19 53 24 38 28 15 27 56 15 37 12 44 29 29 2 23 51 29 28 29 17 14 4 30 1 25 39 18 27 30 59 24 23 29 16 27 47 15 33 12 34 26 18 27 41 23 38 24 0 24 9 20 43 23 46 17 58 19 45 10 6 16 29 12 25 15 57 25 20 30 35 16 28 47 22 27 27 51 26 53 14 26 16 9 27 0 24 17 13 57 24 46 28 32 14 41 13 18 23 7 11 13 11 16 26 45 17 6 26 44 12 19 16 31 18 52 15 58 27 54 14 3 17 4 30 29 21 50 28 
1933: 5 27 21 24 35 10 9 20 28 10 46 15 40 16 16 21 5 14 19 30 58 10 22 28 59 12 10 26 15 26 41 12 7 29 48 24 32 27 29 26 33 24 24 26 12 22 43 18 56 29 42 21 20 30 23 13 30 21 22 43 29 27 12 58 19 4 16 42 24 34 30 47 20 50 24 28 27 37 11 51 15 53 22 5 15 6 22 22 23 39 27 7 26 3 12 1 19 54 30 48 30 56 24 52 11 30 21 13 16 24 28 8 22 12 22 2 22 19 50 22 44 24 10 11 7 13 55 12 48 15 1 27 54 21 37 22 42 21 51 25 20 12 5 30 30 13 13 11 58 27 25 16 38 20 35 20 7 33 10 44 16 41 13 29 23 50 21 34 29 24 15 22 46 27 0 16 57 13 41 17 54 23 29 28 2 17 50 17 16 23 25 13 15 28 6 15 53 24 11 10 23 25 27 26 56 27 14 28 45 28 18 20 19 21 55 24 
441: 5 6 29 22 26 22 51 25 17 25 7 19 43 19 48 22 23 13 21 50 16 46 11 8 29 55 12 48 29 7 26 15 22 0 23 45 27 27 26 31 12 25 10 58 24 53 21 19 19 59 26 10 30 21 20 9 11 47 17 12 21 30 17 54 15 43 22 42 24 36 27 1 12 34 14 56 14 32 17 3 16 38 29 23 25 2 28 39 19 5 26 33 14 29 19 18 23 17 28 37 10 24 12 26 12 57 25 41 26 52 25 15 58 20 18 26 15 24 13 25 52 11 37 29 19 12 5 16 51 22 36 16 10 18 59 30 9 17 3 27 55 11 8 12 23 58 28 39 18 19 20 28 18 52 20 44 18 9 26 23 46 25 53 13 14 11 8 26 20 29 55 14 50 15 18 19 44 15 39 10 11 13 32 26 40 28 54 30 41 18 5 30 57 27 15 28 34 30 35 27 23 25 12 28 24 26 
1121: 5 28 47 27 8 25 28 10 35 24 10 15 32 11 54 19 44 30 33 20 13 18 42 20 53 23 39 28 1 13 20 11 2 27 15 27 56 15 38 23 55 13 6 12 58 29 57 12 18 12 14 29 7 25 29 29 27 16 11 38 19 1 15 13 19 16 18 6 27 20 17 22 15 42 10 52 15 44 25 23 16 22 5 15 3 27 1 22 17 14 57 18 13 12 38 22 24 28 32 13 50 25 49 17 39 14 15 13 42 28 55 18 53 14 54 20 4 11 28 16 8 28 34 20 9 19 24 48 29 21 20 14 15 51 27 10 26 58 22 57 13 16 23 2 11 50 21 20 26 54 10 47 22 44 24 3 25 25 27 4 16 52 28 43 13 18 30 46 11 39 20 36 15 35 18 35 0 22 52 13 28 26 51 28 30 13 5 11 39 24 29 23 2 11 57 29 13 16 31 15 26 18 25 11 53 22 32 30 10 18 36 27 46 16 58 15 3 16 48 27 38 28 23 30 21 28 7 20 8 16 22 29 55 30 56 28 1 16 27 10 41 27 50 16 40 20 
1956: 5 37 3 29 23 30 26 19 28 25 35 23 10 10 7 18 34 26 27 17 31 13 45 12 22 28 51 11 48 14 37 24 56 26 38 16 49 11 24 14 53 19 2 15 50 17 14 27 39 23 4 23 16 18 52 20 13 11 58 23 42 14 44 26 17 12 12 14 5 23 57 24 0 20 18 15 26 56 20 55 25 2 21 7 22 40 25 45 27 32 16 38 10 9 19 43 23 57 18 51 30 19 20 29 18 26 26 34 10 13 25 24 28 48 25 42 18 22 10 44 22 0 26 46 14 3 17 49 14 39 27 10 30 24 29 13 13 10 37 12 21 19 32 20 9 14 18 22 47 13 53 25 39 30 49 24 23 30 25 25 15 13 3 25 6 21 10 22 8 30 38 27 19 29 54 16 0 18 4 15 50 15 14 14 35 25 44 20 57 30 17 21 51 28 41 11 42 10 36 21 45 20 5 25 52 14 20 25 8 35 21 12 18 18 28 23 24 13 15 7 12 52 18 20 27 7 17 18 51 13 39 18 30 28 2 27 53 26 6 30 
1005: 5 16 28 24 37 12 1 23 43 11 20 27 55 16 51 21 15 10 59 24 22 14 30 24 10 21 2 16 7 21 24 26 41 11 24 49 11 19 24 35 12 2 10 59 12 24 12 51 22 4 26 23 15 40 11 54 13 52 29 26 28 11 28 43 20 10 24 56 23 33 22 18 13 20 20 28 19 5 14 36 13 21 30 4 55 20 47 25 3 16 4 21 25 33 21 11 28 47 20 39 23 58 11 19 24 13 17 52 29 51 28 27 22 9 11 49 24 7 26 25 29 30 14 17 25 53 24 21 15 8 27 5 10 22 11 56 24 35 22 6 22 1 28 14 5 26 56 20 28 24 3 11 46 27 57 24 12 22 29 15 15 29 2 23 14 23 30 22 11 12 19 29 
1700: 5 49 36 14 30 15 51 27 32 15 11 27 43 22 44 24 45 28 13 20 8 25 57 19 56 18 16 23 42 25 48 12 6 26 15 25 2 12 29 24 49 24 26 27 58 10 24 13 22 18 53 11 12 27 28 13 21 16 5 13 35 10 4 21 40 14 20 24 33 28 38 11 19 17 31 10 25 12 46 16 23 23 10 20 39 11 9 22 34 22 37 17 54 29 41 30 14 19 59 28 14 12 15 7 26 38 27 22 21 25 16 51 27 6 27 10 26 26 12 21 11 27 16 32 23 31 19 11 27 49 54 26 0 26 32 27 3 12 49 20 25 16 51 15 5 20 55 27 13 18 36 24 45 12 43 10 14 16 4 10 33 25 16 29 39 20 22 10 38 24 35 30 40 13 7 29 42 25 53 13 23 18 37 13 50 25 2 22 8 15 6 28 21 14 26 15 24 23 57 16 59 29 56 13 41 21 30 23 18 14 10 22 19 26 31 21 34 10 15 18 52 28 44 26 11 30 58 19 29 10 11 15 16 58 18 22 24 43 24 19 11 36 30 54 20 59 21 21 21 7 13 1 22 5 28 39 27 28 10 51 25 16 27 20 26 46 14 29 10 41 18 47 18 53 19 18 29 32 29 13 20 33 29 3 19 2 21 51 36 29 48 22 13 14 39 30 44 18 32 12 34 12 28 15 6 27 50 24 20 20 3 16 31 28 54 16 38 15 35 26 53 22 14 19 0 15 45 11 56 30 27 10 15 24 12 10 29 25 8 13 24 15 52 19 4 19 2 19 9 22 40 28 41 19 10 18 25 26 21 14 49 24 42 11 7 24 46 28 1 10 47 18 51 17 57 20 37 25 30 16 18 18 11 23 16 20 55 22 22 26 
2217: 5 7 12 11 15 28 59 10 53 19 43 23 6 11 28 18 47 10 29 15 29 48 17 24 24 35 19 14 24 17 21 51 23 58 25 32 22 20 26 11 18 26 18 46 20 2 22 44 21 37 25 19 16 8 22 42 12 45 14 12 25 13 30 7 20 59 22 0 13 49 28 30 27 38 11 54 29 53 22 34 22 5 30 6 23 23 18 33 21 9 21 50 29 22 29 25 15 18 11 55 17 36 13 16 20 39 20 28 11 27 23 52 7 12 2 27 3 25 51 10 20 21 9 26 33 23 58 10 6 15 57 20 43 10 4 25 41 18 52 23 13 12 24 11 15 21 17 27 23 15 40 14 10 15 34 27 59 13 32 24 44 28 56 11 31 14 29 28 12 28 26 20 30 28 37 13 45 19 46 11 47 30 39 10 48 26 42 21 55 23 14 19 11 21 1 23 54 16 53 20 21 19 27 12 35 21 28 23 16 18 22 15 38 22 19 12 39 15 21 39 23 26 10 2 13 47 14 53 12 23 14 33 14 6 15 56 23 35 23 32 10 8 23 25 26 51 19 34 30 24 19 54 13 40 26 31 20 11 18 36 20 46 15 59 10 38 12 5 27 16 17 41 15 7 19 29 26 13 19 28 26 44 17 21 20 4 23 10 28 22 22 3 26 27 22 9 16 24 20 14 38 14 27 23 8 27 24 29 18 17 56 16 43 30 
2383: 5 32 14 20 6 22 40 12 30 11 24 26 45 24 54 13 55 24 48 26 25 26 34 11 41 27 9 19 59 23 21 28 47 19 3 24 56 24 10 15 11 30 42 15 0 20 50 12 27 23 22 11 18 15 2 28 46 19 36 16 19 25 33 19 44 13 4 13 29 20 27 48 12 49 29 48 17 16 2 11 45 20 43 20 42 28 56 13 32 11 0 11 24 23 25 22 19 17 48 23 57 18 9 27 11 28 5 12 14 22 12 28 31 20 49 11 18 17 46 18 6 29 51 24 37 14 28 12 39 14 35 26 26 15 40 19 16 25 29 28 55 23 30 11 54 10 59 13 15 13 22 15 33 29 3 11 36 22 53 29 41 18 1 16 8 26 4 24 7 17 34 23 15 29 28 48 26 12 24 47 16 16 28 6 18 3 14 13 24 9 28 24 11 42 29 7 29 54 18 43 10 33 30 14 48 20 14 25 8 12 21 13 47 16 44 12 33 28 17 19 13 30 59 15 46 19 56 11 51 11 28 30 
1194: 5 31 26 25 41 27 36 20 1 27 2 21 50 10 47 25 20 13 30 15 35 25 4 21 18 19 31 22 22 25 40 18 53 27 8 17 58 24 46 16 56 21 48 16 16 22 28 23 37 12 19 10 29 10 32 30 17 10 39 30 13 23 44 11 15 42 13 55 18 54 17 17 16 2 21 23 26 46 13 15 18 41 30 11 30 7 26 34 29 36 28 59 18 40 30 39 52 12 6 20 56 15 51 21 54 11 24 26 7 28 18 15 55 17 49 19 50 16 37 22 33 28 40 26 8 27 46 25 15 14 4 16 47 30 48 14 59 30 38 19 53 16 32 11 42 30 9 24 13 21 5 15 41 12 25 10 17 11 29 20 10 19 31 24 39 21 45 14 27 12 43 22 44 25 22 39 16 9 11 45 14 4 24 22 23 20 28 50 13 34 23 38 26 41 10 29 21 17 28 58 15 23 28 51 19 16 19 19 10 57 22 27 18 14 11 31 24 47 18 42 36 28 0 22 17 17 23 15 3 17 15 26 12 29 25 29 43 20 44 11 49 14 20 20 24 15 56 13 13 15 10 25 41 22 52 24 48 13 47 25 59 19 32 21 55 22 19 12 5 27 40 28 45 12 33 23 22 23 8 23 31 24 50 19 18 29 2 22 9 30 26 16 6 11 53 14 42 22 30 19 35 17 46 25 

Cancelled Jobs
3158 9
1483 18
977 30
1053 38
2073 39
1420 40
3012 48
2762 58
616 91
1068 94
