100 60
5 4 0 27 1 22 2 12 3 11 52 4 14 5 12 6 17 7 14 8 20 9 30 10 25 11 27 12 23 13 13 14 18 15 19 16 21 17 30 18 28 19 10 20 22 21 25 22 23 23 29 24 18 25 21 26 11 27 25 28 19 29 26 30 21 31 14 32 27 33 28 34 10 35 28 36 25 37 24 38 12 39 15 40 27 41 28 42 18 43 15 44 19 45 28 46 15 47 15 48 23 49 20 50 12 51 26 52 27 53 30 54 27 55 19 32 4 30 5 13 6 12 7 21 16 13 17 26 18 17 19 10 20 23 21 30 22 20 23 29 24 29 25 22 26 20 27 25 28 26 29 21 30 20 31 20 32 13 33 27 34 12 35 30 40 24 41 15 42 23 43 27 52 14 53 16 54 13 55 28 16 20 27 21 14 22 25 23 11 24 11 25 22 26 25 27 11 44 19 45 21 46 16 47 29 52 19 53 30 54 29 55 22 4 56 27 57 14 58 16 59 24 
5 4 0 19 1 24 2 19 3 28 16 8 19 9 21 10 25 11 13 16 21 17 20 18 22 19 27 20 18 21 29 22 11 23 30 48 24 49 15 50 28 51 15 44 8 14 9 13 10 24 11 22 12 13 13 17 14 15 15 30 16 30 17 24 18 14 19 14 20 15 21 17 22 30 23 12 24 21 25 26 26 27 27 10 28 15 29 10 30 29 31 20 36 24 37 16 38 30 39 28 40 30 41 27 42 17 43 15 44 20 45 12 46 16 47 30 48 10 49 26 50 29 51 28 52 15 53 29 54 10 55 10 16 4 29 5 23 6 22 7 26 20 22 21 22 22 11 23 21 24 28 25 15 26 28 27 10 48 10 49 19 50 27 51 25 4 56 12 57 14 58 15 59 23 
5 4 0 13 1 12 2 19 3 23 12 4 14 5 19 6 20 7 21 36 10 37 14 38 27 39 26 40 28 41 13 42 24 43 18 36 4 13 5 27 6 15 7 20 8 26 9 11 10 16 11 14 12 25 13 27 14 23 15 29 20 14 21 17 22 11 23 15 24 16 25 25 26 21 27 27 28 29 29 28 30 26 31 29 40 25 41 22 42 16 43 17 48 22 49 27 50 27 51 19 52 25 53 24 54 17 55 25 8 24 25 25 30 26 13 27 21 44 24 45 23 46 27 47 28 4 56 15 57 17 58 26 59 15 
5 4 0 18 1 23 2 16 3 23 52 4 17 5 11 6 21 7 14 8 14 9 29 10 22 11 13 12 22 13 18 14 23 15 10 16 17 17 21 18 11 19 28 20 26 21 18 22 25 23 16 24 29 25 11 26 24 27 24 28 15 29 28 30 21 31 27 32 11 33 26 34 22 35 14 36 15 37 25 38 28 39 26 40 16 41 23 42 19 43 18 44 12 45 14 46 17 47 18 48 19 49 25 50 26 51 10 52 13 53 20 54 18 55 10 40 4 29 5 29 6 25 7 12 8 28 9 23 10 21 11 15 12 10 13 18 14 24 15 22 16 27 17 19 18 12 19 22 20 12 21 16 22 10 23 27 24 21 25 25 26 27 27 19 36 20 37 10 38 13 39 19 40 12 41 19 42 29 43 27 48 26 49 24 50 16 51 19 52 25 53 30 54 25 55 12 4 20 28 21 28 22 15 23 20 4 56 25 57 21 58 30 59 27 
5 4 0 23 1 29 2 17 3 26 24 12 18 13 18 14 26 15 15 16 23 17 10 18 16 19 23 28 29 29 18 30 19 31 20 32 27 33 21 34 25 35 28 44 18 45 26 46 13 47 14 48 15 49 25 50 30 51 27 52 4 20 5 15 6 10 7 23 8 22 9 18 10 12 11 26 12 29 13 12 14 17 15 16 16 27 17 29 18 23 19 28 20 21 21 27 22 22 23 27 24 23 25 27 26 19 27 11 28 26 29 23 30 24 31 25 32 13 33 20 34 18 35 14 36 22 37 26 38 17 39 18 40 15 41 21 42 28 43 15 44 19 45 22 46 12 47 26 48 27 49 14 50 21 51 17 52 27 53 18 54 12 55 30 20 12 17 13 22 14 22 15 13 32 30 33 18 34 18 35 20 36 17 37 24 38 21 39 23 40 30 41 24 42 24 43 11 52 16 53 21 54 21 55 16 4 56 21 57 21 58 13 59 10 
5 4 0 22 1 13 2 26 3 16 52 4 16 5 27 6 18 7 25 8 12 9 29 10 30 11 26 12 20 13 21 14 25 15 22 16 15 17 12 18 27 19 20 20 14 21 15 22 19 23 19 24 18 25 23 26 25 27 19 28 20 29 15 30 24 31 25 32 21 33 16 34 11 35 10 36 22 37 30 38 30 39 28 40 15 41 18 42 11 43 17 44 17 45 22 46 21 47 11 48 30 49 19 50 27 51 26 52 28 53 30 54 30 55 24 48 4 12 5 22 6 20 7 16 8 27 9 19 10 30 11 30 12 29 13 24 14 11 15 22 16 18 17 25 18 12 19 24 20 19 21 18 22 25 23 30 24 12 25 28 26 20 27 23 32 13 33 14 34 16 35 29 36 16 37 26 38 30 39 21 40 14 41 28 42 12 43 17 44 13 45 14 46 16 47 27 48 25 49 21 50 22 51 22 52 16 53 23 54 15 55 16 44 4 13 5 27 6 23 7 11 8 17 9 27 10 22 11 17 16 27 17 13 18 17 19 27 20 27 21 13 22 26 23 27 24 26 25 24 26 24 27 30 28 28 29 13 30 18 31 25 32 18 33 14 34 16 35 26 36 13 37 23 38 21 39 11 44 18 45 13 46 21 47 28 48 21 49 17 50 24 51 22 52 20 53 24 54 26 55 28 4 56 27 57 17 58 23 59 17 
5 4 0 17 1 27 2 16 3 26 12 24 30 25 28 26 29 27 15 28 19 29 13 30 24 31 19 36 10 37 21 38 16 39 21 24 4 13 5 13 6 20 7 10 16 12 17 24 18 20 19 27 20 25 21 17 22 16 23 23 32 26 33 13 34 22 35 12 48 25 49 26 50 13 51 26 52 18 53 30 54 16 55 20 36 4 26 5 12 6 17 7 22 8 30 9 28 10 10 11 25 16 29 17 25 18 22 19 11 20 15 21 16 22 21 23 18 24 10 25 12 26 25 27 25 28 17 29 18 30 29 31 29 36 11 37 28 38 26 39 28 40 18 41 13 42 28 43 21 44 16 45 20 46 18 47 28 4 56 21 57 12 58 27 59 12 
5 4 0 11 1 25 2 10 3 12 16 12 25 13 29 14 17 15 12 16 26 17 19 18 16 19 27 24 25 25 26 26 13 27 18 52 13 53 30 54 30 55 16 36 4 21 5 12 6 25 7 26 12 12 13 20 14 21 15 27 16 28 17 11 18 28 19 18 20 12 21 21 22 16 23 30 24 10 25 21 26 10 27 14 28 11 29 11 30 12 31 24 32 26 33 26 34 28 35 14 48 16 49 23 50 17 51 10 52 22 53 25 54 14 55 29 12 4 21 5 29 6 25 7 21 24 24 25 27 26 20 27 21 48 26 49 25 50 29 51 14 4 56 24 57 13 58 13 59 19 
5 4 0 11 1 15 2 14 3 27 12 12 12 13 22 14 20 15 10 24 23 25 16 26 13 27 12 52 10 53 28 54 15 55 16 12 12 30 13 27 14 24 15 30 32 19 33 29 34 24 35 26 40 12 41 19 42 13 43 30 48 4 22 5 28 6 27 7 24 8 18 9 24 10 23 11 26 12 22 13 25 14 14 15 13 16 20 17 24 18 20 19 12 20 18 21 16 22 16 23 21 28 29 29 23 30 13 31 26 32 12 33 11 34 30 35 19 36 27 37 28 38 30 39 30 40 28 41 20 42 28 43 15 44 18 45 30 46 30 47 29 48 25 49 28 50 30 51 24 52 16 53 30 54 23 55 27 4 56 24 57 12 58 23 59 26 
5 4 0 12 1 11 2 14 3 30 44 4 12 5 14 6 17 7 13 8 10 9 20 10 15 11 27 12 26 13 28 14 17 15 14 16 27 17 15 18 24 19 27 20 23 21 18 22 13 23 14 24 18 25 24 26 24 27 21 28 15 29 16 30 25 31 29 36 23 37 22 38 29 39 27 44 18 45 17 46 30 47 19 48 15 49 10 50 27 51 22 52 22 53 26 54 27 55 16 36 4 25 5 29 6 15 7 26 8 26 9 11 10 15 11 29 12 11 13 16 14 29 15 19 16 26 17 26 18 18 19 30 32 13 33 30 34 22 35 29 40 18 41 28 42 19 43 28 44 27 45 10 46 15 47 20 48 20 49 15 50 21 51 18 52 28 53 29 54 29 55 12 52 4 13 5 11 6 18 7 16 8 30 9 26 10 20 11 30 12 20 13 28 14 25 15 13 16 26 17 24 18 17 19 23 20 21 21 12 22 18 23 22 24 24 25 26 26 22 27 12 28 13 29 28 30 22 31 28 32 29 33 23 34 21 35 29 36 12 37 30 38 11 39 25 40 22 41 24 42 14 43 21 44 11 45 14 46 19 47 26 48 18 49 13 50 17 51 22 52 20 53 17 54 10 55 20 4 56 29 57 21 58 17 59 15 
5 4 0 24 1 14 2 15 3 21 16 16 26 17 17 18 22 19 23 36 30 37 16 38 18 39 14 44 10 45 30 46 11 47 19 52 12 53 19 54 29 55 22 12 28 25 29 12 30 23 31 22 48 27 49 23 50 20 51 21 52 18 53 30 54 10 55 12 20 8 24 9 20 10 17 11 28 20 19 21 25 22 17 23 13 32 19 33 19 34 24 35 13 44 28 45 23 46 20 47 18 52 18 53 18 54 26 55 16 4 56 13 57 11 58 20 59 10 
5 4 0 30 1 11 2 27 3 25 8 4 17 5 11 6 26 7 27 36 13 37 29 38 20 39 11 40 4 17 5 19 6 24 7 25 12 13 13 24 14 30 15 25 16 13 17 28 18 22 19 28 20 19 21 15 22 21 23 30 28 25 29 11 30 29 31 10 36 15 37 22 38 27 39 22 40 13 41 15 42 17 43 14 44 20 45 25 46 11 47 11 48 24 49 12 50 28 51 24 52 15 53 28 54 17 55 16 32 8 23 9 13 10 11 11 11 16 29 17 20 18 17 19 26 20 30 21 18 22 16 23 30 24 21 25 20 26 13 27 22 28 10 29 12 30 28 31 19 32 18 33 25 34 27 35 13 36 14 37 28 38 23 39 14 52 10 53 14 54 24 55 14 4 56 20 57 27 58 11 59 14 
5 4 0 12 1 29 2 16 3 21 52 4 17 5 19 6 10 7 15 8 13 9 26 10 25 11 19 12 18 13 15 14 16 15 10 16 20 17 16 18 23 19 13 20 22 21 18 22 28 23 21 24 11 25 13 26 30 27 30 28 12 29 23 30 15 31 20 32 15 33 30 34 19 35 12 36 18 37 20 38 20 39 18 40 13 41 10 42 14 43 10 44 12 45 14 46 14 47 30 48 24 49 14 50 24 51 23 52 13 53 20 54 27 55 24 40 4 23 5 23 6 10 7 13 12 26 13 21 14 22 15 27 16 27 17 21 18 27 19 12 20 19 21 22 22 13 23 11 24 16 25 14 26 22 27 26 28 25 29 15 30 21 31 24 32 28 33 17 34 27 35 15 40 15 41 15 42 24 43 18 44 17 45 13 46 28 47 30 48 26 49 16 50 30 51 22 52 4 19 5 16 6 27 7 29 8 27 9 17 10 22 11 14 12 18 13 19 14 23 15 25 16 11 17 22 18 17 19 29 20 12 21 16 22 25 23 12 24 20 25 14 26 13 27 27 28 12 29 24 30 13 31 30 32 24 33 25 34 22 35 22 36 30 37 17 38 23 39 16 40 13 41 26 42 23 43 25 44 22 45 28 46 29 47 20 48 23 49 27 50 22 51 15 52 17 53 10 54 10 55 20 4 56 26 57 22 58 22 59 17 
5 4 0 28 1 22 2 24 3 25 40 4 11 5 16 6 27 7 28 8 23 9 26 10 24 11 18 12 18 13 11 14 29 15 13 16 29 17 16 18 11 19 20 20 23 21 21 22 11 23 15 24 24 25 12 26 19 27 11 28 21 29 18 30 10 31 27 44 22 45 29 46 16 47 20 48 28 49 24 50 19 51 15 52 30 53 10 54 26 55 17 8 4 17 5 20 6 29 7 11 20 10 21 16 22 23 23 13 36 4 16 5 21 6 12 7 29 12 27 13 17 14 12 15 19 16 29 17 25 18 11 19 10 20 27 21 14 22 15 23 11 24 15 25 12 26 11 27 11 28 29 29 17 30 15 31 13 32 20 33 20 34 21 35 23 36 27 37 16 38 12 39 18 44 18 45 10 46 21 47 19 4 56 19 57 22 58 22 59 10 
5 4 0 27 1 25 2 28 3 29 32 4 19 5 28 6 25 7 30 12 11 13 20 14 21 15 22 20 18 21 22 22 12 23 19 28 10 29 13 30 22 31 26 36 25 37 20 38 21 39 22 40 14 41 24 42 26 43 13 44 12 45 28 46 11 47 15 48 16 49 27 50 28 51 27 12 4 12 5 27 6 16 7 15 16 18 17 15 18 18 19 18 52 14 53 28 54 18 55 26 40 4 16 5 20 6 13 7 10 16 19 17 20 18 16 19 20 20 24 21 15 22 15 23 11 24 28 25 18 26 14 27 20 28 17 29 24 30 24 31 17 32 23 33 18 34 18 35 19 36 10 37 15 38 25 39 17 40 30 41 19 42 30 43 11 44 29 45 24 46 18 47 11 52 24 53 12 54 21 55 27 4 56 20 57 21 58 24 59 20 
5 4 0 13 1 27 2 30 3 28 8 4 18 5 13 6 23 7 14 12 17 13 17 14 17 15 24 16 4 13 5 11 6 17 7 19 12 24 13 30 14 28 15 25 40 20 41 21 42 18 43 21 44 11 45 30 46 24 47 16 24 4 30 5 29 6 22 7 11 8 28 9 26 10 11 11 18 32 11 33 27 34 25 35 19 36 14 37 21 38 13 39 15 44 10 45 30 46 18 47 16 48 12 49 12 50 29 51 30 4 56 14 57 28 58 13 59 27 
5 4 0 24 1 15 2 27 3 20 20 4 30 5 12 6 24 7 21 8 26 9 13 10 21 11 13 16 11 17 10 18 18 19 13 20 28 21 14 22 16 23 12 24 12 25 25 26 12 27 22 36 4 19 5 18 6 10 7 14 8 17 9 14 10 25 11 22 12 11 13 14 14 24 15 29 20 18 21 16 22 22 23 15 24 29 25 11 26 22 27 26 28 15 29 12 30 16 31 28 36 12 37 23 38 11 39 13 48 16 49 26 50 20 51 15 52 17 53 12 54 23 55 14 52 4 14 5 28 6 11 7 19 8 21 9 22 10 29 11 18 12 23 13 13 14 26 15 11 16 20 17 21 18 16 19 30 20 13 21 16 22 10 23 15 24 29 25 22 26 13 27 18 28 18 29 15 30 24 31 29 32 24 33 29 34 16 35 24 36 29 37 16 38 14 39 30 40 15 41 12 42 28 43 19 44 28 45 12 46 18 47 19 48 15 49 29 50 25 51 18 52 19 53 10 54 10 55 25 4 56 25 57 14 58 27 59 26 
5 4 0 10 1 15 2 17 3 21 28 4 24 5 11 6 10 7 29 12 19 13 24 14 22 15 10 20 10 21 19 22 28 23 13 28 10 29 22 30 29 31 30 44 25 45 16 46 24 47 17 48 16 49 15 50 24 51 21 52 22 53 25 54 11 55 30 40 4 25 5 18 6 15 7 11 8 20 9 21 10 30 11 27 12 15 13 19 14 29 15 15 20 24 21 16 22 20 23 28 28 17 29 11 30 21 31 11 32 14 33 26 34 13 35 24 36 10 37 16 38 19 39 27 40 15 41 24 42 30 43 15 44 20 45 15 46 17 47 29 48 30 49 20 50 17 51 15 8 24 20 25 25 26 29 27 18 28 15 29 11 30 17 31 30 4 56 22 57 26 58 26 59 19 
5 4 0 14 1 11 2 19 3 22 48 4 27 5 27 6 25 7 30 12 24 13 16 14 16 15 21 16 13 17 13 18 12 19 12 20 16 21 21 22 22 23 28 24 13 25 23 26 10 27 12 28 21 29 18 30 11 31 29 32 13 33 30 34 12 35 22 36 13 37 13 38 22 39 23 40 19 41 16 42 24 43 21 44 29 45 15 46 14 47 10 48 24 49 21 50 27 51 10 52 25 53 18 54 24 55 19 52 4 18 5 23 6 26 7 29 8 28 9 10 10 19 11 30 12 20 13 18 14 23 15 10 16 20 17 18 18 14 19 17 20 22 21 13 22 11 23 23 24 20 25 27 26 28 27 26 28 26 29 18 30 14 31 11 32 21 33 12 34 15 35 23 36 12 37 29 38 21 39 26 40 17 41 30 42 12 43 27 44 19 45 26 46 10 47 25 48 11 49 24 50 19 51 20 52 19 53 27 54 11 55 18 44 4 29 5 27 6 26 7 25 12 15 13 19 14 13 15 26 16 23 17 16 18 28 19 13 20 12 21 13 22 27 23 11 24 16 25 22 26 11 27 19 28 15 29 18 30 16 31 12 32 16 33 22 34 25 35 25 40 29 41 15 42 12 43 25 44 25 45 24 46 21 47 23 48 27 49 18 50 12 51 15 52 15 53 24 54 11 55 28 4 56 17 57 13 58 23 59 24 
5 4 0 29 1 29 2 16 3 24 48 4 13 5 18 6 26 7 21 8 20 9 11 10 15 11 23 12 21 13 28 14 30 15 26 20 21 21 10 22 29 23 21 24 18 25 12 26 14 27 24 28 14 29 26 30 21 31 12 32 27 33 29 34 20 35 22 36 23 37 20 38 22 39 21 40 12 41 26 42 29 43 23 44 27 45 29 46 10 47 11 48 24 49 10 50 13 51 19 52 27 53 23 54 20 55 16 28 8 27 9 20 10 17 11 12 12 16 13 26 14 30 15 20 16 28 17 14 18 24 19 24 20 12 21 12 22 29 23 24 24 28 25 17 26 13 27 30 28 19 29 30 30 29 31 14 40 19 41 10 42 17 43 24 36 4 20 5 15 6 18 7 20 12 14 13 26 14 16 15 11 16 27 17 11 18 14 19 13 20 23 21 30 22 22 23 25 24 18 25 18 26 24 27 29 32 10 33 20 34 17 35 29 36 13 37 10 38 26 39 17 44 29 45 10 46 12 47 20 48 22 49 14 50 21 51 27 4 56 25 57 28 58 28 59 11 
5 4 0 30 1 18 2 20 3 25 20 4 14 5 13 6 13 7 30 12 11 13 23 14 12 15 22 32 19 33 13 34 21 35 17 36 29 37 27 38 14 39 13 44 13 45 12 46 19 47 15 44 4 14 5 24 6 30 7 21 8 10 9 30 10 15 11 17 12 28 13 13 14 20 15 18 16 28 17 10 18 21 19 24 24 18 25 13 26 19 27 12 28 13 29 12 30 20 31 26 32 19 33 18 34 24 35 23 36 24 37 21 38 21 39 13 40 24 41 26 42 29 43 28 44 13 45 22 46 17 47 15 48 19 49 29 50 21 51 12 16 16 22 17 20 18 21 19 19 32 13 33 12 34 11 35 14 44 17 45 17 46 14 47 17 52 29 53 10 54 19 55 17 4 56 29 57 13 58 29 59 24 
5 4 0 25 1 19 2 30 3 13 12 32 20 33 17 34 20 35 13 40 15 41 11 42 11 43 28 52 18 53 24 54 25 55 12 44 4 15 5 20 6 16 7 12 8 17 9 27 10 25 11 14 12 16 13 28 14 18 15 28 16 14 17 30 18 16 19 16 20 29 21 11 22 26 23 17 24 20 25 10 26 25 27 22 28 11 29 17 30 22 31 24 32 16 33 27 34 25 35 24 36 25 37 27 38 24 39 28 44 22 45 15 46 21 47 21 52 15 53 21 54 12 55 10 44 4 14 5 23 6 20 7 29 12 20 13 29 14 21 15 19 16 18 17 26 18 20 19 12 20 17 21 21 22 21 23 30 24 11 25 19 26 12 27 12 28 24 29 22 30 19 31 21 32 27 33 14 34 26 35 13 40 10 41 27 42 28 43 24 44 25 45 27 46 29 47 30 48 24 49 18 50 11 51 29 52 19 53 16 54 22 55 20 4 56 28 57 16 58 12 59 13 
5 4 0 24 1 25 2 30 3 29 20 12 14 13 21 14 14 15 18 28 21 29 24 30 22 31 10 36 28 37 20 38 11 39 12 40 27 41 13 42 23 43 28 48 18 49 29 50 29 51 18 24 8 21 9 17 10 29 11 10 16 24 17 28 18 24 19 12 24 15 25 30 26 30 27 15 44 20 45 26 46 20 47 16 48 27 49 27 50 15 51 16 52 23 53 10 54 26 55 22 28 8 16 9 12 10 16 11 28 20 17 21 27 22 22 23 24 24 22 25 19 26 20 27 14 40 26 41 30 42 17 43 16 44 18 45 17 46 22 47 24 48 15 49 15 50 14 51 19 52 19 53 19 54 11 55 16 4 56 30 57 27 58 19 59 14 
5 4 0 30 1 21 2 24 3 21 24 8 20 9 20 10 26 11 28 12 15 13 22 14 16 15 25 16 21 17 28 18 13 19 13 20 20 21 13 22 10 23 18 32 23 33 12 34 16 35 19 40 20 41 29 42 27 43 15 44 4 19 5 23 6 10 7 20 8 30 9 26 10 21 11 12 12 11 13 10 14 10 15 24 16 14 17 29 18 14 19 24 20 13 21 15 22 15 23 29 24 16 25 12 26 15 27 20 28 25 29 26 30 23 31 19 32 21 33 26 34 24 35 24 36 27 37 25 38 24 39 14 40 17 41 18 42 17 43 21 44 14 45 21 46 14 47 22 32 12 11 13 27 14 28 15 27 20 26 21 30 22 26 23 20 24 14 25 29 26 26 27 20 32 14 33 20 34 29 35 29 36 30 37 16 38 13 39 10 40 23 41 14 42 14 43 15 44 15 45 10 46 22 47 17 48 14 49 29 50 16 51 24 4 56 28 57 14 58 20 59 23 
5 4 0 10 1 12 2 19 3 10 16 8 14 9 10 10 13 11 19 36 17 37 13 38 18 39 16 48 18 49 14 50 12 51 30 52 16 53 13 54 14 55 26 12 4 13 5 17 6 12 7 26 12 11 13 27 14 20 15 19 52 11 53 16 54 26 55 19 32 4 28 5 30 6 17 7 29 12 11 13 26 14 11 15 27 16 10 17 24 18 13 19 30 20 19 21 13 22 19 23 30 24 22 25 11 26 29 27 29 36 24 37 23 38 25 39 20 40 14 41 25 42 18 43 19 48 28 49 17 50 12 51 24 4 56 11 57 19 58 13 59 28 
5 4 0 24 1 28 2 27 3 13 40 4 11 5 15 6 12 7 20 8 11 9 16 10 13 11 10 12 28 13 30 14 26 15 29 20 25 21 19 22 28 23 30 24 13 25 16 26 19 27 16 28 28 29 30 30 12 31 28 32 24 33 20 34 17 35 13 36 21 37 29 38 17 39 22 44 17 45 23 46 19 47 30 52 18 53 29 54 30 55 16 8 16 20 17 22 18 12 19 29 20 11 21 27 22 20 23 16 48 4 12 5 13 6 23 7 28 8 13 9 18 10 17 11 28 12 23 13 30 14 10 15 13 16 25 17 10 18 20 19 20 20 28 21 21 22 18 23 21 24 23 25 17 26 10 27 28 28 30 29 11 30 21 31 12 32 30 33 24 34 11 35 20 36 25 37 26 38 27 39 20 40 29 41 26 42 18 43 13 44 17 45 29 46 20 47 14 48 15 49 17 50 26 51 21 4 56 15 57 26 58 14 59 27 
5 4 0 28 1 12 2 16 3 23 32 4 15 5 25 6 25 7 22 8 23 9 20 10 14 11 17 12 23 13 17 14 24 15 23 20 11 21 24 22 22 23 23 32 23 33 20 34 15 35 15 36 14 37 14 38 30 39 21 40 26 41 16 42 23 43 30 48 24 49 17 50 27 51 28 28 4 12 5 16 6 24 7 24 8 14 9 14 10 13 11 17 12 28 13 17 14 21 15 29 16 17 17 25 18 25 19 16 24 22 25 11 26 13 27 19 44 16 45 27 46 26 47 17 52 22 53 19 54 12 55 18 12 16 12 17 26 18 27 19 20 20 26 21 30 22 25 23 15 48 19 49 15 50 21 51 19 4 56 30 57 19 58 22 59 26 
5 4 0 23 1 22 2 14 3 19 12 8 10 9 14 10 21 11 24 16 15 17 21 18 29 19 28 28 15 29 10 30 20 31 25 52 4 28 5 21 6 15 7 29 8 16 9 15 10 29 11 14 12 15 13 26 14 16 15 19 16 28 17 21 18 19 19 25 20 10 21 22 22 16 23 29 24 10 25 25 26 29 27 18 28 25 29 19 30 18 31 13 32 30 33 22 34 30 35 28 36 21 37 24 38 10 39 22 40 28 41 14 42 25 43 15 44 17 45 11 46 13 47 15 48 14 49 16 50 10 51 28 52 17 53 29 54 26 55 18 16 8 12 9 26 10 15 11 26 12 30 13 16 14 28 15 23 24 14 25 25 26 21 27 13 44 25 45 27 46 25 47 25 4 56 25 57 20 58 27 59 21 
5 4 0 21 1 24 2 26 3 17 32 4 17 5 21 6 24 7 28 8 20 9 14 10 22 11 24 12 25 13 29 14 15 15 14 20 29 21 23 22 17 23 15 36 19 37 22 38 24 39 17 44 16 45 18 46 13 47 21 48 10 49 30 50 26 51 10 52 19 53 24 54 25 55 13 12 12 16 13 26 14 13 15 17 20 16 21 29 22 28 23 20 36 11 37 16 38 24 39 26 52 4 23 5 24 6 16 7 22 8 10 9 21 10 18 11 12 12 17 13 12 14 29 15 24 16 27 17 18 18 26 19 26 20 15 21 24 22 19 23 14 24 14 25 15 26 18 27 19 28 30 29 16 30 14 31 10 32 13 33 21 34 29 35 17 36 23 37 14 38 14 39 19 40 28 41 23 42 15 43 18 44 23 45 13 46 20 47 21 48 26 49 16 50 13 51 27 52 24 53 15 54 20 55 19 4 56 24 57 14 58 13 59 24 
5 4 0 19 1 16 2 24 3 15 36 8 29 9 11 10 19 11 13 12 29 13 29 14 19 15 23 16 17 17 29 18 10 19 27 20 24 21 10 22 17 23 26 24 24 25 20 26 27 27 29 28 11 29 17 30 18 31 25 32 19 33 10 34 11 35 14 44 21 45 10 46 17 47 20 48 21 49 14 50 10 51 22 4 24 27 25 30 26 10 27 18 48 4 15 5 27 6 12 7 10 8 18 9 12 10 18 11 17 12 23 13 15 14 25 15 15 16 27 17 18 18 26 19 14 20 18 21 22 22 28 23 21 24 10 25 16 26 21 27 21 28 18 29 30 30 18 31 20 32 20 33 13 34 15 35 16 36 19 37 17 38 19 39 22 44 16 45 12 46 10 47 18 48 13 49 30 50 14 51 14 52 28 53 14 54 13 55 13 4 56 22 57 27 58 18 59 13 
5 4 0 21 1 20 2 26 3 14 8 16 22 17 20 18 16 19 14 24 19 25 27 26 21 27 22 44 4 29 5 25 6 27 7 29 12 26 13 28 14 22 15 30 16 10 17 17 18 29 19 14 20 30 21 29 22 11 23 19 24 28 25 27 26 24 27 23 32 15 33 18 34 17 35 26 36 19 37 21 38 26 39 15 40 15 41 20 42 13 43 21 44 29 45 16 46 27 47 13 48 16 49 20 50 28 51 25 52 18 53 11 54 17 55 12 36 8 23 9 26 10 16 11 27 12 18 13 20 14 18 15 14 16 29 17 29 18 25 19 28 20 19 21 18 22 12 23 30 24 25 25 27 26 28 27 27 28 10 29 21 30 17 31 27 36 12 37 29 38 28 39 27 44 29 45 25 46 15 47 10 48 25 49 16 50 22 51 25 4 56 14 57 20 58 29 59 24 
5 4 0 27 1 23 2 10 3 17 4 52 20 53 21 54 21 55 27 44 8 12 9 25 10 20 11 13 12 12 13 16 14 20 15 23 16 10 17 17 18 16 19 17 20 10 21 10 22 20 23 15 24 23 25 12 26 24 27 26 28 18 29 30 30 12 31 24 32 14 33 13 34 13 35 16 40 11 41 18 42 16 43 14 44 24 45 30 46 21 47 14 48 16 49 18 50 22 51 17 52 28 53 16 54 16 55 28 28 4 27 5 22 6 24 7 27 8 25 9 26 10 28 11 26 24 27 25 28 26 25 27 12 28 25 29 17 30 30 31 28 32 24 33 28 34 22 35 25 40 10 41 16 42 28 43 28 52 17 53 22 54 17 55 18 4 56 20 57 24 58 21 59 13 
5 4 0 13 1 19 2 27 3 29 16 4 19 5 16 6 28 7 12 8 27 9 14 10 19 11 23 20 15 21 29 22 26 23 26 44 27 45 23 46 29 47 13 40 4 28 5 10 6 30 7 15 8 16 9 21 10 24 11 28 16 30 17 20 18 20 19 28 20 24 21 21 22 22 23 23 24 20 25 24 26 17 27 22 32 15 33 20 34 10 35 12 36 15 37 29 38 21 39 10 44 12 45 30 46 23 47 10 48 16 49 28 50 27 51 10 52 12 53 10 54 24 55 25 20 8 19 9 24 10 10 11 23 16 26 17 10 18 15 19 25 20 28 21 28 22 17 23 21 32 28 33 15 34 19 35 28 40 26 41 25 42 19 43 19 4 56 22 57 24 58 13 59 29 
5 4 0 15 1 23 2 30 3 26 12 4 11 5 30 6 23 7 22 20 19 21 23 22 21 23 17 36 30 37 19 38 28 39 11 36 4 27 5 28 6 16 7 15 16 16 17 23 18 15 19 16 20 18 21 22 22 20 23 15 28 18 29 12 30 29 31 21 32 24 33 25 34 28 35 25 40 21 41 13 42 15 43 16 44 27 45 28 46 21 47 30 48 13 49 23 50 15 51 17 52 27 53 25 54 29 55 23 20 4 13 5 24 6 26 7 27 8 21 9 13 10 16 11 23 20 25 21 18 22 25 23 21 40 21 41 20 42 13 43 17 44 14 45 28 46 14 47 29 4 56 24 57 18 58 22 59 23 
5 4 0 21 1 26 2 21 3 14 32 8 14 9 18 10 19 11 15 12 12 13 18 14 10 15 25 20 26 21 29 22 30 23 15 28 29 29 27 30 23 31 17 32 18 33 24 34 21 35 22 40 29 41 28 42 20 43 17 48 26 49 15 50 18 51 28 52 21 53 26 54 21 55 27 44 4 27 5 22 6 24 7 17 8 22 9 15 10 15 11 28 12 18 13 18 14 13 15 13 16 26 17 20 18 18 19 11 24 20 25 24 26 27 27 26 28 28 29 20 30 23 31 19 32 20 33 19 34 19 35 21 36 26 37 28 38 12 39 13 40 27 41 25 42 17 43 11 44 13 45 20 46 19 47 10 52 25 53 23 54 21 55 19 36 4 14 5 13 6 22 7 14 8 30 9 15 10 25 11 29 16 18 17 12 18 26 19 12 24 13 25 27 26 29 27 13 32 16 33 27 34 18 35 10 36 29 37 18 38 27 39 23 40 30 41 12 42 24 43 24 44 18 45 26 46 18 47 26 48 29 49 30 50 25 51 15 4 56 10 57 10 58 11 59 14 
5 4 0 25 1 11 2 30 3 28 12 8 19 9 13 10 22 11 17 16 28 17 11 18 27 19 15 20 27 21 20 22 24 23 15 4 28 29 29 30 30 10 31 23 44 4 25 5 12 6 20 7 17 8 23 9 20 10 11 11 24 12 23 13 22 14 24 15 15 16 29 17 26 18 12 19 16 24 10 25 10 26 28 27 17 28 29 29 14 30 23 31 13 32 10 33 29 34 10 35 30 36 13 37 14 38 23 39 17 44 11 45 13 46 15 47 25 48 23 49 13 50 12 51 22 52 11 53 12 54 14 55 29 4 56 12 57 11 58 16 59 11 
5 4 0 17 1 16 2 18 3 11 4 20 30 21 23 22 30 23 15 16 20 22 21 19 22 18 23 23 32 26 33 24 34 24 35 16 40 21 41 13 42 13 43 20 52 25 53 26 54 14 55 27 28 4 30 5 21 6 18 7 16 12 29 13 18 14 30 15 23 20 24 21 14 22 26 23 28 28 28 29 11 30 21 31 22 32 11 33 19 34 12 35 11 36 17 37 27 38 25 39 23 44 29 45 30 46 13 47 10 4 56 26 57 13 58 30 59 27 
5 4 0 14 1 11 2 18 3 19 44 8 30 9 22 10 23 11 22 12 24 13 14 14 17 15 20 16 18 17 27 18 20 19 24 20 13 21 30 22 25 23 29 28 25 29 15 30 16 31 14 32 18 33 16 34 17 35 29 36 18 37 11 38 13 39 18 40 26 41 15 42 19 43 12 44 11 45 28 46 17 47 11 48 16 49 16 50 24 51 13 52 19 53 14 54 17 55 21 52 4 15 5 15 6 26 7 11 8 28 9 29 10 18 11 26 12 11 13 12 14 24 15 16 16 15 17 20 18 16 19 24 20 19 21 10 22 17 23 20 24 30 25 15 26 20 27 30 28 15 29 23 30 14 31 29 32 23 33 26 34 29 35 20 36 19 37 16 38 19 39 16 40 10 41 10 42 26 43 29 44 23 45 29 46 19 47 16 48 11 49 24 50 17 51 17 52 15 53 25 54 13 55 24 52 4 13 5 17 6 22 7 27 8 17 9 19 10 19 11 28 12 29 13 29 14 28 15 21 16 28 17 17 18 16 19 26 20 11 21 14 22 26 23 24 24 21 25 26 26 28 27 26 28 25 29 23 30 19 31 10 32 18 33 12 34 23 35 20 36 18 37 30 38 18 39 18 40 11 41 30 42 14 43 29 44 29 45 14 46 17 47 23 48 11 49 19 50 26 51 26 52 15 53 12 54 23 55 10 4 56 30 57 23 58 13 59 12 
5 4 0 16 1 30 2 11 3 11 24 8 10 9 14 10 24 11 12 24 27 25 12 26 12 27 13 28 20 29 12 30 26 31 30 40 17 41 18 42 25 43 12 44 23 45 21 46 13 47 13 48 14 49 28 50 17 51 15 44 4 23 5 21 6 18 7 23 8 12 9 27 10 26 11 12 12 10 13 18 14 22 15 26 20 23 21 20 22 23 23 19 24 17 25 22 26 14 27 10 28 13 29 29 30 20 31 27 36 18 37 21 38 20 39 11 40 13 41 28 42 22 43 14 44 12 45 30 46 30 47 24 48 12 49 27 50 28 51 25 52 19 53 18 54 18 55 17 36 4 20 5 27 6 14 7 20 8 23 9 24 10 25 11 26 16 21 17 28 18 26 19 16 24 16 25 30 26 10 27 22 32 10 33 13 34 30 35 15 36 17 37 17 38 23 39 26 40 12 41 28 42 20 43 14 44 13 45 30 46 29 47 20 52 15 53 27 54 29 55 27 4 56 21 57 25 58 20 59 15 
5 4 0 29 1 19 2 10 3 10 4 4 27 5 29 6 10 7 24 12 4 25 5 21 6 10 7 11 8 11 9 24 10 23 11 20 44 13 45 14 46 26 47 14 8 8 13 9 10 10 12 11 22 12 20 13 19 14 10 15 10 4 56 22 57 24 58 23 59 29 
5 4 0 19 1 19 2 20 3 25 8 8 11 9 24 10 19 11 10 24 11 25 15 26 19 27 14 4 40 29 41 27 42 20 43 24 24 4 17 5 16 6 25 7 20 8 30 9 15 10 20 11 18 24 24 25 26 26 24 27 14 28 25 29 15 30 27 31 22 32 11 33 23 34 30 35 27 44 19 45 18 46 22 47 30 4 56 19 57 18 58 11 59 23 
5 4 0 14 1 24 2 25 3 17 16 8 15 9 20 10 29 11 16 12 22 13 29 14 24 15 12 16 12 17 29 18 12 19 28 44 30 45 17 46 11 47 22 40 4 11 5 30 6 27 7 24 8 24 9 28 10 18 11 23 12 21 13 13 14 16 15 17 16 20 17 27 18 14 19 12 20 25 21 27 22 30 23 20 28 19 29 28 30 11 31 16 36 10 37 27 38 17 39 28 44 11 45 11 46 13 47 26 48 16 49 25 50 24 51 11 52 22 53 12 54 10 55 28 28 4 28 5 18 6 22 7 19 8 30 9 28 10 13 11 30 16 25 17 22 18 19 19 20 20 16 21 16 22 29 23 28 44 20 45 14 46 14 47 19 48 27 49 23 50 12 51 24 52 24 53 21 54 29 55 22 4 56 10 57 28 58 21 59 29 
5 4 0 21 1 16 2 26 3 30 24 4 16 5 28 6 17 7 23 8 23 9 24 10 22 11 27 20 13 21 14 22 13 23 15 36 23 37 25 38 12 39 12 40 30 41 22 42 23 43 12 48 16 49 27 50 17 51 24 44 4 21 5 27 6 23 7 29 8 24 9 18 10 21 11 24 12 13 13 18 14 21 15 14 16 14 17 29 18 13 19 23 20 11 21 17 22 21 23 10 28 10 29 27 30 13 31 14 32 18 33 16 34 14 35 10 36 16 37 13 38 18 39 29 44 25 45 14 46 20 47 30 48 21 49 21 50 24 51 16 52 29 53 23 54 26 55 12 28 4 16 5 26 6 23 7 22 24 23 25 29 26 10 27 21 28 24 29 23 30 19 31 16 32 19 33 11 34 15 35 11 40 22 41 28 42 16 43 20 48 22 49 11 50 29 51 23 52 13 53 22 54 19 55 10 4 56 25 57 21 58 23 59 16 
5 4 0 26 1 17 2 16 3 21 28 8 20 9 30 10 13 11 27 12 20 13 12 14 21 15 22 20 10 21 14 22 14 23 23 24 16 25 13 26 30 27 19 32 13 33 23 34 21 35 27 48 11 49 24 50 19 51 30 52 26 53 21 54 30 55 21 12 4 27 5 29 6 12 7 12 36 27 37 23 38 22 39 20 40 20 41 26 42 10 43 27 40 4 14 5 15 6 15 7 13 12 20 13 18 14 17 15 28 16 26 17 18 18 24 19 22 20 11 21 28 22 23 23 19 32 25 33 29 34 16 35 28 36 10 37 23 38 16 39 10 40 17 41 17 42 17 43 29 44 11 45 12 46 18 47 24 48 14 49 16 50 19 51 27 52 30 53 20 54 15 55 25 4 56 16 57 11 58 27 59 20 
5 4 0 15 1 22 2 26 3 28 24 4 13 5 11 6 12 7 14 16 30 17 22 18 29 19 27 20 14 21 15 22 28 23 11 28 10 29 20 30 19 31 30 32 10 33 22 34 25 35 16 44 17 45 13 46 22 47 11 40 4 17 5 19 6 25 7 18 12 25 13 15 14 24 15 10 16 30 17 29 18 27 19 28 20 19 21 21 22 21 23 22 24 29 25 10 26 14 27 13 32 19 33 26 34 16 35 30 40 20 41 10 42 14 43 13 44 25 45 18 46 19 47 10 48 28 49 12 50 24 51 15 52 19 53 20 54 19 55 15 4 28 25 29 11 30 30 31 30 4 56 19 57 11 58 29 59 29 
5 4 0 25 1 14 2 23 3 16 20 8 23 9 14 10 16 11 22 12 20 13 12 14 11 15 11 16 17 17 16 18 22 19 25 28 13 29 17 30 13 31 26 48 23 49 21 50 25 51 24 16 20 14 21 23 22 20 23 10 24 29 25 18 26 13 27 30 32 29 33 13 34 19 35 14 48 10 49 25 50 24 51 29 48 8 19 9 29 10 18 11 15 12 13 13 18 14 17 15 19 16 25 17 26 18 22 19 18 20 26 21 10 22 20 23 19 24 23 25 11 26 17 27 26 28 19 29 29 30 10 31 30 32 18 33 23 34 24 35 20 36 15 37 13 38 23 39 25 40 17 41 13 42 12 43 13 44 30 45 19 46 18 47 20 48 18 49 10 50 29 51 22 52 25 53 14 54 13 55 28 4 56 28 57 29 58 12 59 13 
5 4 0 18 1 12 2 29 3 13 40 4 17 5 10 6 30 7 28 8 15 9 19 10 11 11 18 12 10 13 18 14 12 15 12 16 30 17 23 18 17 19 27 20 20 21 26 22 18 23 26 28 22 29 24 30 30 31 26 36 19 37 19 38 19 39 30 44 25 45 16 46 23 47 14 48 20 49 27 50 25 51 13 52 21 53 25 54 18 55 18 36 4 13 5 22 6 18 7 28 8 20 9 23 10 21 11 17 12 24 13 19 14 21 15 24 20 19 21 17 22 29 23 25 24 16 25 17 26 16 27 23 28 19 29 26 30 27 31 28 40 27 41 23 42 25 43 18 48 10 49 23 50 27 51 23 52 19 53 16 54 23 55 21 40 4 24 5 27 6 26 7 10 8 13 9 12 10 25 11 22 12 13 13 17 14 13 15 28 16 19 17 16 18 13 19 26 28 29 29 11 30 23 31 10 32 11 33 13 34 10 35 14 36 21 37 27 38 15 39 21 40 17 41 30 42 16 43 14 44 22 45 25 46 13 47 21 48 22 49 13 50 17 51 18 4 56 30 57 17 58 22 59 23 
5 4 0 15 1 28 2 14 3 11 40 4 26 5 15 6 26 7 21 12 23 13 24 14 11 15 17 16 17 17 28 18 13 19 30 24 15 25 10 26 25 27 18 28 18 29 18 30 10 31 12 32 18 33 27 34 15 35 24 36 21 37 22 38 17 39 18 40 15 41 10 42 28 43 30 48 18 49 28 50 10 51 26 52 20 53 19 54 19 55 24 24 8 26 9 16 10 21 11 24 12 26 13 24 14 21 15 16 20 14 21 13 22 15 23 22 36 12 37 22 38 10 39 13 40 13 41 28 42 18 43 25 44 20 45 16 46 22 47 23 16 4 12 5 26 6 18 7 18 32 17 33 23 34 19 35 23 40 23 41 20 42 24 43 22 48 12 49 26 50 10 51 20 4 56 24 57 29 58 27 59 16 
5 4 0 12 1 13 2 13 3 19 28 8 22 9 25 10 16 11 17 24 18 25 22 26 17 27 20 28 24 29 22 30 25 31 15 32 29 33 21 34 16 35 28 40 29 41 29 42 20 43 22 44 18 45 30 46 18 47 20 48 29 49 20 50 20 51 29 36 8 26 9 15 10 18 11 12 20 13 21 16 22 12 23 29 24 24 25 13 26 14 27 16 28 14 29 17 30 16 31 12 32 14 33 27 34 10 35 16 36 22 37 18 38 27 39 20 44 12 45 27 46 27 47 17 48 23 49 30 50 27 51 19 52 28 53 30 54 11 55 15 36 8 29 9 18 10 29 11 21 16 20 17 13 18 28 19 19 20 27 21 25 22 26 23 12 28 23 29 16 30 18 31 27 32 27 33 15 34 29 35 26 36 13 37 21 38 17 39 13 44 15 45 10 46 11 47 20 48 10 49 26 50 10 51 27 52 23 53 24 54 17 55 12 4 56 22 57 29 58 20 59 19 
5 4 0 21 1 10 2 15 3 16 40 4 27 5 12 6 11 7 13 8 10 9 18 10 26 11 20 12 19 13 24 14 21 15 23 16 29 17 14 18 14 19 13 32 25 33 13 34 12 35 26 36 28 37 30 38 18 39 16 40 13 41 13 42 21 43 21 44 29 45 17 46 30 47 30 48 30 49 12 50 19 51 20 52 13 53 21 54 19 55 28 20 8 13 9 14 10 19 11 15 28 18 29 23 30 22 31 12 36 13 37 22 38 26 39 12 44 30 45 13 46 25 47 29 48 17 49 11 50 30 51 23 16 16 15 17 16 18 24 19 25 20 22 21 19 22 21 23 30 32 30 33 24 34 29 35 23 40 13 41 11 42 11 43 26 4 56 29 57 19 58 27 59 15 
5 4 0 13 1 28 2 30 3 14 12 20 20 21 27 22 13 23 24 24 13 25 14 26 10 27 22 36 27 37 17 38 22 39 17 20 8 12 9 22 10 14 11 16 16 29 17 20 18 13 19 10 20 22 21 24 22 14 23 22 24 16 25 21 26 24 27 24 40 16 41 13 42 15 43 15 48 4 13 5 14 6 28 7 14 8 22 9 16 10 24 11 26 12 12 13 18 14 20 15 14 16 22 17 29 18 22 19 18 24 13 25 25 26 11 27 24 28 15 29 15 30 13 31 18 32 27 33 28 34 21 35 25 36 30 37 30 38 10 39 24 40 29 41 12 42 10 43 24 44 19 45 19 46 27 47 15 48 25 49 30 50 21 51 26 52 25 53 19 54 12 55 17 4 56 19 57 27 58 18 59 27 
5 4 0 23 1 12 2 26 3 30 44 4 10 5 15 6 26 7 17 12 10 13 26 14 23 15 24 20 22 21 15 22 21 23 30 24 13 25 20 26 21 27 14 28 26 29 26 30 27 31 17 32 15 33 28 34 21 35 11 36 19 37 29 38 24 39 24 40 13 41 12 42 27 43 23 44 12 45 12 46 26 47 25 48 27 49 30 50 22 51 26 52 11 53 11 54 26 55 19 4 32 16 33 25 34 30 35 12 48 4 23 5 29 6 26 7 19 8 13 9 16 10 18 11 16 12 11 13 22 14 20 15 28 16 12 17 26 18 15 19 12 20 24 21 27 22 10 23 15 24 24 25 17 26 30 27 12 28 21 29 27 30 17 31 20 36 23 37 26 38 18 39 30 40 29 41 16 42 28 43 28 44 23 45 19 46 18 47 12 48 10 49 15 50 18 51 11 52 26 53 19 54 27 55 19 4 56 11 57 20 58 29 59 28 
5 4 0 16 1 12 2 24 3 19 48 4 13 5 15 6 27 7 28 8 24 9 14 10 11 11 29 12 24 13 20 14 28 15 30 16 28 17 12 18 26 19 10 24 11 25 15 26 26 27 17 28 25 29 14 30 11 31 28 32 24 33 13 34 11 35 10 36 25 37 29 38 20 39 24 40 17 41 15 42 26 43 26 44 11 45 19 46 19 47 21 48 30 49 10 50 13 51 14 52 20 53 11 54 29 55 14 32 4 30 5 18 6 29 7 22 8 28 9 23 10 26 11 19 16 13 17 16 18 23 19 26 20 26 21 12 22 15 23 16 32 25 33 12 34 12 35 17 36 25 37 27 38 10 39 22 44 27 45 25 46 19 47 23 52 18 53 16 54 14 55 22 44 4 28 5 23 6 15 7 28 8 14 9 10 10 30 11 13 12 13 13 24 14 15 15 18 16 22 17 19 18 24 19 26 20 22 21 14 22 30 23 12 28 15 29 22 30 17 31 10 36 25 37 21 38 14 39 16 40 22 41 11 42 28 43 13 44 23 45 11 46 24 47 24 48 23 49 16 50 19 51 28 52 16 53 27 54 20 55 14 4 56 28 57 16 58 13 59 18 
5 4 0 23 1 19 2 18 3 15 8 16 11 17 28 18 22 19 17 32 17 33 13 34 16 35 17 40 4 18 5 25 6 21 7 28 8 23 9 12 10 29 11 19 12 23 13 16 14 19 15 15 16 19 17 26 18 27 19 29 20 30 21 24 22 13 23 15 28 19 29 13 30 25 31 22 32 15 33 30 34 19 35 25 36 17 37 24 38 12 39 14 44 15 45 22 46 25 47 15 52 24 53 20 54 12 55 22 44 4 12 5 22 6 21 7 22 12 22 13 19 14 24 15 25 16 30 17 22 18 23 19 26 20 14 21 10 22 17 23 14 24 27 25 18 26 19 27 18 28 29 29 27 30 18 31 25 32 16 33 26 34 11 35 16 36 15 37 26 38 30 39 17 40 11 41 28 42 29 43 23 48 20 49 23 50 29 51 13 52 23 53 15 54 16 55 24 4 56 10 57 11 58 18 59 19 
5 4 0 18 1 14 2 28 3 10 40 4 15 5 19 6 25 7 10 8 25 9 16 10 26 11 26 12 30 13 22 14 13 15 25 20 11 21 26 22 19 23 20 24 25 25 22 26 11 27 13 32 30 33 19 34 24 35 19 36 11 37 11 38 22 39 18 40 25 41 10 42 21 43 21 44 17 45 30 46 19 47 10 48 20 49 10 50 15 51 29 48 4 21 5 24 6 18 7 27 8 17 9 21 10 27 11 17 12 11 13 22 14 17 15 12 16 28 17 18 18 22 19 20 20 24 21 19 22 17 23 25 24 15 25 16 26 26 27 17 28 24 29 17 30 11 31 30 32 14 33 20 34 14 35 14 36 20 37 28 38 12 39 12 44 27 45 14 46 26 47 27 48 30 49 13 50 26 51 20 52 13 53 15 54 20 55 16 48 4 26 5 12 6 10 7 12 8 14 9 19 10 14 11 29 16 30 17 27 18 15 19 17 20 12 21 30 22 16 23 13 24 10 25 30 26 18 27 24 28 21 29 22 30 11 31 16 32 22 33 30 34 26 35 10 36 19 37 15 38 23 39 27 40 24 41 10 42 27 43 21 44 23 45 24 46 18 47 13 48 12 49 10 50 24 51 14 52 28 53 11 54 17 55 14 4 56 22 57 26 58 18 59 18 
5 4 0 23 1 19 2 16 3 14 40 4 29 5 18 6 11 7 30 8 22 9 23 10 16 11 28 12 11 13 23 14 11 15 22 16 23 17 25 18 27 19 27 20 27 21 27 22 11 23 26 24 27 25 12 26 30 27 17 28 16 29 30 30 18 31 10 32 25 33 17 34 12 35 29 48 20 49 11 50 20 51 26 52 28 53 30 54 19 55 25 36 8 13 9 20 10 16 11 18 12 10 13 23 14 11 15 10 16 25 17 13 18 18 19 14 20 20 21 10 22 29 23 23 24 20 25 22 26 23 27 20 36 27 37 25 38 13 39 15 44 22 45 10 46 19 47 13 48 18 49 26 50 16 51 25 52 22 53 25 54 20 55 22 16 20 26 21 24 22 30 23 22 36 18 37 18 38 26 39 25 44 24 45 16 46 18 47 21 48 13 49 17 50 26 51 24 4 56 28 57 27 58 12 59 11 
5 4 0 20 1 17 2 18 3 13 32 4 22 5 13 6 13 7 28 8 17 9 21 10 21 11 16 20 18 21 20 22 24 23 14 24 22 25 17 26 24 27 17 28 17 29 12 30 25 31 28 44 16 45 10 46 21 47 17 48 16 49 21 50 29 51 15 52 22 53 20 54 22 55 24 32 4 21 5 26 6 21 7 13 12 15 13 29 14 28 15 19 28 23 29 17 30 21 31 15 36 14 37 28 38 20 39 10 40 14 41 22 42 20 43 14 44 20 45 12 46 19 47 11 48 26 49 18 50 28 51 26 52 15 53 25 54 12 55 30 4 52 11 53 14 54 10 55 29 4 56 13 57 14 58 25 59 22 
5 4 0 22 1 14 2 19 3 30 32 8 24 9 29 10 13 11 24 12 30 13 26 14 19 15 30 16 20 17 14 18 15 19 19 24 15 25 20 26 19 27 16 36 16 37 28 38 30 39 12 40 24 41 19 42 20 43 19 44 30 45 28 46 14 47 27 52 17 53 14 54 12 55 10 8 40 21 41 10 42 13 43 21 48 28 49 27 50 11 51 25 4 4 14 5 22 6 17 7 23 4 56 19 57 27 58 12 59 12 
5 4 0 30 1 20 2 30 3 18 24 12 13 13 17 14 16 15 11 20 20 21 12 22 20 23 11 24 25 25 27 26 15 27 17 28 22 29 16 30 10 31 22 44 12 45 26 46 21 47 15 48 15 49 19 50 10 51 15 40 8 30 9 13 10 21 11 20 16 11 17 12 18 15 19 23 20 15 21 14 22 14 23 24 28 20 29 24 30 22 31 20 32 21 33 21 34 15 35 10 36 11 37 27 38 17 39 14 40 16 41 19 42 19 43 13 44 10 45 23 46 22 47 14 48 19 49 25 50 16 51 12 52 20 53 19 54 17 55 10 24 4 27 5 23 6 11 7 19 12 22 13 26 14 27 15 15 24 26 25 18 26 26 27 10 40 19 41 14 42 14 43 20 44 27 45 16 46 28 47 18 48 22 49 12 50 22 51 18 4 56 27 57 18 58 14 59 26 
5 4 0 29 1 12 2 16 3 18 16 4 16 5 21 6 11 7 26 28 29 29 16 30 22 31 14 36 23 37 16 38 30 39 26 48 26 49 28 50 11 51 28 16 8 20 9 28 10 27 11 10 16 10 17 10 18 21 19 10 24 11 25 17 26 20 27 17 32 25 33 21 34 20 35 29 36 8 22 9 20 10 25 11 24 12 23 13 21 14 12 15 20 16 27 17 21 18 10 19 26 20 12 21 25 22 11 23 28 24 15 25 29 26 21 27 10 28 26 29 14 30 27 31 14 32 14 33 22 34 20 35 29 40 22 41 16 42 13 43 28 48 19 49 16 50 10 51 15 4 56 30 57 20 58 17 59 26 
5 4 0 27 1 15 2 30 3 27 24 8 21 9 22 10 19 11 29 12 24 13 28 14 16 15 25 20 22 21 25 22 19 23 21 28 12 29 28 30 12 31 24 44 19 45 17 46 10 47 10 52 22 53 13 54 27 55 20 36 16 24 17 29 18 22 19 28 20 30 21 16 22 29 23 24 24 17 25 29 26 14 27 23 28 28 29 15 30 30 31 19 32 12 33 23 34 30 35 20 36 29 37 24 38 14 39 25 40 15 41 15 42 26 43 11 44 12 45 22 46 22 47 24 52 29 53 23 54 26 55 28 16 12 18 13 17 14 21 15 23 16 21 17 24 18 14 19 22 20 18 21 12 22 22 23 26 44 12 45 30 46 29 47 11 4 56 28 57 11 58 27 59 11 
5 4 0 10 1 16 2 20 3 24 20 4 27 5 13 6 30 7 15 12 16 13 26 14 27 15 15 16 25 17 10 18 16 19 11 36 29 37 28 38 29 39 18 52 15 53 22 54 27 55 24 48 4 29 5 18 6 13 7 12 8 30 9 14 10 29 11 14 12 21 13 30 14 28 15 19 20 20 21 20 22 26 23 28 24 27 25 30 26 17 27 23 28 26 29 11 30 25 31 26 32 14 33 30 34 24 35 14 36 25 37 14 38 18 39 20 40 26 41 26 42 28 43 11 44 15 45 11 46 23 47 22 48 21 49 23 50 22 51 21 52 16 53 17 54 21 55 29 20 16 16 17 28 18 22 19 21 32 18 33 28 34 15 35 29 40 11 41 19 42 10 43 19 44 11 45 25 46 15 47 23 52 10 53 18 54 17 55 16 4 56 24 57 12 58 10 59 30 
5 4 0 21 1 19 2 25 3 22 12 16 14 17 29 18 14 19 16 28 13 29 12 30 16 31 24 44 11 45 10 46 27 47 30 44 4 28 5 17 6 16 7 28 12 23 13 30 14 29 15 27 16 13 17 16 18 14 19 20 24 13 25 27 26 21 27 12 28 25 29 15 30 26 31 23 32 30 33 28 34 12 35 17 36 27 37 17 38 16 39 24 40 21 41 29 42 16 43 17 44 24 45 18 46 28 47 19 48 26 49 30 50 26 51 28 52 28 53 11 54 11 55 16 24 4 10 5 18 6 18 7 14 8 19 9 15 10 22 11 27 12 11 13 27 14 23 15 14 16 14 17 10 18 26 19 15 20 15 21 10 22 21 23 12 24 13 25 29 26 23 27 10 4 56 15 57 13 58 15 59 21 
5 4 0 25 1 13 2 20 3 14 16 8 22 9 15 10 21 11 22 40 30 41 10 42 24 43 12 44 24 45 15 46 25 47 22 48 25 49 22 50 27 51 23 20 4 23 5 20 6 17 7 24 8 22 9 13 10 13 11 14 32 13 33 18 34 29 35 30 36 15 37 20 38 22 39 28 40 16 41 11 42 30 43 28 36 4 22 5 17 6 28 7 24 8 29 9 11 10 25 11 14 12 18 13 26 14 19 15 25 16 25 17 27 18 18 19 28 20 17 21 27 22 13 23 10 24 28 25 13 26 22 27 19 36 25 37 16 38 24 39 16 48 16 49 22 50 14 51 27 52 16 53 29 54 22 55 28 4 56 16 57 16 58 14 59 25 
5 4 0 26 1 23 2 10 3 18 12 16 22 17 28 18 30 19 10 32 18 33 28 34 11 35 12 40 10 41 22 42 30 43 28 20 8 10 9 16 10 11 11 24 28 20 29 14 30 21 31 10 32 27 33 30 34 23 35 29 40 28 41 15 42 10 43 25 44 30 45 27 46 19 47 28 16 4 10 5 10 6 25 7 20 8 13 9 27 10 22 11 13 28 15 29 17 30 16 31 20 44 24 45 16 46 18 47 12 4 56 12 57 15 58 18 59 29 
5 4 0 17 1 26 2 18 3 13 20 12 18 13 15 14 21 15 12 20 12 21 25 22 19 23 24 40 26 41 13 42 12 43 14 44 19 45 10 46 20 47 28 48 25 49 13 50 24 51 22 20 8 10 9 15 10 22 11 22 12 18 13 20 14 10 15 12 28 15 29 16 30 23 31 18 32 12 33 22 34 25 35 23 52 18 53 28 54 28 55 26 20 4 25 5 30 6 30 7 19 8 18 9 12 10 19 11 29 12 15 13 15 14 19 15 13 20 14 21 21 22 22 23 26 36 27 37 27 38 28 39 13 4 56 13 57 22 58 10 59 20 
5 4 0 19 1 14 2 12 3 22 12 16 19 17 15 18 25 19 16 40 21 41 14 42 25 43 13 44 29 45 22 46 13 47 18 32 4 19 5 28 6 24 7 13 12 11 13 21 14 15 15 29 20 14 21 29 22 11 23 30 28 11 29 14 30 11 31 26 36 20 37 19 38 16 39 27 40 27 41 13 42 26 43 15 44 10 45 25 46 18 47 10 52 16 53 24 54 13 55 10 36 8 22 9 23 10 30 11 18 16 10 17 22 18 27 19 10 24 29 25 30 26 11 27 29 28 26 29 28 30 22 31 10 36 19 37 24 38 12 39 13 40 24 41 21 42 28 43 10 44 22 45 21 46 22 47 20 48 16 49 15 50 18 51 24 52 18 53 20 54 20 55 15 4 56 17 57 25 58 17 59 26 
5 4 0 24 1 22 2 20 3 11 48 4 27 5 29 6 23 7 24 8 25 9 11 10 15 11 18 16 26 17 14 18 16 19 12 20 14 21 26 22 30 23 24 24 23 25 10 26 14 27 27 28 28 29 27 30 18 31 18 32 18 33 14 34 28 35 27 36 28 37 24 38 22 39 30 40 30 41 22 42 12 43 20 44 14 45 11 46 23 47 16 48 11 49 16 50 29 51 11 52 30 53 20 54 15 55 13 40 4 13 5 10 6 27 7 10 12 23 13 21 14 13 15 28 16 17 17 27 18 27 19 16 20 25 21 17 22 21 23 18 32 16 33 28 34 17 35 16 36 22 37 14 38 19 39 13 40 29 41 17 42 19 43 20 44 29 45 19 46 29 47 13 48 12 49 24 50 18 51 27 52 18 53 15 54 16 55 29 52 4 11 5 14 6 24 7 20 8 22 9 18 10 11 11 28 12 13 13 24 14 17 15 28 16 23 17 19 18 23 19 19 20 25 21 29 22 19 23 29 24 15 25 10 26 11 27 14 28 29 29 22 30 15 31 19 32 27 33 20 34 11 35 27 36 29 37 28 38 15 39 28 40 10 41 12 42 17 43 19 44 28 45 29 46 22 47 19 48 29 49 16 50 30 51 23 52 24 53 13 54 25 55 29 4 56 28 57 25 58 25 59 27 
5 4 0 19 1 23 2 12 3 25 36 8 16 9 30 10 10 11 21 16 23 17 29 18 17 19 15 20 26 21 29 22 20 23 22 28 11 29 12 30 10 31 20 32 25 33 10 34 25 35 23 36 28 37 10 38 29 39 29 40 24 41 15 42 10 43 12 44 10 45 26 46 26 47 22 52 21 53 17 54 24 55 29 32 8 24 9 14 10 23 11 25 12 20 13 13 14 28 15 14 20 13 21 10 22 15 23 20 24 25 25 30 26 21 27 23 28 14 29 14 30 10 31 26 36 21 37 20 38 14 39 25 40 18 41 14 42 24 43 10 48 16 49 18 50 20 51 20 32 4 14 5 27 6 23 7 20 8 21 9 13 10 18 11 19 12 16 13 12 14 30 15 24 16 17 17 16 18 21 19 27 32 13 33 23 34 18 35 28 36 30 37 10 38 14 39 25 44 13 45 20 46 23 47 28 48 20 49 17 50 26 51 30 4 56 13 57 24 58 22 59 19 
5 4 0 28 1 16 2 18 3 28 32 4 16 5 19 6 19 7 28 12 17 13 15 14 10 15 27 16 24 17 26 18 11 19 10 20 17 21 29 22 22 23 29 28 25 29 10 30 18 31 12 32 30 33 12 34 16 35 24 40 28 41 18 42 11 43 30 48 20 49 26 50 29 51 14 32 4 30 5 20 6 27 7 10 8 29 9 21 10 24 11 18 20 16 21 30 22 18 23 23 28 25 29 19 30 10 31 17 36 12 37 12 38 28 39 12 40 24 41 16 42 28 43 28 44 12 45 20 46 28 47 10 48 17 49 18 50 18 51 30 8 4 26 5 22 6 28 7 20 12 14 13 25 14 20 15 11 4 56 12 57 19 58 20 59 25 
5 4 0 15 1 18 2 28 3 26 12 24 11 25 30 26 12 27 30 32 13 33 27 34 27 35 17 40 19 41 29 42 18 43 10 12 8 12 9 22 10 20 11 22 44 17 45 19 46 25 47 13 48 25 49 17 50 21 51 18 36 4 22 5 29 6 14 7 26 16 13 17 16 18 15 19 23 20 21 21 20 22 20 23 15 28 17 29 17 30 21 31 23 32 13 33 21 34 22 35 30 36 25 37 18 38 16 39 13 40 20 41 26 42 27 43 10 44 23 45 24 46 21 47 11 52 10 53 11 54 12 55 23 4 56 27 57 12 58 30 59 29 
5 4 0 10 1 25 2 12 3 30 52 4 24 5 23 6 13 7 10 8 22 9 16 10 17 11 10 12 15 13 16 14 10 15 27 16 22 17 24 18 27 19 24 20 29 21 21 22 25 23 22 24 12 25 21 26 15 27 23 28 14 29 23 30 25 31 25 32 23 33 16 34 26 35 16 36 10 37 15 38 13 39 24 40 18 41 24 42 17 43 17 44 22 45 21 46 21 47 15 48 14 49 12 50 10 51 22 52 27 53 16 54 26 55 28 36 4 19 5 22 6 12 7 27 12 21 13 27 14 28 15 26 16 12 17 10 18 18 19 26 20 15 21 15 22 18 23 21 28 16 29 17 30 21 31 28 36 28 37 23 38 23 39 22 40 19 41 24 42 25 43 16 44 18 45 19 46 18 47 12 52 22 53 30 54 29 55 24 40 4 29 5 26 6 27 7 17 12 13 13 17 14 16 15 15 16 19 17 22 18 14 19 21 20 22 21 27 22 10 23 14 24 20 25 16 26 12 27 17 36 17 37 18 38 18 39 16 40 19 41 24 42 27 43 15 44 28 45 12 46 12 47 15 48 28 49 18 50 13 51 15 52 20 53 14 54 30 55 22 4 56 26 57 11 58 26 59 13 
5 4 0 17 1 15 2 23 3 25 32 12 26 13 23 14 26 15 18 16 12 17 10 18 10 19 11 20 15 21 23 22 18 23 23 32 16 33 15 34 27 35 28 36 29 37 26 38 28 39 29 40 27 41 17 42 16 43 29 44 29 45 13 46 13 47 16 52 27 53 20 54 26 55 17 40 8 29 9 20 10 12 11 10 16 24 17 12 18 28 19 15 20 24 21 16 22 18 23 11 24 27 25 22 26 10 27 22 28 22 29 28 30 27 31 19 32 20 33 30 34 26 35 22 36 30 37 23 38 26 39 25 44 14 45 10 46 23 47 21 48 17 49 23 50 21 51 21 52 20 53 17 54 24 55 28 36 4 28 5 15 6 25 7 18 8 16 9 15 10 22 11 27 12 30 13 26 14 11 15 28 20 18 21 29 22 19 23 12 24 16 25 18 26 23 27 11 40 20 41 28 42 10 43 18 44 20 45 17 46 25 47 22 48 29 49 26 50 20 51 30 52 15 53 11 54 29 55 11 4 56 24 57 20 58 27 59 17 
5 4 0 10 1 21 2 28 3 23 44 4 20 5 14 6 12 7 26 12 24 13 25 14 22 15 21 16 14 17 21 18 17 19 19 20 12 21 18 22 12 23 27 24 24 25 19 26 17 27 26 32 29 33 24 34 24 35 19 36 17 37 29 38 19 39 27 40 27 41 23 42 15 43 25 44 18 45 16 46 15 47 17 48 24 49 13 50 13 51 24 52 26 53 27 54 28 55 28 40 4 28 5 29 6 13 7 24 12 29 13 27 14 17 15 16 16 27 17 17 18 23 19 16 24 16 25 18 26 28 27 21 28 28 29 20 30 25 31 25 32 27 33 23 34 15 35 21 36 24 37 16 38 20 39 29 40 15 41 10 42 21 43 28 44 29 45 21 46 29 47 15 52 19 53 23 54 20 55 26 12 16 24 17 10 18 14 19 16 24 19 25 22 26 16 27 10 44 18 45 25 46 26 47 23 4 56 30 57 28 58 10 59 17 
5 4 0 19 1 24 2 20 3 10 44 4 18 5 24 6 27 7 27 8 21 9 27 10 20 11 21 16 11 17 25 18 22 19 13 24 28 25 20 26 18 27 12 28 21 29 11 30 24 31 12 32 25 33 29 34 21 35 26 36 14 37 29 38 27 39 21 40 28 41 18 42 28 43 25 44 20 45 30 46 27 47 11 48 12 49 22 50 27 51 10 52 24 53 27 54 20 55 11 52 4 20 5 26 6 30 7 22 8 15 9 14 10 25 11 14 12 10 13 29 14 25 15 10 16 11 17 20 18 12 19 24 20 25 21 11 22 16 23 27 24 10 25 30 26 21 27 22 28 22 29 30 30 26 31 19 32 15 33 28 34 29 35 21 36 26 37 14 38 20 39 12 40 17 41 10 42 22 43 20 44 11 45 21 46 30 47 17 48 27 49 17 50 21 51 27 52 25 53 21 54 12 55 25 40 4 24 5 25 6 11 7 20 8 13 9 13 10 19 11 26 12 28 13 19 14 14 15 19 20 29 21 27 22 14 23 27 24 13 25 23 26 21 27 19 28 29 29 20 30 24 31 15 36 24 37 30 38 22 39 12 40 24 41 28 42 20 43 15 48 21 49 21 50 16 51 22 52 13 53 10 54 21 55 26 4 56 29 57 13 58 11 59 21 
5 4 0 26 1 29 2 20 3 25 32 12 30 13 18 14 23 15 17 16 18 17 25 18 17 19 24 24 24 25 23 26 18 27 23 28 25 29 10 30 22 31 20 36 23 37 15 38 20 39 17 44 18 45 12 46 15 47 14 48 23 49 25 50 10 51 23 52 19 53 30 54 29 55 25 40 8 15 9 23 10 22 11 25 12 15 13 20 14 30 15 10 16 24 17 16 18 15 19 29 20 25 21 18 22 16 23 11 24 28 25 20 26 16 27 29 28 21 29 13 30 13 31 26 32 30 33 23 34 12 35 20 36 12 37 15 38 30 39 27 44 27 45 30 46 12 47 30 48 16 49 22 50 25 51 13 44 4 18 5 18 6 27 7 11 12 10 13 12 14 17 15 26 16 11 17 10 18 26 19 18 20 29 21 24 22 11 23 23 28 13 29 25 30 12 31 24 32 11 33 18 34 14 35 11 36 11 37 16 38 21 39 11 40 11 41 11 42 22 43 16 44 19 45 27 46 11 47 11 48 29 49 26 50 26 51 25 52 21 53 21 54 12 55 25 4 56 23 57 11 58 10 59 15 
5 4 0 12 1 23 2 18 3 14 8 48 18 49 29 50 16 51 27 52 18 53 16 54 24 55 28 16 16 21 17 26 18 29 19 29 20 25 21 12 22 26 23 10 24 23 25 26 26 21 27 21 44 24 45 14 46 27 47 18 36 12 28 13 13 14 19 15 24 20 10 21 13 22 13 23 16 24 10 25 21 26 14 27 27 28 13 29 10 30 15 31 17 32 18 33 17 34 19 35 28 36 22 37 30 38 25 39 16 40 22 41 14 42 27 43 12 48 21 49 20 50 14 51 23 52 23 53 14 54 28 55 18 4 56 10 57 17 58 12 59 18 
5 4 0 26 1 28 2 18 3 14 4 44 10 45 16 46 12 47 21 8 8 30 9 21 10 12 11 19 12 28 13 11 14 21 15 27 16 12 24 13 20 14 11 15 23 20 21 21 12 22 13 23 11 36 21 37 22 38 13 39 25 48 22 49 30 50 27 51 21 4 56 28 57 10 58 17 59 26 
5 4 0 21 1 20 2 27 3 25 52 4 30 5 24 6 13 7 11 8 30 9 16 10 14 11 27 12 29 13 13 14 16 15 17 16 17 17 12 18 19 19 22 20 18 21 26 22 17 23 20 24 24 25 19 26 28 27 19 28 11 29 14 30 11 31 24 32 25 33 17 34 27 35 18 36 23 37 25 38 15 39 13 40 25 41 21 42 18 43 27 44 19 45 17 46 16 47 19 48 14 49 26 50 23 51 18 52 24 53 13 54 10 55 22 8 32 30 33 16 34 16 35 10 44 23 45 24 46 15 47 13 28 8 12 9 23 10 15 11 10 16 27 17 29 18 22 19 27 20 16 21 27 22 30 23 21 28 29 29 12 30 19 31 25 36 13 37 11 38 13 39 16 40 11 41 10 42 29 43 28 48 14 49 14 50 26 51 20 4 56 27 57 14 58 25 59 26 
5 4 0 27 1 16 2 10 3 16 48 4 23 5 30 6 25 7 17 12 22 13 20 14 17 15 13 16 11 17 23 18 18 19 23 20 13 21 15 22 19 23 23 24 24 25 28 26 17 27 29 28 13 29 21 30 13 31 13 32 12 33 26 34 23 35 23 36 10 37 25 38 28 39 30 40 18 41 12 42 30 43 19 44 12 45 18 46 29 47 23 48 18 49 22 50 23 51 11 52 27 53 20 54 23 55 13 4 48 23 49 23 50 25 51 28 4 40 18 41 12 42 17 43 27 4 56 13 57 11 58 11 59 13 
5 4 0 20 1 16 2 10 3 17 20 12 19 13 21 14 27 15 29 28 27 29 12 30 20 31 20 36 16 37 28 38 16 39 14 40 10 41 26 42 19 43 15 44 27 45 25 46 26 47 13 40 4 15 5 17 6 29 7 12 8 10 9 28 10 27 11 29 12 14 13 16 14 30 15 21 16 30 17 17 18 16 19 18 20 10 21 15 22 18 23 29 24 20 25 13 26 11 27 18 28 26 29 13 30 24 31 20 32 24 33 12 34 13 35 19 36 19 37 25 38 12 39 29 44 20 45 25 46 14 47 19 24 20 15 21 24 22 21 23 25 24 16 25 20 26 29 27 28 28 11 29 24 30 19 31 29 36 20 37 24 38 23 39 15 44 19 45 30 46 14 47 26 52 20 53 20 54 14 55 25 4 56 27 57 20 58 23 59 14 
5 4 0 21 1 20 2 28 3 22 12 16 12 17 15 18 15 19 27 20 23 21 12 22 23 23 10 24 19 25 13 26 23 27 20 16 16 15 17 22 18 13 19 26 24 27 25 18 26 18 27 24 40 28 41 19 42 29 43 12 52 11 53 21 54 16 55 23 20 16 15 17 30 18 26 19 26 20 17 21 30 22 15 23 15 24 25 25 20 26 18 27 19 32 24 33 10 34 28 35 11 48 15 49 28 50 26 51 29 4 56 18 57 25 58 25 59 30 
5 4 0 28 1 27 2 23 3 21 44 4 19 5 17 6 13 7 16 8 17 9 16 10 19 11 21 12 10 13 12 14 12 15 25 16 25 17 17 18 12 19 21 24 10 25 12 26 20 27 26 28 17 29 19 30 25 31 25 32 30 33 25 34 16 35 23 36 24 37 26 38 25 39 23 40 16 41 24 42 27 43 11 48 18 49 24 50 18 51 24 52 24 53 15 54 18 55 11 12 20 29 21 15 22 20 23 20 36 20 37 12 38 10 39 13 44 10 45 27 46 17 47 24 36 8 15 9 28 10 29 11 30 12 18 13 26 14 26 15 22 16 27 17 15 18 24 19 11 20 28 21 18 22 24 23 22 24 29 25 18 26 30 27 22 28 14 29 21 30 19 31 14 32 22 33 28 34 21 35 29 48 10 49 22 50 14 51 19 52 29 53 12 54 11 55 28 4 56 18 57 11 58 28 59 21 
5 4 0 16 1 11 2 11 3 18 52 4 12 5 30 6 20 7 22 8 24 9 22 10 12 11 27 12 11 13 15 14 20 15 20 16 16 17 25 18 13 19 27 20 22 21 25 22 17 23 14 24 16 25 29 26 25 27 14 28 10 29 17 30 22 31 17 32 23 33 23 34 17 35 12 36 19 37 26 38 29 39 13 40 14 41 30 42 24 43 21 44 16 45 19 46 27 47 29 48 28 49 27 50 30 51 14 52 23 53 27 54 15 55 10 40 4 11 5 11 6 23 7 19 8 12 9 14 10 12 11 14 16 27 17 27 18 19 19 25 24 25 25 14 26 16 27 22 28 20 29 11 30 21 31 24 32 21 33 24 34 11 35 27 36 19 37 30 38 13 39 18 40 29 41 18 42 16 43 26 44 12 45 18 46 27 47 27 48 25 49 13 50 19 51 10 4 48 12 49 14 50 25 51 18 4 56 14 57 26 58 30 59 17 
5 4 0 27 1 28 2 26 3 11 48 4 14 5 12 6 26 7 30 8 15 9 23 10 17 11 26 12 23 13 27 14 21 15 28 16 23 17 17 18 19 19 18 24 26 25 22 26 16 27 13 28 29 29 21 30 12 31 11 32 17 33 22 34 26 35 23 36 15 37 29 38 15 39 21 40 13 41 25 42 16 43 30 44 24 45 12 46 12 47 23 48 19 49 23 50 11 51 30 52 19 53 21 54 21 55 10 4 28 21 29 13 30 13 31 17 4 20 27 21 27 22 17 23 16 4 56 26 57 20 58 21 59 19 
5 4 0 12 1 22 2 15 3 28 16 16 30 17 24 18 23 19 11 32 23 33 14 34 16 35 29 40 16 41 19 42 14 43 26 52 26 53 19 54 13 55 17 8 24 28 25 19 26 21 27 27 32 22 33 17 34 14 35 15 28 12 11 13 24 14 18 15 22 16 12 17 29 18 30 19 22 20 20 21 11 22 21 23 28 28 20 29 30 30 11 31 15 32 12 33 29 34 12 35 29 40 19 41 22 42 19 43 12 48 11 49 25 50 28 51 14 4 56 23 57 10 58 20 59 28 
5 4 0 21 1 23 2 26 3 24 36 4 28 5 15 6 23 7 21 8 28 9 18 10 30 11 16 16 10 17 30 18 17 19 11 20 20 21 30 22 17 23 10 24 13 25 28 26 29 27 22 28 17 29 17 30 16 31 30 32 19 33 23 34 18 35 26 36 13 37 11 38 12 39 11 44 25 45 30 46 10 47 14 12 8 28 9 19 10 14 11 27 44 15 45 16 46 15 47 21 52 12 53 10 54 14 55 17 52 4 14 5 30 6 15 7 23 8 29 9 19 10 13 11 13 12 11 13 19 14 11 15 16 16 12 17 28 18 19 19 16 20 12 21 25 22 25 23 17 24 11 25 10 26 21 27 13 28 13 29 28 30 20 31 22 32 20 33 29 34 22 35 30 36 22 37 21 38 13 39 30 40 12 41 22 42 30 43 25 44 16 45 26 46 26 47 19 48 16 49 13 50 10 51 20 52 15 53 29 54 10 55 25 4 56 10 57 15 58 14 59 16 
5 4 0 14 1 26 2 14 3 17 24 4 28 5 24 6 25 7 17 8 20 9 24 10 26 11 21 12 27 13 19 14 16 15 25 24 28 25 26 26 28 27 15 40 22 41 30 42 14 43 21 52 20 53 29 54 16 55 13 48 4 22 5 29 6 20 7 11 8 16 9 23 10 12 11 10 12 28 13 21 14 14 15 27 16 25 17 13 18 11 19 18 20 27 21 30 22 18 23 15 24 15 25 14 26 26 27 17 28 15 29 20 30 22 31 18 36 16 37 22 38 21 39 13 40 17 41 30 42 14 43 11 44 27 45 16 46 30 47 18 48 26 49 19 50 14 51 15 52 28 53 25 54 21 55 25 24 4 27 5 23 6 11 7 24 8 30 9 16 10 24 11 23 20 22 21 26 22 21 23 22 28 27 29 20 30 13 31 25 32 17 33 17 34 28 35 15 48 14 49 11 50 13 51 21 4 56 26 57 12 58 21 59 23 
5 4 0 22 1 23 2 26 3 15 4 44 19 45 17 46 11 47 21 16 8 14 9 25 10 13 11 28 16 19 17 15 18 14 19 15 24 30 25 11 26 29 27 30 44 19 45 23 46 14 47 17 4 16 20 17 11 18 13 19 11 4 56 27 57 13 58 14 59 29 
5 4 0 30 1 29 2 11 3 14 48 4 22 5 27 6 10 7 16 8 30 9 27 10 22 11 25 12 30 13 24 14 27 15 10 16 26 17 16 18 23 19 18 20 16 21 22 22 17 23 26 24 16 25 30 26 10 27 15 28 11 29 11 30 22 31 29 36 20 37 25 38 17 39 10 40 12 41 23 42 10 43 22 44 30 45 11 46 19 47 22 48 13 49 20 50 18 51 17 52 19 53 30 54 13 55 27 52 4 21 5 16 6 18 7 17 8 17 9 17 10 20 11 30 12 25 13 30 14 24 15 16 16 12 17 19 18 13 19 10 20 27 21 26 22 15 23 26 24 14 25 28 26 20 27 26 28 14 29 30 30 21 31 20 32 28 33 16 34 11 35 28 36 12 37 19 38 25 39 13 40 21 41 23 42 20 43 21 44 19 45 16 46 26 47 20 48 28 49 24 50 27 51 10 52 28 53 19 54 16 55 16 8 24 25 25 15 26 26 27 21 36 16 37 20 38 13 39 16 4 56 16 57 22 58 22 59 24 
5 4 0 26 1 13 2 11 3 14 32 4 12 5 10 6 26 7 26 8 27 9 12 10 13 11 16 20 29 21 23 22 15 23 10 24 30 25 17 26 16 27 16 36 16 37 12 38 18 39 19 40 30 41 17 42 30 43 24 44 11 45 23 46 20 47 11 48 14 49 22 50 20 51 23 48 4 27 5 19 6 23 7 19 8 25 9 12 10 29 11 10 12 19 13 12 14 13 15 18 16 12 17 29 18 19 19 16 20 29 21 29 22 22 23 29 28 20 29 17 30 30 31 26 32 15 33 29 34 20 35 21 36 25 37 17 38 14 39 29 40 21 41 14 42 26 43 25 44 10 45 13 46 13 47 13 48 29 49 14 50 28 51 23 52 20 53 20 54 27 55 13 4 8 21 9 28 10 22 11 13 4 56 30 57 18 58 15 59 14 
5 4 0 16 1 10 2 19 3 19 36 4 22 5 26 6 18 7 18 8 29 9 23 10 22 11 25 20 26 21 22 22 12 23 14 28 29 29 20 30 22 31 18 36 20 37 26 38 16 39 26 40 24 41 23 42 13 43 13 44 23 45 18 46 26 47 15 48 15 49 23 50 24 51 15 52 24 53 26 54 30 55 23 24 8 17 9 10 10 21 11 22 20 11 21 22 22 26 23 13 28 21 29 17 30 15 31 12 32 17 33 16 34 20 35 14 40 11 41 14 42 12 43 26 44 17 45 16 46 13 47 27 24 20 24 21 19 22 29 23 11 24 25 25 21 26 22 27 18 28 15 29 22 30 21 31 20 32 13 33 15 34 25 35 23 36 11 37 14 38 26 39 19 48 12 49 19 50 14 51 17 4 56 21 57 17 58 24 59 11 
5 4 0 13 1 26 2 13 3 16 8 36 27 37 24 38 14 39 29 44 10 45 16 46 19 47 23 28 12 26 13 23 14 28 15 16 16 16 17 23 18 14 19 20 24 22 25 23 26 12 27 20 28 21 29 27 30 21 31 14 32 17 33 25 34 12 35 30 36 22 37 22 38 16 39 27 48 17 49 18 50 14 51 19 40 4 25 5 28 6 28 7 11 8 15 9 23 10 13 11 28 12 15 13 11 14 15 15 13 20 19 21 28 22 21 23 12 24 19 25 15 26 28 27 12 28 17 29 16 30 28 31 14 36 20 37 10 38 14 39 30 44 26 45 18 46 21 47 20 48 27 49 20 50 22 51 18 52 19 53 19 54 23 55 28 4 56 14 57 16 58 13 59 19 
5 4 0 26 1 22 2 23 3 13 32 4 26 5 12 6 13 7 27 8 27 9 14 10 12 11 19 16 24 17 17 18 18 19 21 24 13 25 14 26 10 27 29 28 17 29 14 30 16 31 13 36 28 37 13 38 19 39 22 44 24 45 20 46 30 47 13 48 11 49 25 50 19 51 21 40 4 12 5 14 6 22 7 28 8 27 9 29 10 17 11 11 12 19 13 17 14 21 15 15 16 30 17 30 18 17 19 16 20 13 21 10 22 22 23 24 24 19 25 22 26 14 27 14 36 20 37 14 38 23 39 29 44 22 45 29 46 16 47 13 48 24 49 21 50 22 51 25 52 11 53 10 54 17 55 30 40 12 19 13 18 14 20 15 17 16 28 17 15 18 11 19 20 20 16 21 29 22 26 23 16 24 17 25 25 26 13 27 12 28 16 29 14 30 24 31 20 32 21 33 23 34 30 35 29 40 29 41 30 42 29 43 24 44 22 45 19 46 19 47 24 48 29 49 14 50 17 51 24 52 18 53 29 54 26 55 30 4 56 18 57 18 58 26 59 10 
5 4 0 12 1 22 2 11 3 11 24 4 20 5 27 6 22 7 27 12 24 13 24 14 29 15 22 20 10 21 27 22 20 23 27 36 18 37 30 38 13 39 27 40 27 41 19 42 24 43 25 44 18 45 30 46 23 47 19 4 8 22 9 11 10 14 11 16 24 8 16 9 20 10 10 11 21 16 11 17 19 18 11 19 15 24 17 25 26 26 24 27 11 36 14 37 21 38 28 39 12 40 22 41 27 42 27 43 13 44 18 45 12 46 16 47 16 4 56 24 57 11 58 14 59 11 
5 4 0 15 1 18 2 14 3 11 16 8 11 9 18 10 18 11 12 12 13 13 13 14 22 15 29 20 19 21 18 22 15 23 13 28 11 29 30 30 26 31 18 44 4 22 5 12 6 11 7 10 8 10 9 27 10 12 11 20 12 19 13 20 14 22 15 29 16 18 17 22 18 13 19 12 20 29 21 16 22 24 23 30 28 21 29 13 30 25 31 25 32 29 33 23 34 21 35 23 36 22 37 24 38 29 39 26 40 24 41 14 42 19 43 24 44 11 45 24 46 28 47 20 52 27 53 10 54 10 55 25 32 4 12 5 24 6 13 7 27 12 10 13 12 14 17 15 30 16 21 17 27 18 13 19 18 24 16 25 25 26 28 27 25 28 20 29 13 30 17 31 26 32 23 33 13 34 17 35 13 40 25 41 24 42 16 43 20 44 23 45 28 46 19 47 26 4 56 14 57 19 58 12 59 21 
5 4 0 28 1 28 2 27 3 12 28 12 15 13 24 14 24 15 14 16 26 17 18 18 25 19 20 24 30 25 17 26 20 27 24 32 29 33 23 34 27 35 19 36 29 37 24 38 18 39 28 44 29 45 25 46 21 47 30 48 28 49 17 50 15 51 11 44 4 27 5 26 6 20 7 30 8 14 9 11 10 29 11 18 12 26 13 11 14 20 15 21 16 23 17 19 18 19 19 23 24 18 25 15 26 22 27 20 28 11 29 25 30 14 31 23 32 23 33 24 34 20 35 26 40 16 41 23 42 24 43 22 44 18 45 18 46 17 47 30 48 18 49 16 50 10 51 25 52 23 53 22 54 11 55 11 36 4 14 5 22 6 15 7 27 16 19 17 12 18 20 19 11 20 22 21 15 22 14 23 23 32 22 33 17 34 18 35 14 36 20 37 19 38 17 39 14 40 29 41 17 42 10 43 13 44 15 45 26 46 21 47 15 48 26 49 18 50 29 51 14 52 16 53 20 54 13 55 12 4 56 22 57 21 58 14 59 18 
5 4 0 13 1 12 2 17 3 12 32 8 13 9 13 10 25 11 10 12 29 13 11 14 13 15 13 16 15 17 25 18 24 19 16 28 17 29 28 30 16 31 30 40 11 41 11 42 19 43 11 44 26 45 15 46 27 47 28 48 16 49 16 50 30 51 24 52 11 53 27 54 22 55 28 12 28 30 29 15 30 27 31 19 36 13 37 12 38 25 39 29 48 17 49 21 50 28 51 27 24 4 24 5 18 6 18 7 23 8 22 9 27 10 21 11 25 12 10 13 20 14 21 15 29 32 14 33 26 34 13 35 23 36 22 37 22 38 17 39 22 48 13 49 27 50 30 51 26 4 56 10 57 29 58 10 59 16 
5 4 0 15 1 14 2 21 3 22 28 4 19 5 14 6 27 7 25 8 16 9 24 10 18 11 27 12 28 13 17 14 22 15 21 32 16 33 25 34 17 35 12 36 22 37 20 38 27 39 15 40 20 41 30 42 21 43 15 52 19 53 21 54 17 55 11 20 16 12 17 12 18 24 19 27 28 25 29 30 30 24 31 29 32 11 33 23 34 16 35 28 36 20 37 29 38 11 39 10 40 27 41 24 42 23 43 29 28 16 30 17 27 18 19 19 17 20 24 21 20 22 29 23 23 28 13 29 19 30 17 31 10 36 20 37 23 38 23 39 21 40 28 41 13 42 18 43 24 44 30 45 10 46 30 47 17 48 30 49 15 50 20 51 30 4 56 24 57 18 58 12 59 27 
5 4 0 11 1 19 2 24 3 20 40 4 25 5 15 6 19 7 14 8 28 9 22 10 26 11 21 16 25 17 30 18 13 19 14 20 26 21 15 22 22 23 26 24 12 25 30 26 25 27 29 28 28 29 27 30 14 31 29 32 26 33 29 34 25 35 16 40 20 41 16 42 17 43 17 44 28 45 21 46 20 47 12 48 16 49 23 50 30 51 17 4 48 21 49 14 50 11 51 29 24 4 10 5 25 6 21 7 14 24 16 25 22 26 29 27 19 28 11 29 12 30 26 31 12 32 11 33 11 34 26 35 16 36 20 37 27 38 17 39 11 52 14 53 27 54 21 55 20 4 56 27 57 26 58 11 59 17 

Dynamic Events
Machine Breakdowns (x y z): Machine {x} breakdown from time {y} to {z}
0 1004 1121
0 3508 3609
0 3901 4047
1 2575 2716
1 3159 3251
2 3332 3464
2 3669 3790
3 2010 2174
3 3228 3366
4 395 552
4 5959 6109
5 1048 1233
5 6487 6661
6 632 780
6 3139 3288
6 3548 3657
7 1496 1593
7 5883 6042
7 6623 6733
8 135 332
8 3535 3669
8 4640 4834
8 5656 5741
9 5414 5539
9 5887 6006
10 3757 3943
10 5477 5669
11 2639 2731
11 6293 6414
11 6630 6778
12 4773 4953
12 5165 5279
13 5555 5686
13 6295 6461
14 3096 3187
14 5343 5463
15 3706 3829
15 5018 5152
15 5625 5795
16 1368 1486
16 6871 7061
17 2204 2287
17 5349 5460
17 5750 5917
18 6093 6171
18 6363 6440
19 1463 1559
19 3748 3831
19 4860 5001
20 641 830
20 1113 1205
20 3537 3647
20 5588 5741
21 4533 4699
21 5435 5524
22 2300 2386
22 4866 4985
22 6401 6564
23 6401 6520
23 6810 6912
24 4620 4765
24 5081 5237
24 6011 6200
25 5697 5781
25 6069 6185
26 6190 6283
27 1189 1376
27 3064 3240
27 3718 3899
28 6135 6230
29 184 341
29 3288 3458
29 5062 5211
29 5757 5925
30 5932 6119
31 6412 6522
32 3180 3307
32 4476 4621
32 5105 5244
33 308 464
33 4325 4420
33 4890 5017
34 378 519
34 2461 2642
34 5443 5616
35 701 807
35 2599 2741
35 6282 6382
36 2703 2873
36 5707 5897
36 6279 6450
37 3200 3388
37 4138 4321
37 5463 5653
37 6575 6747
38 3496 3576
38 6134 6247
39 5774 5889
39 6242 6368
40 2535 2663
40 4726 4855
40 6087 6175
41 4609 4770
41 5953 6075
42 1701 1828
42 4559 4693
43 3426 3601
43 5959 6065
44 930 1103
44 5092 5240
44 6913 7087
45 1607 1687
45 6299 6409
45 6906 6991
46 7173 7319
47 6301 6391
47 6739 6829
48 4072 4161
48 5375 5483
49 5983 6115
49 6603 6762
50 4818 5018
50 5301 5467
50 6951 7146
51 2052 2245
51 5623 5814
52 2066 2260
52 5820 6013
53 3335 3455
53 3823 3978
53 4453 4587
53 6061 6151
54 4084 4252
54 5895 6031
55 4603 4693
55 4904 4996
56 44 256
56 481 675
56 4045 4217
57 3084 3229
58 2301 2401
58 2920 3052
59 101 206
59 2756 2852
59 3586 3730

Added Jobs (first number is the time at which the job is added, then pairs of machines and process time)
2453: 5 13 50 12 47 17 53 25 9 14 14 12 3 19 40 23 33 29 46 16 16 30 7 25 6 25 12 25 20 48 18 40 19 44 17 16 11 13 29 10 30 38 25 56 11 39 29 9 10 4 30 35 29 2 16 18 25 43 13 28 17 49 28 7 24 6 17 36 23 28 5 16 13 20 46 23 27 11 29 22 55 19 4 19 58 29 18 14 47 24 14 25 22 10 10 26 25 16 1 25 41 10 51 26 23 10 28 13 30 21 31 13 12 10 32 28 38 10 6 18 9 14 54 11 59 26 16 32 19 53 18 1 22 56 16 15 25 59 14 51 27 22 11 58 17 5 17 3 22 33 25 50 17 34 30 48 15 4 18 42 10 16 59 12 56 11 16 22 17 21 29 11 23 12 4 28 11 18 19 10 0 10 51 14 45 12 52 28 36 21 39 18 38 17 8 23 42 28 53 29 5 15 21 18 34 26 48 10 49 18 33 28 47 26 55 27 12 23 9 10 2 21 32 18 41 12 6 13 22 22 40 20 13 27 14 30 58 30 35 12 1 17 30 23 
2787: 5 44 37 21 10 19 33 17 55 24 4 18 35 18 59 16 49 24 22 16 43 19 48 21 41 19 30 23 9 11 45 14 23 27 58 25 54 16 13 15 19 21 28 15 7 19 20 12 25 15 5 21 47 24 26 22 52 11 15 21 27 11 29 29 12 30 16 12 38 13 34 18 32 15 42 27 50 20 36 25 21 24 6 14 31 22 46 22 51 25 41 3 24 46 23 35 22 2 14 19 18 27 25 6 19 7 19 36 30 21 30 26 16 4 24 29 20 57 22 52 18 44 18 25 14 18 19 51 10 42 21 1 22 13 16 31 12 11 20 58 18 43 26 59 14 23 10 22 21 5 29 9 30 10 26 28 23 33 18 49 30 30 18 53 27 47 13 38 26 14 26 15 10 48 16 12 11 11 28 10 34 24 50 21 24 13 13 26 10 29 35 11 5 14 18 30 21 29 15 13 45 10 39 26 20 27 6 16 56 17 31 22 7 21 40 24 19 10 25 28 29 11 3 26 22 11 57 27 41 17 37 11 49 16 2 15 36 24 12 14 23 23 58 24 9 25 51 30 54 28 53 13 30 15 59 15 32 12 48 23 0 28 52 19 44 22 27 18 46 24 7 19 15 35 25 8 24 37 26 48 28 22 15 28 21 34 30 18 49 17 44 18 9 20 58 28 45 11 41 10 2 29 1 13 25 22 22 23 37 26 53 17 33 16 55 14 35 19 21 29 24 13 39 30 29 30 15 28 17 26 36 16 5 14 4 16 27 11 51 24 59 22 50 26 11 16 10 18 40 12 32 19 26 12 
1291: 5 41 38 16 39 19 21 27 16 13 20 22 22 20 26 17 13 19 40 22 48 12 41 24 51 27 37 14 27 16 28 24 11 28 42 21 3 18 12 19 58 21 14 12 29 14 49 26 33 30 17 10 31 21 9 24 2 19 18 10 0 21 35 11 10 16 54 12 45 27 53 10 19 15 55 25 4 18 32 10 44 28 46 13 8 30 25 52 27 13 13 43 13 31 10 20 27 14 14 26 15 37 12 28 37 23 44 21 16 18 28 16 46 12 35 16 27 21 29 23 31 19 24 22 36 23 1 10 30 26 50 16 26 15 40 26 5 17 20 30 41 23 34 18 15 15 4 16 6 28 10 21 13 24 57 27 8 16 2 23 58 13 25 14 38 15 56 30 11 29 53 18 0 28 7 16 20 42 12 1 13 35 15 8 23 56 19 43 20 33 10 37 19 10 16 41 21 14 19 3 23 27 15 29 17 20 27 38 21 57 24 47 14 54 14 16 28 40 36 13 14 25 22 17 27 30 30 27 41 18 46 21 29 12 57 14 24 23 15 28 39 10 43 24 48 12 37 22 19 13 55 24 54 25 7 10 17 20 12 28 1 20 26 17 42 17 40 30 58 16 11 16 59 19 33 11 28 23 20 16 10 25 4 13 34 26 6 11 50 19 13 13 8 17 16 17 47 27 
2165: 5 29 27 17 25 18 12 10 37 27 4 24 57 24 30 24 26 27 50 15 34 28 36 19 55 25 20 16 29 24 16 19 32 16 52 24 24 24 44 18 28 27 43 29 59 22 49 10 18 13 22 15 3 15 0 18 19 17 58 18 10 10 24 52 16 6 22 3 29 55 23 56 19 50 24 26 17 30 13 49 30 20 15 21 41 23 28 28 21 11 56 24 32 24 4 30 27 13 55 18 57 28 37 27 9 24 23 30 24 13 48 24 16 13 43 30 40 17 20 18 13 22 37 35 13 50 15 6 16 56 27 2 22 21 21 7 22 3 13 34 25 57 10 55 20 18 15 37 29 31 21 47 23 29 14 14 20 27 27 32 16 25 21 38 13 58 28 1 30 46 27 26 30 4 29 16 17 49 28 22 18 59 25 9 27 19 30 20 20 17 21 10 21 24 20 42 14 18 25 16 15 10 46 24 37 29 34 25 17 16 23 27 8 29 49 12 1 13 44 21 27 24 48 13 22 19 16 29 6 19 13 13 35 24 
1382: 5 7 22 18 52 10 12 12 32 19 50 11 14 14 7 29 11 41 23 50 27 54 25 2 28 22 24 23 27 13 13 33 20 1 16 56 17 53 11 42 57 10 13 18 37 11 58 20 21 23 36 25 2 15 15 22 52 20 18 28 51 27 1 21 28 12 32 19 20 12 7 29 56 29 6 14 39 29 59 29 49 26 46 27 35 20 14 21 0 13 8 22 48 20 31 12 42 26 4 11 17 17 38 13 45 22 25 16 24 21 29 30 22 18 11 10 16 13 3 20 50 27 12 10 40 11 25 17 22 47 19 41 17 49 11 24 11 46 23 10 11 29 23 34 20 42 20 4 12 27 10 12 28 37 26 5 28 28 19 57 29 53 18 58 21 25 12 33 20 26 13 19 20 23 30 39 26 54 28 7 13 31 21 52 12 36 10 48 22 20 20 55 23 6 27 43 15 18 17 35 22 59 29 1 14 39 7 20 38 18 58 17 25 29 1 28 46 17 42 19 28 21 23 23 8 12 39 14 45 12 27 14 10 12 33 30 48 10 12 26 30 18 40 17 44 15 49 26 13 10 3 22 2 16 20 22 36 20 53 23 32 12 41 21 54 26 4 10 31 14 17 20 5 22 52 11 51 23 37 12 15 16 59 26 
1045: 5 46 2 27 44 28 31 24 11 27 40 13 46 10 57 19 42 10 1 18 38 14 55 20 15 22 41 30 0 23 6 23 37 24 23 17 9 15 24 12 21 13 8 21 43 10 45 10 35 10 39 19 36 14 53 27 27 25 7 16 22 29 4 21 32 22 17 10 28 12 59 19 33 10 54 15 16 16 18 22 47 28 34 30 30 14 14 30 20 22 52 23 51 23 10 28 27 45 19 38 30 35 27 29 29 3 29 15 10 53 28 5 11 8 18 7 38 16 15 23 8 27 31 24 22 13 3 23 46 19 30 59 21 29 11 15 27 18 10 11 13 42 13 30 26 8 12 56 15 47 30 38 26 33 25 48 16 50 22 40 11 34 13 46 29 2 30 51 18 31 15 57 25 41 10 23 12 6 15 0 25 3 14 54 12 53 15 19 20 32 16 7 34 19 7 22 50 21 9 28 1 27 45 22 48 20 
771: 5 34 26 21 32 12 54 27 52 16 12 20 43 26 20 30 25 27 56 25 53 19 1 30 23 19 44 13 6 21 19 11 5 23 7 11 3 23 50 25 33 11 27 14 16 20 37 22 41 26 40 14 30 21 13 21 58 14 31 12 42 25 9 21 11 27 24 29 35 25 26 46 15 55 23 44 17 18 20 39 11 15 12 56 25 16 10 49 13 57 12 9 22 19 12 24 15 14 27 31 19 7 14 8 25 38 16 26 18 3 19 45 13 25 18 0 28 58 17 30 22 54 12 10 54 17 5 17 14 20 20 19 7 15 56 25 10 10 35 21 32 14 26 20 11 31 25 2 30 37 16 38 30 34 12 48 24 26 30 0 18 24 27 42 22 8 12 24 32 15 58 18 8 10 11 29 49 27 59 25 4 29 26 17 15 24 52 16 23 10 10 19 0 15 14 10 27 20 42 17 38 18 43 13 41 30 51 24 25 20 44 24 55 27 17 29 
2801: 5 33 0 14 15 29 35 25 40 27 4 28 48 24 32 23 42 15 20 19 26 13 13 15 58 30 36 27 7 16 1 16 50 12 51 13 9 11 30 18 17 26 54 29 44 16 22 15 5 24 3 30 6 19 8 22 21 25 47 23 49 21 28 17 57 10 25 22 16 31 12 19 13 50 30 44 28 16 23 12 19 40 28 7 10 20 13 38 27 5 23 52 29 43 15 26 17 45 24 6 13 32 51 15 13 20 3 12 11 28 15 22 25 20 57 13 44 13 43 16 38 25 52 17 45 14 2 28 54 14 20 25 41 20 6 23 30 16 21 18 10 14 0 14 48 25 19 18 42 11 46 25 16 30 36 30 47 20 49 27 59 16 56 13 8 25 32 41 16 40 21 3 30 20 11 28 14 2 23 7 15 30 10 15 24 6 27 51 19 50 14 14 29 35 13 45 23 36 30 55 16 13 27 33 22 5 11 1 27 19 18 44 11 11 29 12 23 9 26 57 16 29 21 26 12 25 10 23 14 18 10 35 6 17 45 10 20 20 42 10 28 17 30 16 35 29 46 18 54 22 40 19 4 27 16 25 59 28 10 21 1 20 33 10 12 17 19 15 49 10 25 16 15 11 21 18 43 16 18 12 56 10 5 17 8 30 52 21 44 24 34 14 26 28 14 29 37 21 13 15 32 11 
926: 5 8 3 13 38 23 28 27 14 23 44 18 46 25 42 26 0 17 23 38 10 2 27 45 13 24 23 15 22 11 16 13 22 44 27 55 14 43 18 37 27 51 25 40 10 57 17 14 13 32 18 17 10 47 12 54 21 41 18 30 15 34 23 58 18 19 46 13 56 12 2 18 51 27 4 29 0 10 27 19 11 13 15 14 57 14 44 18 52 27 32 30 10 19 49 26 30 19 7 11 33 24 48 25 7 50 16 27 13 43 30 14 21 40 26 34 23 38 11 28 40 28 54 14 43 24 33 24 37 16 28 13 34 17 47 12 11 18 2 23 56 21 26 27 24 15 44 14 57 26 38 19 32 24 7 13 27 21 29 30 42 15 52 13 46 21 49 20 55 22 19 12 58 18 14 23 
2315: 5 8 54 23 33 19 29 26 56 15 49 22 3 29 53 27 8 27 34 31 20 26 28 45 28 14 12 22 10 44 14 2 14 35 29 11 23 12 17 48 23 16 24 53 20 15 17 19 30 30 25 9 23 42 22 4 21 13 17 23 19 41 28 58 23 50 11 51 21 17 24 32 26 18 12 3 10 28 18 10 12 54 11 43 27 6 23 21 30 14 2 21 27 26 29 18 1 28 36 23 9 17 17 20 56 27 22 30 46 30 5 25 8 24 25 29 44 13 19 23 52 12 34 24 40 17 48 27 15 27 35 35 18 15 16 25 12 16 23 24 24 29 12 18 28 27 14 45 20 57 28 0 15 11 15 46 16 17 25 26 11 49 17 34 19 32 19 31 11 44 10 23 12 40 15 28 23 3 20 21 16 8 28 2 14 48 28 47 19 37 18 59 13 30 22 39 18 56 10 10 24 7 31 13 47 14 18 14 11 23 58 24 24 20 7 11 
1408: 5 36 27 28 0 13 51 21 54 29 20 15 12 10 15 22 38 11 23 27 59 30 18 18 30 14 2 21 42 15 31 18 37 27 11 18 16 11 19 21 8 15 3 21 34 13 25 24 5 14 32 26 43 25 6 14 45 17 53 30 4 23 56 11 50 20 10 14 48 11 36 15 57 25 37 44 23 16 10 21 18 4 10 29 20 59 14 48 20 37 21 39 13 47 12 2 21 20 14 42 27 55 18 43 21 27 28 13 17 9 20 23 11 56 15 34 26 32 16 19 13 17 11 57 27 54 15 22 23 58 23 10 26 31 14 15 15 36 21 30 18 3 24 40 20 49 20 14 27 35 34 10 56 17 31 11 43 17 25 10 11 27 0 14 2 22 9 27 59 28 28 18 38 20 44 18 13 16 7 15 29 18 18 22 27 18 6 28 51 27 21 20 19 10 52 13 35 30 48 14 53 19 12 27 17 28 45 22 33 14 37 22 36 27 50 24 58 17 22 19 11 41 20 4 23 28 10 27 30 13 23 11 19 0 17 49 30 35 25 21 13 52 24 32 39 10 3 13 53 12 32 11 52 15 28 15 4 27 37 10 38 23 21 16 23 10 43 10 44 10 29 20 20 28 22 28 0 18 57 20 8 26 56 12 17 18 35 24 46 15 40 23 50 29 41 30 30 29 51 13 58 10 55 29 49 28 9 26 
2804: 5 43 54 20 39 12 47 11 38 25 22 28 37 10 24 27 53 16 49 15 51 29 34 19 16 25 48 30 17 14 11 29 58 23 12 12 33 11 52 19 7 14 45 16 36 30 57 24 31 30 46 19 25 24 28 30 35 19 13 24 8 26 20 11 10 22 19 10 26 12 44 12 41 17 2 13 29 26 15 30 40 14 1 15 42 15 3 29 41 49 11 21 26 14 29 52 29 3 14 40 11 1 24 17 29 45 12 31 11 53 17 33 17 42 23 2 20 20 20 13 10 34 26 43 26 23 28 36 28 15 30 4 15 8 16 32 27 18 21 19 26 10 30 6 29 54 12 7 25 9 21 29 13 0 29 12 17 46 23 50 23 35 29 26 28 47 26 16 14 24 21 4 43 16 24 12 11 12 48 18 6 58 18 49 23 5 12 56 21 33 30 17 17 7 22 28 48 27 38 30 6 27 44 25 39 24 11 16 
926: 5 25 5 22 42 30 9 11 36 10 53 13 18 15 27 29 33 25 32 25 38 28 30 22 58 12 44 20 8 13 46 21 16 17 11 25 48 20 24 23 56 22 23 23 10 10 6 30 54 14 14 18 14 8 10 39 18 9 20 41 22 23 23 27 13 34 20 40 15 3 13 43 14 46 29 16 27 0 17 47 26 44 48 11 3 15 19 30 31 11 12 19 26 23 21 19 35 20 9 24 27 13 51 23 4 18 32 30 34 13 57 25 29 16 22 11 10 29 59 29 37 14 33 22 2 22 8 12 49 24 14 27 56 13 7 23 11 28 54 24 38 27 50 24 44 23 1 30 45 12 42 10 6 29 20 12 25 18 28 18 53 12 5 18 41 17 36 10 43 18 23 46 11 19 19 58 21 13 21 53 23 48 27 21 21 11 19 15 26 41 10 43 10 9 21 55 16 59 27 35 10 23 15 14 28 34 22 32 28 37 14 39 23 31 29 1 22 28 32 18 16 18 48 16 33 24 38 12 4 11 14 12 52 22 30 11 13 18 22 24 45 27 1 22 24 13 58 21 29 23 46 22 51 27 31 17 53 11 12 10 15 11 40 16 26 12 19 27 34 17 59 11 44 26 
1071: 5 44 51 15 13 16 53 26 9 29 27 20 35 13 0 11 20 13 30 21 7 29 29 15 10 22 5 30 41 29 47 29 12 14 4 24 8 13 31 13 6 24 22 16 15 14 24 30 40 26 33 29 48 22 43 12 49 26 54 17 34 18 25 13 59 14 55 26 32 18 1 26 44 25 57 15 36 24 26 26 56 28 42 18 39 20 18 22 37 19 7 42 29 55 15 15 17 3 14 8 26 28 23 22 10 33 19 13 3 22 45 18 23 10 14 20 7 25 10 22 44 14 12 22 17 12 26 29 1 19 16 10 54 11 33 11 43 24 8 27 37 16 51 26 50 10 40 23 59 10 4 21 9 26 30 30 58 24 15 24 34 26 24 22 47 13 57 28 27 19 55 30 40 59 14 32 29 54 22 27 22 18 16 35 28 47 30 41 18 56 15 43 21 16 21 20 15 11 13 39 15 46 20 13 21 36 16 38 10 50 15 0 25 21 25 42 21 49 11 3 29 9 17 33 12 26 30 44 17 48 19 23 19 1 10 14 21 19 12 28 19 4 27 25 30 10 17 22 26 12 14 55 16 52 26 23 41 21 36 15 5 11 20 18 2 23 8 21 52 15 31 15 10 21 15 23 37 25 51 13 1 18 54 27 9 14 42 17 11 25 23 10 59 25 45 10 13 21 24 29 18 28 0 11 47 11 48 17 33 11 38 13 56 22 28 10 49 30 46 14 53 22 12 15 22 14 57 27 7 10 4 25 25 14 43 30 35 24 30 16 14 22 40 15 17 14 50 14 3 19 44 18 34 19 16 21 6 23 
2665: 5 17 19 29 42 20 17 15 51 13 41 28 48 13 0 28 13 19 38 22 7 11 25 29 53 24 57 13 34 13 44 20 28 27 3 12 4 29 27 49 28 7 25 19 13 13 47 13 55 13 8 15 33 17 52 11 51 27 26 17 56 30 59 28 31 17 58 23 19 19 44 12 5 13 16 29 28 22 17 57 23 41 21 42 55 15 3 25 47 12 59 13 34 30 31 13 29 29 21 11 8 16 57 27 16 28 38 14 11 30 14 15 39 23 28 26 15 23 1 12 6 10 58 24 27 19 30 28 40 17 4 27 50 22 12 14 10 20 32 23 22 25 42 16 53 22 26 22 2 29 18 27 24 18 17 15 54 28 19 19 43 23 36 16 52 15 7 25 

Cancelled Jobs
362 6
474 13
3408 21
3302 59
335 61
4009 70
1099 75
4226 96
