100 60
5 4 0 11 1 16 2 25 3 10 44 4 21 5 15 6 24 7 24 12 28 13 28 14 17 15 26 16 27 17 28 18 24 19 22 20 26 21 15 22 25 23 23 24 14 25 21 26 14 27 21 28 14 29 13 30 11 31 18 32 16 33 27 34 29 35 10 40 18 41 11 42 22 43 23 44 17 45 28 46 16 47 16 48 10 49 28 50 19 51 20 52 26 53 11 54 15 55 26 52 4 29 5 17 6 20 7 19 8 11 9 29 10 22 11 16 12 23 13 24 14 24 15 22 16 18 17 19 18 16 19 14 20 26 21 25 22 28 23 27 24 17 25 14 26 12 27 21 28 11 29 26 30 26 31 26 32 26 33 30 34 29 35 30 36 25 37 20 38 30 39 21 40 18 41 18 42 23 43 20 44 22 45 12 46 16 47 30 48 12 49 15 50 11 51 18 52 29 53 24 54 27 55 20 44 8 18 9 17 10 22 11 22 12 25 13 12 14 30 15 16 16 28 17 26 18 16 19 14 20 11 21 13 22 24 23 26 28 29 29 18 30 12 31 19 32 25 33 28 34 18 35 27 36 22 37 27 38 16 39 17 40 21 41 19 42 11 43 18 44 28 45 25 46 19 47 21 48 10 49 22 50 13 51 20 52 25 53 28 54 20 55 23 4 56 12 57 24 58 10 59 10 
5 4 0 11 1 21 2 12 3 18 32 4 10 5 26 6 16 7 19 20 17 21 29 22 25 23 10 28 23 29 22 30 29 31 20 32 24 33 17 34 15 35 11 36 17 37 11 38 17 39 19 40 19 41 22 42 13 43 20 44 16 45 22 46 14 47 15 48 24 49 14 50 16 51 17 32 4 16 5 27 6 11 7 25 16 24 17 22 18 11 19 29 20 19 21 27 22 11 23 19 24 12 25 30 26 15 27 21 28 27 29 26 30 26 31 17 32 15 33 17 34 12 35 24 44 13 45 21 46 27 47 22 48 21 49 15 50 22 51 30 32 4 14 5 20 6 19 7 30 8 29 9 16 10 29 11 25 12 16 13 27 14 13 15 19 16 18 17 27 18 29 19 20 28 18 29 16 30 12 31 29 32 14 33 19 34 11 35 18 44 10 45 15 46 22 47 15 52 15 53 15 54 21 55 26 4 56 20 57 13 58 19 59 13 
5 4 0 30 1 10 2 13 3 10 4 28 11 29 25 30 30 31 10 12 4 26 5 29 6 14 7 24 28 13 29 14 30 12 31 19 36 27 37 15 38 18 39 29 48 4 30 5 10 6 20 7 30 8 21 9 25 10 27 11 11 12 25 13 26 14 22 15 27 16 12 17 20 18 18 19 12 20 10 21 26 22 18 23 25 24 14 25 21 26 25 27 18 32 28 33 28 34 14 35 24 36 22 37 22 38 13 39 22 40 28 41 21 42 25 43 13 44 16 45 22 46 30 47 25 48 18 49 17 50 22 51 14 52 26 53 23 54 12 55 10 4 56 26 57 27 58 25 59 17 
5 4 0 28 1 21 2 27 3 21 40 4 17 5 24 6 24 7 30 12 29 13 28 14 25 15 21 20 17 21 27 22 12 23 21 24 17 25 27 26 24 27 26 28 17 29 16 30 27 31 23 32 30 33 23 34 14 35 15 36 11 37 22 38 20 39 29 40 14 41 19 42 11 43 19 48 19 49 19 50 25 51 15 52 30 53 16 54 24 55 21 32 8 16 9 23 10 14 11 29 12 30 13 10 14 18 15 10 20 15 21 28 22 27 23 25 24 13 25 12 26 14 27 19 36 25 37 22 38 27 39 26 44 17 45 29 46 21 47 27 48 15 49 11 50 18 51 13 52 29 53 17 54 22 55 20 24 12 21 13 17 14 20 15 19 16 12 17 28 18 22 19 17 20 22 21 25 22 21 23 16 28 28 29 10 30 30 31 28 40 22 41 18 42 25 43 15 48 25 49 25 50 26 51 17 4 56 11 57 30 58 21 59 23 
5 4 0 26 1 30 2 30 3 21 48 4 18 5 16 6 29 7 26 8 26 9 21 10 17 11 19 12 28 13 10 14 24 15 13 16 20 17 27 18 17 19 28 20 10 21 24 22 24 23 13 24 16 25 15 26 25 27 13 28 28 29 18 30 13 31 25 32 17 33 28 34 27 35 29 36 20 37 20 38 17 39 24 40 17 41 16 42 11 43 21 44 29 45 10 46 20 47 23 48 26 49 17 50 21 51 12 48 4 15 5 19 6 22 7 20 8 21 9 16 10 13 11 30 12 24 13 23 14 15 15 21 16 24 17 25 18 15 19 12 20 13 21 27 22 20 23 12 24 16 25 29 26 11 27 15 28 16 29 28 30 19 31 19 32 17 33 19 34 15 35 17 36 29 37 15 38 14 39 29 40 25 41 14 42 21 43 30 48 17 49 16 50 22 51 28 52 18 53 14 54 14 55 24 44 4 16 5 27 6 23 7 21 8 13 9 21 10 29 11 27 16 21 17 11 18 15 19 28 20 16 21 12 22 25 23 28 24 15 25 29 26 18 27 30 32 22 33 13 34 15 35 24 36 29 37 11 38 12 39 30 40 13 41 22 42 20 43 26 44 13 45 15 46 17 47 19 48 23 49 24 50 15 51 25 52 29 53 17 54 20 55 14 4 56 19 57 11 58 25 59 27 
5 4 0 17 1 19 2 11 3 23 48 4 30 5 20 6 21 7 13 8 10 9 26 10 20 11 17 12 20 13 26 14 22 15 13 16 24 17 18 18 27 19 20 20 27 21 15 22 22 23 24 24 19 25 17 26 23 27 26 32 18 33 16 34 22 35 19 36 14 37 29 38 30 39 16 40 30 41 25 42 24 43 11 44 30 45 13 46 12 47 18 48 12 49 26 50 14 51 21 52 13 53 19 54 27 55 10 44 4 21 5 26 6 10 7 17 8 23 9 11 10 22 11 23 16 18 17 17 18 27 19 18 24 13 25 26 26 27 27 28 28 11 29 20 30 25 31 17 32 14 33 16 34 26 35 30 36 13 37 15 38 17 39 25 40 26 41 23 42 27 43 13 44 24 45 19 46 19 47 20 48 24 49 15 50 11 51 12 52 14 53 11 54 13 55 27 36 4 15 5 28 6 28 7 30 12 15 13 16 14 13 15 26 16 11 17 26 18 13 19 29 28 18 29 28 30 11 31 27 36 27 37 26 38 14 39 22 40 24 41 26 42 14 43 16 44 16 45 25 46 10 47 22 48 22 49 10 50 21 51 29 52 30 53 30 54 17 55 17 4 56 25 57 29 58 13 59 13 
5 4 0 30 1 28 2 18 3 13 36 4 14 5 26 6 10 7 23 12 30 13 23 14 20 15 16 16 28 17 23 18 29 19 16 20 16 21 11 22 30 23 28 24 14 25 22 26 17 27 14 28 11 29 10 30 30 31 27 32 15 33 11 34 22 35 18 36 18 37 25 38 14 39 14 44 28 45 15 46 25 47 13 32 8 23 9 14 10 10 11 16 12 28 13 25 14 26 15 16 16 13 17 21 18 28 19 27 20 17 21 29 22 20 23 18 24 11 25 28 26 17 27 19 40 14 41 13 42 15 43 23 48 21 49 16 50 22 51 16 52 26 53 21 54 21 55 29 20 8 13 9 29 10 25 11 17 20 13 21 27 22 16 23 25 32 10 33 23 34 30 35 22 36 27 37 22 38 15 39 24 48 26 49 14 50 27 51 23 4 56 23 57 12 58 29 59 24 
5 4 0 17 1 22 2 26 3 24 36 4 22 5 20 6 14 7 24 12 29 13 24 14 16 15 21 16 25 17 24 18 13 19 28 24 23 25 26 26 14 27 15 28 19 29 23 30 23 31 30 32 20 33 26 34 12 35 18 40 26 41 22 42 18 43 16 44 23 45 26 46 22 47 22 52 12 53 11 54 17 55 12 8 20 29 21 24 22 21 23 19 52 16 53 17 54 30 55 15 16 12 19 13 13 14 23 15 15 28 22 29 12 30 30 31 10 40 14 41 17 42 25 43 29 52 20 53 24 54 13 55 25 4 56 25 57 27 58 11 59 28 
5 4 0 18 1 11 2 14 3 22 16 4 28 5 16 6 30 7 16 16 15 17 18 18 21 19 24 32 22 33 27 34 27 35 25 40 23 41 24 42 16 43 16 52 4 27 5 25 6 29 7 15 8 28 9 29 10 11 11 14 12 17 13 20 14 22 15 15 16 22 17 11 18 18 19 24 20 17 21 28 22 10 23 28 24 25 25 23 26 17 27 18 28 13 29 16 30 26 31 14 32 10 33 14 34 18 35 26 36 30 37 19 38 29 39 17 40 12 41 28 42 26 43 14 44 12 45 23 46 18 47 19 48 12 49 17 50 14 51 23 52 14 53 23 54 10 55 21 4 16 26 17 15 18 17 19 15 4 56 26 57 16 58 11 59 22 
5 4 0 22 1 20 2 15 3 18 4 32 13 33 22 34 30 35 16 44 4 22 5 14 6 28 7 14 8 30 9 17 10 18 11 28 12 22 13 29 14 10 15 20 16 18 17 24 18 16 19 29 20 25 21 25 22 15 23 28 24 18 25 15 26 17 27 14 28 23 29 28 30 14 31 10 32 28 33 30 34 16 35 14 40 27 41 24 42 29 43 23 44 15 45 21 46 30 47 22 52 14 53 14 54 14 55 15 8 16 29 17 19 18 15 19 24 24 15 25 17 26 18 27 11 4 56 27 57 27 58 25 59 19 
5 4 0 18 1 28 2 15 3 22 52 4 27 5 16 6 15 7 14 8 17 9 12 10 24 11 20 12 28 13 28 14 27 15 15 16 17 17 23 18 23 19 11 20 18 21 30 22 15 23 16 24 20 25 19 26 24 27 24 28 30 29 18 30 10 31 16 32 19 33 21 34 18 35 15 36 29 37 24 38 10 39 29 40 27 41 11 42 10 43 10 44 19 45 20 46 19 47 11 48 25 49 20 50 18 51 29 52 21 53 28 54 10 55 10 4 24 16 25 25 26 17 27 16 28 12 21 13 24 14 28 15 21 16 28 17 23 18 11 19 22 24 21 25 10 26 30 27 14 36 16 37 18 38 12 39 14 40 11 41 16 42 21 43 30 44 12 45 18 46 20 47 16 52 24 53 17 54 10 55 14 4 56 19 57 27 58 12 59 14 
5 4 0 11 1 14 2 14 3 21 52 4 14 5 15 6 16 7 22 8 15 9 27 10 10 11 17 12 20 13 30 14 23 15 11 16 22 17 23 18 15 19 30 20 19 21 28 22 23 23 16 24 19 25 14 26 14 27 10 28 19 29 15 30 23 31 14 32 27 33 21 34 28 35 15 36 22 37 14 38 11 39 20 40 28 41 14 42 10 43 29 44 25 45 27 46 12 47 19 48 22 49 16 50 28 51 25 52 10 53 26 54 27 55 26 8 4 24 5 17 6 27 7 23 16 27 17 30 18 21 19 24 24 4 22 5 29 6 19 7 14 16 12 17 10 18 15 19 27 28 17 29 14 30 10 31 22 32 21 33 30 34 28 35 20 40 13 41 27 42 19 43 23 52 28 53 25 54 25 55 10 4 56 23 57 24 58 11 59 18 
5 4 0 18 1 24 2 13 3 22 12 12 20 13 17 14 15 15 12 32 13 33 13 34 18 35 30 40 28 41 30 42 22 43 14 8 8 14 9 28 10 28 11 23 44 15 45 29 46 23 47 10 44 4 20 5 19 6 30 7 22 8 15 9 20 10 11 11 29 16 30 17 17 18 18 19 12 20 10 21 22 22 10 23 21 24 10 25 15 26 14 27 22 28 15 29 11 30 12 31 26 32 11 33 24 34 12 35 21 36 23 37 19 38 25 39 24 40 30 41 29 42 26 43 19 44 30 45 22 46 15 47 26 48 24 49 13 50 15 51 25 4 56 26 57 10 58 19 59 30 
5 4 0 22 1 26 2 30 3 22 40 4 20 5 30 6 24 7 28 8 18 9 11 10 21 11 25 12 15 13 23 14 22 15 14 16 27 17 30 18 13 19 20 20 25 21 26 22 13 23 23 28 12 29 25 30 21 31 13 32 17 33 11 34 13 35 28 36 29 37 24 38 21 39 25 40 27 41 29 42 22 43 26 52 10 53 29 54 22 55 16 20 4 27 5 12 6 10 7 23 20 17 21 13 22 15 23 14 24 15 25 23 26 29 27 19 44 24 45 17 46 22 47 22 52 25 53 26 54 28 55 23 28 4 28 5 30 6 17 7 11 28 23 29 22 30 19 31 15 32 13 33 15 34 17 35 21 36 17 37 19 38 12 39 11 44 15 45 27 46 17 47 26 48 21 49 14 50 24 51 23 52 23 53 11 54 22 55 18 4 56 30 57 16 58 27 59 20 
5 4 0 23 1 29 2 28 3 20 24 20 11 21 16 22 20 23 17 28 23 29 24 30 15 31 13 36 21 37 29 38 23 39 14 44 23 45 15 46 12 47 14 48 29 49 16 50 14 51 16 52 29 53 20 54 18 55 11 28 16 16 17 26 18 24 19 14 20 24 21 14 22 12 23 15 28 15 29 20 30 22 31 17 32 10 33 12 34 25 35 21 44 14 45 29 46 24 47 12 48 22 49 29 50 26 51 11 52 22 53 11 54 30 55 30 28 4 12 5 10 6 24 7 15 16 30 17 12 18 17 19 25 32 22 33 18 34 16 35 24 36 30 37 10 38 16 39 30 40 30 41 13 42 23 43 12 48 19 49 12 50 14 51 25 52 20 53 22 54 22 55 20 4 56 18 57 25 58 13 59 20 
5 4 0 29 1 17 2 22 3 20 8 4 30 5 18 6 11 7 11 24 29 25 30 26 20 27 18 52 4 23 5 23 6 26 7 29 8 18 9 20 10 20 11 23 12 28 13 23 14 12 15 14 16 23 17 20 18 28 19 26 20 28 21 18 22 15 23 13 24 23 25 18 26 22 27 17 28 26 29 10 30 30 31 14 32 24 33 15 34 24 35 29 36 13 37 30 38 23 39 13 40 15 41 19 42 16 43 20 44 13 45 13 46 28 47 27 48 16 49 12 50 10 51 15 52 27 53 19 54 17 55 16 8 8 29 9 15 10 24 11 27 24 13 25 15 26 18 27 15 4 56 23 57 11 58 10 59 14 
5 4 0 19 1 13 2 11 3 14 12 40 19 41 28 42 26 43 21 44 20 45 11 46 17 47 14 48 27 49 15 50 20 51 13 52 4 14 5 12 6 21 7 11 8 21 9 29 10 12 11 29 12 11 13 27 14 26 15 20 16 16 17 26 18 15 19 17 20 30 21 14 22 29 23 25 24 30 25 13 26 24 27 26 28 11 29 26 30 19 31 12 32 18 33 17 34 23 35 17 36 25 37 10 38 21 39 14 40 30 41 28 42 11 43 11 44 25 45 29 46 20 47 18 48 23 49 28 50 16 51 22 52 27 53 22 54 20 55 19 32 4 22 5 22 6 24 7 18 12 24 13 16 14 11 15 15 16 19 17 18 18 26 19 11 20 23 21 14 22 11 23 13 24 26 25 25 26 18 27 10 28 28 29 12 30 13 31 11 40 15 41 18 42 19 43 16 52 22 53 26 54 27 55 27 4 56 15 57 29 58 27 59 23 
5 4 0 23 1 19 2 23 3 23 20 4 17 5 28 6 21 7 15 16 16 17 28 18 10 19 19 28 28 29 25 30 18 31 12 32 28 33 23 34 21 35 27 44 20 45 30 46 10 47 25 36 4 24 5 16 6 12 7 18 8 23 9 18 10 10 11 14 12 20 13 22 14 11 15 16 16 11 17 22 18 29 19 24 20 20 21 15 22 23 23 17 24 21 25 10 26 24 27 14 32 28 33 17 34 14 35 17 36 25 37 30 38 29 39 28 52 17 53 10 54 28 55 25 4 28 29 29 28 30 11 31 26 4 56 17 57 20 58 10 59 25 
5 4 0 30 1 26 2 10 3 28 12 20 12 21 22 22 30 23 23 28 13 29 11 30 20 31 10 52 11 53 12 54 30 55 20 40 12 17 13 19 14 16 15 17 16 11 17 12 18 22 19 25 24 16 25 23 26 17 27 12 28 15 29 28 30 29 31 20 32 15 33 16 34 10 35 16 36 29 37 14 38 26 39 10 40 10 41 12 42 21 43 20 44 16 45 29 46 17 47 20 48 17 49 26 50 14 51 28 52 26 53 13 54 20 55 10 40 4 15 5 30 6 18 7 16 8 27 9 10 10 23 11 12 12 13 13 11 14 12 15 22 16 29 17 17 18 17 19 21 20 25 21 28 22 15 23 12 24 18 25 21 26 25 27 18 28 30 29 13 30 27 31 17 32 13 33 25 34 25 35 12 36 27 37 13 38 24 39 24 48 14 49 18 50 18 51 25 4 56 14 57 21 58 25 59 19 
5 4 0 26 1 29 2 12 3 11 24 4 18 5 10 6 15 7 15 8 23 9 13 10 22 11 20 16 19 17 17 18 17 19 17 20 30 21 22 22 15 23 30 24 21 25 29 26 29 27 27 52 24 53 19 54 20 55 22 4 20 17 21 26 22 25 23 23 48 4 29 5 17 6 28 7 25 8 25 9 27 10 15 11 11 12 23 13 12 14 21 15 21 16 30 17 19 18 10 19 12 20 30 21 13 22 22 23 15 24 12 25 14 26 24 27 29 28 20 29 26 30 28 31 25 32 23 33 16 34 15 35 17 36 27 37 16 38 10 39 14 40 11 41 21 42 17 43 13 48 17 49 29 50 10 51 17 52 13 53 18 54 22 55 17 4 56 23 57 19 58 18 59 22 
5 4 0 24 1 25 2 22 3 16 32 4 19 5 25 6 29 7 25 8 30 9 19 10 18 11 22 12 30 13 21 14 18 15 17 20 16 21 30 22 19 23 26 28 13 29 22 30 20 31 16 36 15 37 11 38 30 39 17 44 19 45 18 46 16 47 15 52 16 53 10 54 20 55 12 48 4 13 5 25 6 23 7 30 8 14 9 27 10 21 11 24 12 30 13 14 14 22 15 12 20 12 21 13 22 16 23 28 24 24 25 12 26 14 27 24 28 25 29 30 30 21 31 28 32 13 33 27 34 16 35 14 36 16 37 20 38 28 39 28 40 27 41 16 42 26 43 17 44 15 45 26 46 22 47 27 48 28 49 28 50 29 51 23 52 13 53 20 54 25 55 11 48 4 14 5 28 6 25 7 23 12 18 13 20 14 21 15 17 16 10 17 11 18 27 19 12 20 10 21 24 22 30 23 24 24 30 25 22 26 27 27 11 28 28 29 12 30 30 31 29 32 20 33 10 34 23 35 22 36 23 37 21 38 13 39 18 40 28 41 15 42 19 43 30 44 29 45 16 46 18 47 18 48 24 49 23 50 25 51 24 52 19 53 14 54 22 55 27 4 56 12 57 17 58 18 59 13 
5 4 0 24 1 16 2 22 3 15 16 8 25 9 19 10 28 11 13 28 17 29 17 30 30 31 30 36 29 37 29 38 23 39 29 48 12 49 18 50 17 51 23 36 4 15 5 22 6 17 7 10 8 14 9 13 10 30 11 29 12 28 13 23 14 24 15 15 16 23 17 20 18 27 19 19 24 19 25 24 26 27 27 18 40 10 41 22 42 20 43 14 44 30 45 15 46 22 47 18 48 24 49 24 50 23 51 17 52 17 53 16 54 17 55 26 20 4 22 5 16 6 21 7 28 24 21 25 23 26 10 27 11 32 29 33 11 34 27 35 29 40 27 41 15 42 27 43 28 48 30 49 23 50 24 51 16 4 56 17 57 26 58 13 59 23 
5 4 0 22 1 27 2 22 3 18 4 32 19 33 14 34 13 35 17 44 8 29 9 26 10 20 11 27 12 10 13 28 14 14 15 24 16 25 17 17 18 19 19 24 20 27 21 29 22 18 23 10 24 18 25 28 26 10 27 15 28 10 29 18 30 13 31 28 36 11 37 24 38 20 39 17 40 14 41 29 42 11 43 29 44 23 45 16 46 12 47 26 48 13 49 27 50 25 51 26 52 16 53 14 54 12 55 10 4 52 28 53 14 54 23 55 13 4 56 25 57 16 58 30 59 24 
5 4 0 26 1 13 2 12 3 17 28 8 16 9 19 10 29 11 25 12 30 13 15 14 12 15 13 24 20 25 12 26 23 27 12 36 30 37 25 38 23 39 14 40 26 41 30 42 18 43 30 48 25 49 25 50 25 51 25 52 18 53 10 54 29 55 26 48 4 24 5 17 6 25 7 24 12 11 13 15 14 24 15 10 16 26 17 11 18 22 19 18 20 18 21 18 22 10 23 27 24 18 25 17 26 23 27 24 28 15 29 29 30 11 31 19 32 22 33 18 34 13 35 29 36 18 37 19 38 15 39 17 40 26 41 26 42 10 43 27 44 28 45 26 46 24 47 24 48 29 49 28 50 16 51 26 52 14 53 23 54 23 55 16 4 40 28 41 19 42 13 43 28 4 56 29 57 27 58 25 59 19 
5 4 0 13 1 30 2 24 3 11 20 12 18 13 20 14 29 15 11 20 24 21 16 22 10 23 27 24 27 25 25 26 24 27 20 28 13 29 29 30 17 31 20 40 11 41 16 42 28 43 23 24 8 15 9 26 10 16 11 27 12 26 13 17 14 13 15 26 16 16 17 19 18 21 19 19 24 24 25 19 26 30 27 15 28 12 29 22 30 24 31 16 48 26 49 17 50 23 51 14 36 12 14 13 23 14 10 15 15 16 13 17 25 18 28 19 21 20 13 21 20 22 11 23 30 32 29 33 21 34 18 35 16 36 30 37 24 38 22 39 13 40 14 41 11 42 29 43 16 44 10 45 12 46 15 47 30 48 14 49 12 50 26 51 15 52 11 53 24 54 28 55 23 4 56 11 57 28 58 17 59 16 
5 4 0 10 1 27 2 19 3 15 52 4 11 5 13 6 14 7 10 8 30 9 22 10 26 11 16 12 20 13 17 14 17 15 27 16 21 17 15 18 23 19 12 20 11 21 21 22 26 23 29 24 23 25 15 26 21 27 14 28 14 29 15 30 12 31 22 32 20 33 11 34 25 35 23 36 24 37 30 38 16 39 28 40 30 41 12 42 16 43 30 44 20 45 18 46 18 47 15 48 12 49 18 50 26 51 27 52 26 53 27 54 23 55 15 4 48 24 49 15 50 24 51 20 28 4 27 5 24 6 13 7 27 12 25 13 18 14 29 15 27 16 10 17 24 18 26 19 19 28 20 29 25 30 10 31 29 36 14 37 14 38 22 39 16 48 23 49 24 50 21 51 10 52 10 53 10 54 18 55 30 4 56 16 57 24 58 30 59 12 
5 4 0 24 1 26 2 11 3 29 52 4 24 5 29 6 11 7 23 8 15 9 21 10 26 11 19 12 23 13 21 14 28 15 21 16 11 17 26 18 10 19 10 20 11 21 19 22 28 23 23 24 20 25 15 26 25 27 23 28 17 29 22 30 15 31 25 32 26 33 25 34 30 35 19 36 14 37 25 38 26 39 20 40 19 41 23 42 10 43 25 44 20 45 13 46 15 47 15 48 28 49 28 50 28 51 20 52 27 53 11 54 16 55 23 40 4 17 5 12 6 21 7 12 8 28 9 24 10 20 11 13 12 11 13 25 14 12 15 20 16 28 17 23 18 20 19 18 28 24 29 13 30 27 31 30 32 15 33 28 34 21 35 23 36 30 37 10 38 28 39 30 40 29 41 25 42 25 43 15 44 24 45 12 46 20 47 14 52 18 53 14 54 28 55 17 40 4 26 5 10 6 23 7 13 8 29 9 28 10 11 11 30 12 25 13 13 14 27 15 13 16 29 17 28 18 25 19 21 20 17 21 23 22 24 23 18 24 24 25 23 26 21 27 27 28 19 29 25 30 29 31 26 32 28 33 20 34 23 35 19 36 16 37 25 38 28 39 23 44 22 45 29 46 18 47 25 4 56 10 57 17 58 30 59 18 
5 4 0 16 1 30 2 29 3 22 40 4 15 5 23 6 11 7 17 8 26 9 12 10 29 11 21 12 27 13 17 14 16 15 15 16 25 17 27 18 15 19 16 24 30 25 26 26 28 27 16 32 23 33 30 34 29 35 23 36 24 37 24 38 18 39 21 44 23 45 30 46 20 47 22 48 10 49 22 50 13 51 29 52 23 53 12 54 14 55 19 28 8 26 9 13 10 19 11 29 12 14 13 15 14 25 15 17 16 21 17 26 18 18 19 14 28 16 29 23 30 13 31 27 40 17 41 25 42 28 43 13 48 12 49 14 50 24 51 23 52 19 53 15 54 12 55 15 52 4 20 5 25 6 13 7 26 8 18 9 24 10 14 11 20 12 27 13 16 14 26 15 24 16 11 17 13 18 21 19 19 20 17 21 22 22 22 23 25 24 17 25 14 26 13 27 28 28 28 29 16 30 24 31 21 32 18 33 20 34 10 35 11 36 15 37 19 38 24 39 19 40 28 41 28 42 14 43 16 44 18 45 12 46 10 47 20 48 10 49 11 50 21 51 20 52 11 53 20 54 21 55 18 4 56 11 57 25 58 23 59 27 
5 4 0 18 1 29 2 25 3 19 16 8 30 9 28 10 23 11 19 28 27 29 19 30 25 31 15 32 28 33 19 34 23 35 14 44 18 45 27 46 19 47 19 52 4 29 5 21 6 17 7 23 8 19 9 14 10 18 11 16 12 14 13 16 14 27 15 29 16 14 17 26 18 28 19 17 20 17 21 19 22 30 23 24 24 27 25 11 26 28 27 27 28 23 29 12 30 15 31 27 32 15 33 25 34 23 35 28 36 27 37 30 38 21 39 29 40 16 41 21 42 19 43 25 44 29 45 21 46 21 47 28 48 23 49 20 50 19 51 26 52 30 53 24 54 13 55 29 4 40 10 41 29 42 26 43 23 4 56 12 57 17 58 13 59 22 
5 4 0 14 1 15 2 13 3 29 28 4 18 5 29 6 25 7 16 12 16 13 16 14 21 15 17 28 26 29 23 30 19 31 18 36 10 37 22 38 21 39 13 44 17 45 28 46 19 47 22 48 21 49 13 50 20 51 14 52 23 53 10 54 14 55 30 8 20 12 21 25 22 18 23 14 44 11 45 21 46 30 47 23 4 20 23 21 21 22 10 23 19 4 56 16 57 11 58 14 59 15 
5 4 0 24 1 30 2 18 3 23 40 4 15 5 10 6 11 7 14 8 18 9 16 10 23 11 24 12 14 13 10 14 19 15 13 16 18 17 20 18 14 19 16 24 30 25 20 26 12 27 15 28 15 29 17 30 25 31 12 32 10 33 24 34 28 35 13 36 12 37 20 38 27 39 29 40 29 41 20 42 22 43 11 44 16 45 30 46 20 47 26 36 4 16 5 30 6 30 7 20 8 17 9 18 10 11 11 26 20 23 21 17 22 20 23 21 28 24 29 18 30 15 31 29 32 11 33 16 34 25 35 11 36 13 37 13 38 17 39 21 44 26 45 24 46 16 47 24 48 22 49 15 50 19 51 17 52 12 53 17 54 24 55 28 24 4 17 5 19 6 29 7 19 12 15 13 27 14 17 15 13 16 12 17 26 18 29 19 12 24 20 25 20 26 26 27 15 28 13 29 28 30 23 31 26 48 16 49 28 50 24 51 11 4 56 26 57 13 58 21 59 23 
5 4 0 26 1 30 2 22 3 26 32 4 15 5 20 6 24 7 24 8 19 9 24 10 24 11 29 20 10 21 14 22 20 23 22 24 30 25 16 26 26 27 17 32 26 33 10 34 26 35 21 40 12 41 13 42 17 43 10 44 30 45 23 46 16 47 20 52 29 53 20 54 10 55 18 4 44 19 45 12 46 12 47 12 4 52 28 53 17 54 17 55 25 4 56 23 57 22 58 21 59 24 
5 4 0 21 1 14 2 12 3 12 4 24 18 25 28 26 10 27 25 12 12 20 13 20 14 22 15 10 24 17 25 21 26 30 27 24 44 25 45 14 46 24 47 17 40 8 29 9 27 10 10 11 30 12 14 13 10 14 24 15 22 16 13 17 20 18 24 19 24 20 30 21 30 22 17 23 13 24 14 25 25 26 27 27 14 32 25 33 11 34 14 35 18 36 17 37 18 38 23 39 26 44 25 45 26 46 17 47 22 48 10 49 19 50 19 51 22 52 30 53 15 54 30 55 29 4 56 24 57 30 58 12 59 24 
5 4 0 13 1 30 2 10 3 28 48 4 20 5 15 6 25 7 11 8 25 9 28 10 26 11 25 12 29 13 28 14 23 15 22 16 30 17 20 18 29 19 20 20 10 21 15 22 25 23 26 24 22 25 13 26 13 27 12 28 27 29 11 30 21 31 24 36 11 37 11 38 14 39 15 40 23 41 10 42 21 43 30 44 30 45 13 46 21 47 23 48 24 49 28 50 19 51 17 52 21 53 19 54 15 55 14 12 8 29 9 24 10 13 11 16 16 23 17 17 18 22 19 20 36 25 37 14 38 15 39 25 8 28 26 29 28 30 11 31 29 32 30 33 24 34 17 35 27 4 56 18 57 21 58 17 59 10 
5 4 0 29 1 19 2 30 3 22 4 48 30 49 18 50 29 51 12 40 4 25 5 21 6 21 7 21 12 19 13 30 14 16 15 21 16 24 17 20 18 15 19 23 20 21 21 14 22 10 23 21 28 24 29 17 30 15 31 30 32 10 33 26 34 25 35 18 36 16 37 22 38 27 39 12 40 29 41 16 42 24 43 13 44 27 45 11 46 28 47 28 52 30 53 16 54 17 55 16 12 12 10 13 16 14 14 15 20 28 22 29 10 30 15 31 30 44 28 45 19 46 23 47 26 4 56 29 57 11 58 14 59 16 
5 4 0 13 1 11 2 23 3 25 12 4 16 5 25 6 14 7 11 12 14 13 16 14 22 15 16 48 22 49 19 50 26 51 22 12 16 24 17 25 18 24 19 14 36 10 37 20 38 22 39 10 48 12 49 28 50 24 51 18 24 4 28 5 26 6 16 7 29 12 17 13 23 14 11 15 23 28 19 29 29 30 25 31 14 36 30 37 20 38 10 39 25 44 17 45 10 46 12 47 16 52 24 53 26 54 10 55 16 4 56 30 57 16 58 19 59 28 
5 4 0 20 1 21 2 28 3 29 4 40 16 41 19 42 21 43 27 44 8 17 9 16 10 25 11 12 12 30 13 26 14 30 15 14 16 10 17 21 18 25 19 21 20 15 21 30 22 11 23 24 24 10 25 11 26 27 27 18 32 11 33 17 34 15 35 26 36 30 37 24 38 19 39 16 40 17 41 16 42 17 43 29 44 21 45 30 46 27 47 21 48 12 49 10 50 13 51 30 52 13 53 25 54 13 55 13 16 24 26 25 26 26 27 27 22 28 29 29 19 30 29 31 22 36 27 37 29 38 26 39 28 48 29 49 19 50 10 51 12 4 56 27 57 28 58 30 59 24 
5 4 0 21 1 11 2 15 3 18 4 4 30 5 30 6 22 7 21 28 8 23 9 14 10 29 11 22 12 12 13 24 14 16 15 22 16 11 17 23 18 26 19 24 24 14 25 23 26 18 27 25 32 22 33 17 34 22 35 13 36 19 37 28 38 12 39 21 52 10 53 27 54 18 55 27 20 16 21 17 30 18 19 19 13 28 15 29 14 30 10 31 16 36 14 37 11 38 22 39 13 40 27 41 20 42 25 43 28 44 26 45 30 46 25 47 28 4 56 11 57 30 58 20 59 22 
5 4 0 18 1 26 2 11 3 11 4 48 14 49 12 50 21 51 25 4 4 10 5 20 6 14 7 14 32 4 11 5 25 6 27 7 26 8 27 9 19 10 14 11 17 12 10 13 22 14 16 15 18 20 25 21 28 22 28 23 28 28 22 29 21 30 12 31 22 40 16 41 11 42 12 43 19 48 27 49 27 50 16 51 10 52 15 53 12 54 10 55 12 4 56 15 57 17 58 27 59 11 
5 4 0 14 1 17 2 11 3 19 28 4 30 5 26 6 17 7 14 8 15 9 26 10 17 11 27 12 19 13 18 14 24 15 29 20 17 21 10 22 17 23 30 32 28 33 13 34 18 35 15 40 11 41 14 42 29 43 13 48 12 49 15 50 16 51 18 4 12 27 13 21 14 13 15 30 12 16 11 17 16 18 19 19 23 24 15 25 28 26 30 27 27 36 16 37 15 38 13 39 20 4 56 14 57 26 58 25 59 18 
5 4 0 16 1 19 2 22 3 25 44 4 10 5 26 6 30 7 15 8 14 9 19 10 26 11 22 12 15 13 14 14 11 15 19 16 18 17 19 18 25 19 30 20 21 21 27 22 20 23 14 28 21 29 23 30 20 31 22 32 27 33 28 34 30 35 16 36 12 37 19 38 12 39 14 40 24 41 13 42 15 43 18 44 16 45 21 46 19 47 13 52 27 53 17 54 22 55 20 12 16 29 17 13 18 10 19 29 48 29 49 21 50 29 51 19 52 17 53 27 54 10 55 30 24 20 14 21 10 22 29 23 23 28 13 29 16 30 10 31 30 32 12 33 30 34 26 35 22 36 25 37 15 38 15 39 14 40 28 41 14 42 11 43 20 48 21 49 17 50 21 51 25 4 56 18 57 27 58 28 59 12 
5 4 0 19 1 20 2 17 3 24 44 8 27 9 15 10 30 11 13 12 23 13 16 14 26 15 20 16 12 17 12 18 27 19 29 20 11 21 26 22 23 23 23 24 11 25 22 26 19 27 28 28 12 29 23 30 10 31 16 32 11 33 23 34 20 35 23 36 20 37 19 38 16 39 27 40 22 41 23 42 11 43 21 48 20 49 12 50 16 51 30 52 11 53 11 54 17 55 15 44 4 29 5 17 6 25 7 14 8 14 9 11 10 22 11 15 12 30 13 18 14 23 15 15 16 28 17 29 18 12 19 18 24 10 25 15 26 22 27 17 28 30 29 26 30 20 31 25 36 30 37 21 38 28 39 19 40 25 41 16 42 22 43 17 44 23 45 17 46 21 47 25 48 11 49 17 50 25 51 19 52 25 53 23 54 10 55 16 40 4 21 5 30 6 15 7 18 8 20 9 10 10 12 11 15 12 12 13 30 14 18 15 24 16 19 17 16 18 20 19 19 20 28 21 15 22 29 23 11 24 13 25 15 26 19 27 11 28 15 29 18 30 21 31 15 40 12 41 20 42 24 43 10 48 26 49 14 50 22 51 12 52 17 53 21 54 25 55 19 4 56 23 57 22 58 20 59 24 
5 4 0 27 1 20 2 18 3 20 32 4 12 5 12 6 26 7 11 16 19 17 28 18 22 19 29 20 12 21 24 22 28 23 23 24 13 25 14 26 10 27 23 32 30 33 10 34 19 35 23 44 22 45 24 46 19 47 19 48 27 49 27 50 24 51 30 52 14 53 16 54 30 55 14 44 4 19 5 24 6 13 7 27 8 24 9 22 10 20 11 19 12 24 13 13 14 16 15 26 20 13 21 30 22 26 23 12 24 17 25 22 26 14 27 10 32 26 33 27 34 19 35 23 36 18 37 16 38 18 39 17 40 18 41 17 42 14 43 11 44 23 45 24 46 21 47 21 48 11 49 22 50 12 51 23 52 20 53 16 54 18 55 12 8 8 14 9 22 10 20 11 28 52 10 53 29 54 11 55 15 4 56 27 57 22 58 28 59 29 
5 4 0 20 1 28 2 22 3 19 48 4 14 5 24 6 17 7 29 8 26 9 13 10 25 11 24 12 26 13 29 14 22 15 16 20 23 21 28 22 21 23 16 24 13 25 27 26 26 27 14 28 26 29 24 30 24 31 23 32 12 33 11 34 28 35 24 36 21 37 12 38 15 39 11 40 29 41 30 42 27 43 10 44 25 45 22 46 29 47 16 48 30 49 15 50 28 51 18 52 18 53 29 54 15 55 22 28 4 28 5 25 6 18 7 11 8 28 9 10 10 14 11 15 16 20 17 26 18 29 19 11 20 30 21 19 22 20 23 11 24 22 25 17 26 18 27 22 36 26 37 14 38 10 39 26 52 19 53 25 54 26 55 15 32 4 18 5 30 6 11 7 25 12 16 13 22 14 20 15 14 16 22 17 14 18 21 19 24 20 24 21 26 22 24 23 12 24 26 25 26 26 20 27 14 32 11 33 21 34 27 35 17 36 12 37 18 38 23 39 17 52 27 53 21 54 16 55 28 4 56 16 57 11 58 25 59 28 
5 4 0 29 1 13 2 24 3 15 32 4 16 5 19 6 18 7 10 12 29 13 29 14 25 15 11 20 24 21 11 22 27 23 30 28 27 29 14 30 27 31 18 36 10 37 20 38 19 39 21 40 13 41 26 42 27 43 14 44 14 45 28 46 10 47 21 52 17 53 30 54 28 55 13 32 8 15 9 23 10 11 11 13 20 14 21 11 22 18 23 23 28 16 29 14 30 15 31 26 32 18 33 20 34 10 35 30 36 13 37 25 38 24 39 20 44 29 45 29 46 29 47 25 48 17 49 19 50 10 51 22 52 24 53 13 54 25 55 28 36 16 18 17 23 18 14 19 21 20 11 21 20 22 18 23 21 24 28 25 21 26 12 27 13 28 21 29 28 30 11 31 27 32 18 33 17 34 17 35 14 36 23 37 22 38 29 39 15 40 22 41 13 42 16 43 29 44 13 45 23 46 26 47 17 52 18 53 12 54 29 55 16 4 56 14 57 10 58 23 59 20 
5 4 0 17 1 26 2 16 3 22 48 4 19 5 16 6 26 7 17 8 13 9 30 10 30 11 27 16 30 17 14 18 16 19 20 20 22 21 15 22 28 23 13 24 20 25 27 26 23 27 25 28 25 29 30 30 16 31 14 32 21 33 29 34 11 35 18 36 23 37 30 38 22 39 25 40 26 41 26 42 16 43 13 44 17 45 30 46 15 47 26 48 28 49 27 50 20 51 25 52 19 53 27 54 26 55 20 16 16 20 17 20 18 16 19 27 40 26 41 18 42 19 43 13 48 12 49 28 50 27 51 26 52 30 53 22 54 23 55 11 24 8 16 9 30 10 20 11 18 20 22 21 10 22 23 23 17 32 20 33 16 34 18 35 24 44 29 45 28 46 29 47 18 48 22 49 30 50 24 51 16 52 27 53 28 54 20 55 18 4 56 16 57 29 58 16 59 11 
5 4 0 12 1 24 2 29 3 18 52 4 20 5 26 6 29 7 27 8 18 9 16 10 24 11 27 12 23 13 11 14 16 15 18 16 12 17 18 18 22 19 12 20 12 21 30 22 24 23 11 24 22 25 19 26 27 27 17 28 28 29 17 30 25 31 18 32 26 33 11 34 26 35 14 36 27 37 26 38 13 39 30 40 25 41 15 42 25 43 19 44 15 45 30 46 17 47 12 48 19 49 22 50 30 51 24 52 28 53 11 54 13 55 19 4 20 10 21 29 22 27 23 13 16 4 27 5 14 6 12 7 22 8 28 9 10 10 16 11 23 24 10 25 28 26 22 27 21 40 21 41 29 42 17 43 17 4 56 29 57 14 58 19 59 19 
5 4 0 15 1 13 2 13 3 25 52 4 24 5 13 6 15 7 10 8 24 9 28 10 12 11 23 12 27 13 21 14 30 15 22 16 24 17 26 18 29 19 11 20 25 21 18 22 29 23 23 24 18 25 14 26 19 27 13 28 17 29 29 30 20 31 23 32 12 33 19 34 15 35 30 36 24 37 17 38 25 39 29 40 17 41 22 42 13 43 18 44 26 45 19 46 18 47 15 48 20 49 28 50 19 51 21 52 23 53 23 54 10 55 21 40 4 18 5 15 6 16 7 19 8 16 9 21 10 17 11 23 12 20 13 22 14 21 15 12 16 22 17 15 18 22 19 26 20 17 21 19 22 19 23 25 24 18 25 16 26 29 27 16 32 14 33 20 34 28 35 14 36 26 37 16 38 23 39 12 44 15 45 24 46 23 47 16 52 11 53 11 54 13 55 25 36 4 23 5 25 6 22 7 10 12 26 13 10 14 24 15 10 16 21 17 15 18 15 19 19 20 23 21 18 22 30 23 15 24 12 25 18 26 27 27 14 36 29 37 16 38 28 39 18 40 22 41 18 42 21 43 28 48 28 49 21 50 20 51 19 52 16 53 13 54 26 55 25 4 56 10 57 25 58 10 59 21 
5 4 0 14 1 26 2 28 3 14 8 12 11 13 14 14 19 15 28 20 19 21 30 22 14 23 11 24 20 24 21 22 22 11 23 27 28 16 29 11 30 11 31 14 32 26 33 15 34 30 35 18 36 23 37 10 38 10 39 26 48 20 49 28 50 21 51 28 52 18 53 29 54 28 55 22 4 32 26 33 22 34 10 35 24 4 56 21 57 20 58 11 59 30 
5 4 0 10 1 27 2 18 3 19 28 12 15 13 11 14 18 15 18 16 23 17 26 18 15 19 17 20 15 21 29 22 26 23 10 24 17 25 11 26 19 27 16 32 22 33 28 34 13 35 13 36 18 37 14 38 20 39 12 52 12 53 30 54 19 55 13 20 16 30 17 24 18 21 19 15 20 23 21 25 22 11 23 15 32 26 33 16 34 17 35 24 36 29 37 30 38 23 39 21 44 24 45 23 46 27 47 11 4 40 26 41 26 42 10 43 12 4 56 16 57 15 58 25 59 23 
5 4 0 25 1 29 2 29 3 11 4 52 21 53 17 54 13 55 17 32 12 27 13 26 14 15 15 17 16 21 17 20 18 15 19 20 20 22 21 30 22 29 23 17 24 25 25 27 26 15 27 21 28 10 29 18 30 11 31 27 32 30 33 17 34 28 35 29 36 28 37 13 38 19 39 21 52 30 53 12 54 26 55 13 24 4 16 5 20 6 29 7 18 12 10 13 26 14 18 15 16 20 29 21 15 22 28 23 29 28 24 29 12 30 13 31 21 32 24 33 26 34 30 35 20 44 12 45 24 46 25 47 10 4 56 28 57 17 58 16 59 11 
5 4 0 25 1 20 2 25 3 24 48 4 20 5 23 6 12 7 17 8 17 9 23 10 10 11 14 12 23 13 12 14 11 15 12 16 28 17 30 18 21 19 18 20 25 21 16 22 14 23 24 24 24 25 23 26 29 27 11 28 22 29 15 30 16 31 11 32 15 33 14 34 17 35 29 36 10 37 22 38 13 39 25 40 12 41 15 42 28 43 14 44 29 45 27 46 16 47 17 48 18 49 19 50 14 51 24 48 4 22 5 22 6 11 7 11 8 21 9 30 10 18 11 14 12 18 13 28 14 16 15 19 16 26 17 26 18 20 19 16 20 27 21 27 22 17 23 14 24 23 25 11 26 15 27 15 28 16 29 10 30 21 31 10 32 16 33 14 34 17 35 16 36 15 37 26 38 25 39 11 40 29 41 13 42 26 43 22 44 30 45 30 46 14 47 26 52 17 53 17 54 24 55 22 32 4 17 5 21 6 30 7 11 8 18 9 18 10 26 11 12 16 25 17 18 18 13 19 11 32 14 33 28 34 15 35 19 36 18 37 13 38 10 39 23 44 28 45 25 46 27 47 10 48 15 49 14 50 24 51 22 52 21 53 29 54 12 55 14 4 56 11 57 15 58 13 59 30 
5 4 0 10 1 28 2 27 3 11 16 4 25 5 12 6 25 7 17 32 28 33 23 34 28 35 12 36 17 37 26 38 29 39 11 52 13 53 26 54 12 55 15 44 4 12 5 10 6 24 7 22 8 18 9 27 10 17 11 17 12 14 13 24 14 17 15 10 16 21 17 18 18 24 19 20 20 16 21 27 22 17 23 20 24 13 25 18 26 29 27 13 28 23 29 20 30 10 31 12 36 14 37 27 38 17 39 11 40 10 41 13 42 20 43 14 44 23 45 19 46 12 47 27 52 24 53 30 54 16 55 27 12 8 12 9 27 10 11 11 20 16 11 17 24 18 24 19 16 20 27 21 22 22 30 23 30 4 56 24 57 18 58 25 59 15 
5 4 0 13 1 17 2 30 3 12 4 32 12 33 17 34 14 35 20 20 32 26 33 21 34 30 35 11 36 16 37 11 38 24 39 19 40 10 41 14 42 11 43 27 48 27 49 16 50 22 51 14 52 15 53 24 54 19 55 13 44 4 26 5 28 6 14 7 26 8 26 9 10 10 15 11 26 12 25 13 20 14 17 15 21 16 29 17 18 18 16 19 26 24 19 25 17 26 12 27 28 28 13 29 10 30 18 31 27 32 29 33 12 34 21 35 21 36 28 37 28 38 26 39 23 44 30 45 10 46 14 47 28 48 25 49 16 50 12 51 15 52 19 53 20 54 10 55 23 4 56 17 57 16 58 16 59 20 
5 4 0 25 1 12 2 16 3 23 28 4 20 5 17 6 26 7 13 8 24 9 10 10 26 11 22 12 26 13 13 14 13 15 19 24 21 25 26 26 21 27 17 28 18 29 24 30 27 31 13 36 24 37 23 38 14 39 22 44 18 45 23 46 15 47 10 24 4 10 5 22 6 13 7 16 16 25 17 21 18 20 19 13 20 26 21 30 22 10 23 25 32 15 33 19 34 17 35 10 36 16 37 20 38 18 39 29 52 18 53 16 54 19 55 12 32 4 20 5 15 6 28 7 20 8 15 9 16 10 19 11 13 20 19 21 13 22 27 23 12 24 22 25 10 26 20 27 24 28 26 29 17 30 13 31 15 40 14 41 25 42 29 43 26 44 15 45 20 46 27 47 20 52 14 53 21 54 25 55 25 4 56 28 57 28 58 11 59 22 
5 4 0 22 1 28 2 16 3 16 36 12 13 13 12 14 14 15 22 16 30 17 16 18 13 19 14 20 16 21 24 22 26 23 15 28 10 29 30 30 19 31 23 32 27 33 12 34 11 35 14 36 28 37 20 38 11 39 21 40 13 41 13 42 25 43 23 44 27 45 20 46 26 47 21 52 15 53 29 54 30 55 28 44 4 15 5 21 6 21 7 10 8 23 9 24 10 29 11 25 12 10 13 18 14 13 15 15 20 29 21 13 22 26 23 23 24 12 25 15 26 25 27 18 28 22 29 18 30 28 31 28 32 29 33 11 34 17 35 14 36 14 37 30 38 13 39 17 40 29 41 30 42 16 43 11 48 21 49 12 50 12 51 29 52 25 53 15 54 21 55 12 32 4 17 5 25 6 18 7 27 8 27 9 13 10 15 11 23 16 16 17 14 18 19 19 29 20 16 21 26 22 28 23 19 24 29 25 27 26 25 27 27 32 25 33 27 34 12 35 14 40 25 41 22 42 20 43 26 52 29 53 27 54 27 55 19 4 56 27 57 26 58 30 59 19 
5 4 0 26 1 11 2 10 3 14 52 4 10 5 20 6 26 7 15 8 22 9 14 10 24 11 10 12 26 13 21 14 22 15 30 16 10 17 14 18 25 19 14 20 14 21 11 22 15 23 12 24 29 25 28 26 25 27 22 28 24 29 14 30 12 31 22 32 17 33 25 34 27 35 12 36 13 37 28 38 11 39 25 40 12 41 25 42 21 43 20 44 22 45 27 46 16 47 23 48 16 49 21 50 26 51 22 52 17 53 15 54 23 55 24 16 20 24 21 15 22 24 23 26 28 12 29 29 30 23 31 20 36 12 37 26 38 12 39 24 52 25 53 25 54 21 55 16 16 16 12 17 15 18 28 19 12 36 27 37 27 38 30 39 13 44 21 45 21 46 27 47 15 52 21 53 26 54 26 55 24 4 56 12 57 28 58 11 59 29 
5 4 0 29 1 26 2 24 3 22 28 12 24 13 13 14 15 15 11 20 21 21 11 22 23 23 11 24 19 25 22 26 13 27 10 28 22 29 21 30 14 31 12 36 30 37 19 38 23 39 11 40 21 41 22 42 13 43 13 48 15 49 30 50 12 51 22 20 4 23 5 12 6 25 7 14 36 24 37 25 38 20 39 29 40 24 41 21 42 15 43 23 44 15 45 27 46 22 47 17 48 21 49 23 50 28 51 13 20 8 16 9 14 10 23 11 12 16 11 17 29 18 28 19 15 36 21 37 19 38 27 39 19 44 18 45 26 46 22 47 16 52 25 53 28 54 20 55 14 4 56 11 57 12 58 13 59 15 
5 4 0 26 1 30 2 16 3 18 40 4 12 5 14 6 18 7 11 12 15 13 30 14 16 15 24 16 20 17 14 18 26 19 20 20 20 21 10 22 29 23 18 32 19 33 15 34 17 35 14 36 11 37 28 38 23 39 25 40 16 41 30 42 23 43 19 44 17 45 18 46 14 47 22 48 26 49 20 50 30 51 15 52 16 53 15 54 18 55 21 20 8 16 9 27 10 17 11 22 12 29 13 20 14 11 15 21 32 16 33 13 34 27 35 13 36 20 37 16 38 19 39 18 44 15 45 15 46 12 47 13 44 4 16 5 20 6 13 7 14 8 14 9 30 10 14 11 30 12 22 13 19 14 17 15 13 16 18 17 10 18 19 19 19 20 18 21 10 22 29 23 23 24 21 25 24 26 20 27 19 28 10 29 22 30 10 31 14 32 26 33 19 34 13 35 28 36 26 37 26 38 10 39 26 40 21 41 26 42 27 43 18 52 27 53 10 54 10 55 10 4 56 10 57 26 58 10 59 11 
5 4 0 29 1 30 2 14 3 28 52 4 18 5 28 6 23 7 17 8 22 9 22 10 18 11 16 12 14 13 13 14 30 15 16 16 26 17 17 18 21 19 26 20 27 21 18 22 14 23 30 24 10 25 12 26 23 27 15 28 22 29 25 30 29 31 12 32 20 33 20 34 17 35 29 36 26 37 19 38 21 39 20 40 26 41 17 42 16 43 14 44 21 45 29 46 16 47 19 48 12 49 22 50 18 51 10 52 12 53 24 54 17 55 26 20 4 24 5 30 6 20 7 24 8 14 9 26 10 18 11 16 16 23 17 30 18 22 19 30 36 15 37 29 38 13 39 27 48 20 49 17 50 12 51 24 36 4 17 5 22 6 24 7 25 8 11 9 11 10 15 11 15 16 14 17 28 18 25 19 20 20 24 21 17 22 12 23 23 28 12 29 10 30 20 31 15 32 28 33 30 34 21 35 10 36 21 37 26 38 22 39 19 40 25 41 27 42 30 43 29 48 27 49 17 50 12 51 22 4 56 30 57 12 58 21 59 23 
5 4 0 10 1 10 2 14 3 23 16 12 29 13 11 14 15 15 22 24 10 25 12 26 17 27 17 36 29 37 18 38 10 39 19 48 30 49 12 50 10 51 25 28 8 22 9 28 10 19 11 19 12 11 13 17 14 27 15 18 16 29 17 11 18 17 19 17 32 27 33 13 34 28 35 24 40 21 41 20 42 20 43 10 48 23 49 30 50 30 51 28 52 23 53 19 54 19 55 14 32 16 19 17 22 18 28 19 30 24 15 25 22 26 23 27 12 28 26 29 20 30 16 31 28 36 28 37 29 38 12 39 21 40 30 41 19 42 11 43 14 44 19 45 27 46 13 47 25 48 24 49 15 50 12 51 26 52 30 53 20 54 12 55 24 4 56 18 57 28 58 17 59 26 
5 4 0 27 1 20 2 27 3 20 8 28 11 29 20 30 23 31 24 36 10 37 26 38 22 39 18 20 8 10 9 13 10 11 11 19 20 21 21 21 22 11 23 23 36 12 37 27 38 18 39 12 40 30 41 26 42 15 43 23 44 18 45 16 46 20 47 24 28 4 25 5 14 6 20 7 27 16 24 17 11 18 22 19 15 20 18 21 25 22 18 23 19 28 14 29 26 30 13 31 12 32 23 33 21 34 15 35 10 36 29 37 28 38 13 39 14 48 23 49 21 50 25 51 25 4 56 11 57 14 58 28 59 28 
5 4 0 16 1 22 2 11 3 19 52 4 17 5 27 6 14 7 12 8 17 9 24 10 20 11 16 12 11 13 15 14 20 15 30 16 25 17 26 18 27 19 22 20 24 21 10 22 27 23 19 24 13 25 24 26 14 27 28 28 20 29 30 30 20 31 16 32 30 33 16 34 23 35 13 36 10 37 14 38 17 39 16 40 27 41 28 42 13 43 14 44 12 45 11 46 17 47 23 48 13 49 22 50 19 51 28 52 19 53 29 54 10 55 26 44 4 26 5 13 6 10 7 16 8 24 9 10 10 19 11 23 12 29 13 13 14 16 15 12 16 28 17 29 18 11 19 24 20 10 21 19 22 24 23 28 28 21 29 26 30 25 31 25 32 14 33 21 34 27 35 21 36 27 37 25 38 12 39 22 40 11 41 27 42 19 43 23 44 13 45 20 46 11 47 16 48 23 49 21 50 10 51 25 4 8 14 9 23 10 17 11 16 4 56 20 57 24 58 26 59 29 
5 4 0 29 1 17 2 20 3 20 40 4 23 5 21 6 16 7 27 8 19 9 30 10 24 11 28 16 18 17 11 18 14 19 26 24 19 25 30 26 12 27 24 28 24 29 29 30 14 31 26 32 17 33 27 34 21 35 10 36 12 37 16 38 18 39 13 40 30 41 10 42 21 43 16 44 12 45 21 46 29 47 26 48 17 49 19 50 30 51 10 20 4 23 5 16 6 25 7 23 12 14 13 15 14 22 15 25 24 18 25 28 26 25 27 27 28 18 29 15 30 20 31 17 52 23 53 12 54 15 55 10 52 4 14 5 19 6 12 7 10 8 24 9 18 10 21 11 18 12 23 13 11 14 30 15 17 16 19 17 29 18 12 19 20 20 16 21 20 22 26 23 13 24 15 25 23 26 23 27 27 28 30 29 10 30 20 31 13 32 10 33 17 34 11 35 22 36 11 37 10 38 22 39 18 40 30 41 22 42 12 43 14 44 28 45 20 46 19 47 14 48 11 49 20 50 13 51 16 52 26 53 19 54 22 55 28 4 56 20 57 14 58 27 59 11 
5 4 0 22 1 23 2 22 3 17 8 4 22 5 23 6 20 7 20 28 28 29 28 30 11 31 26 48 4 24 5 14 6 30 7 24 8 20 9 11 10 19 11 10 12 28 13 29 14 19 15 23 16 10 17 14 18 26 19 21 20 26 21 28 22 17 23 19 24 29 25 16 26 13 27 18 28 13 29 12 30 11 31 27 32 12 33 12 34 27 35 18 40 26 41 19 42 13 43 25 44 25 45 30 46 18 47 27 48 30 49 24 50 24 51 12 52 11 53 12 54 16 55 20 28 4 19 5 26 6 30 7 18 8 20 9 24 10 27 11 30 20 30 21 19 22 17 23 14 36 30 37 29 38 21 39 10 40 10 41 17 42 25 43 16 44 26 45 21 46 12 47 24 52 21 53 14 54 18 55 23 4 56 13 57 17 58 13 59 22 
5 4 0 28 1 10 2 30 3 30 16 12 27 13 13 14 16 15 24 20 15 21 21 22 23 23 27 24 18 25 14 26 30 27 19 32 14 33 29 34 11 35 30 32 8 27 9 11 10 24 11 23 16 13 17 12 18 23 19 28 24 15 25 12 26 29 27 30 32 25 33 24 34 21 35 25 36 20 37 10 38 27 39 26 40 25 41 30 42 11 43 12 48 11 49 11 50 24 51 24 52 28 53 15 54 20 55 12 36 8 28 9 11 10 25 11 27 12 13 13 11 14 24 15 26 16 21 17 10 18 29 19 30 20 17 21 29 22 22 23 14 24 13 25 15 26 20 27 29 28 22 29 26 30 19 31 17 32 29 33 26 34 28 35 13 36 19 37 22 38 21 39 13 44 30 45 10 46 15 47 14 4 56 30 57 27 58 26 59 17 
5 4 0 17 1 15 2 10 3 20 8 4 17 5 27 6 19 7 28 52 14 53 18 54 11 55 29 28 4 27 5 12 6 19 7 22 8 27 9 17 10 20 11 30 12 11 13 21 14 11 15 20 16 12 17 19 18 16 19 11 28 17 29 25 30 12 31 17 36 27 37 25 38 17 39 17 44 13 45 10 46 25 47 26 52 4 11 5 21 6 12 7 13 8 11 9 28 10 16 11 21 12 26 13 30 14 16 15 24 16 11 17 27 18 23 19 24 20 25 21 19 22 19 23 12 24 15 25 16 26 26 27 13 28 29 29 21 30 19 31 19 32 14 33 22 34 10 35 11 36 10 37 16 38 13 39 21 40 26 41 16 42 23 43 27 44 30 45 13 46 12 47 24 48 29 49 16 50 17 51 21 52 17 53 28 54 11 55 11 4 56 18 57 27 58 18 59 15 
5 4 0 18 1 29 2 28 3 16 44 4 15 5 10 6 11 7 27 8 30 9 18 10 12 11 24 12 29 13 13 14 19 15 20 16 18 17 30 18 17 19 26 20 26 21 19 22 24 23 16 24 26 25 15 26 21 27 17 28 18 29 20 30 20 31 20 32 28 33 28 34 25 35 17 44 16 45 11 46 25 47 24 48 10 49 10 50 26 51 30 52 28 53 29 54 28 55 22 12 16 27 17 25 18 23 19 29 20 23 21 21 22 18 23 27 52 14 53 21 54 27 55 10 24 8 10 9 10 10 10 11 25 12 17 13 19 14 28 15 12 20 30 21 29 22 29 23 11 28 21 29 29 30 20 31 20 36 20 37 22 38 16 39 30 44 16 45 18 46 11 47 10 4 56 10 57 17 58 19 59 18 
5 4 0 21 1 20 2 25 3 20 28 4 13 5 30 6 15 7 10 16 16 17 20 18 26 19 30 24 14 25 24 26 16 27 10 32 26 33 24 34 26 35 21 40 28 41 15 42 20 43 20 44 10 45 29 46 14 47 29 52 10 53 16 54 23 55 24 52 4 18 5 28 6 26 7 12 8 25 9 10 10 27 11 18 12 20 13 30 14 16 15 20 16 11 17 12 18 28 19 15 20 26 21 27 22 18 23 21 24 21 25 13 26 17 27 26 28 30 29 11 30 22 31 29 32 15 33 10 34 16 35 28 36 17 37 13 38 30 39 24 40 19 41 28 42 24 43 27 44 24 45 19 46 12 47 21 48 17 49 13 50 29 51 11 52 30 53 30 54 13 55 15 20 16 28 17 18 18 10 19 15 24 26 25 18 26 19 27 14 32 23 33 20 34 15 35 22 48 10 49 19 50 24 51 11 52 18 53 30 54 29 55 28 4 56 12 57 28 58 15 59 10 
5 4 0 10 1 28 2 26 3 29 24 4 26 5 17 6 27 7 22 28 24 29 24 30 15 31 25 32 17 33 21 34 11 35 27 40 16 41 29 42 19 43 17 44 11 45 29 46 25 47 24 48 24 49 17 50 14 51 22 40 8 10 9 13 10 24 11 27 12 13 13 17 14 20 15 14 16 12 17 18 18 19 19 14 20 25 21 15 22 12 23 24 28 29 29 20 30 25 31 24 32 18 33 29 34 16 35 24 36 21 37 30 38 30 39 16 40 13 41 26 42 20 43 11 48 14 49 29 50 19 51 29 52 14 53 10 54 27 55 11 28 4 23 5 20 6 18 7 22 8 15 9 16 10 24 11 19 28 29 29 14 30 17 31 20 32 12 33 18 34 15 35 28 36 10 37 19 38 15 39 13 44 29 45 12 46 19 47 15 48 11 49 24 50 28 51 22 4 56 30 57 25 58 28 59 28 
5 4 0 14 1 20 2 10 3 28 16 4 15 5 28 6 11 7 14 20 20 21 25 22 14 23 11 28 19 29 19 30 24 31 16 40 23 41 21 42 13 43 30 28 8 16 9 28 10 27 11 28 12 19 13 11 14 27 15 21 28 19 29 17 30 20 31 17 32 21 33 25 34 24 35 13 36 27 37 10 38 25 39 19 48 14 49 25 50 19 51 17 52 15 53 15 54 23 55 15 8 12 27 13 20 14 24 15 11 28 11 29 26 30 12 31 15 4 56 19 57 27 58 25 59 16 
5 4 0 15 1 29 2 23 3 25 28 8 25 9 27 10 24 11 19 20 12 21 23 22 20 23 18 24 19 25 11 26 12 27 13 28 28 29 15 30 27 31 20 32 25 33 18 34 23 35 12 40 11 41 10 42 29 43 18 44 29 45 23 46 17 47 18 20 4 26 5 27 6 25 7 30 28 21 29 25 30 18 31 29 32 11 33 11 34 14 35 21 44 26 45 30 46 22 47 12 48 22 49 23 50 21 51 11 28 8 29 9 15 10 10 11 27 12 20 13 22 14 27 15 30 20 23 21 16 22 18 23 20 24 24 25 11 26 24 27 12 36 18 37 27 38 27 39 21 40 24 41 27 42 26 43 14 48 28 49 20 50 19 51 24 4 56 16 57 13 58 22 59 21 
5 4 0 28 1 23 2 18 3 21 24 24 27 25 14 26 22 27 10 28 13 29 25 30 28 31 28 32 14 33 28 34 16 35 10 36 29 37 21 38 21 39 12 44 17 45 10 46 21 47 19 48 30 49 18 50 12 51 13 40 4 30 5 25 6 15 7 26 8 14 9 17 10 10 11 11 16 16 17 28 18 13 19 12 24 26 25 13 26 11 27 26 28 19 29 13 30 22 31 17 32 27 33 16 34 23 35 13 36 28 37 26 38 17 39 18 40 25 41 25 42 19 43 27 44 28 45 25 46 30 47 22 52 28 53 27 54 26 55 17 8 28 15 29 24 30 12 31 29 52 19 53 10 54 19 55 10 4 56 21 57 13 58 20 59 29 
5 4 0 24 1 18 2 18 3 14 52 4 30 5 12 6 22 7 30 8 14 9 20 10 19 11 21 12 24 13 20 14 20 15 24 16 11 17 10 18 12 19 13 20 22 21 22 22 22 23 25 24 26 25 12 26 28 27 23 28 12 29 20 30 26 31 17 32 30 33 18 34 25 35 17 36 14 37 10 38 27 39 10 40 26 41 17 42 12 43 25 44 28 45 18 46 25 47 17 48 21 49 17 50 20 51 11 52 12 53 22 54 23 55 22 40 4 28 5 22 6 10 7 25 8 22 9 12 10 26 11 22 12 14 13 13 14 16 15 18 16 20 17 19 18 16 19 11 24 23 25 23 26 25 27 11 28 20 29 12 30 22 31 29 32 14 33 15 34 17 35 12 36 18 37 15 38 30 39 29 40 19 41 22 42 18 43 12 48 13 49 28 50 13 51 26 36 4 30 5 17 6 29 7 17 8 16 9 26 10 19 11 19 12 30 13 23 14 12 15 26 20 20 21 25 22 18 23 27 24 22 25 20 26 13 27 14 28 12 29 29 30 19 31 20 32 15 33 12 34 29 35 29 44 26 45 29 46 10 47 26 48 13 49 29 50 26 51 15 4 56 14 57 12 58 14 59 18 
5 4 0 22 1 19 2 30 3 29 12 24 14 25 26 26 16 27 20 32 30 33 27 34 30 35 30 48 19 49 13 50 15 51 22 36 4 20 5 22 6 28 7 17 12 19 13 16 14 13 15 27 16 18 17 18 18 18 19 26 20 22 21 20 22 27 23 30 28 27 29 28 30 28 31 21 36 12 37 12 38 30 39 28 40 13 41 11 42 13 43 24 44 22 45 16 46 16 47 13 48 11 49 11 50 22 51 18 4 48 18 49 26 50 27 51 25 4 56 30 57 18 58 10 59 19 
5 4 0 13 1 25 2 29 3 27 4 28 15 29 30 30 28 31 16 44 4 14 5 20 6 12 7 13 8 18 9 28 10 21 11 22 16 14 17 28 18 28 19 14 20 30 21 30 22 20 23 29 24 17 25 25 26 27 27 18 28 11 29 13 30 25 31 10 32 20 33 17 34 11 35 21 36 26 37 20 38 29 39 19 40 21 41 24 42 20 43 30 44 24 45 28 46 17 47 11 48 25 49 22 50 25 51 25 4 48 16 49 21 50 23 51 29 4 56 28 57 21 58 20 59 15 
5 4 0 10 1 18 2 24 3 24 44 4 16 5 16 6 14 7 15 8 24 9 20 10 26 11 14 12 19 13 10 14 23 15 29 16 11 17 10 18 29 19 17 20 18 21 12 22 25 23 27 24 14 25 13 26 27 27 18 28 30 29 24 30 22 31 10 32 30 33 18 34 13 35 12 36 19 37 11 38 29 39 25 44 30 45 30 46 28 47 11 48 21 49 21 50 25 51 12 32 8 21 9 22 10 21 11 25 16 22 17 21 18 20 19 21 20 22 21 25 22 27 23 19 28 18 29 14 30 18 31 17 32 28 33 23 34 12 35 22 40 16 41 28 42 13 43 25 44 17 45 16 46 18 47 20 52 27 53 11 54 25 55 28 24 8 24 9 19 10 23 11 17 16 21 17 15 18 24 19 16 20 15 21 23 22 13 23 15 36 24 37 10 38 27 39 28 48 11 49 24 50 30 51 17 52 22 53 24 54 20 55 28 4 56 15 57 11 58 28 59 23 
5 4 0 25 1 27 2 20 3 22 16 20 12 21 13 22 16 23 11 28 29 29 25 30 30 31 21 32 14 33 25 34 27 35 20 48 18 49 25 50 11 51 14 36 4 24 5 29 6 12 7 19 12 14 13 26 14 22 15 11 24 16 25 16 26 17 27 11 32 10 33 20 34 15 35 14 36 25 37 12 38 19 39 27 40 30 41 12 42 25 43 15 44 24 45 28 46 27 47 15 48 21 49 13 50 12 51 18 52 16 53 21 54 17 55 10 12 12 30 13 13 14 29 15 12 32 12 33 20 34 18 35 16 48 24 49 18 50 14 51 23 4 56 30 57 23 58 29 59 11 
5 4 0 30 1 18 2 23 3 24 44 4 26 5 22 6 14 7 20 8 18 9 30 10 23 11 29 12 25 13 15 14 13 15 22 16 28 17 15 18 30 19 21 20 30 21 18 22 21 23 12 24 12 25 26 26 15 27 25 28 11 29 22 30 28 31 25 32 17 33 19 34 22 35 17 36 29 37 13 38 25 39 20 40 24 41 22 42 22 43 25 48 22 49 13 50 22 51 13 16 8 27 9 19 10 28 11 26 32 13 33 17 34 28 35 12 36 16 37 23 38 20 39 15 40 28 41 25 42 14 43 18 4 52 20 53 28 54 21 55 19 4 56 20 57 23 58 22 59 14 
5 4 0 24 1 15 2 12 3 15 48 4 10 5 17 6 30 7 27 8 18 9 25 10 13 11 17 12 22 13 14 14 17 15 27 16 24 17 16 18 26 19 27 20 27 21 26 22 17 23 14 24 15 25 14 26 10 27 17 28 30 29 26 30 11 31 10 32 13 33 13 34 27 35 16 36 19 37 21 38 24 39 18 40 27 41 12 42 18 43 30 44 29 45 10 46 15 47 25 52 11 53 15 54 24 55 18 24 12 24 13 30 14 22 15 27 20 20 21 16 22 23 23 26 40 22 41 16 42 29 43 10 44 30 45 21 46 24 47 13 48 22 49 10 50 24 51 14 52 28 53 29 54 11 55 17 44 4 30 5 30 6 23 7 22 8 12 9 28 10 29 11 25 12 15 13 28 14 30 15 23 16 14 17 26 18 11 19 10 24 30 25 30 26 14 27 29 32 13 33 24 34 16 35 21 36 25 37 26 38 17 39 20 40 25 41 12 42 11 43 26 44 21 45 22 46 17 47 21 48 25 49 27 50 19 51 27 52 29 53 28 54 28 55 19 4 56 17 57 28 58 26 59 27 
5 4 0 30 1 23 2 26 3 22 52 4 13 5 21 6 21 7 27 8 11 9 17 10 23 11 17 12 26 13 20 14 14 15 17 16 29 17 21 18 12 19 10 20 19 21 22 22 16 23 23 24 26 25 26 26 20 27 12 28 17 29 18 30 25 31 15 32 18 33 23 34 15 35 22 36 17 37 11 38 27 39 23 40 14 41 13 42 21 43 21 44 10 45 25 46 23 47 24 48 15 49 15 50 23 51 14 52 10 53 28 54 11 55 14 16 20 30 21 11 22 10 23 26 32 24 33 10 34 19 35 12 36 11 37 21 38 12 39 27 48 11 49 20 50 15 51 28 40 4 25 5 24 6 16 7 26 8 26 9 25 10 12 11 15 12 16 13 12 14 19 15 10 16 14 17 22 18 11 19 21 20 10 21 13 22 11 23 19 24 17 25 27 26 17 27 11 32 26 33 25 34 19 35 23 40 23 41 14 42 23 43 24 48 29 49 23 50 24 51 26 52 15 53 12 54 14 55 22 4 56 13 57 27 58 12 59 26 
5 4 0 23 1 25 2 16 3 16 16 8 30 9 21 10 27 11 13 16 25 17 14 18 10 19 29 40 29 41 14 42 27 43 26 44 13 45 24 46 20 47 18 36 8 18 9 15 10 21 11 26 12 13 13 28 14 28 15 24 16 12 17 22 18 11 19 12 28 21 29 15 30 23 31 14 36 10 37 16 38 13 39 27 40 27 41 29 42 15 43 26 44 15 45 20 46 11 47 12 48 20 49 25 50 12 51 13 52 24 53 20 54 30 55 18 28 4 21 5 23 6 11 7 10 8 23 9 27 10 20 11 19 12 24 13 20 14 28 15 28 20 20 21 23 22 25 23 17 28 17 29 25 30 19 31 10 32 18 33 29 34 15 35 12 40 19 41 16 42 19 43 15 4 56 21 57 25 58 13 59 16 
5 4 0 10 1 25 2 24 3 17 12 8 27 9 13 10 14 11 22 16 22 17 13 18 19 19 15 24 21 25 16 26 20 27 13 52 4 28 5 25 6 22 7 20 8 10 9 24 10 22 11 30 12 21 13 12 14 26 15 27 16 20 17 10 18 20 19 28 20 30 21 16 22 11 23 17 24 25 25 20 26 12 27 24 28 29 29 19 30 20 31 13 32 12 33 16 34 17 35 20 36 19 37 14 38 12 39 26 40 17 41 23 42 14 43 15 44 30 45 17 46 14 47 23 48 26 49 29 50 23 51 30 52 12 53 10 54 22 55 26 16 12 23 13 11 14 20 15 20 16 12 17 25 18 19 19 30 20 22 21 23 22 17 23 30 52 29 53 29 54 15 55 20 4 56 30 57 10 58 13 59 21 
5 4 0 18 1 17 2 10 3 14 8 20 17 21 21 22 23 23 12 24 23 25 23 26 26 27 10 20 8 30 9 20 10 23 11 27 36 10 37 21 38 15 39 10 40 23 41 18 42 28 43 26 48 10 49 11 50 28 51 13 52 27 53 26 54 13 55 25 36 16 10 17 18 18 19 19 11 20 11 21 10 22 15 23 10 24 24 25 12 26 13 27 21 28 30 29 13 30 23 31 23 36 30 37 15 38 12 39 29 40 14 41 10 42 19 43 29 44 22 45 22 46 20 47 19 48 11 49 29 50 25 51 17 52 16 53 27 54 24 55 10 4 56 17 57 26 58 15 59 12 
5 4 0 18 1 17 2 14 3 18 48 4 20 5 28 6 30 7 17 8 13 9 24 10 21 11 26 12 25 13 27 14 29 15 21 16 26 17 18 18 10 19 25 20 16 21 12 22 13 23 23 24 11 25 29 26 16 27 21 28 28 29 27 30 13 31 28 32 22 33 25 34 11 35 13 36 27 37 25 38 17 39 19 40 25 41 28 42 17 43 18 48 28 49 15 50 13 51 15 52 12 53 30 54 20 55 27 52 4 21 5 25 6 24 7 28 8 16 9 16 10 14 11 17 12 17 13 18 14 29 15 30 16 13 17 22 18 24 19 11 20 30 21 11 22 23 23 14 24 25 25 15 26 30 27 21 28 24 29 14 30 17 31 22 32 30 33 17 34 13 35 24 36 28 37 28 38 15 39 25 40 11 41 22 42 20 43 10 44 28 45 18 46 17 47 22 48 13 49 12 50 18 51 25 52 25 53 17 54 14 55 14 32 4 11 5 22 6 10 7 13 12 17 13 10 14 26 15 26 16 13 17 28 18 18 19 18 20 16 21 28 22 25 23 11 24 21 25 27 26 15 27 27 36 23 37 10 38 24 39 10 40 19 41 25 42 10 43 17 48 20 49 20 50 12 51 30 4 56 26 57 22 58 17 59 16 
5 4 0 27 1 24 2 11 3 18 48 4 14 5 23 6 12 7 18 8 30 9 19 10 13 11 17 12 25 13 17 14 24 15 27 20 26 21 28 22 13 23 24 24 11 25 18 26 10 27 14 28 13 29 26 30 18 31 10 32 29 33 24 34 12 35 26 36 30 37 30 38 15 39 19 40 25 41 25 42 19 43 16 44 11 45 21 46 25 47 13 48 27 49 20 50 23 51 20 52 11 53 21 54 30 55 14 8 28 16 29 10 30 25 31 23 44 25 45 11 46 30 47 10 20 20 11 21 10 22 27 23 14 24 11 25 24 26 26 27 21 36 21 37 10 38 16 39 14 48 21 49 14 50 29 51 19 52 23 53 23 54 18 55 23 4 56 27 57 22 58 28 59 25 
5 4 0 22 1 26 2 14 3 28 4 4 10 5 23 6 16 7 13 24 8 12 9 18 10 11 11 25 16 24 17 30 18 14 19 20 24 13 25 16 26 11 27 13 40 15 41 25 42 11 43 28 48 21 49 28 50 27 51 17 52 12 53 20 54 17 55 27 4 48 26 49 13 50 17 51 15 4 56 30 57 16 58 10 59 19 
5 4 0 23 1 24 2 15 3 22 16 16 15 17 28 18 12 19 10 28 23 29 15 30 26 31 12 40 20 41 25 42 27 43 15 48 28 49 20 50 29 51 27 28 8 17 9 22 10 24 11 22 20 22 21 28 22 26 23 15 24 26 25 20 26 28 27 30 32 19 33 13 34 20 35 30 36 12 37 12 38 17 39 19 40 19 41 24 42 22 43 24 44 27 45 28 46 17 47 22 24 4 15 5 10 6 29 7 14 8 14 9 28 10 19 11 23 32 17 33 15 34 15 35 10 40 29 41 15 42 12 43 29 44 18 45 18 46 27 47 23 52 20 53 24 54 14 55 10 4 56 16 57 19 58 29 59 28 
5 4 0 10 1 13 2 15 3 26 12 20 29 21 10 22 19 23 23 32 27 33 12 34 17 35 30 36 19 37 16 38 17 39 30 32 4 10 5 13 6 22 7 24 8 17 9 22 10 12 11 14 16 23 17 19 18 17 19 16 20 30 21 29 22 12 23 10 24 24 25 28 26 22 27 17 28 13 29 21 30 16 31 12 32 27 33 24 34 25 35 18 44 27 45 15 46 30 47 24 8 36 24 37 26 38 11 39 29 48 24 49 13 50 24 51 25 4 56 21 57 29 58 11 59 20 
5 4 0 15 1 12 2 21 3 10 36 4 10 5 19 6 11 7 12 8 30 9 22 10 10 11 18 12 26 13 14 14 15 15 27 16 28 17 16 18 21 19 21 20 12 21 16 22 29 23 28 24 27 25 15 26 15 27 28 36 13 37 17 38 30 39 10 40 28 41 11 42 15 43 30 48 23 49 18 50 11 51 21 12 12 10 13 25 14 24 15 28 20 11 21 15 22 16 23 28 48 23 49 27 50 15 51 19 48 4 21 5 15 6 25 7 24 8 15 9 24 10 22 11 30 12 27 13 25 14 17 15 11 16 19 17 29 18 13 19 27 20 24 21 20 22 20 23 25 28 12 29 21 30 19 31 19 32 11 33 27 34 14 35 18 36 29 37 12 38 14 39 19 40 10 41 21 42 17 43 12 44 21 45 10 46 21 47 21 48 17 49 21 50 30 51 29 52 22 53 21 54 28 55 24 4 56 27 57 24 58 30 59 26 
5 4 0 25 1 17 2 10 3 26 8 24 30 25 12 26 22 27 17 36 25 37 23 38 12 39 22 52 4 11 5 23 6 13 7 14 8 29 9 30 10 13 11 27 12 30 13 24 14 21 15 21 16 23 17 22 18 25 19 29 20 30 21 15 22 17 23 26 24 12 25 14 26 24 27 14 28 20 29 14 30 12 31 25 32 18 33 18 34 28 35 21 36 25 37 12 38 11 39 20 40 12 41 23 42 23 43 16 44 15 45 19 46 22 47 18 48 20 49 22 50 23 51 11 52 10 53 25 54 14 55 23 4 28 23 29 12 30 23 31 29 4 56 18 57 12 58 21 59 28 
5 4 0 10 1 24 2 13 3 23 32 4 11 5 20 6 20 7 29 8 16 9 13 10 18 11 20 12 28 13 20 14 27 15 19 24 28 25 15 26 20 27 23 36 28 37 26 38 30 39 30 40 30 41 10 42 11 43 21 44 22 45 23 46 12 47 13 52 19 53 13 54 27 55 19 44 8 18 9 24 10 24 11 10 12 23 13 28 14 29 15 23 16 15 17 25 18 22 19 13 20 22 21 22 22 12 23 18 24 23 25 10 26 10 27 29 28 24 29 14 30 19 31 19 32 24 33 15 34 27 35 19 36 19 37 25 38 26 39 11 40 18 41 16 42 29 43 17 48 25 49 16 50 17 51 29 52 23 53 26 54 11 55 16 4 4 20 5 22 6 20 7 26 4 56 11 57 12 58 16 59 16 
5 4 0 19 1 16 2 27 3 21 4 8 22 9 25 10 25 11 20 40 8 30 9 27 10 30 11 16 12 15 13 24 14 15 15 10 16 20 17 13 18 17 19 10 20 26 21 20 22 29 23 27 24 19 25 12 26 22 27 23 28 18 29 24 30 15 31 11 32 17 33 19 34 15 35 14 40 27 41 19 42 23 43 22 44 18 45 17 46 24 47 29 48 21 49 11 50 11 51 14 36 4 26 5 22 6 20 7 28 16 23 17 29 18 11 19 20 20 18 21 16 22 11 23 15 24 29 25 24 26 18 27 14 28 10 29 21 30 25 31 26 36 24 37 11 38 11 39 22 40 16 41 25 42 16 43 14 44 30 45 14 46 27 47 30 48 28 49 14 50 12 51 23 4 56 21 57 29 58 15 59 21 
5 4 0 19 1 19 2 16 3 14 40 4 12 5 23 6 17 7 11 8 15 9 18 10 15 11 17 12 12 13 26 14 19 15 11 20 13 21 16 22 17 23 19 28 22 29 13 30 27 31 16 32 28 33 12 34 21 35 13 36 11 37 17 38 28 39 26 40 21 41 16 42 30 43 22 44 24 45 29 46 24 47 15 52 10 53 26 54 24 55 24 48 8 16 9 30 10 28 11 12 12 20 13 22 14 27 15 16 16 30 17 11 18 21 19 25 20 10 21 25 22 23 23 26 24 29 25 28 26 13 27 20 28 27 29 25 30 18 31 10 32 22 33 23 34 23 35 24 36 15 37 15 38 28 39 10 40 24 41 12 42 27 43 14 44 19 45 24 46 10 47 19 48 27 49 26 50 14 51 28 52 13 53 15 54 29 55 22 8 12 24 13 10 14 22 15 27 16 26 17 12 18 13 19 16 4 56 22 57 11 58 22 59 13 
5 4 0 11 1 14 2 24 3 14 52 4 30 5 14 6 11 7 20 8 18 9 26 10 14 11 10 12 14 13 24 14 25 15 10 16 20 17 20 18 29 19 10 20 21 21 17 22 18 23 25 24 13 25 16 26 25 27 24 28 22 29 25 30 14 31 25 32 17 33 28 34 23 35 30 36 16 37 24 38 30 39 22 40 25 41 29 42 17 43 26 44 14 45 21 46 17 47 28 48 11 49 18 50 18 51 29 52 11 53 20 54 28 55 19 12 28 28 29 18 30 16 31 29 44 12 45 24 46 10 47 19 52 24 53 28 54 10 55 12 4 36 10 37 13 38 10 39 28 4 56 12 57 15 58 14 59 23 
5 4 0 23 1 27 2 27 3 25 24 4 25 5 13 6 17 7 20 12 10 13 21 14 10 15 20 20 24 21 25 22 19 23 19 24 30 25 19 26 30 27 16 36 19 37 27 38 13 39 23 44 22 45 18 46 27 47 24 8 12 25 13 17 14 21 15 16 20 19 21 22 22 20 23 15 12 12 20 13 30 14 23 15 13 28 29 29 20 30 20 31 11 40 29 41 28 42 20 43 11 4 56 28 57 10 58 29 59 22 
5 4 0 11 1 10 2 12 3 14 8 32 27 33 21 34 25 35 20 48 27 49 10 50 27 51 28 8 4 25 5 15 6 11 7 23 28 14 29 10 30 30 31 16 8 4 12 5 17 6 25 7 15 20 24 21 24 22 19 23 28 4 56 18 57 16 58 30 59 13 
5 4 0 20 1 20 2 13 3 21 40 4 24 5 14 6 30 7 12 8 20 9 27 10 25 11 14 12 28 13 28 14 13 15 24 16 18 17 27 18 20 19 24 20 22 21 20 22 14 23 10 24 30 25 29 26 21 27 21 28 22 29 24 30 18 31 22 36 10 37 12 38 21 39 17 48 23 49 24 50 26 51 15 52 10 53 19 54 23 55 28 36 12 26 13 21 14 11 15 27 16 24 17 10 18 13 19 15 20 23 21 28 22 24 23 21 24 13 25 25 26 29 27 20 36 27 37 27 38 23 39 22 40 19 41 30 42 15 43 23 44 28 45 13 46 21 47 24 48 16 49 27 50 26 51 18 52 18 53 16 54 15 55 18 8 20 14 21 30 22 11 23 22 24 11 25 16 26 10 27 19 4 56 19 57 26 58 30 59 27 
5 4 0 16 1 10 2 21 3 16 24 8 24 9 23 10 13 11 13 16 24 17 24 18 12 19 18 20 23 21 24 22 22 23 17 40 20 41 16 42 16 43 23 48 17 49 12 50 15 51 20 52 18 53 20 54 10 55 21 52 4 29 5 20 6 14 7 24 8 11 9 21 10 15 11 22 12 14 13 15 14 21 15 16 16 17 17 29 18 27 19 30 20 13 21 11 22 29 23 15 24 11 25 25 26 13 27 17 28 11 29 16 30 21 31 23 32 24 33 15 34 26 35 10 36 21 37 21 38 27 39 23 40 29 41 14 42 24 43 26 44 21 45 16 46 20 47 16 48 11 49 22 50 24 51 10 52 13 53 10 54 29 55 13 8 32 19 33 23 34 26 35 22 40 22 41 12 42 27 43 12 4 56 19 57 25 58 20 59 28 
5 4 0 13 1 11 2 12 3 15 8 40 13 41 19 42 27 43 14 48 10 49 20 50 15 51 19 16 16 28 17 23 18 28 19 16 24 25 25 18 26 12 27 12 44 21 45 26 46 27 47 21 52 21 53 13 54 19 55 23 16 20 15 21 26 22 25 23 30 24 13 25 13 26 10 27 24 32 10 33 22 34 13 35 13 48 12 49 25 50 11 51 14 4 56 25 57 11 58 10 59 14 

Dynamic Events
Machine Breakdowns (x y z): Machine {x} breakdown from time {y} to {z}
0 2684 2827
0 3800 3891
1 1922 2088
1 4013 4121
2 1635 1755
2 2861 3000
2 3589 3723
3 2152 2254
3 3679 3839
4 4012 4122
4 4534 4676
5 4257 4455
5 5757 5945
6 1346 1474
6 4826 4910
6 5230 5380
7 2685 2867
7 5671 5757
8 2220 2417
8 3559 3734
9 4965 5060
9 5668 5826
10 4253 4345
10 4704 4883
10 5102 5219
10 5708 5880
11 3915 4076
11 5384 5469
12 4302 4499
12 5056 5220
12 5662 5808
13 1970 2102
13 5677 5872
14 917 1098
14 4154 4301
14 4646 4814
14 5666 5832
15 2046 2154
15 3249 3353
15 5221 5312
16 268 407
16 4347 4490
17 351 547
17 1022 1130
17 1473 1618
17 4598 4747
18 2289 2472
18 4845 5018
18 5334 5489
19 637 727
19 5171 5326
19 5731 5839
20 1501 1664
20 5193 5303
21 612 779
21 3183 3310
21 4517 4670
22 2247 2367
22 4237 4375
22 5731 5928
23 400 503
23 1466 1641
23 5921 6048
24 1389 1487
24 4066 4239
25 3739 3922
25 5174 5356
26 2843 3006
26 4753 4884
26 5631 5749
27 4274 4450
27 5152 5333
28 5456 5645
28 6260 6361
29 5732 5921
30 4226 4341
30 5358 5549
31 2349 2523
31 5057 5207
32 6051 6240
33 1715 1796
33 3860 3982
34 6007 6127
35 4443 4541
35 5635 5754
36 4688 4800
36 5281 5366
36 6741 6925
37 2142 2256
37 3094 3271
37 5678 5819
38 4363 4523
38 5635 5813
39 3664 3844
39 6072 6166
39 6613 6746
40 4771 4941
40 5199 5344
40 6049 6196
40 6420 6535
41 3906 4025
41 5682 5787
42 4413 4586
42 5578 5674
43 2251 2416
43 2920 3015
43 5382 5560
43 5934 6078
44 2041 2174
44 5450 5643
45 2861 2971
45 5958 6151
46 2540 2673
46 4356 4506
47 5713 5897
48 5979 6152
49 459 646
49 1152 1283
49 4704 4864
49 5570 5722
49 6139 6325
50 4198 4336
50 5867 6058
50 6380 6461
51 5742 5903
52 6245 6341
53 870 1040
53 2827 2975
53 5910 6096
54 373 541
54 4635 4735
54 6030 6166
55 3216 3356
55 3771 3922
55 5579 5706
55 6141 6256
56 630 769
56 3338 3493
57 213 372
57 1718 1820
57 3246 3409
57 3994 4100
58 1330 1515
58 2294 2419
58 2729 2885
58 3488 3684
59 774 861
59 1532 1721
59 2841 3026
59 3558 3701
59 3948 4041

Added Jobs (first number is the time at which the job is added, then pairs of machines and process time)
1939: 5 30 46 10 1 19 23 28 26 11 15 18 37 23 27 17 32 29 49 28 7 27 10 11 30 25 16 21 4 14 36 10 22 20 40 14 47 16 13 17 55 29 59 29 21 12 38 29 31 17 57 25 44 21 24 14 43 16 52 14 9 22 25 49 10 6 23 10 30 32 24 48 13 44 23 22 26 50 20 25 28 54 26 14 27 47 17 0 27 9 18 37 25 2 25 36 28 11 24 40 18 43 10 46 28 31 28 19 26 28 27 52 18 18 35 23 15 18 42 20 11 29 19 12 59 19 53 11 1 26 14 19 38 20 47 15 28 21 57 10 24 13 49 24 45 29 25 24 8 13 33 23 18 16 21 36 22 34 15 19 17 7 22 31 26 13 13 53 16 21 27 55 21 45 19 35 19 5 21 14 27 44 17 20 21 39 11 24 25 52 16 2 20 50 13 17 25 40 25 56 20 32 28 4 21 6 26 33 25 28 24 12 28 57 14 51 17 39 34 11 32 10 31 13 22 30 21 28 17 18 45 23 27 26 13 18 18 20 41 21 33 29 50 28 3 14 58 24 12 17 9 17 14 11 43 20 4 21 24 29 49 30 25 16 53 24 5 28 16 27 6 19 20 19 30 22 59 16 23 15 52 10 38 15 57 11 54 10 7 12 19 23 1 11 0 24 
2288: 5 43 31 17 27 20 39 20 18 27 6 15 44 21 2 27 13 19 33 10 25 16 3 28 45 27 12 28 10 28 9 25 36 19 57 15 19 19 58 29 17 20 41 19 35 13 40 15 11 26 1 19 4 13 16 29 52 14 5 14 23 16 34 21 49 25 22 30 37 26 59 23 47 22 24 17 53 16 42 13 28 15 7 14 38 13 8 22 15 10 20 47 14 17 15 52 18 16 29 14 17 4 24 6 20 49 15 55 29 12 19 36 28 31 16 18 19 3 29 5 25 15 30 12 45 25 20 15 7 18 9 4 19 53 18 40 18 42 14 18 17 43 18 12 26 1 16 24 18 41 9 10 48 14 21 19 33 30 31 21 38 16 4 29 7 23 49 22 53 11 54 21 40 10 57 27 52 13 11 20 18 27 10 18 51 16 35 19 2 26 36 12 25 17 56 13 39 10 55 25 37 24 34 15 44 25 46 19 32 13 16 29 29 14 50 25 0 18 17 11 42 26 22 12 5 10 23 16 28 18 43 16 
1797: 5 46 19 25 4 16 25 18 12 27 11 17 53 22 21 27 17 13 16 27 24 19 37 18 56 11 26 26 28 17 46 11 48 18 55 13 22 13 35 18 8 21 52 28 36 18 2 14 20 11 43 15 39 14 51 30 23 13 42 24 14 18 44 23 18 28 13 16 3 20 5 18 41 12 40 15 33 30 50 23 59 13 27 25 31 18 32 29 29 25 34 28 30 11 23 41 18 11 24 51 24 33 30 35 17 4 17 5 20 15 27 22 15 55 24 50 24 20 10 39 21 37 12 53 12 57 21 6 18 58 10 47 16 13 23 2 12 56 10 36 18 37 58 26 19 16 31 14 50 20 22 17 9 27 17 21 48 29 14 12 24 14 56 22 18 28 32 21 1 22 21 13 45 20 47 24 27 29 59 23 7 12 12 25 57 11 3 24 34 22 55 26 38 27 30 15 53 11 25 27 2 25 42 25 6 22 28 11 16 25 44 20 15 11 4 20 51 11 13 45 24 48 23 8 10 31 17 15 14 29 13 41 22 23 25 17 30 44 22 49 14 51 20 35 28 30 25 43 24 16 17 22 11 25 13 21 17 0 25 40 29 12 13 6 20 59 20 24 28 38 12 10 25 56 17 4 19 26 13 58 28 42 20 18 16 14 30 28 16 36 12 20 12 46 24 50 30 32 18 37 23 57 21 19 14 39 14 52 16 5 18 34 13 54 30 7 27 27 22 14 44 17 54 19 35 24 55 22 1 26 28 30 48 11 6 11 13 20 15 27 31 16 53 14 39 23 32 11 
1025: 5 50 23 12 50 26 58 18 15 16 26 25 40 18 44 18 21 20 56 19 36 15 33 16 49 17 4 28 20 28 16 15 5 27 59 23 25 10 38 19 6 20 42 15 27 28 37 19 57 17 7 13 45 27 0 17 2 12 28 17 3 18 11 25 18 11 1 29 34 19 51 11 41 14 12 14 31 14 47 27 39 26 35 26 30 30 32 24 10 24 8 23 13 14 24 26 17 21 29 28 54 22 41 47 30 53 24 14 25 51 23 8 20 35 26 49 17 55 10 52 14 19 15 5 12 37 11 27 14 13 29 11 12 4 25 15 30 45 14 29 10 9 23 42 19 54 12 46 20 58 22 31 18 41 16 16 20 21 15 18 29 43 16 28 10 57 21 17 26 12 25 36 13 30 28 56 21 26 25 20 10 23 16 32 18 43 19 23 23 25 27 22 42 13 3 15 59 24 31 17 0 17 26 27 16 23 5 23 11 12 52 28 34 24 6 21 8 10 12 25 49 29 30 23 57 20 9 14 7 13 53 27 41 15 29 29 28 14 47 17 22 12 2 22 51 14 38 17 20 15 4 30 48 18 15 20 36 18 24 17 50 22 32 20 13 30 1 23 35 30 10 11 27 33 15 27 19 30 29 53 28 14 25 28 27 34 30 24 16 35 26 18 26 59 28 9 25 54 28 5 24 48 16 52 22 49 26 13 16 17 14 44 11 22 16 12 14 4 10 47 27 45 11 6 12 50 19 20 33 12 27 13 57 23 36 16 11 21 5 24 55 30 1 21 30 13 37 25 8 29 31 27 35 26 46 27 38 15 28 30 42 23 50 11 39 25 14 30 
383: 5 24 29 18 56 11 5 19 43 17 57 15 8 23 20 16 31 21 48 25 21 22 50 13 59 10 23 18 6 26 45 13 47 23 14 30 37 24 27 18 17 10 11 20 46 12 49 20 54 10 42 15 16 20 12 41 14 48 23 26 15 6 26 53 20 31 11 24 27 13 21 50 14 39 11 58 14 42 26 19 12 47 17 18 15 11 30 22 15 52 25 46 27 55 13 36 23 56 26 30 24 28 28 27 21 4 18 3 20 25 18 1 18 14 16 10 20 40 16 59 15 21 13 32 27 5 13 44 24 38 13 2 21 7 28 8 13 15 31 26 36 28 3 17 59 14 52 30 43 19 47 29 14 18 13 17 29 25 17 54 19 14 23 45 23 38 19 0 21 27 10 50 17 3 14 36 23 49 14 37 21 14 43 18 33 12 39 29 47 30 26 13 16 28 4 30 35 30 51 29 17 24 1 18 34 29 31 18 20 19 
1333: 5 19 3 21 11 18 30 14 14 15 28 23 25 30 5 17 43 12 47 25 16 20 34 24 19 27 40 27 12 15 32 10 27 10 21 26 4 26 31 29 4 59 13 29 23 14 16 52 15 19 23 29 11 11 12 16 33 15 22 30 47 20 55 29 57 20 35 29 7 18 3 29 51 24 14 24 24 23 19 22 52 26 1 10 50 26 13 27 39 19 27 17 30 56 11 53 29 33 12 24 28 52 23 23 17 36 14 22 23 13 13 15 13 38 25 3 15 40 30 41 18 20 16 11 15 7 20 12 26 47 23 0 15 1 22 39 12 16 14 59 30 49 13 8 18 28 30 32 27 18 19 14 13 55 25 58 13 46 11 31 17 2 28 44 16 50 17 8 50 29 11 19 26 26 19 21 12 30 9 16 51 16 34 26 
749: 5 50 31 22 7 29 0 27 41 12 36 19 2 16 20 17 15 16 37 19 32 29 13 25 1 21 47 20 54 17 53 17 49 13 23 26 45 28 55 17 30 16 28 13 51 19 16 25 43 10 11 11 46 11 10 24 26 16 25 22 57 20 50 25 6 19 48 14 18 30 40 26 52 13 33 28 3 15 24 30 35 16 44 17 9 30 59 29 5 15 42 28 27 21 34 16 19 24 8 15 17 24 15 10 24 14 19 45 22 7 16 29 19 43 10 27 14 28 11 50 21 12 11 4 20 46 23 32 17 24 27 26 14 11 24 25 5 30 33 30 49 23 31 25 21 10 3 17 27 10 59 18 19 25 22 13 19 20 11 13 28 41 29 1 26 2 18 18 13 57 30 5 16 36 20 21 26 58 26 37 30 22 28 8 14 4 24 15 10 44 11 33 23 30 13 7 33 30 29 19 49 15 48 25 4 19 0 10 46 22 
1153: 5 49 34 28 50 30 4 14 56 19 47 15 9 14 46 16 32 23 57 23 36 19 45 21 42 11 15 14 18 19 41 25 1 16 48 16 10 15 22 11 0 11 29 28 35 25 52 13 33 22 40 22 2 28 49 22 28 29 37 16 59 26 7 17 30 19 21 30 8 24 43 10 24 23 54 21 58 25 13 27 5 20 38 10 6 23 53 27 31 30 16 20 27 13 14 12 11 22 3 25 40 11 19 3 20 28 17 30 18 38 17 57 29 18 19 48 20 44 27 55 14 41 10 23 29 43 21 4 13 22 28 39 26 8 14 56 13 36 25 12 23 14 18 49 27 33 23 50 17 59 28 52 28 17 25 2 15 25 29 51 17 15 18 13 23 24 12 20 21 46 18 21 14 26 14 5 18 53 25 42 14 19 35 20 44 23 23 17 40 26 59 23 21 23 20 13 8 28 43 21 3 11 47 30 16 20 37 17 49 13 30 16 55 21 0 22 5 27 48 20 47 51 17 56 29 19 27 14 20 54 10 13 27 17 10 31 17 28 18 26 24 20 23 8 13 12 13 58 19 9 17 15 16 41 15 55 24 48 26 0 20 21 12 42 23 3 14 59 11 16 14 4 14 50 24 5 19 57 10 25 19 53 22 35 18 23 16 24 11 22 13 47 16 45 16 6 12 49 27 44 23 30 26 33 10 32 12 27 20 1 29 46 13 38 10 45 26 19 13 17 40 13 21 15 4 20 45 17 29 20 34 16 9 17 36 29 22 12 57 14 15 30 39 22 17 30 31 17 48 28 8 13 59 21 2 14 35 21 18 17 58 10 52 22 53 10 33 24 27 21 24 21 47 26 3 30 0 17 7 22 43 14 23 18 28 10 1 23 25 18 46 11 41 11 20 19 38 10 12 14 32 20 10 22 16 21 
2470: 5 39 41 28 52 17 35 25 8 22 0 27 12 28 13 24 34 11 28 11 19 10 27 25 6 23 47 21 53 23 57 21 31 11 4 18 11 11 46 23 20 29 45 13 25 11 39 14 5 25 10 24 38 14 55 18 32 22 2 29 16 13 21 10 24 24 17 21 3 15 58 11 22 24 1 19 33 16 26 25 14 40 15 5 25 7 28 10 30 30 15 23 19 4 28 14 17 31 13 25 17 45 18 27 20 2 14 6 12 47 47 14 36 10 14 21 45 14 40 13 52 15 37 30 58 24 1 20 30 20 35 24 16 16 53 26 26 16 3 18 50 16 41 20 28 24 6 27 57 16 24 29 4 19 48 18 39 20 55 21 8 27 29 24 38 12 56 19 19 14 0 22 33 27 15 25 9 25 44 13 23 25 34 27 22 24 25 19 13 25 5 29 32 26 10 28 43 21 49 30 12 12 42 15 19 30 14 55 18 56 13 44 12 3 25 10 22 45 10 51 15 2 17 37 30 53 18 25 10 52 17 4 25 59 22 43 30 21 25 9 14 58 26 16 54 25 47 24 59 27 44 12 36 22 26 27 28 25 56 30 55 23 30 27 25 18 41 29 20 21 46 23 31 13 7 27 
351: 5 23 41 16 45 20 23 17 13 30 34 24 11 25 38 24 8 28 17 19 0 20 3 12 30 12 1 20 57 22 7 28 48 12 19 10 51 29 53 10 31 17 35 29 16 15 54 29 29 14 22 55 14 44 11 50 22 16 15 10 22 48 27 47 20 20 16 1 16 46 26 26 27 40 22 28 10 33 13 37 21 2 22 42 20 56 21 5 16 19 24 11 22 41 21 59 20 18 12 9 21 53 26 17 17 23 29 36 51 14 31 11 24 18 38 26 3 29 22 11 29 15 40 11 57 13 10 10 18 11 56 14 19 30 32 22 30 18 23 28 36 10 25 19 59 12 43 27 8 22 6 14 46 18 50 10 26 11 45 22 39 22 27 24 54 17 49 29 55 16 17 30 37 29 20 23 1 21 33 30 19 22 23 48 29 50 25 17 12 0 12 51 11 26 30 59 20 19 25 39 19 56 10 46 23 21 14 38 30 44 28 18 13 3 16 1 26 49 21 21 5 24 33 30 57 10 52 22 31 23 42 12 0 29 51 17 8 16 55 12 14 20 2 10 23 30 15 22 36 28 37 27 34 25 43 12 50 24 58 10 19 10 
1676: 5 32 16 24 40 12 2 27 38 20 35 12 1 25 43 26 23 20 26 14 59 27 45 30 54 18 44 29 18 15 33 24 49 21 22 30 37 13 3 13 13 28 6 28 56 10 25 23 15 29 10 20 4 30 31 27 14 13 50 22 42 15 52 20 58 30 32 20 25 7 16 2 12 5 28 57 23 40 19 49 10 53 11 23 10 36 12 6 30 29 13 30 23 16 30 22 11 58 23 15 30 9 12 59 21 24 12 45 28 4 12 48 19 47 12 39 21 55 14 21 26 37 23 41 12 32 15 44 20 52 30 16 38 20 45 10 56 25 18 27 59 28 52 14 21 15 19 12 31 26 9 14 33 18 50 24 29 28 44 22 2 12 47 12 20 29 28 40 18 10 10 27 30 52 26 26 26 25 14 19 25 31 24 21 16 39 27 36 13 35 28 47 14 53 26 57 12 58 23 42 19 32 22 43 29 34 10 27 15 15 37 25 12 27 47 12 34 18 29 15 54 26 8 11 33 17 49 11 50 12 56 29 19 17 4 18 13 27 38 21 16 12 21 20 2 25 25 27 20 12 45 13 51 17 9 12 44 20 30 13 59 16 14 28 58 23 5 11 22 26 24 11 0 24 
2271: 5 35 35 24 8 26 10 17 52 13 36 24 44 24 6 12 42 17 32 16 53 29 12 11 3 16 51 15 55 11 1 10 9 24 23 25 48 15 49 10 30 12 2 19 11 22 22 30 50 21 29 27 20 11 28 26 0 24 37 22 38 18 16 13 47 16 57 18 18 11 27 21 49 34 19 18 19 50 30 24 15 54 24 43 27 44 26 4 21 2 13 36 26 59 15 7 24 45 20 19 27 28 27 37 30 23 13 46 23 29 18 40 10 31 21 12 28 11 11 38 30 13 17 3 12 1 16 53 25 42 29 52 17 15 28 48 12 20 10 39 22 33 28 22 17 14 12 5 25 35 23 10 15 49 21 6 17 17 20 47 28 51 16 9 13 58 24 26 25 56 13 43 39 17 26 25 55 22 13 13 11 20 45 26 31 24 9 28 30 24 43 28 34 12 29 12 2 27 51 27 47 20 53 10 22 29 35 28 3 10 41 30 58 28 24 27 27 22 0 19 25 29 36 12 32 30 49 19 40 17 6 24 44 13 38 26 23 19 16 23 54 25 20 20 52 10 17 11 15 27 8 12 37 28 21 20 59 17 22 57 20 43 30 50 13 54 28 39 11 59 20 48 22 58 11 15 11 14 23 8 30 24 19 36 24 0 29 12 27 1 16 29 22 4 14 53 23 19 17 51 10 27 24 51 31 29 43 27 15 28 38 17 12 25 19 17 54 15 44 11 40 25 4 17 51 12 34 21 29 30 32 24 5 18 0 11 3 18 24 16 13 16 53 16 20 13 36 23 46 24 37 24 57 20 6 26 2 11 30 13 42 16 23 13 55 18 41 11 49 26 25 29 52 21 17 16 21 18 28 15 22 12 45 29 10 12 56 23 16 10 18 25 47 14 58 27 7 28 26 21 35 11 39 13 8 21 

Cancelled Jobs
2714 16
737 17
2695 20
3704 29
1284 47
2494 61
