100 40
5 4 0 17 1 11 2 16 3 26 8 4 21 5 13 6 24 7 17 20 14 21 24 22 27 23 23 4 32 26 33 27 34 29 35 20 12 4 18 5 11 6 27 7 30 8 15 9 19 10 19 11 19 12 13 13 12 14 12 15 12 4 36 25 37 16 38 16 39 26 
5 4 0 23 1 24 2 26 3 28 4 16 19 17 24 18 23 19 24 12 8 27 9 22 10 25 11 22 24 18 25 29 26 13 27 21 28 16 29 12 30 28 31 21 28 8 12 9 26 10 26 11 22 12 18 13 18 14 11 15 16 16 16 17 10 18 29 19 27 20 15 21 17 22 19 23 23 24 30 25 25 26 15 27 13 28 11 29 25 30 20 31 26 32 24 33 14 34 17 35 25 4 36 29 37 14 38 16 39 27 
5 4 0 26 1 17 2 19 3 30 16 4 29 5 10 6 14 7 23 8 23 9 13 10 24 11 14 20 28 21 23 22 14 23 20 32 14 33 12 34 18 35 15 32 4 25 5 17 6 14 7 25 8 12 9 20 10 30 11 22 12 26 13 24 14 18 15 19 16 15 17 16 18 13 19 23 20 23 21 12 22 14 23 22 24 21 25 17 26 16 27 22 28 27 29 14 30 22 31 28 32 15 33 12 34 14 35 11 4 24 12 25 11 26 19 27 10 4 36 17 37 22 38 16 39 18 
5 4 0 25 1 13 2 24 3 12 4 24 21 25 26 26 29 27 30 32 4 30 5 11 6 20 7 16 8 19 9 13 10 24 11 24 12 13 13 21 14 12 15 21 16 13 17 21 18 24 19 24 20 28 21 12 22 25 23 17 24 19 25 11 26 19 27 13 28 22 29 17 30 29 31 27 32 28 33 23 34 20 35 23 24 4 25 5 10 6 23 7 30 8 24 9 18 10 25 11 29 16 17 17 28 18 13 19 13 24 12 25 18 26 27 27 14 28 16 29 19 30 18 31 12 32 17 33 12 34 29 35 20 4 36 16 37 25 38 24 39 29 
5 4 0 16 1 11 2 30 3 12 12 12 24 13 11 14 27 15 16 20 29 21 18 22 17 23 21 28 30 29 22 30 14 31 18 20 8 22 9 11 10 24 11 12 12 28 13 19 14 23 15 18 16 19 17 14 18 20 19 29 20 14 21 18 22 22 23 11 24 22 25 16 26 16 27 10 32 4 20 5 10 6 26 7 21 8 15 9 24 10 11 11 30 12 12 13 25 14 15 15 20 16 10 17 28 18 19 19 22 20 26 21 26 22 15 23 20 24 16 25 24 26 23 27 24 28 26 29 25 30 19 31 28 32 16 33 10 34 25 35 13 4 36 22 37 14 38 12 39 14 
5 4 0 13 1 15 2 28 3 25 4 12 27 13 21 14 12 15 29 24 12 22 13 11 14 19 15 27 16 25 17 19 18 21 19 19 20 28 21 17 22 13 23 27 24 13 25 17 26 13 27 22 28 30 29 24 30 27 31 20 32 19 33 28 34 16 35 27 4 12 17 13 30 14 29 15 26 4 36 16 37 30 38 30 39 22 
5 4 0 11 1 10 2 12 3 29 32 4 12 5 25 6 10 7 24 8 27 9 26 10 23 11 28 12 23 13 23 14 15 15 25 16 19 17 11 18 10 19 24 20 25 21 11 22 28 23 16 24 30 25 25 26 28 27 19 28 11 29 23 30 22 31 24 32 29 33 22 34 18 35 23 28 4 24 5 22 6 17 7 27 8 17 9 26 10 26 11 28 12 15 13 23 14 16 15 24 16 15 17 10 18 29 19 23 24 24 25 26 26 27 27 18 28 17 29 12 30 23 31 22 32 10 33 27 34 10 35 19 32 4 22 5 25 6 26 7 18 8 27 9 13 10 22 11 17 12 24 13 24 14 18 15 18 16 19 17 22 18 26 19 24 20 29 21 11 22 11 23 10 24 22 25 22 26 11 27 16 28 13 29 28 30 29 31 21 32 19 33 14 34 30 35 22 4 36 24 37 17 38 16 39 28 
5 4 0 19 1 15 2 11 3 23 32 4 30 5 20 6 21 7 16 8 10 9 23 10 28 11 30 12 29 13 19 14 21 15 10 16 22 17 15 18 10 19 21 20 16 21 23 22 23 23 22 24 27 25 24 26 11 27 27 28 24 29 24 30 21 31 13 32 27 33 13 34 10 35 29 28 8 13 9 17 10 15 11 29 12 22 13 10 14 21 15 22 16 28 17 25 18 12 19 29 20 27 21 14 22 19 23 28 24 19 25 12 26 10 27 21 28 10 29 26 30 10 31 27 32 28 33 15 34 10 35 10 12 8 10 9 22 10 30 11 23 12 19 13 18 14 27 15 22 28 19 29 28 30 20 31 11 4 36 24 37 18 38 13 39 16 
5 4 0 19 1 26 2 12 3 22 8 4 12 5 29 6 21 7 16 12 23 13 22 14 23 15 19 32 4 28 5 23 6 30 7 14 8 12 9 22 10 27 11 12 12 13 13 30 14 19 15 16 16 12 17 30 18 23 19 26 20 25 21 25 22 14 23 19 24 18 25 20 26 17 27 19 28 15 29 27 30 15 31 29 32 19 33 28 34 30 35 19 8 12 24 13 11 14 30 15 14 28 24 29 10 30 21 31 19 4 36 29 37 21 38 21 39 10 
5 4 0 11 1 18 2 30 3 21 16 4 30 5 19 6 14 7 28 12 28 13 10 14 15 15 24 28 18 29 27 30 15 31 28 32 13 33 23 34 11 35 22 4 16 10 17 30 18 10 19 28 12 16 12 17 10 18 17 19 24 28 22 29 15 30 26 31 18 32 22 33 21 34 17 35 23 4 36 18 37 14 38 21 39 27 
5 4 0 25 1 10 2 19 3 19 8 20 23 21 19 22 19 23 23 24 18 25 30 26 29 27 18 24 4 15 5 22 6 19 7 17 8 16 9 12 10 30 11 16 12 27 13 17 14 18 15 12 24 19 25 24 26 26 27 28 28 23 29 26 30 30 31 18 32 29 33 14 34 22 35 30 8 16 12 17 27 18 18 19 22 20 26 21 21 22 11 23 25 4 36 18 37 12 38 20 39 21 
5 4 0 20 1 29 2 16 3 25 8 4 19 5 17 6 24 7 27 28 12 29 29 30 27 31 23 24 4 28 5 26 6 13 7 14 8 17 9 14 10 19 11 23 12 15 13 12 14 19 15 16 24 13 25 11 26 16 27 30 28 22 29 23 30 11 31 25 32 19 33 15 34 10 35 24 28 4 22 5 26 6 19 7 23 8 18 9 22 10 17 11 10 12 10 13 22 14 11 15 28 16 18 17 27 18 19 19 24 20 11 21 10 22 22 23 18 24 21 25 22 26 27 27 25 32 29 33 25 34 17 35 14 4 36 17 37 11 38 17 39 22 
5 4 0 23 1 26 2 26 3 20 20 12 20 13 25 14 14 15 21 16 30 17 15 18 26 19 20 20 10 21 25 22 25 23 20 24 15 25 12 26 19 27 17 28 19 29 29 30 28 31 13 8 28 27 29 23 30 10 31 26 32 15 33 10 34 15 35 14 20 4 19 5 23 6 30 7 18 8 25 9 11 10 22 11 14 16 15 17 19 18 19 19 26 20 30 21 27 22 15 23 30 32 11 33 30 34 20 35 30 4 36 20 37 14 38 12 39 18 
5 4 0 27 1 21 2 17 3 20 32 4 17 5 22 6 17 7 16 8 22 9 12 10 15 11 26 12 28 13 21 14 25 15 20 16 29 17 27 18 11 19 23 20 24 21 27 22 21 23 25 24 29 25 12 26 12 27 17 28 25 29 26 30 29 31 21 32 14 33 30 34 30 35 28 20 8 11 9 29 10 28 11 26 12 19 13 19 14 23 15 25 16 10 17 21 18 12 19 19 24 24 25 15 26 28 27 20 28 19 29 26 30 24 31 26 12 4 18 5 22 6 18 7 26 8 21 9 23 10 15 11 22 24 10 25 11 26 28 27 20 4 36 10 37 24 38 24 39 14 
5 4 0 21 1 15 2 25 3 25 24 4 27 5 30 6 12 7 25 8 20 9 21 10 30 11 26 12 17 13 24 14 26 15 26 24 28 25 12 26 14 27 14 28 30 29 12 30 10 31 12 32 27 33 20 34 22 35 26 8 4 18 5 24 6 26 7 18 12 19 13 18 14 11 15 12 28 8 29 9 30 10 24 11 18 12 12 13 24 14 18 15 28 16 23 17 16 18 16 19 23 20 29 21 13 22 12 23 20 24 17 25 23 26 17 27 20 28 27 29 12 30 16 31 29 32 12 33 21 34 21 35 30 4 36 21 37 24 38 27 39 15 
5 4 0 15 1 19 2 21 3 23 4 20 22 21 22 22 27 23 14 24 4 30 5 12 6 28 7 10 8 24 9 18 10 14 11 27 16 22 17 12 18 17 19 15 20 22 21 23 22 11 23 11 24 29 25 20 26 25 27 13 28 24 29 21 30 14 31 13 32 4 16 5 27 6 29 7 30 8 19 9 22 10 28 11 12 12 26 13 17 14 18 15 11 16 12 17 12 18 18 19 25 20 17 21 23 22 23 23 10 24 30 25 11 26 29 27 17 28 13 29 27 30 15 31 10 32 29 33 23 34 18 35 26 4 36 14 37 30 38 10 39 14 
5 4 0 11 1 25 2 30 3 22 20 8 11 9 22 10 30 11 18 12 13 13 25 14 14 15 24 16 15 17 13 18 17 19 26 28 15 29 18 30 10 31 20 32 23 33 22 34 25 35 21 32 4 13 5 29 6 29 7 12 8 15 9 14 10 27 11 17 12 21 13 14 14 16 15 19 16 23 17 19 18 27 19 20 20 29 21 27 22 12 23 13 24 15 25 27 26 13 27 10 28 30 29 14 30 27 31 23 32 20 33 23 34 24 35 27 24 4 18 5 30 6 24 7 12 8 14 9 26 10 18 11 24 12 16 13 29 14 12 15 15 16 27 17 27 18 11 19 17 20 19 21 29 22 13 23 22 24 24 25 20 26 22 27 28 4 36 15 37 28 38 14 39 24 
5 4 0 17 1 14 2 12 3 26 28 4 24 5 13 6 30 7 10 8 29 9 24 10 28 11 29 12 24 13 26 14 20 15 23 16 14 17 11 18 20 19 23 20 13 21 20 22 28 23 20 28 21 29 13 30 28 31 18 32 22 33 16 34 16 35 15 4 32 12 33 28 34 21 35 17 12 12 26 13 16 14 19 15 19 24 27 25 19 26 17 27 14 32 27 33 23 34 10 35 13 4 36 30 37 24 38 20 39 29 
5 4 0 21 1 16 2 23 3 18 28 4 29 5 16 6 21 7 14 8 11 9 16 10 26 11 20 12 11 13 12 14 15 15 28 16 10 17 23 18 12 19 15 20 10 21 28 22 21 23 15 28 26 29 19 30 14 31 19 32 24 33 20 34 17 35 27 28 4 21 5 22 6 11 7 17 8 17 9 24 10 20 11 16 12 25 13 11 14 28 15 10 20 13 21 17 22 14 23 14 24 28 25 21 26 12 27 17 28 16 29 16 30 23 31 15 32 20 33 29 34 26 35 16 16 8 11 9 21 10 16 11 24 12 19 13 10 14 21 15 20 16 21 17 15 18 16 19 29 28 10 29 14 30 27 31 25 4 36 24 37 30 38 15 39 20 
5 4 0 16 1 27 2 20 3 17 12 4 24 5 18 6 22 7 15 8 10 9 13 10 28 11 21 12 27 13 21 14 16 15 19 32 4 16 5 11 6 13 7 14 8 21 9 11 10 20 11 13 12 11 13 29 14 24 15 23 16 18 17 28 18 11 19 23 20 23 21 28 22 11 23 13 24 30 25 26 26 26 27 18 28 18 29 22 30 24 31 21 32 27 33 22 34 10 35 25 28 4 26 5 21 6 21 7 27 8 23 9 28 10 28 11 10 12 28 13 23 14 22 15 30 20 24 21 28 22 18 23 28 24 25 25 25 26 25 27 23 28 11 29 29 30 17 31 14 32 22 33 23 34 25 35 11 4 36 15 37 13 38 18 39 16 
5 4 0 29 1 17 2 16 3 24 24 8 24 9 23 10 27 11 12 16 26 17 25 18 14 19 10 20 14 21 28 22 26 23 23 24 22 25 19 26 18 27 12 28 18 29 22 30 16 31 16 32 19 33 14 34 27 35 20 24 12 16 13 30 14 27 15 12 16 24 17 14 18 28 19 20 20 20 21 14 22 18 23 10 24 19 25 16 26 26 27 21 28 23 29 30 30 14 31 11 32 17 33 17 34 28 35 18 8 4 25 5 10 6 13 7 10 8 13 9 24 10 29 11 11 4 36 27 37 12 38 22 39 13 
5 4 0 18 1 14 2 27 3 15 28 4 30 5 12 6 17 7 17 8 14 9 10 10 30 11 29 12 14 13 18 14 12 15 28 16 30 17 11 18 22 19 21 20 18 21 23 22 13 23 28 24 25 25 21 26 29 27 17 28 23 29 19 30 27 31 13 8 16 28 17 26 18 29 19 22 24 16 25 13 26 15 27 26 8 12 29 13 30 14 16 15 20 32 20 33 19 34 10 35 25 4 36 15 37 24 38 12 39 20 
5 4 0 28 1 18 2 20 3 28 32 4 25 5 13 6 16 7 25 8 16 9 24 10 30 11 26 12 12 13 21 14 13 15 22 16 19 17 19 18 12 19 14 20 18 21 22 22 26 23 26 24 14 25 10 26 23 27 24 28 24 29 30 30 21 31 22 32 22 33 11 34 24 35 20 12 8 21 9 25 10 17 11 13 12 12 13 29 14 21 15 28 32 21 33 14 34 30 35 26 24 4 29 5 19 6 20 7 30 12 16 13 29 14 27 15 12 20 29 21 13 22 18 23 17 24 24 25 24 26 10 27 25 28 16 29 26 30 13 31 10 32 14 33 17 34 16 35 27 4 36 25 37 29 38 19 39 30 
5 4 0 14 1 10 2 11 3 17 32 4 13 5 27 6 22 7 27 8 23 9 20 10 28 11 24 12 27 13 29 14 23 15 20 16 25 17 26 18 29 19 25 20 21 21 23 22 14 23 25 24 26 25 22 26 19 27 14 28 30 29 29 30 25 31 12 32 13 33 12 34 14 35 26 16 4 30 5 25 6 21 7 21 16 24 17 25 18 17 19 11 24 16 25 20 26 19 27 27 28 18 29 19 30 16 31 20 4 12 22 13 29 14 18 15 23 4 36 24 37 26 38 12 39 23 
5 4 0 25 1 13 2 21 3 23 16 12 23 13 26 14 23 15 11 24 22 25 12 26 25 27 14 28 21 29 27 30 16 31 19 32 23 33 13 34 29 35 18 8 20 28 21 19 22 29 23 14 28 23 29 21 30 25 31 24 28 4 28 5 19 6 17 7 21 8 18 9 10 10 24 11 26 16 20 17 16 18 11 19 27 20 15 21 22 22 30 23 16 24 13 25 19 26 17 27 10 28 18 29 22 30 27 31 23 32 13 33 14 34 27 35 13 4 36 14 37 11 38 10 39 10 
5 4 0 24 1 24 2 20 3 25 4 32 21 33 19 34 26 35 27 32 4 13 5 25 6 26 7 17 8 17 9 15 10 12 11 22 12 29 13 30 14 12 15 21 16 21 17 15 18 12 19 13 20 22 21 16 22 11 23 23 24 11 25 29 26 28 27 13 28 26 29 10 30 28 31 13 32 20 33 14 34 14 35 18 12 8 11 9 17 10 26 11 18 16 28 17 20 18 29 19 20 28 11 29 25 30 15 31 25 4 36 22 37 24 38 21 39 26 
5 4 0 16 1 22 2 20 3 29 8 12 10 13 23 14 14 15 20 32 15 33 11 34 22 35 24 32 4 16 5 21 6 27 7 30 8 23 9 23 10 19 11 21 12 15 13 22 14 27 15 21 16 30 17 21 18 14 19 10 20 14 21 17 22 13 23 14 24 19 25 30 26 22 27 30 28 26 29 12 30 20 31 12 32 30 33 14 34 23 35 11 32 4 24 5 30 6 28 7 22 8 10 9 21 10 11 11 10 12 16 13 24 14 27 15 15 16 14 17 14 18 18 19 27 20 30 21 19 22 22 23 13 24 16 25 26 26 24 27 25 28 12 29 23 30 19 31 22 32 20 33 13 34 17 35 10 4 36 22 37 19 38 17 39 11 
5 4 0 19 1 11 2 19 3 14 12 4 10 5 27 6 30 7 16 8 10 9 10 10 12 11 11 32 24 33 12 34 30 35 23 24 8 26 9 15 10 29 11 27 12 14 13 10 14 12 15 22 20 12 21 26 22 10 23 29 24 17 25 11 26 17 27 16 28 27 29 16 30 17 31 25 32 18 33 24 34 17 35 14 28 4 13 5 28 6 21 7 12 8 13 9 18 10 28 11 26 12 25 13 19 14 14 15 11 20 21 21 13 22 21 23 22 24 16 25 15 26 18 27 11 28 11 29 10 30 23 31 16 32 28 33 27 34 27 35 17 4 36 20 37 29 38 11 39 10 
5 4 0 25 1 28 2 24 3 20 4 28 27 29 24 30 14 31 30 24 4 30 5 21 6 30 7 24 12 12 13 27 14 17 15 12 16 28 17 21 18 24 19 12 20 12 21 21 22 20 23 18 24 27 25 17 26 27 27 27 28 14 29 23 30 13 31 25 12 24 25 25 19 26 23 27 21 28 16 29 28 30 11 31 12 32 25 33 16 34 29 35 24 4 36 25 37 30 38 14 39 18 
5 4 0 24 1 23 2 22 3 14 8 16 14 17 17 18 14 19 10 28 11 29 14 30 30 31 11 32 4 16 5 14 6 14 7 14 8 27 9 17 10 10 11 20 12 12 13 10 14 18 15 29 16 16 17 22 18 29 19 20 20 16 21 13 22 19 23 17 24 30 25 29 26 28 27 22 28 26 29 29 30 27 31 20 32 10 33 25 34 20 35 20 4 12 28 13 17 14 29 15 24 4 36 11 37 16 38 28 39 20 
5 4 0 19 1 26 2 16 3 20 28 4 26 5 15 6 18 7 23 8 27 9 22 10 19 11 29 16 23 17 16 18 17 19 15 20 22 21 16 22 12 23 10 24 25 25 13 26 17 27 17 28 10 29 16 30 16 31 30 32 14 33 22 34 25 35 24 16 4 20 5 11 6 10 7 22 16 17 17 27 18 19 19 27 28 12 29 21 30 19 31 19 32 19 33 13 34 24 35 22 8 20 18 21 25 22 22 23 19 28 29 29 21 30 22 31 27 4 36 16 37 25 38 25 39 21 
5 4 0 29 1 24 2 18 3 26 32 4 19 5 19 6 19 7 20 8 19 9 11 10 18 11 27 12 18 13 14 14 28 15 20 16 27 17 25 18 20 19 26 20 20 21 28 22 26 23 11 24 15 25 12 26 15 27 26 28 29 29 10 30 13 31 20 32 28 33 26 34 22 35 16 12 12 26 13 23 14 16 15 21 24 27 25 16 26 16 27 26 28 13 29 25 30 16 31 23 12 12 18 13 21 14 16 15 15 16 28 17 25 18 21 19 27 32 27 33 17 34 30 35 17 4 36 18 37 23 38 27 39 24 
5 4 0 25 1 22 2 30 3 11 32 4 28 5 27 6 14 7 11 8 18 9 15 10 14 11 10 12 26 13 28 14 14 15 19 16 10 17 27 18 29 19 12 20 11 21 25 22 11 23 29 24 21 25 20 26 10 27 12 28 29 29 28 30 23 31 20 32 19 33 30 34 15 35 10 4 12 13 13 15 14 17 15 17 32 4 13 5 22 6 15 7 17 8 17 9 25 10 15 11 28 12 10 13 18 14 10 15 14 16 10 17 30 18 30 19 27 20 29 21 21 22 18 23 10 24 14 25 25 26 11 27 24 28 10 29 30 30 17 31 23 32 16 33 27 34 26 35 19 4 36 13 37 13 38 12 39 10 
5 4 0 20 1 13 2 17 3 23 28 4 21 5 14 6 13 7 18 8 15 9 27 10 13 11 26 16 28 17 28 18 30 19 15 20 15 21 11 22 15 23 25 24 24 25 18 26 21 27 11 28 25 29 23 30 16 31 28 32 30 33 19 34 18 35 10 12 16 24 17 16 18 12 19 22 24 18 25 14 26 19 27 22 28 27 29 22 30 25 31 29 20 16 26 17 19 18 24 19 26 20 24 21 19 22 26 23 14 24 16 25 12 26 21 27 28 28 19 29 11 30 17 31 20 32 26 33 22 34 20 35 12 4 36 25 37 28 38 24 39 28 
5 4 0 11 1 23 2 29 3 27 32 4 12 5 13 6 28 7 17 8 24 9 16 10 10 11 28 12 26 13 12 14 20 15 12 16 22 17 29 18 20 19 12 20 29 21 24 22 27 23 11 24 14 25 16 26 21 27 15 28 10 29 14 30 11 31 13 32 30 33 28 34 26 35 29 28 4 11 5 21 6 14 7 25 8 26 9 15 10 15 11 27 12 26 13 18 14 21 15 14 16 27 17 30 18 14 19 16 20 29 21 15 22 27 23 15 24 23 25 17 26 26 27 22 32 10 33 16 34 25 35 25 8 12 17 13 23 14 13 15 11 32 26 33 29 34 20 35 19 4 36 19 37 10 38 10 39 29 
5 4 0 14 1 29 2 25 3 14 24 8 29 9 29 10 29 11 28 12 20 13 12 14 11 15 28 16 23 17 10 18 21 19 15 20 22 21 28 22 13 23 11 24 22 25 30 26 29 27 28 32 25 33 28 34 13 35 16 28 4 11 5 25 6 13 7 28 8 22 9 11 10 17 11 25 16 16 17 20 18 29 19 30 20 21 21 29 22 17 23 19 24 30 25 13 26 30 27 19 28 15 29 11 30 21 31 27 32 15 33 14 34 16 35 19 32 4 15 5 21 6 11 7 14 8 24 9 14 10 19 11 13 12 27 13 10 14 23 15 15 16 16 17 17 18 15 19 15 20 28 21 23 22 19 23 20 24 19 25 13 26 25 27 26 28 22 29 27 30 29 31 13 32 15 33 27 34 12 35 30 4 36 21 37 15 38 12 39 15 
5 4 0 27 1 25 2 23 3 22 32 4 25 5 16 6 13 7 17 8 14 9 11 10 22 11 16 12 19 13 18 14 13 15 14 16 15 17 29 18 14 19 11 20 26 21 22 22 22 23 29 24 30 25 20 26 22 27 21 28 27 29 24 30 13 31 30 32 26 33 27 34 19 35 30 20 8 16 9 10 10 11 11 21 16 12 17 21 18 10 19 23 20 20 21 19 22 22 23 20 28 19 29 15 30 11 31 15 32 16 33 20 34 24 35 12 16 8 22 9 30 10 21 11 25 12 28 13 10 14 29 15 19 20 16 21 25 22 16 23 29 24 23 25 16 26 14 27 30 4 36 19 37 15 38 15 39 26 
5 4 0 29 1 10 2 26 3 25 20 8 25 9 21 10 24 11 17 12 26 13 29 14 20 15 24 20 23 21 27 22 27 23 29 24 14 25 17 26 14 27 17 28 27 29 10 30 12 31 26 8 4 28 5 16 6 25 7 26 24 18 25 12 26 22 27 22 8 24 13 25 20 26 12 27 29 28 10 29 26 30 23 31 19 4 36 14 37 26 38 23 39 21 
5 4 0 25 1 13 2 26 3 25 12 4 27 5 20 6 24 7 10 8 23 9 24 10 13 11 20 28 11 29 25 30 26 31 27 20 4 21 5 11 6 23 7 29 20 30 21 10 22 24 23 22 24 29 25 29 26 30 27 29 28 25 29 14 30 19 31 14 32 30 33 16 34 25 35 16 4 28 11 29 21 30 29 31 12 4 36 22 37 12 38 15 39 19 
5 4 0 19 1 20 2 11 3 28 24 4 13 5 20 6 21 7 20 8 29 9 22 10 27 11 18 16 25 17 17 18 17 19 13 20 28 21 14 22 22 23 16 24 13 25 20 26 23 27 30 32 24 33 30 34 17 35 27 8 8 23 9 10 10 14 11 27 12 18 13 25 14 18 15 21 20 8 27 9 10 10 12 11 17 12 11 13 25 14 14 15 10 16 12 17 27 18 30 19 17 28 25 29 11 30 17 31 20 32 19 33 25 34 25 35 29 4 36 30 37 28 38 19 39 20 
5 4 0 27 1 29 2 16 3 22 4 24 27 25 25 26 18 27 25 4 28 28 29 25 30 28 31 12 12 8 29 9 23 10 27 11 13 12 14 13 27 14 13 15 15 24 16 25 13 26 29 27 17 4 36 29 37 24 38 21 39 25 
5 4 0 11 1 30 2 13 3 14 28 4 25 5 27 6 27 7 12 8 23 9 22 10 11 11 24 12 22 13 28 14 21 15 15 20 29 21 11 22 16 23 12 24 18 25 29 26 18 27 28 28 11 29 20 30 15 31 28 32 20 33 22 34 29 35 18 8 8 22 9 16 10 25 11 27 16 21 17 24 18 17 19 10 32 4 17 5 11 6 27 7 28 8 10 9 28 10 15 11 19 12 17 13 30 14 20 15 26 16 26 17 30 18 10 19 14 20 27 21 29 22 27 23 26 24 15 25 21 26 18 27 27 28 26 29 24 30 29 31 20 32 29 33 30 34 17 35 23 4 36 22 37 10 38 17 39 21 
5 4 0 19 1 28 2 29 3 15 28 4 20 5 23 6 14 7 13 8 18 9 21 10 30 11 29 12 11 13 24 14 12 15 28 20 19 21 14 22 23 23 12 24 10 25 18 26 10 27 23 28 24 29 11 30 27 31 18 32 30 33 11 34 21 35 17 4 8 23 9 15 10 25 11 24 12 8 29 9 11 10 22 11 15 28 21 29 15 30 19 31 11 32 12 33 18 34 14 35 22 4 36 13 37 28 38 21 39 29 
5 4 0 15 1 21 2 28 3 22 4 24 19 25 21 26 23 27 30 32 4 24 5 21 6 18 7 20 8 24 9 29 10 27 11 10 12 14 13 30 14 20 15 23 16 22 17 28 18 21 19 28 20 19 21 26 22 30 23 26 24 26 25 10 26 19 27 27 28 29 29 13 30 29 31 14 32 20 33 10 34 26 35 13 8 28 23 29 29 30 14 31 20 32 22 33 23 34 14 35 29 4 36 13 37 10 38 15 39 28 
5 4 0 21 1 15 2 11 3 12 4 20 15 21 18 22 23 23 29 16 8 24 9 23 10 30 11 15 16 20 17 18 18 30 19 11 28 27 29 21 30 10 31 14 32 13 33 30 34 25 35 21 20 4 17 5 24 6 20 7 16 8 20 9 13 10 11 11 17 16 21 17 13 18 13 19 11 20 12 21 17 22 11 23 16 28 17 29 27 30 23 31 18 4 36 28 37 16 38 12 39 18 
5 4 0 22 1 30 2 18 3 12 20 4 14 5 22 6 11 7 12 8 20 9 12 10 22 11 21 16 14 17 21 18 17 19 13 20 17 21 24 22 20 23 15 28 19 29 29 30 21 31 11 8 16 18 17 16 18 17 19 12 20 30 21 14 22 13 23 25 20 8 17 9 18 10 20 11 13 16 26 17 14 18 10 19 25 20 11 21 19 22 22 23 17 24 14 25 13 26 23 27 24 32 29 33 17 34 15 35 27 4 36 20 37 19 38 24 39 27 
5 4 0 10 1 15 2 28 3 17 16 8 10 9 27 10 26 11 27 16 25 17 18 18 16 19 10 20 14 21 18 22 16 23 19 24 16 25 26 26 28 27 12 8 8 12 9 14 10 25 11 22 16 20 17 24 18 14 19 29 32 4 16 5 23 6 24 7 13 8 24 9 21 10 18 11 19 12 29 13 10 14 21 15 14 16 15 17 14 18 13 19 16 20 20 21 20 22 13 23 30 24 30 25 18 26 10 27 11 28 18 29 14 30 30 31 29 32 15 33 13 34 26 35 26 4 36 22 37 14 38 24 39 21 
5 4 0 16 1 23 2 25 3 12 4 12 23 13 26 14 16 15 28 16 8 13 9 23 10 16 11 19 16 28 17 29 18 24 19 16 24 16 25 26 26 12 27 21 28 27 29 30 30 24 31 28 12 8 20 9 27 10 20 11 28 16 25 17 10 18 13 19 17 20 17 21 10 22 29 23 27 4 36 24 37 26 38 14 39 24 
5 4 0 22 1 20 2 27 3 16 4 20 18 21 11 22 17 23 23 24 4 12 5 15 6 12 7 21 8 23 9 10 10 12 11 26 20 11 21 14 22 30 23 29 24 28 25 15 26 24 27 21 28 13 29 22 30 17 31 21 32 22 33 26 34 25 35 24 20 8 28 9 16 10 13 11 29 12 11 13 25 14 13 15 17 24 27 25 18 26 18 27 27 28 14 29 27 30 27 31 30 32 15 33 17 34 10 35 12 4 36 11 37 17 38 24 39 30 
5 4 0 11 1 11 2 15 3 19 20 8 27 9 24 10 21 11 22 12 29 13 19 14 26 15 27 20 27 21 20 22 27 23 26 24 25 25 17 26 16 27 25 32 22 33 21 34 23 35 24 16 4 19 5 17 6 26 7 27 12 20 13 18 14 10 15 24 24 25 25 11 26 20 27 28 28 10 29 15 30 17 31 20 28 8 10 9 15 10 26 11 27 12 16 13 29 14 13 15 23 16 25 17 23 18 10 19 11 20 16 21 13 22 16 23 19 24 30 25 15 26 28 27 30 28 10 29 13 30 17 31 15 32 10 33 22 34 16 35 14 4 36 24 37 20 38 27 39 30 
5 4 0 11 1 12 2 11 3 12 24 8 30 9 24 10 30 11 18 12 23 13 26 14 14 15 16 16 21 17 21 18 27 19 12 24 17 25 19 26 14 27 23 28 12 29 13 30 19 31 17 32 10 33 21 34 25 35 26 28 4 24 5 23 6 11 7 22 8 27 9 25 10 13 11 14 12 17 13 17 14 17 15 14 16 16 17 30 18 25 19 28 20 13 21 26 22 25 23 30 24 30 25 18 26 14 27 16 28 22 29 15 30 21 31 20 28 4 10 5 12 6 27 7 16 8 28 9 28 10 24 11 10 16 30 17 16 18 11 19 16 20 21 21 23 22 28 23 24 24 27 25 26 26 11 27 28 28 19 29 19 30 16 31 16 32 27 33 19 34 12 35 18 4 36 22 37 23 38 25 39 27 
5 4 0 16 1 12 2 28 3 11 8 8 14 9 25 10 17 11 26 32 21 33 18 34 16 35 24 24 4 19 5 17 6 13 7 21 8 19 9 22 10 13 11 28 12 14 13 30 14 30 15 22 20 18 21 10 22 14 23 28 24 23 25 15 26 28 27 26 28 24 29 12 30 24 31 10 8 8 12 9 26 10 21 11 17 24 14 25 16 26 21 27 16 4 36 15 37 10 38 22 39 16 
5 4 0 17 1 13 2 20 3 29 4 4 20 5 30 6 26 7 20 4 20 29 21 19 22 10 23 15 4 12 27 13 15 14 11 15 13 4 36 10 37 27 38 28 39 16 
5 4 0 23 1 28 2 15 3 10 8 8 26 9 29 10 27 11 20 16 18 17 20 18 17 19 11 8 20 13 21 22 22 11 23 26 28 27 29 12 30 23 31 13 20 8 30 9 23 10 23 11 16 16 12 17 18 18 21 19 11 20 18 21 26 22 26 23 13 24 24 25 30 26 15 27 20 28 16 29 25 30 27 31 27 4 36 17 37 25 38 16 39 27 
5 4 0 27 1 20 2 15 3 10 24 4 28 5 14 6 25 7 13 8 18 9 25 10 28 11 10 16 25 17 15 18 12 19 27 20 26 21 20 22 11 23 11 28 30 29 27 30 10 31 28 32 27 33 18 34 19 35 22 8 12 29 13 30 14 13 15 27 24 27 25 28 26 29 27 25 32 4 19 5 26 6 19 7 13 8 25 9 10 10 15 11 12 12 30 13 10 14 10 15 17 16 21 17 17 18 14 19 22 20 27 21 20 22 15 23 17 24 27 25 16 26 28 27 29 28 21 29 21 30 18 31 10 32 19 33 15 34 11 35 23 4 36 24 37 20 38 19 39 29 
5 4 0 18 1 22 2 28 3 27 4 12 12 13 17 14 16 15 25 4 8 18 9 27 10 28 11 25 4 16 27 17 27 18 28 19 22 4 36 10 37 10 38 14 39 26 
5 4 0 11 1 11 2 28 3 21 20 4 17 5 26 6 11 7 24 8 28 9 20 10 29 11 24 16 27 17 27 18 24 19 26 20 19 21 24 22 14 23 26 24 23 25 29 26 11 27 24 32 4 24 5 26 6 24 7 12 8 16 9 21 10 19 11 22 12 24 13 10 14 18 15 12 16 18 17 25 18 29 19 20 20 30 21 26 22 11 23 30 24 21 25 30 26 16 27 14 28 11 29 10 30 21 31 30 32 24 33 10 34 27 35 29 8 4 27 5 28 6 10 7 19 8 19 9 10 10 20 11 13 4 36 25 37 22 38 29 39 22 
5 4 0 29 1 17 2 16 3 24 12 4 25 5 10 6 21 7 13 8 11 9 26 10 21 11 23 24 22 25 26 26 30 27 21 8 12 18 13 29 14 13 15 28 32 14 33 26 34 22 35 22 24 4 17 5 18 6 18 7 18 12 26 13 28 14 30 15 29 16 19 17 19 18 11 19 22 20 13 21 10 22 17 23 11 24 19 25 16 26 22 27 13 28 18 29 15 30 19 31 27 4 36 18 37 22 38 23 39 10 
5 4 0 30 1 27 2 26 3 21 24 4 20 5 16 6 20 7 23 8 20 9 16 10 30 11 13 12 21 13 27 14 10 15 27 16 27 17 23 18 11 19 18 20 24 21 23 22 23 23 22 28 16 29 28 30 16 31 12 8 20 24 21 26 22 29 23 23 28 18 29 11 30 14 31 19 20 4 18 5 25 6 15 7 29 8 30 9 28 10 27 11 20 12 20 13 23 14 17 15 16 20 17 21 13 22 29 23 27 24 28 25 24 26 29 27 13 4 36 13 37 22 38 17 39 19 
5 4 0 20 1 24 2 24 3 26 4 20 11 21 24 22 15 23 22 32 4 30 5 26 6 23 7 25 8 21 9 11 10 15 11 25 12 13 13 14 14 15 15 29 16 26 17 22 18 30 19 23 20 26 21 26 22 23 23 13 24 10 25 10 26 23 27 13 28 14 29 26 30 23 31 10 32 14 33 11 34 27 35 28 4 28 20 29 17 30 23 31 17 4 36 11 37 30 38 16 39 17 
5 4 0 19 1 30 2 22 3 20 28 4 15 5 29 6 23 7 21 8 25 9 24 10 29 11 16 12 24 13 13 14 14 15 29 20 21 21 20 22 10 23 24 24 23 25 30 26 17 27 23 28 18 29 17 30 29 31 15 32 18 33 23 34 11 35 26 24 4 13 5 20 6 16 7 23 8 25 9 11 10 14 11 21 12 28 13 10 14 25 15 12 16 23 17 20 18 22 19 22 20 22 21 23 22 25 23 22 32 23 33 29 34 22 35 11 12 16 18 17 30 18 11 19 21 20 17 21 15 22 18 23 20 32 11 33 20 34 15 35 25 4 36 22 37 19 38 25 39 27 
5 4 0 12 1 19 2 29 3 26 4 20 29 21 18 22 15 23 17 28 4 30 5 13 6 15 7 30 12 14 13 26 14 14 15 20 16 21 17 17 18 28 19 16 20 30 21 22 22 22 23 11 24 10 25 16 26 30 27 13 28 15 29 22 30 19 31 17 32 15 33 29 34 17 35 28 16 4 18 5 26 6 26 7 18 8 13 9 28 10 20 11 20 12 12 13 21 14 24 15 10 20 26 21 11 22 13 23 11 4 36 14 37 13 38 20 39 29 
5 4 0 21 1 13 2 30 3 29 20 4 17 5 24 6 25 7 15 8 18 9 21 10 19 11 21 20 29 21 24 22 29 23 24 24 13 25 14 26 17 27 25 32 15 33 18 34 30 35 12 32 4 27 5 29 6 19 7 16 8 23 9 23 10 29 11 26 12 14 13 11 14 19 15 11 16 19 17 16 18 14 19 27 20 27 21 10 22 16 23 22 24 16 25 10 26 13 27 23 28 22 29 15 30 14 31 12 32 12 33 11 34 10 35 17 16 12 13 13 13 14 20 15 22 20 21 21 30 22 22 23 11 24 19 25 11 26 19 27 29 28 28 29 18 30 10 31 24 4 36 30 37 24 38 17 39 11 
5 4 0 14 1 30 2 10 3 29 4 16 21 17 30 18 14 19 18 32 4 13 5 24 6 12 7 29 8 14 9 12 10 23 11 16 12 28 13 17 14 16 15 21 16 17 17 23 18 27 19 13 20 26 21 14 22 11 23 12 24 21 25 26 26 20 27 10 28 29 29 25 30 25 31 15 32 27 33 18 34 27 35 27 16 4 15 5 22 6 29 7 23 8 25 9 30 10 11 11 27 16 17 17 18 18 24 19 12 32 29 33 22 34 30 35 15 4 36 13 37 15 38 26 39 26 
5 4 0 13 1 22 2 13 3 18 4 8 28 9 17 10 17 11 11 28 4 24 5 16 6 23 7 10 8 27 9 13 10 27 11 25 12 19 13 28 14 19 15 14 16 17 17 26 18 15 19 18 20 18 21 12 22 16 23 25 28 29 29 15 30 14 31 16 32 19 33 12 34 24 35 16 12 4 21 5 16 6 28 7 22 8 13 9 30 10 25 11 23 28 19 29 28 30 29 31 27 4 36 26 37 27 38 29 39 11 
5 4 0 18 1 19 2 26 3 21 4 32 10 33 24 34 14 35 19 32 4 17 5 15 6 25 7 13 8 11 9 23 10 19 11 28 12 27 13 12 14 12 15 10 16 14 17 23 18 20 19 26 20 29 21 22 22 15 23 26 24 26 25 14 26 23 27 19 28 16 29 18 30 28 31 26 32 12 33 21 34 14 35 23 16 4 10 5 27 6 24 7 13 8 28 9 15 10 13 11 10 16 11 17 18 18 14 19 12 28 19 29 25 30 13 31 11 4 36 18 37 17 38 13 39 23 
5 4 0 18 1 26 2 13 3 18 20 4 12 5 18 6 15 7 11 8 24 9 19 10 13 11 28 16 14 17 17 18 17 19 21 28 11 29 21 30 30 31 29 32 18 33 15 34 25 35 22 16 12 16 13 14 14 25 15 23 16 12 17 28 18 13 19 29 24 10 25 14 26 16 27 14 32 10 33 20 34 11 35 21 32 4 29 5 24 6 25 7 17 8 26 9 18 10 10 11 18 12 22 13 10 14 28 15 27 16 29 17 12 18 26 19 25 20 16 21 27 22 14 23 13 24 17 25 20 26 29 27 28 28 10 29 20 30 25 31 30 32 21 33 17 34 28 35 16 4 36 15 37 14 38 24 39 22 
5 4 0 27 1 17 2 25 3 19 12 4 20 5 26 6 19 7 29 16 29 17 19 18 22 19 26 24 12 25 14 26 29 27 22 8 12 13 13 11 14 13 15 15 28 10 29 13 30 24 31 27 28 4 27 5 29 6 21 7 20 12 27 13 23 14 27 15 28 16 21 17 14 18 27 19 12 20 17 21 17 22 11 23 27 24 18 25 26 26 21 27 21 28 30 29 12 30 17 31 29 32 16 33 28 34 18 35 11 4 36 26 37 23 38 28 39 16 
5 4 0 12 1 24 2 22 3 10 4 20 25 21 14 22 13 23 26 16 4 30 5 24 6 14 7 21 12 10 13 25 14 23 15 29 20 12 21 25 22 24 23 21 28 22 29 15 30 24 31 11 32 4 27 5 22 6 18 7 18 8 30 9 12 10 10 11 14 12 12 13 22 14 21 15 26 16 27 17 11 18 10 19 15 20 19 21 19 22 18 23 19 24 16 25 18 26 21 27 27 28 14 29 24 30 26 31 26 32 15 33 20 34 18 35 29 4 36 18 37 13 38 20 39 16 
5 4 0 24 1 15 2 10 3 14 20 4 16 5 16 6 30 7 18 16 14 17 11 18 17 19 30 24 13 25 16 26 19 27 20 28 11 29 27 30 12 31 19 32 21 33 20 34 18 35 19 16 4 28 5 27 6 24 7 22 12 28 13 23 14 27 15 10 16 21 17 12 18 28 19 23 24 14 25 15 26 23 27 19 32 4 13 5 19 6 24 7 19 8 29 9 13 10 21 11 30 12 29 13 10 14 15 15 28 16 13 17 10 18 27 19 17 20 16 21 29 22 27 23 21 24 12 25 23 26 15 27 29 28 16 29 21 30 20 31 18 32 14 33 16 34 23 35 25 4 36 11 37 15 38 13 39 25 
5 4 0 25 1 11 2 24 3 17 28 8 12 9 28 10 11 11 24 12 22 13 24 14 30 15 12 16 19 17 15 18 10 19 27 20 30 21 13 22 30 23 14 24 14 25 29 26 12 27 30 28 25 29 16 30 16 31 27 32 13 33 20 34 17 35 25 20 4 21 5 21 6 24 7 10 12 21 13 26 14 14 15 27 16 22 17 28 18 13 19 28 24 24 25 21 26 27 27 27 28 23 29 27 30 15 31 16 32 4 18 5 19 6 15 7 24 8 10 9 28 10 10 11 15 12 17 13 24 14 15 15 19 16 27 17 10 18 26 19 17 20 28 21 12 22 22 23 20 24 13 25 21 26 14 27 20 28 21 29 26 30 13 31 14 32 18 33 11 34 26 35 16 4 36 27 37 28 38 29 39 19 
5 4 0 20 1 23 2 21 3 12 20 8 21 9 23 10 22 11 14 12 13 13 17 14 16 15 11 16 16 17 15 18 15 19 26 20 12 21 29 22 14 23 18 32 30 33 10 34 29 35 13 24 4 12 5 26 6 21 7 22 8 29 9 24 10 20 11 13 16 15 17 13 18 10 19 15 20 30 21 13 22 21 23 13 28 26 29 19 30 25 31 23 32 25 33 10 34 17 35 20 8 12 20 13 15 14 12 15 22 20 14 21 27 22 13 23 28 4 36 20 37 23 38 27 39 22 
5 4 0 14 1 25 2 13 3 29 32 4 20 5 23 6 13 7 16 8 14 9 17 10 16 11 21 12 12 13 20 14 19 15 26 16 13 17 22 18 24 19 29 20 26 21 30 22 13 23 24 24 20 25 30 26 27 27 23 28 24 29 11 30 27 31 14 32 10 33 22 34 18 35 11 24 4 10 5 10 6 15 7 13 12 25 13 20 14 11 15 19 20 16 21 27 22 25 23 13 24 12 25 26 26 28 27 27 28 14 29 26 30 21 31 24 32 10 33 19 34 27 35 19 32 4 23 5 28 6 25 7 19 8 23 9 15 10 30 11 14 12 24 13 21 14 13 15 27 16 24 17 22 18 23 19 19 20 28 21 25 22 27 23 10 24 30 25 23 26 10 27 12 28 13 29 12 30 26 31 17 32 19 33 15 34 18 35 17 4 36 21 37 15 38 16 39 13 
5 4 0 14 1 11 2 20 3 11 20 8 26 9 26 10 21 11 23 16 10 17 11 18 29 19 30 20 19 21 14 22 18 23 10 24 29 25 26 26 17 27 12 32 25 33 15 34 17 35 29 20 4 12 5 22 6 25 7 16 8 14 9 12 10 17 11 27 20 10 21 13 22 24 23 13 28 26 29 10 30 11 31 23 32 24 33 30 34 10 35 27 24 4 26 5 21 6 15 7 21 8 28 9 26 10 26 11 15 12 17 13 14 14 17 15 16 16 18 17 24 18 25 19 19 20 21 21 23 22 29 23 30 28 14 29 18 30 21 31 23 4 36 14 37 28 38 13 39 18 
5 4 0 30 1 21 2 14 3 30 32 4 17 5 17 6 26 7 23 8 28 9 27 10 15 11 15 12 28 13 23 14 19 15 30 16 15 17 20 18 12 19 22 20 29 21 13 22 15 23 23 24 25 25 18 26 19 27 22 28 27 29 11 30 17 31 25 32 26 33 10 34 26 35 12 32 4 10 5 21 6 15 7 27 8 10 9 16 10 19 11 20 12 10 13 13 14 26 15 14 16 16 17 27 18 22 19 29 20 24 21 14 22 10 23 17 24 26 25 12 26 28 27 28 28 29 29 12 30 26 31 29 32 20 33 23 34 26 35 15 4 20 24 21 12 22 30 23 12 4 36 29 37 29 38 13 39 13 
5 4 0 27 1 11 2 16 3 11 4 20 30 21 24 22 22 23 18 12 4 26 5 25 6 26 7 20 8 22 9 19 10 28 11 22 20 25 21 23 22 20 23 12 4 28 12 29 26 30 30 31 30 4 36 13 37 21 38 28 39 28 
5 4 0 15 1 15 2 11 3 12 32 4 15 5 25 6 21 7 25 8 26 9 24 10 21 11 21 12 27 13 16 14 28 15 14 16 22 17 17 18 11 19 28 20 20 21 12 22 30 23 18 24 14 25 27 26 11 27 13 28 24 29 17 30 23 31 10 32 26 33 22 34 13 35 20 20 4 25 5 30 6 18 7 24 8 18 9 10 10 10 11 10 12 18 13 24 14 10 15 23 28 13 29 28 30 22 31 26 32 13 33 22 34 15 35 18 12 12 20 13 28 14 27 15 14 16 28 17 13 18 22 19 27 28 13 29 10 30 10 31 28 4 36 28 37 29 38 12 39 17 
5 4 0 11 1 14 2 24 3 27 16 8 24 9 30 10 26 11 11 16 18 17 20 18 26 19 30 24 30 25 11 26 21 27 22 32 13 33 13 34 26 35 21 32 4 29 5 28 6 19 7 18 8 12 9 13 10 25 11 30 12 23 13 21 14 24 15 28 16 24 17 24 18 20 19 27 20 20 21 23 22 28 23 12 24 30 25 22 26 13 27 19 28 19 29 14 30 15 31 17 32 10 33 18 34 23 35 25 32 4 24 5 19 6 18 7 30 8 10 9 12 10 19 11 14 12 26 13 25 14 12 15 16 16 18 17 26 18 11 19 25 20 19 21 27 22 26 23 22 24 18 25 11 26 10 27 16 28 20 29 10 30 11 31 10 32 10 33 14 34 20 35 14 4 36 13 37 27 38 30 39 26 
5 4 0 26 1 12 2 17 3 10 8 4 29 5 21 6 26 7 16 16 11 17 27 18 11 19 21 12 4 29 5 11 6 12 7 20 12 13 13 28 14 15 15 21 16 18 17 24 18 29 19 25 16 4 22 5 27 6 24 7 27 16 23 17 13 18 28 19 15 24 28 25 15 26 29 27 29 32 15 33 26 34 30 35 20 4 36 18 37 15 38 28 39 12 
5 4 0 24 1 21 2 30 3 24 12 8 19 9 11 10 27 11 13 16 10 17 11 18 18 19 15 28 27 29 30 30 14 31 27 24 4 12 5 11 6 14 7 11 12 27 13 16 14 10 15 20 16 15 17 14 18 28 19 16 20 27 21 30 22 23 23 23 24 22 25 22 26 30 27 26 28 29 29 30 30 24 31 14 8 4 20 5 11 6 19 7 11 12 28 13 23 14 20 15 25 4 36 12 37 14 38 21 39 23 
5 4 0 17 1 14 2 28 3 30 32 4 23 5 28 6 18 7 17 8 21 9 30 10 30 11 18 12 16 13 23 14 16 15 20 16 13 17 13 18 28 19 28 20 20 21 20 22 20 23 25 24 17 25 21 26 18 27 25 28 18 29 13 30 20 31 25 32 29 33 21 34 30 35 29 32 4 13 5 16 6 25 7 26 8 26 9 29 10 29 11 18 12 15 13 28 14 17 15 28 16 29 17 27 18 17 19 29 20 16 21 26 22 14 23 13 24 10 25 25 26 18 27 25 28 25 29 19 30 27 31 29 32 28 33 25 34 13 35 22 4 8 12 9 27 10 14 11 12 4 36 15 37 13 38 30 39 11 
5 4 0 13 1 17 2 12 3 19 4 32 17 33 11 34 16 35 16 12 12 16 13 26 14 11 15 12 16 24 17 25 18 25 19 15 24 15 25 16 26 19 27 12 4 20 29 21 16 22 24 23 19 4 36 24 37 25 38 12 39 26 
5 4 0 18 1 28 2 21 3 12 4 20 20 21 26 22 17 23 20 24 4 20 5 13 6 24 7 27 8 15 9 14 10 28 11 28 12 11 13 16 14 29 15 15 16 25 17 21 18 24 19 25 24 30 25 13 26 28 27 18 28 27 29 21 30 18 31 13 16 4 11 5 29 6 17 7 21 16 24 17 30 18 11 19 14 20 29 21 18 22 12 23 25 28 24 29 16 30 20 31 29 4 36 10 37 14 38 20 39 28 
5 4 0 10 1 28 2 15 3 14 12 4 13 5 17 6 26 7 25 16 20 17 14 18 10 19 26 24 16 25 10 26 16 27 15 12 4 14 5 24 6 21 7 19 28 13 29 28 30 19 31 28 32 12 33 28 34 15 35 21 32 4 26 5 27 6 15 7 30 8 11 9 24 10 20 11 28 12 17 13 18 14 19 15 23 16 17 17 13 18 18 19 16 20 20 21 21 22 13 23 22 24 11 25 24 26 15 27 10 28 22 29 18 30 22 31 30 32 26 33 17 34 11 35 21 4 36 27 37 20 38 14 39 17 
5 4 0 30 1 28 2 30 3 16 24 8 11 9 20 10 23 11 27 12 21 13 25 14 19 15 29 16 26 17 21 18 25 19 20 20 21 21 23 22 12 23 29 24 27 25 13 26 25 27 14 28 23 29 12 30 15 31 29 20 8 17 9 29 10 27 11 21 20 15 21 14 22 11 23 23 24 21 25 23 26 13 27 20 28 20 29 13 30 29 31 18 32 10 33 16 34 19 35 13 28 8 17 9 29 10 13 11 10 12 25 13 29 14 27 15 17 16 14 17 30 18 12 19 12 20 26 21 26 22 23 23 13 24 23 25 28 26 27 27 26 28 23 29 26 30 23 31 11 32 16 33 29 34 12 35 10 4 36 24 37 10 38 16 39 22 
5 4 0 20 1 29 2 12 3 23 24 4 29 5 11 6 11 7 21 8 30 9 17 10 12 11 11 12 11 13 21 14 16 15 18 20 10 21 14 22 22 23 19 24 22 25 23 26 17 27 21 32 16 33 22 34 17 35 12 28 8 19 9 29 10 17 11 29 12 30 13 14 14 20 15 12 16 27 17 23 18 23 19 29 20 26 21 16 22 26 23 22 24 21 25 20 26 13 27 30 28 24 29 12 30 19 31 29 32 28 33 11 34 19 35 23 24 8 16 9 14 10 23 11 29 12 30 13 28 14 28 15 10 20 26 21 15 22 20 23 27 24 25 25 30 26 29 27 18 28 26 29 18 30 29 31 14 32 18 33 20 34 11 35 10 4 36 11 37 18 38 20 39 27 
5 4 0 15 1 24 2 27 3 25 28 4 14 5 19 6 26 7 23 8 25 9 15 10 15 11 25 12 18 13 11 14 29 15 30 16 12 17 29 18 11 19 16 24 21 25 19 26 28 27 17 28 17 29 12 30 16 31 18 32 15 33 11 34 25 35 22 12 4 27 5 25 6 24 7 29 8 12 9 21 10 23 11 22 12 15 13 13 14 21 15 21 20 8 13 9 13 10 27 11 23 12 11 13 22 14 19 15 19 16 26 17 24 18 29 19 16 24 10 25 23 26 11 27 30 32 27 33 11 34 24 35 30 4 36 10 37 18 38 25 39 13 
5 4 0 19 1 11 2 19 3 26 28 4 22 5 23 6 30 7 20 8 26 9 24 10 11 11 23 12 11 13 29 14 16 15 10 16 19 17 20 18 24 19 11 20 22 21 16 22 27 23 12 24 18 25 20 26 24 27 20 28 12 29 24 30 25 31 12 24 4 26 5 12 6 29 7 14 12 23 13 20 14 24 15 12 16 14 17 17 18 29 19 16 20 28 21 18 22 13 23 30 24 13 25 15 26 25 27 16 28 29 29 29 30 19 31 16 28 4 17 5 25 6 18 7 14 8 10 9 12 10 19 11 28 12 16 13 16 14 13 15 19 20 21 21 17 22 30 23 18 24 10 25 23 26 20 27 11 28 24 29 11 30 26 31 18 32 29 33 15 34 24 35 25 4 36 17 37 21 38 26 39 16 
5 4 0 13 1 19 2 12 3 17 16 4 23 5 23 6 11 7 15 8 28 9 20 10 20 11 28 12 26 13 10 14 12 15 17 24 12 25 15 26 13 27 15 20 8 18 9 20 10 10 11 18 12 15 13 18 14 14 15 18 24 15 25 13 26 12 27 23 28 24 29 20 30 20 31 21 32 24 33 29 34 11 35 24 28 4 14 5 10 6 30 7 27 8 11 9 30 10 11 11 17 16 26 17 13 18 18 19 23 20 21 21 22 22 26 23 12 24 28 25 22 26 13 27 11 28 27 29 22 30 13 31 27 32 13 33 24 34 20 35 30 4 36 21 37 19 38 28 39 16 
5 4 0 13 1 23 2 23 3 19 32 4 19 5 14 6 18 7 17 8 30 9 15 10 16 11 15 12 13 13 24 14 29 15 26 16 19 17 14 18 11 19 30 20 13 21 21 22 16 23 14 24 29 25 27 26 23 27 21 28 10 29 13 30 28 31 16 32 12 33 12 34 25 35 28 20 4 24 5 16 6 29 7 12 8 13 9 30 10 11 11 23 16 30 17 29 18 14 19 19 20 11 21 20 22 12 23 11 28 14 29 22 30 16 31 30 12 4 30 5 27 6 28 7 13 24 21 25 21 26 22 27 21 28 22 29 21 30 11 31 26 4 36 20 37 23 38 10 39 11 
5 4 0 26 1 18 2 24 3 11 4 12 13 13 20 14 29 15 15 24 8 27 9 26 10 11 11 29 12 27 13 18 14 20 15 30 20 28 21 14 22 18 23 21 24 20 25 25 26 11 27 14 28 24 29 19 30 16 31 16 32 26 33 14 34 14 35 22 12 24 10 25 17 26 16 27 30 28 14 29 16 30 15 31 10 32 26 33 24 34 29 35 20 4 36 10 37 21 38 24 39 26 
5 4 0 17 1 20 2 16 3 26 12 16 24 17 26 18 18 19 28 24 22 25 20 26 16 27 24 32 21 33 10 34 25 35 14 24 8 26 9 21 10 23 11 19 16 10 17 28 18 18 19 22 20 28 21 19 22 20 23 14 24 16 25 19 26 29 27 30 28 21 29 24 30 28 31 24 32 14 33 17 34 26 35 17 20 4 15 5 23 6 20 7 29 20 15 21 13 22 22 23 12 24 23 25 19 26 21 27 24 28 15 29 18 30 20 31 24 32 13 33 20 34 29 35 18 4 36 26 37 27 38 27 39 14 
5 4 0 29 1 25 2 22 3 22 12 4 28 5 19 6 29 7 15 8 25 9 20 10 23 11 14 28 22 29 12 30 28 31 23 24 8 15 9 16 10 23 11 23 12 15 13 28 14 15 15 24 16 22 17 18 18 20 19 12 20 12 21 14 22 19 23 13 24 16 25 15 26 17 27 17 28 11 29 11 30 10 31 20 32 4 17 5 15 6 27 7 25 8 22 9 24 10 13 11 29 12 20 13 29 14 20 15 22 16 23 17 13 18 10 19 26 20 11 21 20 22 19 23 15 24 13 25 23 26 18 27 14 28 26 29 11 30 30 31 23 32 14 33 22 34 22 35 26 4 36 11 37 23 38 24 39 29 
5 4 0 17 1 20 2 14 3 16 24 4 19 5 22 6 15 7 25 12 30 13 23 14 12 15 14 16 24 17 22 18 25 19 22 24 12 25 30 26 13 27 16 28 17 29 19 30 23 31 25 32 19 33 21 34 15 35 29 24 4 10 5 20 6 10 7 21 8 21 9 29 10 29 11 11 16 23 17 13 18 29 19 17 20 12 21 26 22 28 23 13 24 19 25 12 26 21 27 24 28 21 29 27 30 12 31 17 32 4 10 5 24 6 28 7 16 8 20 9 24 10 13 11 10 12 26 13 11 14 17 15 17 16 26 17 16 18 16 19 29 20 19 21 28 22 29 23 18 24 14 25 18 26 26 27 14 28 25 29 18 30 27 31 26 32 23 33 27 34 10 35 23 4 36 23 37 30 38 10 39 22 
5 4 0 21 1 13 2 12 3 25 28 4 22 5 26 6 25 7 26 8 19 9 18 10 25 11 23 12 29 13 30 14 14 15 25 16 26 17 30 18 30 19 19 20 19 21 26 22 24 23 26 24 29 25 10 26 30 27 30 32 23 33 11 34 28 35 23 16 4 17 5 20 6 18 7 17 24 29 25 20 26 11 27 10 28 26 29 11 30 29 31 11 32 17 33 12 34 11 35 30 4 28 20 29 27 30 30 31 13 4 36 30 37 10 38 18 39 12 
5 4 0 11 1 21 2 19 3 13 4 20 19 21 22 22 16 23 18 20 8 29 9 29 10 16 11 21 12 17 13 14 14 25 15 17 16 25 17 19 18 18 19 25 24 23 25 13 26 12 27 30 32 13 33 27 34 28 35 13 28 4 26 5 18 6 29 7 10 8 29 9 28 10 21 11 29 12 26 13 27 14 19 15 11 16 13 17 18 18 23 19 29 20 18 21 26 22 28 23 25 28 14 29 26 30 16 31 30 32 17 33 19 34 30 35 28 4 36 13 37 11 38 24 39 17 
5 4 0 12 1 30 2 13 3 23 8 8 25 9 22 10 11 11 17 16 20 17 24 18 26 19 21 16 4 10 5 15 6 10 7 26 8 19 9 24 10 25 11 24 16 10 17 26 18 20 19 26 20 16 21 25 22 28 23 17 8 4 21 5 19 6 25 7 11 24 23 25 25 26 30 27 11 4 36 29 37 14 38 14 39 29 
5 4 0 14 1 27 2 26 3 29 12 12 30 13 24 14 16 15 22 16 26 17 22 18 15 19 17 20 14 21 29 22 23 23 30 28 4 23 5 20 6 12 7 21 8 26 9 16 10 25 11 27 16 15 17 27 18 26 19 18 20 29 21 19 22 21 23 12 24 16 25 19 26 23 27 26 28 13 29 25 30 17 31 12 32 18 33 23 34 23 35 15 16 4 28 5 13 6 18 7 16 8 27 9 29 10 20 11 30 20 20 21 30 22 20 23 12 32 10 33 10 34 12 35 21 4 36 23 37 29 38 20 39 18 
5 4 0 19 1 29 2 26 3 27 4 24 12 25 27 26 27 27 28 8 4 27 5 13 6 25 7 26 20 26 21 10 22 20 23 23 32 4 21 5 25 6 23 7 25 8 10 9 25 10 29 11 23 12 25 13 10 14 21 15 15 16 19 17 14 18 14 19 24 20 20 21 13 22 27 23 13 24 14 25 16 26 19 27 13 28 21 29 28 30 28 31 13 32 20 33 11 34 27 35 23 4 36 20 37 19 38 10 39 22 
5 4 0 23 1 10 2 25 3 17 28 4 27 5 25 6 15 7 25 8 22 9 17 10 14 11 15 12 22 13 23 14 29 15 23 16 12 17 13 18 14 19 21 20 16 21 12 22 13 23 26 28 11 29 10 30 23 31 14 32 16 33 29 34 26 35 10 20 4 29 5 29 6 23 7 20 12 21 13 18 14 25 15 14 16 21 17 27 18 14 19 24 20 14 21 29 22 24 23 24 28 17 29 10 30 10 31 12 28 8 27 9 19 10 14 11 14 12 26 13 21 14 18 15 26 16 10 17 19 18 26 19 10 20 10 21 15 22 28 23 13 24 18 25 10 26 25 27 16 28 23 29 14 30 12 31 30 32 18 33 30 34 15 35 13 4 36 13 37 16 38 11 39 24 

Dynamic Events
Machine Breakdowns (x y z): Machine {x} breakdown from time {y} to {z}
0 106 247
0 508 694
0 2231 2387
0 3337 3449
1 3093 3223
1 3425 3591
2 694 874
2 2265 2405
2 2738 2919
2 3375 3542
3 2267 2398
3 3639 3774
3 4012 4130
4 3993 4114
4 5867 6070
4 6538 6653
5 5141 5308
5 5830 5975
5 6313 6399
6 837 1015
6 1399 1480
6 4432 4625
6 5900 5993
7 662 844
7 2304 2412
7 5239 5366
7 6312 6404
8 6530 6622
9 694 864
9 3075 3208
9 6166 6304
9 6650 6769
10 1553 1731
10 6284 6422
10 7434 7623
11 4325 4476
11 5380 5513
11 6402 6596
11 7169 7366
12 1090 1288
12 5520 5647
12 6736 6906
13 1276 1476
13 3681 3858
13 5513 5696
13 6814 6916
14 1080 1179
14 4741 4865
14 5797 5902
15 3850 4016
15 4705 4839
15 5263 5354
16 1488 1609
16 6389 6553
17 5993 6120
18 722 825
18 1118 1290
18 5344 5462
18 6001 6143
19 1883 2018
19 3704 3836
19 4442 4589
19 6837 7010
20 4755 4886
21 2967 3144
21 4702 4880
21 5408 5536
21 6639 6816
22 2771 2967
22 5383 5504
22 6192 6364
23 6269 6354
24 3264 3379
24 4475 4580
24 5354 5510
24 6742 6862
25 1328 1438
25 2489 2605
25 3260 3380
25 6483 6583
26 4493 4587
26 5034 5174
26 5530 5680
27 1018 1195
27 4290 4388
27 5498 5615
28 6573 6664
29 377 545
29 3015 3113
29 6094 6187
30 6253 6438
31 6731 6855
32 3472 3581
32 6240 6361
33 157 323
33 1100 1275
33 5389 5523
33 5768 5952
34 4084 4197
34 4496 4664
35 835 1026
35 2065 2240
35 4205 4386
35 4592 4753
35 5150 5319
35 5889 5991
36 3167 3347
36 3830 3930
37 3185 3372
37 3592 3713
38 1549 1695
38 1968 2055
38 3478 3608
39 3905 4048

Added Jobs (first number is the time at which the job is added, then pairs of machines and process time)
2214: 5 31 20 30 33 25 15 11 2 29 28 24 6 25 39 14 36 29 14 11 38 16 24 20 25 15 16 10 17 19 0 11 1 15 18 20 37 19 10 15 30 12 5 20 22 20 27 14 8 27 32 24 12 27 23 18 7 20 9 28 3 28 19 13 10 1 28 16 25 12 15 37 25 22 14 27 20 28 24 20 29 29 23 21 21 18 30 22 0 18 18 20 22 22 15 10 1 10 13 25 36 17 10 10 20 17 23 29 11 18 27 24 8 25 16 14 39 21 2 28 29 18 25 39 12 19 16 17 27 16 12 13 12 33 20 32 22 28 24 11 28 23 12 3 29 5 23 35 14 4 29 22 25 37 30 6 16 26 22 2 21 36 20 27 24 15 17 1 25 21 14 0 15 23 18 22 25 22 36 11 2 28 28 22 21 24 6 29 12 24 5 29 3 16 23 10 38 15 13 25 8 11 26 12 39 18 17 17 0 13 11 26 30 11 37 25 34 22 24 27 
478: 5 29 5 25 21 23 13 24 25 14 27 27 3 28 20 14 34 27 12 14 2 23 19 23 28 20 7 16 32 25 6 28 35 14 8 26 24 10 26 21 36 21 37 12 1 28 14 12 23 16 4 29 22 30 17 16 33 13 30 29 26 37 15 11 10 7 24 16 26 21 13 0 15 4 20 30 29 36 17 39 25 17 14 2 26 22 16 15 23 29 10 18 30 33 23 35 21 12 12 8 29 9 12 3 23 26 24 34 29 32 15 13 23 6 17 28 25 16 3 12 5 21 15 10 12 14 11 32 29 1 20 15 25 5 19 34 10 8 17 6 17 20 15 23 23 0 13 27 17 21 16 29 35 13 32 19 13 24 5 28 29 30 6 17 21 24 27 13 24 10 37 11 22 25 8 20 19 13 17 10 31 22 1 28 28 25 10 25 34 24 14 18 
2967: 5 21 37 17 30 13 10 19 11 28 15 25 7 23 1 14 4 30 9 25 35 30 16 16 33 23 12 28 27 15 8 15 22 18 24 23 13 16 26 26 25 30 2 16 16 38 30 25 27 3 27 6 19 4 19 28 24 13 10 34 26 14 17 19 23 9 18 7 18 22 27 17 16 24 27 33 20 12 16 17 35 25 38 12 11 21 1 28 4 29 17 21 14 24 28 14 10 21 6 18 27 30 14 28 30 29 29 0 18 30 13 2 12 9 29 33 10 14 23 17 20 21 12 7 30 1 28 4 19 18 22 20 18 24 13 27 17 14 33 27 27 24 2 13 4 13 8 18 12 28 23 14 38 13 35 16 9 17 39 20 34 22 3 19 14 21 0 14 7 17 30 16 
1793: 5 9 20 16 13 27 1 22 19 30 32 28 11 29 4 15 23 12 5 28 5 5 15 21 29 10 19 22 14 19 18 32 23 25 9 10 7 28 3 29 31 26 5 19 34 16 27 15 18 19 37 11 8 19 19 15 24 26 33 11 6 10 10 15 32 14 17 10 39 10 21 23 2 20 35 29 12 22 29 12 13 21 28 27 1 23 20 14 16 19 30 21 11 23 14 10 13 14 21 7 24 20 10 5 16 38 16 29 16 3 12 39 27 1 16 9 23 2 12 16 18 12 12 4 26 30 24 24 3 21 2 18 
2425: 5 20 33 18 14 17 19 17 25 20 6 21 38 24 10 16 22 30 5 20 12 21 20 29 15 16 36 27 39 25 2 25 34 17 1 11 16 11 3 12 4 19 27 23 17 19 15 35 14 31 13 0 27 29 19 4 18 15 19 6 13 8 30 25 14 22 17 5 28 27 29 30 28 16 26 10 20 28 30 33 14 11 17 13 25 37 22 18 28 39 12 9 11 26 28 36 25 10 31 23 3 12 17 30 30 29 28 13 12 13 19 12 34 25 20 14 36 28 21 31 24 3 11 33 27 27 25 39 12 29 14 5 17 20 10 28 17 26 24 7 10 8 29 11 13 6 24 32 28 36 22 10 15 35 19 23 17 38 24 9 23 10 37 19 26 14 17 11 10 20 2 21 11 28 30 22 23 26 8 17 27 19 
838: 5 11 14 18 17 18 22 23 3 28 5 27 12 18 24 22 32 23 20 19 7 18 8 20 30 35 25 13 30 32 14 38 22 39 20 1 22 30 19 27 16 19 20 16 12 12 20 3 25 11 17 8 29 5 19 2 30 6 28 26 14 20 24 22 28 29 28 36 25 33 23 25 26 7 13 9 23 31 18 37 15 4 10 18 30 8 7 11 21 25 27 20 1 18 37 11 12 24 14 11 33 12 4 36 29 6 11 4 29 1 12 12 6 19 8 27 24 24 12 30 38 10 39 14 3 11 4 16 10 26 36 18 32 18 28 20 
1712: 5 4 18 27 12 13 33 19 4 18 28 15 27 5 10 21 14 39 18 36 11 25 18 10 22 22 19 8 18 28 18 17 25 27 30 24 26 13 28 35 12 29 19 32 11 37 27 16 28 3 17 12 24 1 28 18 10 14 14 23 10 0 17 38 21 34 10 18 14 12 37 24 28 11 29 12 36 22 6 20 16 12 30 25 25 21 1 13 19 15 20 11 21 29 22 30 35 16 5 17 2 29 34 14 24 10 18 37 23 18 10 28 23 39 14 5 22 9 14 34 25 19 17 11 18 26 30 15 14 13 22 29 13 31 29 24 12 25 10 8 29 0 24 4 28 36 28 3 19 6 28 27 19 11 31 25 0 27 2 12 39 29 16 14 20 30 24 16 32 11 22 19 36 13 12 14 
979: 5 16 14 24 31 19 19 24 10 13 18 10 12 28 1 20 4 24 22 10 23 12 25 19 33 16 20 11 38 20 9 23 37 25 19 20 19 8 17 0 17 9 26 17 27 2 11 36 26 3 12 18 27 34 23 19 23 5 16 27 20 26 21 37 30 1 24 4 13 35 21 7 28 24 3 25 32 13 7 11 19 30 31 28 16 16 13 11 33 23 10 28 23 24 34 27 29 29 20 28 21 11 37 12 25 10 35 26 14 21 8 24 30 25 4 23 6 22 24 28 27 23 22 30 10 0 16 23 22 17 15 2 29 16 19 39 30 29 11 38 16 9 20 31 22 25 28 37 24 35 25 1 28 24 17 32 14 19 27 14 11 5 23 7 29 4 11 10 39 14 22 23 12 16 4 14 6 13 11 27 7 26 18 12 0 26 3 28 
1804: 5 28 29 19 3 13 6 24 17 22 23 20 20 26 34 29 39 10 5 20 31 11 13 23 30 30 8 13 37 12 35 12 15 27 24 15 26 15 11 18 21 17 18 21 4 21 19 12 7 25 27 25 25 14 32 21 1 13 28 37 12 14 29 38 17 0 21 10 29 21 21 20 26 16 13 9 19 36 17 28 10 8 26 7 14 23 30 1 21 18 19 25 21 29 22 24 16 39 30 13 13 30 14 22 26 4 11 2 11 34 18 26 21 31 19 30 12 10 11 11 8 30 18 30 0 10 38 28 22 20 15 25 25 17 30 10 17 24 39 25 3 20 26 27 34 17 36 24 23 19 32 23 24 26 16 10 7 22 29 25 6 24 37 15 13 17 2 26 35 14 10 29 28 27 4 20 31 11 10 31 12 6 12 39 15 8 27 26 27 17 25 12 19 7 17 23 20 28 23 36 30 2 23 10 29 25 10 14 25 34 25 4 27 35 12 0 24 1 11 27 13 15 28 37 15 24 27 13 12 9 10 22 16 16 12 30 14 21 20 29 3 17 13 19 18 20 20 14 9 24 35 30 17 11 1 26 30 23 6 24 21 22 4 14 15 10 16 28 32 20 33 10 26 21 14 14 39 25 28 18 27 29 34 25 37 20 31 16 38 20 7 24 0 22 24 11 12 13 
482: 5 15 35 25 33 15 24 16 20 20 0 22 11 24 21 17 31 14 23 23 25 16 10 24 36 27 15 23 26 25 7 12 13 14 14 37 18 10 23 34 24 25 24 18 12 21 20 27 22 38 21 1 26 8 28 22 20 11 21 15 31 14 18 21 37 16 29 15 21 23 32 19 20 21 8 22 6 17 17 21 10 13 22 20 4 23 26 22 2 23 22 1 17 22 21 29 29 3 12 0 27 27 15 6 30 25 10 23 27 5 24 12 28 16 22 33 10 17 20 24 19 28 27 15 18 2 16 11 15 37 25 32 15 10 24 26 2 25 33 14 24 28 10 25 3 17 30 27 37 14 31 18 13 22 5 30 7 14 32 12 35 15 22 22 18 29 26 20 8 12 15 14 16 25 29 19 14 10 36 29 9 23 25 22 39 28 19 26 
2748: 5 10 8 12 13 15 39 12 0 19 27 11 19 14 21 24 9 27 20 21 11 20 24 19 11 18 10 4 17 27 25 12 17 34 13 24 23 7 11 32 15 39 11 5 23 10 29 6 29 1 26 17 13 15 15 21 15 38 14 9 23 29 12 8 17 16 20 26 14 36 16 13 0 30 14 20 23 25 28 25 18 19 32 20 5 13 21 15 35 17 36 21 2 17 27 24 26 12 21 4 29 18 21 14 25 24 24 34 13 38 19 37 28 33 20 30 12 16 10 36 13 19 18 5 25 6 27 17 30 13 29 2 26 25 12 32 10 3 20 39 25 21 26 30 4 17 19 16 10 15 12 17 2 24 14 12 16 21 8 20 20 23 15 17 33 27 39 15 37 27 5 20 30 21 32 17 13 23 36 12 18 12 7 14 
684: 5 27 23 27 39 26 36 20 31 20 27 11 4 26 14 20 13 14 5 24 19 18 20 29 18 17 16 13 2 14 22 21 12 20 0 15 25 19 6 11 34 15 9 27 24 20 29 23 28 28 15 19 26 19 1 18 5 4 19 11 20 28 18 31 29 38 18 4 13 24 35 19 4 10 23 14 27 36 20 10 19 34 27 33 11 7 19 4 15 22 12 27 15 1 24 39 15 8 16 18 19 19 21 5 12 11 10 12 22 6 14 16 10 28 30 29 13 14 23 32 27 15 13 2 29 17 17 31 28 0 19 20 29 24 24 22 28 20 21 23 25 29 5 22 13 11 1 17 34 28 39 15 26 21 33 26 17 19 37 23 32 10 14 16 35 29 38 18 9 19 16 21 
1441: 5 13 13 18 1 15 26 16 35 24 8 28 21 27 33 19 10 28 9 12 31 29 24 21 36 27 20 25 6 14 13 31 11 18 26 27 12 6 30 26 30 11 8 18 5 12 24 16 4 15 14 17 19 10 11 27 37 17 36 18 33 30 26 29 10 32 18 26 10 22 27 19 19 11 21 14 12 25 23 10 22 23 10 3 10 4 31 16 25 13 5 27 18 16 
2329: 5 27 37 11 36 19 6 22 3 23 9 21 27 10 4 25 17 24 1 24 13 18 26 17 34 10 29 19 0 17 19 18 39 10 28 10 21 13 38 14 15 20 30 17 32 10 33 21 24 30 20 22 8 12 35 25 17 26 16 0 28 31 12 6 17 23 22 30 25 22 26 14 18 25 29 24 11 33 27 5 12 12 12 27 16 8 28 29 11 18 17 18 22 17 38 11 10 28 13 15 1 11 18 17 31 29 29 17 26 22 27 23 8 15 24 24 39 13 16 10 30 30 0 20 9 24 14 25 16 16 19 10 12 3 30 25 24 31 16 32 23 1 23 22 20 26 17 34 18 38 24 39 29 11 27 4 25 6 23 15 29 19 25 29 15 30 22 11 35 17 6 14 13 26 16 15 31 21 32 26 38 23 39 23 17 26 36 24 29 23 19 25 2 29 14 22 10 24 5 24 
1698: 5 12 25 27 24 29 3 16 13 11 20 28 1 10 10 21 23 10 2 25 8 22 31 10 4 10 7 6 11 37 21 11 25 5 30 12 26 35 29 3 24 13 33 22 35 30 25 17 21 16 0 21 5 29 8 13 6 28 31 18 22 21 17 13 28 14 32 15 30 23 27 20 25 2 27 29 11 19 23 8 29 11 21 22 19 14 30 3 12 6 29 12 19 34 30 24 18 30 25 33 28 7 28 10 21 35 20 32 30 13 28 0 16 5 19 36 16 38 25 28 22 9 19 39 14 25 23 27 12 5 18 18 26 16 33 23 24 18 29 23 
1487: 5 14 36 18 2 18 22 19 15 28 3 23 13 29 21 25 30 26 18 15 17 27 12 18 10 16 38 25 8 29 14 14 18 10 15 16 27 30 23 1 24 36 29 13 16 34 24 35 16 6 14 8 15 31 27 19 19 22 28 29 32 24 38 22 11 22 26 29 18 15 13 21 4 13 10 11 1 21 28 21 6 11 19 15 37 19 17 12 21 10 14 24 0 23 25 10 23 27 35 17 8 15 34 25 2 21 31 21 16 13 7 17 20 15 15 10 33 30 11 11 15 24 18 17 21 38 25 25 20 0 27 18 23 2 21 19 25 22 12 33 24 32 0 10 1 18 6 28 24 20 27 29 29 17 21 20 9 12 4 16 15 30 19 16 34 19 12 23 25 26 32 19 30 22 38 14 10 30 36 30 14 14 16 14 39 22 2 12 35 24 5 30 8 20 37 30 31 19 13 25 26 19 22 12 3 22 

Cancelled Jobs
3453 11
3223 24
4238 25
1328 56
4695 63
57 71
2926 77
2004 88
4350 93
1965 96
