10 40
5 4 0 10 1 22 2 21 3 20 4 4 23 5 23 6 20 7 13 28 4 25 5 18 6 19 7 30 12 15 13 15 14 10 15 24 16 29 17 14 18 10 19 22 20 22 21 22 22 24 23 12 24 12 25 22 26 13 27 21 28 30 29 28 30 28 31 22 32 29 33 30 34 10 35 14 16 4 20 5 26 6 27 7 25 16 19 17 27 18 15 19 27 28 19 29 24 30 22 31 24 32 26 33 26 34 27 35 12 4 36 26 37 16 38 23 39 25 
5 4 0 20 1 27 2 22 3 19 12 4 14 5 30 6 22 7 22 12 30 13 30 14 27 15 20 24 25 25 20 26 18 27 22 8 8 28 9 25 10 28 11 30 28 14 29 30 30 30 31 24 12 12 11 13 25 14 12 15 24 16 23 17 12 18 14 19 30 20 26 21 19 22 17 23 25 4 36 29 37 26 38 12 39 13 
5 4 0 28 1 16 2 11 3 27 20 8 17 9 27 10 25 11 10 20 26 21 28 22 10 23 21 24 25 25 23 26 27 27 23 28 15 29 11 30 30 31 19 32 24 33 28 34 15 35 20 4 4 23 5 17 6 25 7 26 32 4 13 5 30 6 28 7 21 8 21 9 27 10 16 11 13 12 30 13 27 14 24 15 30 16 16 17 16 18 16 19 20 20 10 21 10 22 15 23 30 24 10 25 29 26 13 27 26 28 28 29 22 30 24 31 26 32 28 33 15 34 19 35 16 4 36 10 37 30 38 21 39 26 
5 4 0 27 1 18 2 29 3 27 8 8 23 9 22 10 10 11 25 24 25 25 20 26 27 27 13 12 4 15 5 18 6 26 7 10 24 12 25 26 26 25 27 27 28 26 29 27 30 25 31 28 28 4 19 5 28 6 19 7 26 8 22 9 20 10 22 11 22 12 29 13 21 14 13 15 13 20 16 21 11 22 22 23 14 24 23 25 28 26 19 27 15 28 24 29 22 30 26 31 24 32 13 33 23 34 20 35 20 4 36 25 37 18 38 11 39 29 
5 4 0 18 1 25 2 10 3 24 16 4 19 5 30 6 24 7 22 12 25 13 21 14 10 15 27 28 30 29 16 30 25 31 15 32 28 33 24 34 10 35 20 28 4 24 5 19 6 22 7 28 8 23 9 16 10 23 11 18 12 16 13 18 14 21 15 26 16 14 17 11 18 24 19 12 20 16 21 26 22 30 23 18 28 15 29 21 30 30 31 26 32 21 33 11 34 21 35 29 8 4 26 5 18 6 20 7 12 16 17 17 23 18 19 19 21 4 36 14 37 16 38 24 39 29 
5 4 0 20 1 13 2 27 3 10 12 4 12 5 11 6 27 7 27 12 16 13 23 14 29 15 10 24 14 25 29 26 24 27 20 4 28 26 29 13 30 11 31 25 20 4 15 5 10 6 11 7 28 12 22 13 13 14 11 15 13 16 15 17 12 18 22 19 29 20 22 21 21 22 18 23 15 24 28 25 11 26 30 27 20 4 36 25 37 20 38 15 39 18 
5 4 0 25 1 16 2 20 3 12 16 16 23 17 22 18 28 19 25 20 23 21 21 22 18 23 18 24 24 25 21 26 16 27 18 32 17 33 26 34 24 35 27 28 4 17 5 21 6 25 7 13 8 29 9 18 10 26 11 23 12 10 13 18 14 24 15 25 16 11 17 18 18 15 19 16 20 10 21 22 22 15 23 13 24 18 25 25 26 25 27 30 28 20 29 21 30 28 31 29 8 4 14 5 25 6 19 7 22 20 19 21 15 22 29 23 24 4 36 20 37 24 38 18 39 12 
5 4 0 24 1 21 2 18 3 16 20 4 20 5 24 6 23 7 30 8 16 9 26 10 23 11 13 20 20 21 15 22 16 23 10 24 22 25 15 26 27 27 16 28 11 29 27 30 11 31 30 16 8 13 9 15 10 10 11 25 16 19 17 24 18 22 19 15 20 12 21 13 22 10 23 24 28 17 29 21 30 22 31 26 16 12 10 13 22 14 25 15 16 16 12 17 17 18 21 19 12 20 20 21 18 22 19 23 29 24 24 25 26 26 22 27 24 4 36 21 37 23 38 22 39 18 
5 4 0 21 1 14 2 25 3 18 32 4 12 5 24 6 13 7 23 8 30 9 19 10 30 11 10 12 26 13 12 14 24 15 23 16 20 17 13 18 11 19 13 20 15 21 21 22 20 23 27 24 16 25 16 26 15 27 12 28 14 29 14 30 19 31 12 32 25 33 11 34 29 35 11 8 4 11 5 20 6 26 7 23 20 23 21 18 22 23 23 23 28 4 18 5 18 6 18 7 26 8 11 9 29 10 13 11 14 12 16 13 29 14 21 15 18 16 14 17 12 18 15 19 22 20 10 21 21 22 15 23 21 28 30 29 22 30 29 31 22 32 27 33 11 34 20 35 14 4 36 16 37 16 38 10 39 23 
5 4 0 27 1 15 2 23 3 28 12 4 27 5 13 6 25 7 24 20 10 21 24 22 20 23 28 32 14 33 15 34 14 35 13 8 8 21 9 16 10 22 11 25 12 23 13 25 14 10 15 14 20 8 13 9 10 10 11 11 17 12 13 13 20 14 15 15 15 20 20 21 12 22 25 23 27 24 19 25 24 26 26 27 20 32 14 33 14 34 28 35 18 4 36 17 37 14 38 29 39 10 

Dynamic Events
Machine Breakdowns (x y z): Machine {x} breakdown from time {y} to {z}
0 365 453
3 400 480
4 730 818
5 213 316
7 40 211
8 456 562
9 348 456
11 407 505
12 481 597
13 0 127
14 551 637
17 415 503
19 275 380
20 243 353
21 372 480
22 460 558
23 757 861
24 584 702
25 371 487
28 567 692
29 413 540
30 574 718
31 685 825
32 74 180
33 268 361
35 74 159
36 179 260
37 386 467
38 74 148
39 309 390

Added Jobs (first number is the time at which the job is added, then pairs of machines and process time)
67: 5 9 30 13 29 15 28 13 19 22 27 21 36 26 20 26 8 15 21 16 13 19 17 35 19 12 27 10 10 2 19 5 10 1 26 14 11 32 22 17 14 6 17 7 17 8 13 31 6 18 33 29 27 25 18 22 3 12 35 18 15 23 12 25 7 18 4 16 24 18 1 21 19 15 16 27 14 16 23 30 30 30 34 11 32 29 39 28 13 16 0 19 11 28 31 25 20 19 22 27 38 13 5 23 29 20 10 29 9 13 31 4 13 22 10 39 27 7 27 9 20 17 15 11 30 35 15 0 11 5 19 38 27 23 30 13 26 12 27 10 29 15 22 26 14 27 25 25 11 20 24 30 25 28 19 21 21 19 21 24 26 14 15 6 23 2 16 3 23 18 22 37 26 17 36 24 20 17 32 14 18 11 25 16 37 15 9 17 13 28 10 13 39 28 26 25 4 19 21 25 22 19 6 24 14 11 35 27 
192: 5 20 38 15 16 11 31 27 34 11 39 16 8 27 2 18 19 12 12 17 3 21 15 30 17 19 4 23 7 28 27 26 6 27 25 26 11 15 23 10 28 18 7 15 15 37 17 36 14 9 23 27 28 2 28 8 21 21 23 30 24 16 32 13 27 15 39 25 4 27 22 26 16 27 34 24 33 25 17 25 30 24 3 25 7 28 35 26 28 20 15 22 38 15 1 15 18 25 8 12 13 34 10 32 25 21 28 33 30 38 13 4 16 11 23 13 16 12 23 0 19 20 17 8 13 1 14 32 39 28 14 21 5 28 1 15 18 21 30 13 35 15 2 17 25 25 31 13 4 25 20 21 0 19 32 26 17 15 23 28 27 26 12 17 10 15 19 15 7 20 24 11 28 24 36 11 21 26 8 11 22 19 33 28 29 16 34 10 37 30 13 30 

Cancelled Jobs
499 6
