50 20
5 4 0 24 1 21 2 23 3 24 12 4 12 5 27 6 20 7 11 8 11 9 26 10 27 11 14 12 27 13 16 14 28 15 12 4 4 13 5 20 6 21 7 10 12 4 21 5 30 6 14 7 26 8 10 9 22 10 15 11 29 12 18 13 16 14 15 15 15 4 16 11 17 13 18 17 19 12 
5 4 0 10 1 22 2 17 3 17 12 4 26 5 10 6 22 7 13 8 25 9 18 10 29 11 29 12 17 13 16 14 15 15 29 8 4 29 5 21 6 22 7 15 12 29 13 24 14 12 15 18 12 4 18 5 24 6 10 7 20 8 24 9 20 10 12 11 18 12 28 13 12 14 16 15 15 4 16 22 17 23 18 25 19 29 
5 4 0 13 1 20 2 14 3 18 12 4 28 5 18 6 20 7 20 8 10 9 30 10 28 11 29 12 18 13 22 14 19 15 28 12 4 21 5 30 6 28 7 30 8 27 9 13 10 21 11 20 12 16 13 19 14 12 15 30 8 4 22 5 19 6 27 7 28 12 13 13 17 14 21 15 18 4 16 30 17 11 18 10 19 28 
5 4 0 26 1 21 2 30 3 12 12 4 10 5 11 6 10 7 10 8 26 9 28 10 23 11 15 12 30 13 10 14 16 15 15 8 4 18 5 29 6 24 7 10 8 15 9 15 10 23 11 11 4 4 21 5 11 6 29 7 17 4 16 23 17 29 18 15 19 27 
5 4 0 27 1 15 2 16 3 28 8 8 26 9 25 10 29 11 21 12 30 13 14 14 15 15 17 8 8 24 9 30 10 27 11 17 12 30 13 16 14 26 15 28 8 4 15 5 12 6 15 7 15 8 25 9 17 10 21 11 13 4 16 25 17 30 18 27 19 27 
5 4 0 29 1 11 2 20 3 18 12 4 19 5 24 6 11 7 13 8 10 9 10 10 29 11 25 12 24 13 26 14 26 15 15 4 12 10 13 25 14 21 15 30 8 4 26 5 23 6 28 7 26 12 16 13 15 14 13 15 15 4 16 30 17 19 18 14 19 23 
5 4 0 10 1 20 2 18 3 28 12 4 28 5 16 6 18 7 25 8 24 9 13 10 25 11 28 12 20 13 19 14 11 15 28 12 4 14 5 25 6 19 7 12 8 21 9 13 10 11 11 13 12 10 13 15 14 16 15 26 12 4 24 5 19 6 11 7 14 8 17 9 30 10 23 11 19 12 20 13 18 14 25 15 29 4 16 27 17 29 18 10 19 16 
5 4 0 30 1 22 2 17 3 12 8 4 13 5 30 6 20 7 15 12 23 13 10 14 17 15 14 4 12 17 13 14 14 21 15 23 4 8 26 9 28 10 27 11 15 4 16 10 17 23 18 11 19 27 
5 4 0 30 1 17 2 17 3 25 4 8 28 9 29 10 21 11 26 8 4 18 5 19 6 21 7 30 12 14 13 26 14 18 15 30 8 8 17 9 25 10 15 11 25 12 13 13 11 14 27 15 27 4 16 28 17 19 18 12 19 10 
5 4 0 15 1 12 2 28 3 22 4 4 27 5 27 6 28 7 12 12 4 12 5 24 6 27 7 18 8 20 9 25 10 29 11 19 12 19 13 24 14 14 15 24 8 8 16 9 29 10 25 11 30 12 27 13 21 14 26 15 12 4 16 13 17 28 18 16 19 24 
5 4 0 26 1 13 2 30 3 20 8 8 19 9 29 10 16 11 25 12 11 13 11 14 21 15 27 8 4 14 5 24 6 23 7 12 8 17 9 24 10 21 11 26 8 4 13 5 17 6 26 7 12 12 24 13 13 14 23 15 28 4 16 25 17 23 18 14 19 20 
5 4 0 22 1 12 2 13 3 14 8 4 12 5 20 6 14 7 14 12 15 13 11 14 14 15 21 8 4 20 5 27 6 19 7 10 8 29 9 11 10 13 11 22 8 8 23 9 12 10 28 11 25 12 22 13 26 14 24 15 16 4 16 10 17 10 18 18 19 24 
5 4 0 24 1 12 2 29 3 28 4 4 26 5 24 6 11 7 10 8 4 16 5 16 6 25 7 14 8 10 9 28 10 21 11 27 8 4 10 5 26 6 14 7 20 8 28 9 10 10 13 11 27 4 16 28 17 29 18 28 19 19 
5 4 0 27 1 30 2 18 3 26 8 4 23 5 26 6 10 7 24 12 14 13 27 14 26 15 27 12 4 12 5 12 6 25 7 27 8 27 9 17 10 27 11 12 12 14 13 25 14 24 15 30 8 8 28 9 25 10 11 11 10 12 17 13 10 14 19 15 18 4 16 14 17 20 18 14 19 23 
5 4 0 12 1 21 2 30 3 11 12 4 23 5 25 6 22 7 14 8 12 9 22 10 10 11 25 12 25 13 17 14 14 15 15 4 4 20 5 17 6 15 7 20 8 4 26 5 26 6 10 7 21 8 17 9 22 10 25 11 20 4 16 23 17 27 18 30 19 13 
5 4 0 18 1 21 2 25 3 14 8 4 29 5 20 6 20 7 28 12 15 13 20 14 10 15 24 8 4 19 5 30 6 27 7 23 12 27 13 25 14 23 15 22 12 4 16 5 20 6 25 7 24 8 30 9 13 10 18 11 14 12 19 13 12 14 20 15 29 4 16 21 17 19 18 27 19 21 
5 4 0 10 1 19 2 21 3 13 4 8 15 9 22 10 23 11 13 4 4 19 5 19 6 11 7 15 12 4 25 5 10 6 17 7 23 8 20 9 12 10 18 11 27 12 26 13 26 14 12 15 14 4 16 25 17 24 18 23 19 24 
5 4 0 26 1 22 2 25 3 19 4 8 10 9 30 10 16 11 17 12 4 13 5 20 6 22 7 14 8 16 9 18 10 21 11 20 12 19 13 22 14 22 15 21 8 8 23 9 17 10 10 11 30 12 30 13 16 14 29 15 27 4 16 22 17 16 18 25 19 23 
5 4 0 30 1 11 2 17 3 30 4 4 22 5 17 6 29 7 26 12 4 12 5 15 6 15 7 29 8 12 9 14 10 26 11 22 12 23 13 20 14 19 15 12 4 4 17 5 17 6 24 7 14 4 16 30 17 13 18 10 19 18 
5 4 0 18 1 26 2 14 3 13 8 4 29 5 15 6 18 7 12 12 30 13 21 14 23 15 11 8 8 19 9 23 10 16 11 26 12 16 13 26 14 17 15 30 8 4 13 5 22 6 26 7 28 8 12 9 11 10 11 11 20 4 16 13 17 20 18 29 19 15 
5 4 0 22 1 21 2 17 3 17 8 4 21 5 13 6 30 7 17 12 10 13 28 14 14 15 17 12 4 10 5 11 6 20 7 26 8 30 9 29 10 10 11 12 12 26 13 11 14 12 15 22 8 4 13 5 12 6 20 7 20 8 22 9 30 10 24 11 30 4 16 14 17 10 18 20 19 18 
5 4 0 18 1 14 2 28 3 28 4 4 30 5 26 6 19 7 17 12 4 30 5 28 6 24 7 23 8 20 9 10 10 22 11 11 12 17 13 22 14 14 15 14 12 4 12 5 30 6 16 7 21 8 30 9 16 10 13 11 12 12 22 13 19 14 30 15 14 4 16 12 17 19 18 10 19 16 
5 4 0 12 1 28 2 22 3 24 4 12 22 13 17 14 15 15 17 8 4 21 5 19 6 25 7 20 12 11 13 29 14 12 15 22 12 4 12 5 17 6 16 7 15 8 10 9 28 10 15 11 16 12 28 13 20 14 15 15 30 4 16 24 17 24 18 30 19 29 
5 4 0 10 1 25 2 10 3 12 8 4 21 5 24 6 13 7 26 8 28 9 30 10 30 11 24 8 4 11 5 11 6 29 7 15 8 22 9 30 10 19 11 22 4 4 15 5 19 6 15 7 21 4 16 29 17 30 18 10 19 15 
5 4 0 27 1 25 2 22 3 18 12 4 14 5 24 6 23 7 22 8 25 9 29 10 25 11 26 12 26 13 25 14 26 15 27 8 8 22 9 17 10 23 11 22 12 14 13 18 14 12 15 23 12 4 27 5 18 6 23 7 29 8 19 9 20 10 12 11 27 12 26 13 27 14 24 15 30 4 16 29 17 17 18 29 19 12 
5 4 0 29 1 21 2 18 3 15 4 12 25 13 25 14 11 15 23 12 4 27 5 23 6 30 7 20 8 13 9 26 10 29 11 13 12 10 13 19 14 24 15 30 4 8 26 9 15 10 13 11 19 4 16 19 17 15 18 28 19 13 
5 4 0 12 1 15 2 26 3 16 4 8 19 9 27 10 24 11 21 8 8 13 9 14 10 24 11 28 12 15 13 15 14 25 15 17 4 4 22 5 10 6 20 7 26 4 16 19 17 14 18 19 19 27 
5 4 0 20 1 29 2 25 3 10 4 4 10 5 24 6 13 7 30 8 8 29 9 11 10 16 11 26 12 28 13 16 14 12 15 18 4 4 26 5 19 6 10 7 15 4 16 15 17 13 18 22 19 16 
5 4 0 15 1 23 2 14 3 21 12 4 12 5 14 6 14 7 23 8 19 9 25 10 28 11 23 12 29 13 25 14 24 15 28 8 8 29 9 29 10 22 11 27 12 24 13 14 14 22 15 12 8 4 17 5 26 6 27 7 25 8 16 9 17 10 20 11 12 4 16 30 17 11 18 11 19 26 
5 4 0 10 1 25 2 23 3 21 4 12 23 13 25 14 21 15 14 8 4 11 5 27 6 20 7 24 8 21 9 24 10 10 11 28 4 4 17 5 20 6 24 7 11 4 16 22 17 18 18 30 19 30 
5 4 0 12 1 15 2 29 3 24 4 4 29 5 28 6 17 7 12 8 8 22 9 15 10 28 11 13 12 21 13 18 14 13 15 29 4 8 11 9 25 10 12 11 10 4 16 22 17 11 18 20 19 19 
5 4 0 30 1 16 2 28 3 26 12 4 20 5 25 6 13 7 17 8 11 9 15 10 23 11 18 12 14 13 10 14 18 15 24 12 4 16 5 22 6 17 7 22 8 22 9 17 10 20 11 11 12 25 13 19 14 25 15 29 12 4 16 5 16 6 18 7 10 8 29 9 25 10 22 11 21 12 24 13 14 14 20 15 12 4 16 17 17 11 18 24 19 28 
5 4 0 17 1 16 2 30 3 11 8 8 30 9 14 10 24 11 28 12 28 13 10 14 13 15 14 12 4 17 5 19 6 11 7 25 8 19 9 27 10 21 11 13 12 21 13 23 14 26 15 22 12 4 15 5 10 6 15 7 13 8 10 9 24 10 12 11 27 12 13 13 15 14 25 15 15 4 16 15 17 15 18 17 19 11 
5 4 0 20 1 17 2 25 3 23 4 8 13 9 20 10 18 11 23 4 12 27 13 14 14 29 15 18 8 8 10 9 21 10 24 11 13 12 13 13 16 14 13 15 22 4 16 11 17 20 18 23 19 19 
5 4 0 22 1 27 2 24 3 18 8 4 20 5 23 6 19 7 28 12 20 13 15 14 30 15 23 12 4 12 5 29 6 25 7 12 8 22 9 21 10 10 11 20 12 11 13 15 14 18 15 20 12 4 10 5 26 6 16 7 30 8 21 9 29 10 21 11 24 12 13 13 30 14 18 15 26 4 16 20 17 29 18 14 19 27 
5 4 0 12 1 21 2 21 3 25 8 4 11 5 22 6 20 7 27 12 15 13 14 14 23 15 24 12 4 14 5 19 6 23 7 25 8 10 9 23 10 19 11 17 12 18 13 25 14 19 15 21 8 4 24 5 12 6 22 7 12 8 21 9 15 10 22 11 17 4 16 26 17 11 18 26 19 11 
5 4 0 19 1 29 2 20 3 12 8 4 19 5 30 6 28 7 28 12 10 13 10 14 25 15 21 8 8 27 9 20 10 16 11 19 12 23 13 28 14 21 15 13 8 4 21 5 15 6 27 7 27 12 12 13 26 14 24 15 13 4 16 29 17 25 18 29 19 23 
5 4 0 24 1 22 2 11 3 12 8 4 23 5 12 6 12 7 17 8 23 9 28 10 17 11 10 12 4 12 5 22 6 28 7 17 8 30 9 18 10 18 11 20 12 26 13 14 14 12 15 21 12 4 20 5 10 6 10 7 15 8 10 9 28 10 26 11 25 12 23 13 24 14 29 15 17 4 16 23 17 30 18 24 19 24 
5 4 0 21 1 27 2 11 3 19 4 4 27 5 23 6 27 7 11 4 8 27 9 26 10 30 11 23 8 4 21 5 13 6 24 7 21 12 13 13 17 14 17 15 22 4 16 30 17 16 18 13 19 26 
5 4 0 25 1 16 2 19 3 15 8 4 30 5 22 6 14 7 10 8 22 9 11 10 10 11 29 12 4 25 5 15 6 13 7 28 8 27 9 24 10 21 11 13 12 21 13 10 14 13 15 27 8 4 11 5 20 6 23 7 14 12 13 13 24 14 19 15 19 4 16 28 17 28 18 26 19 27 
5 4 0 29 1 23 2 28 3 23 4 4 20 5 10 6 29 7 23 8 8 24 9 30 10 13 11 19 12 27 13 10 14 24 15 26 4 8 11 9 19 10 12 11 27 4 16 14 17 17 18 24 19 24 
5 4 0 28 1 29 2 28 3 27 12 4 25 5 18 6 25 7 13 8 19 9 15 10 19 11 23 12 11 13 19 14 19 15 25 8 4 16 5 26 6 11 7 25 8 28 9 17 10 17 11 20 8 4 18 5 21 6 23 7 25 8 12 9 30 10 27 11 10 4 16 14 17 26 18 22 19 27 
5 4 0 19 1 23 2 20 3 29 12 4 18 5 27 6 17 7 18 8 27 9 29 10 20 11 14 12 29 13 10 14 23 15 13 4 12 21 13 25 14 12 15 23 12 4 24 5 25 6 24 7 19 8 27 9 14 10 20 11 28 12 13 13 13 14 12 15 15 4 16 19 17 23 18 13 19 10 
5 4 0 29 1 27 2 13 3 21 4 8 23 9 13 10 15 11 16 8 4 13 5 18 6 27 7 10 8 30 9 11 10 25 11 23 4 8 14 9 24 10 15 11 10 4 16 15 17 24 18 12 19 17 
5 4 0 23 1 23 2 12 3 27 12 4 13 5 20 6 29 7 11 8 20 9 26 10 25 11 23 12 28 13 19 14 30 15 19 8 4 18 5 15 6 29 7 18 12 13 13 12 14 17 15 17 12 4 11 5 11 6 13 7 27 8 21 9 30 10 21 11 12 12 14 13 18 14 21 15 10 4 16 12 17 27 18 23 19 24 
5 4 0 23 1 24 2 10 3 29 8 4 15 5 23 6 11 7 14 12 22 13 15 14 13 15 22 12 4 11 5 11 6 22 7 13 8 11 9 25 10 20 11 27 12 26 13 21 14 23 15 18 4 12 25 13 17 14 27 15 28 4 16 28 17 11 18 25 19 12 
5 4 0 19 1 24 2 13 3 25 4 8 29 9 11 10 20 11 25 4 4 21 5 15 6 18 7 16 4 4 30 5 22 6 28 7 18 4 16 22 17 17 18 29 19 22 
5 4 0 16 1 30 2 26 3 11 12 4 21 5 28 6 12 7 30 8 30 9 12 10 17 11 24 12 10 13 24 14 17 15 22 12 4 26 5 14 6 30 7 27 8 14 9 23 10 28 11 26 12 29 13 21 14 19 15 27 4 4 29 5 21 6 24 7 27 4 16 23 17 20 18 23 19 25 
5 4 0 26 1 17 2 20 3 25 8 4 12 5 30 6 23 7 29 8 29 9 15 10 29 11 25 12 4 25 5 14 6 18 7 10 8 13 9 15 10 15 11 22 12 11 13 10 14 13 15 28 4 12 12 13 25 14 30 15 26 4 16 27 17 13 18 14 19 24 
5 4 0 10 1 13 2 18 3 14 8 8 26 9 12 10 27 11 28 12 25 13 11 14 21 15 20 4 8 30 9 21 10 25 11 20 8 8 30 9 28 10 13 11 30 12 12 13 22 14 17 15 14 4 16 19 17 15 18 15 19 15 

Dynamic Events
Machine Breakdowns (x y z): Machine {x} breakdown from time {y} to {z}
0 236 400
0 994 1111
0 2000 2166
1 1015 1198
1 1760 1895
1 2047 2141
2 1751 1907
3 1975 2150
4 159 254
4 2559 2694
4 3167 3273
5 1470 1581
5 4249 4384
6 2099 2195
7 3649 3790
8 2808 2921
9 197 398
9 3827 3990
10 602 742
10 3672 3862
11 288 457
11 1435 1617
11 4056 4208
12 1737 1837
12 3564 3736
13 211 348
14 1277 1363
14 3502 3600
14 3734 3880
15 3018 3143
16 1828 2013
17 957 1110
17 1249 1433
17 1953 2079
18 1227 1323
18 1693 1817
19 477 628
19 1090 1287
19 1966 2105

Added Jobs (first number is the time at which the job is added, then pairs of machines and process time)
941: 5 7 15 29 4 25 2 29 17 29 7 19 13 11 8 19 7 10 10 12 26 1 28 9 21 13 25 15 24 18 14 4 11 15 15 20 9 25 6 10 6 19 12 3 12 6 22 15 19 7 23 1 27 6 2 19 0 20 13 10 3 22 19 26 5 19 
1727: 5 4 8 14 1 17 4 20 9 25 5 17 29 4 24 16 23 2 25 0 27 8 3 23 10 18 14 13 5 26 1 16 18 23 15 18 4 28 10 17 14 7 25 14 24 16 30 19 14 15 10 5 30 9 13 2 12 3 24 8 19 22 10 14 18 28 14 24 13 23 4 19 17 26 16 27 
705: 5 10 19 30 4 14 2 13 11 10 14 11 8 13 13 20 7 27 9 28 3 21 9 7 10 13 15 19 25 9 22 2 19 5 29 14 15 0 17 17 14 9 14 10 12 16 18 10 7 10 16 18 9 12 2 19 8 16 4 26 8 13 16 7 28 17 12 8 17 14 15 4 15 2 30 0 10 10 5 13 8 23 12 22 7 23 4 15 1 28 16 30 13 17 3 25 15 16 
1285: 5 10 12 14 11 16 9 12 13 12 15 24 19 16 2 15 0 26 8 25 18 17 7 17 10 9 23 3 28 14 27 6 21 5 21 8 21 12 10 11 4 25 11 20 13 22 19 19 9 21 14 26 16 21 5 24 2 30 1 26 6 20 11 19 22 10 11 3 14 16 23 6 25 18 11 7 14 14 22 8 30 12 26 15 10 10 6 27 8 20 9 19 19 22 4 29 2 26 10 28 15 24 12 20 14 28 
1364: 5 8 9 18 17 12 4 14 3 15 7 19 8 26 11 29 6 21 9 0 20 14 13 11 29 3 16 8 29 15 12 2 13 18 11 13 21 10 18 22 5 16 7 20 10 23 13 30 6 22 14 12 17 10 1 11 11 12 10 4 10 11 15 14 29 5 10 0 19 15 14 3 30 18 25 1 26 8 12 7 1 14 7 21 2 10 11 10 16 11 3 16 0 28 
843: 5 12 16 13 2 19 11 16 1 26 9 27 17 22 10 13 4 18 13 30 15 15 3 21 5 30 7 6 30 10 17 5 21 18 27 1 11 0 18 11 29 7 11 14 17 11 0 22 5 21 4 11 15 13 3 20 10 17 17 13 11 7 10 19 21 16 19 3 12 4 16 9 26 6 24 10 21 12 1 26 6 19 18 10 0 26 17 19 8 23 14 26 13 16 2 20 5 21 19 17 12 23 
1404: 5 4 7 24 11 29 0 30 12 14 8 2 25 15 13 6 16 5 29 8 19 10 17 1 20 13 29 7 10 28 11 20 19 12 6 11 18 24 7 12 16 22 4 0 24 7 18 19 27 1 13 10 9 15 14 19 18 29 4 16 19 21 3 19 17 25 6 19 1 28 15 11 

Cancelled Jobs
2259 7
1930 23
29 43
848 48
