100 20
5 4 0 23 1 23 2 25 3 30 4 12 10 13 17 14 22 15 30 12 4 11 5 28 6 12 7 20 8 12 9 23 10 28 11 10 12 15 13 12 14 25 15 23 12 4 15 5 23 6 29 7 14 8 18 9 21 10 16 11 29 12 22 13 29 14 10 15 25 4 16 18 17 10 18 17 19 23 
5 4 0 24 1 29 2 17 3 29 12 4 16 5 30 6 19 7 19 8 17 9 22 10 24 11 25 12 23 13 15 14 11 15 28 12 4 17 5 18 6 18 7 12 8 30 9 28 10 20 11 19 12 12 13 24 14 11 15 28 12 4 23 5 22 6 10 7 10 8 12 9 11 10 26 11 26 12 30 13 24 14 30 15 28 4 16 29 17 19 18 23 19 24 
5 4 0 14 1 30 2 19 3 19 4 4 14 5 20 6 13 7 27 8 4 20 5 26 6 10 7 17 8 20 9 15 10 19 11 23 4 8 28 9 14 10 30 11 11 4 16 20 17 11 18 13 19 25 
5 4 0 12 1 20 2 26 3 30 12 4 24 5 24 6 28 7 14 8 16 9 20 10 30 11 23 12 11 13 18 14 23 15 21 4 8 12 9 28 10 30 11 25 8 4 21 5 14 6 16 7 13 12 10 13 20 14 14 15 16 4 16 26 17 30 18 11 19 15 
5 4 0 24 1 25 2 25 3 26 8 4 27 5 29 6 13 7 24 12 11 13 23 14 20 15 28 4 4 30 5 22 6 11 7 23 8 4 16 5 23 6 16 7 19 8 17 9 21 10 16 11 11 4 16 28 17 24 18 24 19 21 
5 4 0 29 1 20 2 11 3 13 12 4 13 5 25 6 29 7 24 8 22 9 18 10 21 11 29 12 27 13 20 14 10 15 12 12 4 21 5 19 6 29 7 19 8 29 9 19 10 12 11 24 12 21 13 22 14 13 15 18 12 4 17 5 16 6 17 7 27 8 28 9 15 10 19 11 11 12 12 13 30 14 17 15 27 4 16 25 17 19 18 23 19 15 
5 4 0 17 1 24 2 21 3 23 4 12 16 13 21 14 26 15 17 4 4 18 5 14 6 13 7 24 8 4 23 5 22 6 14 7 27 8 11 9 28 10 27 11 11 4 16 27 17 22 18 20 19 18 
5 4 0 11 1 29 2 14 3 10 8 4 29 5 27 6 10 7 24 12 24 13 10 14 11 15 27 4 12 11 13 13 14 18 15 15 8 4 27 5 20 6 10 7 26 8 27 9 16 10 30 11 24 4 16 30 17 15 18 14 19 19 
5 4 0 27 1 24 2 19 3 12 4 8 30 9 12 10 25 11 23 4 8 17 9 23 10 30 11 27 4 8 16 9 18 10 29 11 17 4 16 22 17 22 18 15 19 18 
5 4 0 20 1 29 2 28 3 10 4 8 10 9 23 10 25 11 30 4 8 15 9 27 10 20 11 13 12 4 15 5 12 6 24 7 15 8 11 9 30 10 26 11 24 12 24 13 22 14 13 15 22 4 16 24 17 15 18 18 19 15 
5 4 0 26 1 23 2 21 3 24 12 4 29 5 11 6 13 7 11 8 10 9 26 10 16 11 15 12 10 13 14 14 30 15 19 4 12 26 13 16 14 10 15 19 12 4 16 5 29 6 21 7 13 8 25 9 26 10 21 11 15 12 16 13 18 14 17 15 19 4 16 29 17 22 18 13 19 28 
5 4 0 25 1 23 2 14 3 11 4 12 19 13 16 14 19 15 20 8 8 15 9 29 10 10 11 19 12 11 13 10 14 16 15 10 4 8 26 9 22 10 11 11 19 4 16 29 17 16 18 26 19 14 
5 4 0 28 1 28 2 26 3 23 4 12 24 13 12 14 13 15 26 12 4 19 5 13 6 23 7 25 8 12 9 14 10 18 11 21 12 28 13 24 14 13 15 19 8 4 19 5 17 6 23 7 24 8 30 9 11 10 18 11 19 4 16 19 17 25 18 28 19 12 
5 4 0 19 1 19 2 16 3 26 4 4 19 5 24 6 26 7 18 8 8 18 9 27 10 11 11 17 12 12 13 27 14 10 15 23 12 4 12 5 28 6 19 7 21 8 27 9 20 10 20 11 20 12 14 13 29 14 23 15 26 4 16 18 17 21 18 27 19 18 
5 4 0 11 1 10 2 28 3 10 12 4 18 5 13 6 17 7 30 8 21 9 28 10 10 11 29 12 13 13 24 14 11 15 28 8 8 12 9 16 10 24 11 21 12 27 13 28 14 27 15 24 4 4 21 5 23 6 17 7 23 4 16 16 17 11 18 14 19 29 
5 4 0 18 1 30 2 17 3 24 8 4 29 5 21 6 24 7 19 8 13 9 25 10 27 11 15 4 4 21 5 11 6 15 7 30 4 12 11 13 15 14 17 15 14 4 16 26 17 29 18 22 19 26 
5 4 0 23 1 29 2 17 3 14 8 8 27 9 13 10 14 11 13 12 18 13 14 14 16 15 20 4 12 19 13 21 14 26 15 15 4 4 16 5 16 6 14 7 14 4 16 19 17 30 18 25 19 21 
5 4 0 17 1 20 2 12 3 30 8 8 30 9 16 10 22 11 10 12 13 13 23 14 18 15 22 8 4 15 5 22 6 27 7 11 12 15 13 30 14 22 15 29 8 4 16 5 13 6 17 7 14 8 15 9 21 10 29 11 22 4 16 13 17 24 18 24 19 17 
5 4 0 27 1 24 2 22 3 30 8 8 20 9 22 10 10 11 11 12 12 13 17 14 19 15 10 8 4 29 5 25 6 21 7 25 8 16 9 17 10 14 11 10 8 4 27 5 10 6 20 7 10 8 10 9 24 10 21 11 18 4 16 27 17 11 18 24 19 24 
5 4 0 10 1 30 2 14 3 24 12 4 19 5 16 6 24 7 29 8 27 9 23 10 23 11 21 12 21 13 19 14 18 15 28 12 4 26 5 19 6 10 7 27 8 23 9 18 10 24 11 24 12 10 13 11 14 26 15 16 8 4 10 5 25 6 10 7 16 8 20 9 20 10 25 11 19 4 16 22 17 26 18 17 19 23 
5 4 0 21 1 15 2 29 3 30 8 4 12 5 28 6 29 7 12 8 10 9 22 10 28 11 17 8 4 29 5 27 6 30 7 11 12 25 13 28 14 11 15 27 8 4 20 5 25 6 15 7 24 12 18 13 22 14 21 15 16 4 16 26 17 30 18 13 19 20 
5 4 0 19 1 12 2 28 3 23 12 4 11 5 25 6 27 7 15 8 19 9 20 10 17 11 26 12 24 13 25 14 21 15 20 8 8 15 9 25 10 26 11 27 12 29 13 11 14 18 15 28 4 12 27 13 20 14 28 15 27 4 16 25 17 16 18 14 19 28 
5 4 0 19 1 19 2 27 3 16 8 4 19 5 21 6 25 7 24 12 14 13 13 14 17 15 19 8 4 19 5 17 6 29 7 16 12 15 13 22 14 29 15 10 12 4 22 5 15 6 11 7 12 8 30 9 22 10 22 11 27 12 28 13 16 14 18 15 28 4 16 23 17 26 18 29 19 11 
5 4 0 11 1 13 2 15 3 19 4 8 14 9 25 10 12 11 27 12 4 28 5 22 6 13 7 28 8 23 9 11 10 30 11 15 12 12 13 30 14 23 15 20 4 4 18 5 12 6 23 7 13 4 16 10 17 12 18 27 19 10 
5 4 0 28 1 24 2 26 3 16 12 4 25 5 21 6 12 7 19 8 15 9 25 10 27 11 11 12 15 13 23 14 21 15 26 12 4 18 5 11 6 10 7 24 8 19 9 15 10 14 11 22 12 16 13 13 14 11 15 11 12 4 15 5 23 6 10 7 12 8 17 9 17 10 25 11 10 12 25 13 13 14 20 15 21 4 16 18 17 20 18 24 19 12 
5 4 0 13 1 11 2 18 3 28 4 4 20 5 28 6 20 7 21 4 12 29 13 28 14 22 15 17 8 4 30 5 30 6 16 7 26 12 30 13 24 14 18 15 13 4 16 23 17 14 18 15 19 12 
5 4 0 17 1 13 2 15 3 14 12 4 14 5 13 6 10 7 18 8 26 9 16 10 28 11 29 12 14 13 22 14 11 15 13 4 12 20 13 24 14 27 15 12 4 8 27 9 18 10 24 11 16 4 16 10 17 29 18 14 19 21 
5 4 0 13 1 23 2 13 3 19 12 4 11 5 28 6 21 7 24 8 10 9 27 10 13 11 12 12 16 13 17 14 25 15 18 12 4 28 5 12 6 22 7 29 8 25 9 20 10 10 11 17 12 18 13 17 14 20 15 25 8 4 16 5 25 6 26 7 28 8 22 9 17 10 23 11 22 4 16 25 17 26 18 28 19 14 
5 4 0 19 1 20 2 22 3 21 12 4 10 5 17 6 25 7 14 8 30 9 13 10 10 11 23 12 29 13 30 14 23 15 29 12 4 13 5 14 6 22 7 25 8 17 9 21 10 19 11 10 12 17 13 22 14 22 15 10 4 12 15 13 22 14 13 15 27 4 16 22 17 24 18 10 19 30 
5 4 0 18 1 26 2 30 3 11 4 8 13 9 26 10 26 11 26 12 4 25 5 30 6 27 7 28 8 11 9 11 10 28 11 11 12 14 13 17 14 12 15 17 8 8 19 9 25 10 16 11 21 12 15 13 10 14 23 15 15 4 16 15 17 19 18 28 19 18 
5 4 0 15 1 20 2 12 3 14 4 8 25 9 18 10 23 11 16 4 12 12 13 14 14 17 15 23 4 12 18 13 29 14 14 15 10 4 16 10 17 12 18 22 19 16 
5 4 0 30 1 17 2 14 3 28 4 8 17 9 30 10 22 11 13 4 12 25 13 27 14 13 15 29 4 8 12 9 25 10 13 11 28 4 16 25 17 19 18 14 19 18 
5 4 0 23 1 23 2 29 3 18 12 4 23 5 22 6 19 7 19 8 14 9 25 10 16 11 25 12 11 13 17 14 27 15 14 12 4 15 5 23 6 18 7 19 8 28 9 10 10 18 11 29 12 22 13 20 14 28 15 27 12 4 13 5 18 6 16 7 23 8 22 9 16 10 27 11 27 12 27 13 29 14 24 15 16 4 16 10 17 30 18 25 19 13 
5 4 0 15 1 29 2 10 3 15 8 4 17 5 30 6 18 7 24 12 13 13 10 14 17 15 21 12 4 20 5 10 6 11 7 28 8 14 9 12 10 13 11 24 12 16 13 29 14 29 15 28 4 12 27 13 10 14 21 15 23 4 16 27 17 29 18 26 19 29 
5 4 0 25 1 23 2 11 3 20 12 4 16 5 25 6 30 7 12 8 17 9 25 10 16 11 27 12 22 13 17 14 27 15 23 8 8 18 9 29 10 21 11 17 12 14 13 19 14 12 15 11 12 4 15 5 10 6 29 7 27 8 28 9 30 10 28 11 22 12 22 13 10 14 19 15 15 4 16 24 17 10 18 29 19 23 
5 4 0 23 1 19 2 12 3 27 12 4 26 5 15 6 26 7 24 8 23 9 28 10 28 11 29 12 23 13 18 14 14 15 26 4 12 30 13 21 14 22 15 11 12 4 14 5 13 6 26 7 15 8 22 9 27 10 23 11 25 12 10 13 16 14 15 15 28 4 16 20 17 14 18 10 19 23 
5 4 0 21 1 11 2 10 3 14 12 4 13 5 20 6 24 7 18 8 27 9 17 10 10 11 16 12 19 13 25 14 20 15 14 8 8 19 9 17 10 28 11 23 12 29 13 27 14 26 15 11 4 8 22 9 22 10 15 11 29 4 16 29 17 25 18 26 19 29 
5 4 0 24 1 28 2 12 3 28 12 4 29 5 28 6 11 7 16 8 10 9 18 10 11 11 11 12 30 13 11 14 10 15 29 12 4 26 5 23 6 25 7 18 8 16 9 20 10 25 11 20 12 10 13 14 14 24 15 13 12 4 27 5 11 6 30 7 27 8 15 9 29 10 27 11 19 12 16 13 17 14 23 15 24 4 16 12 17 25 18 17 19 14 
5 4 0 30 1 18 2 23 3 23 4 12 20 13 18 14 25 15 11 4 4 21 5 29 6 28 7 10 4 8 20 9 11 10 19 11 24 4 16 13 17 12 18 16 19 17 
5 4 0 16 1 14 2 14 3 21 12 4 19 5 20 6 29 7 29 8 14 9 11 10 16 11 10 12 27 13 27 14 15 15 24 8 8 18 9 10 10 22 11 14 12 17 13 30 14 27 15 29 8 4 16 5 12 6 15 7 22 12 21 13 18 14 12 15 18 4 16 18 17 14 18 10 19 15 
5 4 0 21 1 20 2 27 3 29 12 4 22 5 11 6 26 7 28 8 15 9 24 10 13 11 18 12 27 13 22 14 13 15 29 12 4 25 5 16 6 10 7 20 8 20 9 18 10 28 11 27 12 20 13 26 14 25 15 11 4 4 23 5 16 6 25 7 23 4 16 20 17 30 18 23 19 12 
5 4 0 12 1 25 2 29 3 19 4 4 22 5 25 6 10 7 25 4 8 17 9 17 10 29 11 25 4 4 29 5 28 6 12 7 10 4 16 24 17 18 18 23 19 11 
5 4 0 10 1 24 2 25 3 15 8 8 16 9 13 10 26 11 16 12 20 13 11 14 18 15 10 8 4 19 5 26 6 17 7 12 12 16 13 27 14 21 15 10 12 4 12 5 17 6 20 7 14 8 30 9 21 10 28 11 26 12 26 13 21 14 30 15 19 4 16 23 17 15 18 20 19 26 
5 4 0 25 1 30 2 17 3 28 8 4 29 5 28 6 22 7 15 12 21 13 20 14 29 15 17 12 4 28 5 26 6 20 7 11 8 27 9 27 10 15 11 20 12 20 13 30 14 10 15 22 8 8 10 9 22 10 20 11 27 12 29 13 19 14 25 15 26 4 16 23 17 28 18 25 19 12 
5 4 0 26 1 18 2 30 3 21 4 4 19 5 19 6 28 7 21 12 4 23 5 21 6 19 7 20 8 11 9 15 10 22 11 24 12 14 13 17 14 12 15 27 12 4 11 5 20 6 15 7 29 8 10 9 10 10 11 11 12 12 23 13 28 14 22 15 24 4 16 25 17 14 18 14 19 18 
5 4 0 11 1 18 2 25 3 10 8 8 13 9 29 10 16 11 11 12 17 13 15 14 12 15 29 8 4 20 5 30 6 29 7 22 12 16 13 17 14 18 15 26 4 4 19 5 10 6 25 7 25 4 16 10 17 23 18 29 19 23 
5 4 0 10 1 27 2 23 3 15 4 4 19 5 25 6 25 7 18 8 8 20 9 15 10 30 11 22 12 18 13 18 14 11 15 14 8 4 21 5 14 6 19 7 28 8 20 9 13 10 11 11 21 4 16 25 17 12 18 25 19 24 
5 4 0 17 1 21 2 27 3 30 12 4 12 5 11 6 14 7 25 8 15 9 17 10 22 11 17 12 17 13 13 14 17 15 10 8 4 17 5 30 6 21 7 28 12 26 13 26 14 13 15 19 4 4 21 5 24 6 18 7 13 4 16 16 17 28 18 30 19 23 
5 4 0 18 1 14 2 19 3 11 12 4 22 5 10 6 26 7 19 8 28 9 15 10 11 11 25 12 10 13 13 14 18 15 27 8 4 15 5 25 6 29 7 20 12 26 13 24 14 14 15 25 8 4 26 5 14 6 18 7 29 8 28 9 27 10 13 11 20 4 16 14 17 23 18 24 19 15 
5 4 0 25 1 30 2 12 3 12 4 8 21 9 30 10 27 11 13 12 4 18 5 19 6 29 7 23 8 16 9 25 10 19 11 16 12 11 13 18 14 13 15 22 4 4 30 5 16 6 24 7 27 4 16 23 17 10 18 13 19 11 
5 4 0 23 1 21 2 27 3 11 4 8 24 9 23 10 24 11 25 4 12 24 13 15 14 12 15 17 12 4 28 5 10 6 19 7 13 8 15 9 28 10 22 11 18 12 27 13 19 14 26 15 24 4 16 11 17 11 18 11 19 26 
5 4 0 25 1 18 2 27 3 20 12 4 27 5 21 6 28 7 22 8 25 9 19 10 30 11 28 12 14 13 15 14 16 15 28 4 8 20 9 17 10 27 11 15 8 4 29 5 26 6 18 7 19 12 21 13 27 14 24 15 22 4 16 16 17 10 18 23 19 24 
5 4 0 21 1 23 2 11 3 14 8 4 13 5 21 6 20 7 26 12 18 13 19 14 29 15 20 12 4 30 5 18 6 23 7 10 8 17 9 16 10 30 11 10 12 24 13 21 14 22 15 15 12 4 14 5 28 6 21 7 16 8 29 9 23 10 29 11 19 12 10 13 13 14 23 15 10 4 16 19 17 26 18 28 19 23 
5 4 0 10 1 18 2 22 3 30 8 4 23 5 17 6 21 7 22 12 16 13 21 14 15 15 15 8 4 22 5 22 6 24 7 29 8 21 9 25 10 18 11 17 8 8 23 9 12 10 12 11 20 12 11 13 29 14 27 15 16 4 16 17 17 21 18 14 19 24 
5 4 0 16 1 11 2 20 3 12 12 4 28 5 12 6 20 7 11 8 27 9 15 10 23 11 25 12 18 13 13 14 25 15 26 12 4 12 5 25 6 16 7 21 8 17 9 12 10 11 11 23 12 11 13 26 14 15 15 29 4 12 14 13 14 14 26 15 14 4 16 10 17 14 18 19 19 11 
5 4 0 26 1 28 2 22 3 25 8 8 29 9 21 10 22 11 14 12 26 13 22 14 27 15 20 4 8 27 9 22 10 22 11 23 4 8 27 9 23 10 25 11 14 4 16 16 17 23 18 25 19 27 
5 4 0 26 1 24 2 23 3 22 4 8 19 9 28 10 16 11 23 12 4 21 5 18 6 25 7 26 8 21 9 28 10 16 11 21 12 16 13 23 14 17 15 10 12 4 25 5 29 6 28 7 18 8 28 9 13 10 26 11 12 12 27 13 23 14 18 15 12 4 16 13 17 28 18 19 19 17 
5 4 0 15 1 18 2 13 3 26 12 4 11 5 24 6 26 7 16 8 17 9 26 10 30 11 14 12 13 13 21 14 19 15 21 12 4 19 5 17 6 15 7 28 8 27 9 23 10 27 11 27 12 24 13 28 14 23 15 20 8 4 10 5 27 6 10 7 25 8 11 9 17 10 21 11 13 4 16 13 17 20 18 19 19 17 
5 4 0 25 1 16 2 11 3 28 4 8 12 9 10 10 28 11 20 12 4 22 5 13 6 14 7 22 8 24 9 30 10 27 11 24 12 26 13 22 14 15 15 25 4 8 30 9 25 10 28 11 17 4 16 28 17 26 18 16 19 29 
5 4 0 26 1 27 2 25 3 12 8 8 16 9 18 10 23 11 13 12 26 13 22 14 25 15 16 8 4 29 5 25 6 26 7 19 8 21 9 11 10 17 11 14 8 4 14 5 29 6 27 7 14 12 12 13 21 14 26 15 10 4 16 14 17 28 18 22 19 29 
5 4 0 30 1 12 2 14 3 19 8 8 10 9 11 10 13 11 18 12 16 13 20 14 30 15 18 12 4 17 5 22 6 29 7 14 8 15 9 29 10 24 11 21 12 18 13 27 14 22 15 19 4 12 24 13 11 14 23 15 30 4 16 15 17 14 18 27 19 19 
5 4 0 17 1 20 2 14 3 18 4 12 18 13 25 14 26 15 28 8 4 11 5 22 6 16 7 12 8 16 9 16 10 15 11 20 8 8 20 9 20 10 30 11 29 12 27 13 12 14 21 15 11 4 16 27 17 21 18 23 19 15 
5 4 0 26 1 23 2 10 3 28 12 4 24 5 10 6 28 7 27 8 20 9 11 10 28 11 29 12 14 13 11 14 17 15 28 12 4 29 5 15 6 12 7 20 8 19 9 21 10 25 11 20 12 11 13 29 14 17 15 21 4 12 13 13 27 14 20 15 27 4 16 13 17 26 18 21 19 30 
5 4 0 15 1 10 2 20 3 12 4 12 21 13 10 14 13 15 25 4 4 15 5 21 6 13 7 12 4 12 19 13 15 14 17 15 14 4 16 15 17 27 18 18 19 26 
5 4 0 13 1 14 2 13 3 11 4 8 12 9 21 10 13 11 29 4 4 21 5 30 6 27 7 20 12 4 12 5 18 6 24 7 15 8 25 9 18 10 25 11 12 12 25 13 23 14 11 15 20 4 16 20 17 30 18 10 19 29 
5 4 0 19 1 22 2 24 3 14 8 4 22 5 30 6 28 7 19 12 20 13 27 14 20 15 18 4 12 23 13 25 14 10 15 12 12 4 25 5 15 6 11 7 11 8 27 9 28 10 12 11 28 12 10 13 20 14 27 15 14 4 16 18 17 15 18 19 19 22 
5 4 0 24 1 22 2 30 3 27 12 4 17 5 12 6 22 7 16 8 24 9 27 10 24 11 22 12 12 13 13 14 16 15 22 4 4 29 5 16 6 30 7 22 4 4 17 5 10 6 18 7 23 4 16 15 17 20 18 19 19 21 
5 4 0 14 1 24 2 29 3 11 8 8 28 9 28 10 11 11 17 12 22 13 19 14 30 15 26 12 4 23 5 10 6 25 7 22 8 27 9 19 10 10 11 10 12 26 13 11 14 15 15 19 12 4 29 5 13 6 17 7 30 8 18 9 14 10 13 11 17 12 22 13 24 14 11 15 10 4 16 16 17 13 18 11 19 17 
5 4 0 25 1 26 2 16 3 26 12 4 27 5 27 6 30 7 20 8 22 9 25 10 10 11 19 12 11 13 15 14 28 15 29 8 4 20 5 18 6 29 7 27 12 27 13 25 14 24 15 16 8 4 11 5 18 6 25 7 13 12 17 13 14 14 20 15 14 4 16 27 17 10 18 30 19 26 
5 4 0 26 1 18 2 19 3 18 12 4 19 5 30 6 22 7 11 8 24 9 23 10 27 11 16 12 26 13 24 14 21 15 10 12 4 19 5 11 6 11 7 19 8 17 9 16 10 11 11 28 12 13 13 28 14 20 15 14 4 4 19 5 19 6 17 7 18 4 16 12 17 25 18 11 19 29 
5 4 0 30 1 30 2 11 3 21 8 8 29 9 17 10 11 11 29 12 18 13 28 14 10 15 16 12 4 18 5 11 6 13 7 16 8 11 9 19 10 25 11 11 12 16 13 25 14 16 15 23 4 4 16 5 16 6 12 7 19 4 16 10 17 29 18 14 19 14 
5 4 0 26 1 16 2 18 3 23 8 8 17 9 13 10 27 11 15 12 20 13 13 14 21 15 29 12 4 25 5 19 6 25 7 11 8 22 9 24 10 14 11 27 12 17 13 24 14 15 15 25 8 8 23 9 22 10 10 11 18 12 30 13 29 14 29 15 19 4 16 17 17 23 18 10 19 24 
5 4 0 27 1 10 2 23 3 17 8 4 13 5 11 6 15 7 18 8 10 9 17 10 29 11 26 12 4 23 5 20 6 10 7 26 8 10 9 24 10 28 11 28 12 27 13 12 14 16 15 10 12 4 13 5 21 6 12 7 27 8 21 9 26 10 11 11 24 12 17 13 20 14 30 15 16 4 16 28 17 14 18 25 19 10 
5 4 0 10 1 21 2 29 3 11 12 4 17 5 30 6 18 7 19 8 16 9 21 10 12 11 29 12 18 13 14 14 29 15 23 12 4 24 5 19 6 13 7 27 8 10 9 27 10 17 11 16 12 28 13 10 14 20 15 14 8 4 15 5 16 6 15 7 30 12 14 13 19 14 15 15 28 4 16 21 17 15 18 27 19 18 
5 4 0 23 1 12 2 18 3 19 12 4 21 5 24 6 10 7 24 8 26 9 25 10 14 11 26 12 13 13 10 14 13 15 20 4 4 26 5 21 6 16 7 17 12 4 25 5 11 6 12 7 25 8 25 9 27 10 29 11 20 12 22 13 15 14 10 15 13 4 16 12 17 10 18 13 19 20 
5 4 0 29 1 20 2 19 3 13 8 4 18 5 10 6 25 7 22 12 28 13 27 14 27 15 12 4 4 17 5 29 6 10 7 21 12 4 25 5 13 6 26 7 20 8 11 9 30 10 11 11 19 12 16 13 26 14 25 15 24 4 16 15 17 20 18 26 19 28 
5 4 0 15 1 22 2 23 3 15 4 12 26 13 17 14 18 15 22 4 12 21 13 15 14 23 15 14 12 4 11 5 27 6 11 7 15 8 28 9 27 10 22 11 24 12 16 13 22 14 27 15 12 4 16 23 17 26 18 22 19 16 
5 4 0 16 1 19 2 11 3 14 8 4 24 5 29 6 19 7 23 12 19 13 11 14 18 15 14 12 4 16 5 22 6 15 7 22 8 29 9 27 10 27 11 23 12 28 13 17 14 23 15 14 8 4 11 5 30 6 16 7 26 12 23 13 10 14 16 15 23 4 16 11 17 27 18 12 19 18 
5 4 0 16 1 23 2 10 3 28 8 4 19 5 14 6 19 7 13 8 22 9 24 10 10 11 19 4 4 10 5 18 6 27 7 25 8 4 23 5 11 6 20 7 22 12 30 13 29 14 13 15 18 4 16 16 17 12 18 11 19 15 
5 4 0 19 1 19 2 25 3 21 4 8 14 9 16 10 14 11 11 4 12 25 13 19 14 11 15 22 12 4 28 5 30 6 12 7 13 8 22 9 21 10 17 11 22 12 28 13 23 14 24 15 17 4 16 26 17 16 18 14 19 19 
5 4 0 14 1 24 2 21 3 17 8 8 30 9 27 10 19 11 21 12 23 13 19 14 23 15 25 4 12 14 13 17 14 25 15 10 4 12 28 13 14 14 24 15 17 4 16 17 17 13 18 20 19 19 
5 4 0 17 1 30 2 15 3 17 4 12 26 13 29 14 27 15 12 4 12 21 13 25 14 16 15 25 12 4 23 5 27 6 18 7 12 8 27 9 14 10 26 11 22 12 28 13 21 14 26 15 10 4 16 16 17 13 18 16 19 22 
5 4 0 10 1 11 2 29 3 16 12 4 16 5 24 6 27 7 16 8 28 9 14 10 13 11 13 12 19 13 17 14 29 15 24 12 4 19 5 29 6 10 7 30 8 18 9 26 10 28 11 20 12 28 13 12 14 26 15 11 8 8 30 9 22 10 15 11 12 12 21 13 15 14 23 15 14 4 16 25 17 28 18 26 19 24 
5 4 0 14 1 14 2 13 3 13 12 4 13 5 28 6 18 7 11 8 12 9 29 10 10 11 21 12 22 13 13 14 20 15 23 4 4 21 5 12 6 23 7 18 8 8 12 9 27 10 17 11 19 12 28 13 21 14 14 15 26 4 16 29 17 29 18 15 19 20 
5 4 0 21 1 18 2 17 3 11 8 4 29 5 18 6 14 7 26 12 13 13 25 14 15 15 26 12 4 22 5 25 6 14 7 27 8 11 9 24 10 13 11 22 12 26 13 27 14 13 15 16 8 8 18 9 30 10 27 11 14 12 27 13 20 14 13 15 20 4 16 24 17 24 18 28 19 24 
5 4 0 25 1 30 2 10 3 25 8 8 28 9 11 10 25 11 12 12 17 13 18 14 17 15 19 8 4 13 5 11 6 21 7 28 8 14 9 26 10 18 11 23 4 8 13 9 15 10 22 11 21 4 16 18 17 22 18 23 19 29 
5 4 0 27 1 11 2 16 3 29 12 4 12 5 15 6 29 7 18 8 12 9 18 10 17 11 29 12 15 13 23 14 27 15 16 12 4 12 5 19 6 26 7 30 8 17 9 17 10 30 11 22 12 22 13 15 14 24 15 21 12 4 28 5 12 6 25 7 19 8 12 9 19 10 21 11 18 12 12 13 21 14 30 15 11 4 16 15 17 19 18 27 19 10 
5 4 0 25 1 25 2 25 3 15 8 8 17 9 12 10 11 11 29 12 29 13 11 14 22 15 27 8 8 10 9 24 10 28 11 13 12 27 13 16 14 20 15 21 4 8 14 9 18 10 15 11 15 4 16 15 17 28 18 17 19 11 
5 4 0 15 1 23 2 18 3 16 12 4 22 5 16 6 30 7 15 8 19 9 11 10 15 11 21 12 25 13 25 14 13 15 22 8 8 17 9 23 10 24 11 24 12 18 13 30 14 29 15 25 4 12 20 13 14 14 29 15 17 4 16 18 17 16 18 18 19 21 
5 4 0 27 1 11 2 19 3 27 12 4 21 5 29 6 13 7 24 8 13 9 18 10 20 11 15 12 12 13 22 14 13 15 29 4 8 20 9 26 10 16 11 18 4 12 27 13 18 14 27 15 17 4 16 22 17 28 18 14 19 30 
5 4 0 11 1 23 2 17 3 20 4 4 27 5 27 6 17 7 15 8 4 24 5 29 6 28 7 27 8 26 9 23 10 16 11 17 12 4 24 5 24 6 18 7 15 8 15 9 11 10 18 11 19 12 24 13 27 14 26 15 11 4 16 11 17 22 18 28 19 18 
5 4 0 30 1 24 2 30 3 16 4 4 13 5 13 6 28 7 20 8 4 28 5 20 6 28 7 28 8 18 9 16 10 26 11 21 8 4 15 5 25 6 18 7 24 12 28 13 11 14 16 15 20 4 16 27 17 21 18 12 19 21 
5 4 0 15 1 29 2 30 3 12 4 8 27 9 20 10 26 11 27 12 4 28 5 30 6 20 7 22 8 19 9 19 10 22 11 24 12 11 13 19 14 19 15 10 4 8 22 9 14 10 10 11 28 4 16 26 17 15 18 18 19 19 
5 4 0 16 1 29 2 15 3 27 4 4 23 5 14 6 14 7 10 4 8 13 9 20 10 12 11 24 4 4 13 5 12 6 19 7 30 4 16 15 17 18 18 20 19 25 
5 4 0 21 1 27 2 27 3 19 4 8 30 9 10 10 21 11 17 8 8 16 9 23 10 22 11 17 12 27 13 24 14 12 15 28 12 4 28 5 15 6 19 7 27 8 10 9 14 10 25 11 15 12 23 13 20 14 16 15 10 4 16 15 17 18 18 23 19 30 
5 4 0 12 1 26 2 15 3 28 12 4 23 5 19 6 29 7 28 8 29 9 29 10 11 11 22 12 17 13 24 14 12 15 24 4 8 10 9 28 10 10 11 18 12 4 12 5 28 6 18 7 16 8 18 9 24 10 30 11 20 12 20 13 26 14 29 15 15 4 16 15 17 20 18 18 19 18 
5 4 0 13 1 25 2 18 3 16 4 12 18 13 12 14 15 15 21 4 4 14 5 17 6 28 7 19 4 8 26 9 30 10 17 11 22 4 16 25 17 21 18 12 19 18 
5 4 0 21 1 24 2 22 3 23 8 4 20 5 17 6 14 7 22 12 14 13 14 14 12 15 29 8 4 17 5 25 6 28 7 24 8 28 9 29 10 27 11 14 4 12 20 13 11 14 20 15 20 4 16 27 17 17 18 28 19 19 
5 4 0 14 1 21 2 16 3 12 8 4 21 5 13 6 18 7 28 12 25 13 16 14 16 15 24 4 8 19 9 17 10 13 11 29 8 8 15 9 13 10 11 11 10 12 29 13 16 14 28 15 22 4 16 17 17 12 18 28 19 12 
5 4 0 15 1 15 2 23 3 24 4 12 25 13 21 14 15 15 30 8 4 20 5 22 6 28 7 17 12 23 13 15 14 23 15 23 4 4 12 5 30 6 14 7 20 4 16 26 17 27 18 23 19 16 

Dynamic Events
Machine Breakdowns (x y z): Machine {x} breakdown from time {y} to {z}
0 1930 2054
0 3282 3432
0 3950 4083
1 3761 3953
2 3888 4032
3 3504 3611
4 2649 2740
4 4595 4790
4 5289 5384
4 6633 6798
5 859 977
5 3779 3906
5 5971 6063
5 7497 7633
6 2932 3047
6 3517 3670
6 3958 4109
6 5835 5950
6 6212 6332
7 5611 5701
7 5920 6118
7 6943 7115
7 7599 7776
8 5985 6086
8 6319 6461
8 6929 7096
9 6797 6893
10 6277 6373
10 7660 7744
11 6771 6892
11 7575 7705
12 6035 6228
13 2173 2318
13 7065 7148
14 2253 2423
14 3063 3188
14 3632 3744
14 5191 5379
14 6567 6750
15 7787 7886
16 883 998
16 1329 1444
16 3859 4052
17 3127 3274
17 3831 3936
18 2322 2402
18 3651 3759
19 255 428
19 2666 2835
19 3869 4004

Added Jobs (first number is the time at which the job is added, then pairs of machines and process time)
502: 5 7 18 12 0 29 14 18 6 18 10 23 11 14 13 30 11 15 23 7 25 12 14 4 18 17 26 11 17 3 22 18 19 5 30 13 29 2 25 6 13 27 14 20 12 19 0 15 9 27 4 30 10 11 19 4 16 3 30 19 20 6 14 8 24 9 25 0 19 15 15 13 14 6 12 25 18 20 7 22 4 13 13 14 8 26 
2810: 5 9 19 29 2 19 7 10 18 23 3 16 17 18 5 22 1 13 14 12 8 7 17 17 28 9 21 18 21 12 12 6 15 13 27 3 25 4 10 25 19 30 17 10 2 26 5 10 28 17 28 5 23 0 26 12 23 9 15 12 2 24 0 20 4 19 17 26 6 11 3 18 18 14 12 12 
3158: 5 10 3 26 15 15 11 20 0 18 2 20 14 18 1 30 5 19 10 18 6 25 7 5 11 6 26 17 10 7 21 18 17 0 18 15 11 11 0 25 10 21 8 10 7 23 12 17 18 22 9 10 11 27 19 29 6 20 15 26 4 0 18 12 30 15 17 8 19 11 10 24 9 11 15 21 8 11 19 24 0 17 2 19 17 17 12 29 14 20 6 18 
1771: 5 7 7 30 4 21 10 24 17 30 8 16 12 28 9 15 5 15 29 6 19 10 28 9 28 3 18 6 15 18 14 21 0 19 17 15 5 19 8 25 12 11 21 6 20 15 22 16 19 9 29 2 10 18 21 17 11 8 18 5 22 0 30 13 22 9 12 11 3 14 0 28 10 10 5 30 19 28 6 10 8 10 9 17 
3024: 5 7 8 27 9 13 5 23 4 19 10 15 17 21 1 18 12 5 24 3 19 7 12 9 23 4 30 2 28 0 21 17 21 10 19 6 28 8 28 13 18 9 12 17 10 22 2 22 5 20 6 19 13 20 1 16 15 26 8 16 5 4 18 18 26 11 16 14 11 5 12 12 15 20 0 14 14 23 1 16 3 17 17 24 12 16 16 19 8 26 11 27 9 13 10 13 
2006: 5 8 18 16 13 21 2 27 5 30 7 17 17 16 0 28 15 17 4 13 27 10 16 1 22 16 18 11 5 16 1 24 11 13 0 26 7 18 14 11 8 30 3 16 15 22 17 19 19 27 8 11 23 14 25 12 28 6 17 19 27 7 13 0 29 8 22 5 9 22 18 24 3 26 17 20 0 17 
849: 5 12 2 25 13 25 15 11 17 25 11 23 19 21 6 27 3 30 5 27 4 21 10 29 14 29 5 7 16 0 26 4 29 11 13 18 24 10 17 16 4 27 5 30 16 25 2 23 14 23 13 15 12 11 0 26 8 22 9 17 16 19 23 15 11 8 14 7 14 10 29 4 29 1 29 5 27 7 2 22 0 25 13 20 6 17 10 24 15 18 7 11 
2235: 5 7 11 18 5 12 15 18 9 30 4 25 12 11 8 15 7 16 21 0 13 12 16 2 29 8 17 9 13 1 24 6 16 19 17 25 18 28 15 21 13 30 6 24 5 12 16 16 13 18 17 1 27 14 16 9 12 26 5 13 11 28 17 30 18 18 13 16 19 13 3 25 4 26 
1664: 5 8 3 19 15 10 7 11 11 23 17 17 10 28 4 15 18 21 4 5 24 2 28 7 27 19 28 8 14 24 11 24 17 11 6 21 3 21 2 16 19 21 18 25 12 7 20 12 16 6 27 0 15 5 21 17 29 4 24 2 23 13 18 19 19 9 28 15 20 8 9 18 17 21 12 27 0 21 10 19 11 16 18 22 6 18 
761: 5 10 3 21 8 10 9 10 18 16 2 21 16 16 6 19 15 12 12 14 4 25 5 0 29 5 10 17 23 8 15 3 16 6 16 26 3 24 17 21 15 26 4 30 2 28 7 18 17 11 25 15 22 3 26 16 16 19 10 17 10 11 13 24 12 14 16 15 14 26 4 15 11 15 9 29 15 18 10 25 6 18 5 27 
2759: 5 10 0 17 11 19 9 17 5 13 7 21 8 13 3 11 14 28 1 21 16 19 5 3 11 19 15 16 14 5 10 12 26 12 4 12 17 10 11 23 16 17 18 12 14 29 0 29 3 22 15 11 12 28 7 24 8 17 7 6 22 10 14 12 13 11 29 3 21 13 17 17 24 9 14 28 8 10 15 13 6 25 13 14 9 14 5 11 18 14 11 30 
1772: 5 10 14 22 19 30 17 15 0 15 2 14 15 27 1 29 11 23 3 15 12 23 11 16 13 14 28 10 19 18 16 5 20 15 24 4 25 2 27 13 27 12 17 3 13 11 3 16 18 30 15 23 9 13 14 20 10 11 0 16 19 18 12 21 16 17 17 10 5 7 15 9 20 2 21 0 23 18 19 5 14 29 12 18 15 10 17 19 13 24 
2093: 5 6 18 11 8 19 0 29 15 10 16 11 10 22 11 19 10 5 21 14 29 0 20 1 12 8 30 7 26 15 27 16 27 9 21 12 14 7 11 18 6 12 4 15 15 24 9 10 3 21 14 22 9 6 13 14 27 1 16 11 16 16 24 3 10 4 25 17 29 19 14 7 9 19 5 20 13 29 8 10 15 30 0 29 16 17 
3029: 5 7 15 17 12 28 17 20 10 16 3 26 16 11 2 20 12 4 11 11 20 10 18 6 13 1 15 7 11 14 30 5 20 13 30 12 16 3 20 0 10 4 13 22 2 17 9 23 1 14 11 0 11 5 17 18 29 9 14 4 10 7 20 6 30 19 23 16 15 15 11 8 22 4 5 28 15 23 16 26 18 25 
1808: 5 12 11 20 3 23 15 25 2 20 18 12 17 22 14 19 5 19 19 17 8 16 9 23 12 17 12 6 13 2 18 4 13 14 20 19 22 0 30 1 25 5 28 11 13 12 30 3 13 8 16 9 3 14 5 23 6 23 11 19 8 12 9 28 0 10 15 26 17 29 5 0 14 3 19 2 28 15 21 14 15 8 16 11 8 22 19 12 18 14 14 17 6 20 9 27 12 14 

Cancelled Jobs
3422 27
1873 39
3618 50
3373 70
3337 82
302 88
3535 94
3781 96
2751 99
