100 20
5 4 0 20 1 25 2 26 3 25 12 4 29 5 19 6 29 7 24 8 19 9 26 10 10 11 25 12 15 13 13 14 27 15 26 12 4 17 5 25 6 28 7 16 8 21 9 19 10 15 11 14 12 16 13 18 14 21 15 20 4 4 13 5 30 6 18 7 26 4 16 30 17 19 18 26 19 19 
5 4 0 11 1 13 2 25 3 16 4 8 21 9 10 10 26 11 19 8 4 29 5 20 6 16 7 27 12 11 13 29 14 23 15 13 4 12 10 13 30 14 12 15 27 4 16 11 17 30 18 15 19 24 
5 4 0 17 1 25 2 15 3 17 8 4 26 5 26 6 15 7 19 12 17 13 15 14 13 15 23 4 4 25 5 16 6 29 7 23 8 8 14 9 25 10 14 11 18 12 16 13 28 14 12 15 21 4 16 14 17 23 18 10 19 24 
5 4 0 22 1 29 2 25 3 17 4 4 26 5 25 6 21 7 20 4 12 20 13 19 14 27 15 30 12 4 30 5 29 6 22 7 28 8 11 9 18 10 23 11 11 12 28 13 30 14 25 15 24 4 16 24 17 29 18 19 19 30 
5 4 0 11 1 30 2 24 3 18 12 4 30 5 29 6 22 7 24 8 18 9 12 10 20 11 16 12 21 13 22 14 15 15 14 4 8 18 9 15 10 25 11 18 12 4 16 5 12 6 12 7 28 8 24 9 16 10 15 11 30 12 23 13 21 14 10 15 24 4 16 26 17 24 18 14 19 20 
5 4 0 22 1 22 2 21 3 24 4 4 18 5 15 6 19 7 28 4 8 24 9 27 10 25 11 28 4 4 11 5 21 6 19 7 13 4 16 18 17 14 18 19 19 15 
5 4 0 13 1 15 2 25 3 15 8 4 19 5 27 6 10 7 19 8 25 9 16 10 14 11 27 8 4 26 5 12 6 28 7 22 12 22 13 14 14 21 15 14 12 4 11 5 30 6 30 7 19 8 19 9 11 10 25 11 22 12 23 13 10 14 23 15 26 4 16 26 17 19 18 30 19 29 
5 4 0 18 1 25 2 10 3 23 4 8 22 9 30 10 12 11 25 4 12 14 13 23 14 27 15 16 8 4 14 5 23 6 17 7 20 8 26 9 16 10 14 11 15 4 16 18 17 16 18 10 19 13 
5 4 0 16 1 21 2 29 3 23 12 4 24 5 19 6 16 7 27 8 12 9 18 10 24 11 25 12 17 13 24 14 18 15 21 12 4 29 5 15 6 25 7 16 8 10 9 27 10 12 11 19 12 13 13 29 14 30 15 15 8 4 17 5 10 6 19 7 11 8 27 9 18 10 10 11 19 4 16 25 17 14 18 21 19 15 
5 4 0 16 1 14 2 19 3 25 12 4 12 5 24 6 22 7 24 8 16 9 16 10 18 11 24 12 29 13 17 14 30 15 30 12 4 29 5 20 6 13 7 25 8 22 9 27 10 30 11 17 12 22 13 16 14 22 15 15 4 4 19 5 13 6 20 7 19 4 16 28 17 28 18 20 19 15 
5 4 0 13 1 11 2 12 3 19 4 8 22 9 12 10 16 11 12 8 4 23 5 20 6 28 7 11 12 20 13 17 14 20 15 22 4 8 29 9 21 10 16 11 30 4 16 29 17 23 18 13 19 22 
5 4 0 16 1 11 2 17 3 20 8 4 21 5 12 6 18 7 15 12 21 13 29 14 14 15 26 8 4 11 5 27 6 22 7 18 12 19 13 30 14 20 15 10 12 4 23 5 24 6 23 7 16 8 12 9 12 10 16 11 13 12 19 13 11 14 26 15 27 4 16 16 17 15 18 30 19 27 
5 4 0 30 1 22 2 21 3 11 12 4 29 5 18 6 23 7 30 8 29 9 29 10 12 11 30 12 13 13 29 14 17 15 28 12 4 25 5 21 6 13 7 17 8 18 9 11 10 21 11 22 12 10 13 11 14 18 15 10 8 4 28 5 13 6 16 7 30 8 16 9 26 10 23 11 16 4 16 11 17 16 18 20 19 24 
5 4 0 16 1 29 2 30 3 27 4 4 13 5 15 6 16 7 25 8 8 23 9 18 10 28 11 27 12 24 13 27 14 14 15 27 8 4 17 5 22 6 10 7 19 12 19 13 18 14 23 15 25 4 16 30 17 27 18 24 19 16 
5 4 0 15 1 15 2 21 3 28 4 12 22 13 25 14 12 15 28 12 4 13 5 19 6 29 7 23 8 19 9 21 10 16 11 23 12 15 13 18 14 21 15 20 12 4 22 5 28 6 18 7 26 8 11 9 15 10 12 11 30 12 19 13 22 14 13 15 14 4 16 21 17 15 18 26 19 25 
5 4 0 25 1 21 2 20 3 14 12 4 11 5 19 6 12 7 11 8 24 9 23 10 28 11 12 12 30 13 10 14 28 15 23 4 12 29 13 26 14 11 15 25 4 4 20 5 23 6 15 7 26 4 16 30 17 17 18 27 19 27 
5 4 0 23 1 15 2 29 3 18 12 4 19 5 29 6 27 7 30 8 19 9 13 10 13 11 29 12 17 13 14 14 18 15 16 8 4 14 5 12 6 14 7 15 12 20 13 11 14 27 15 21 4 12 27 13 25 14 26 15 20 4 16 30 17 15 18 12 19 24 
5 4 0 21 1 13 2 22 3 26 4 12 18 13 21 14 18 15 25 4 8 24 9 16 10 17 11 28 12 4 23 5 18 6 20 7 26 8 23 9 11 10 21 11 19 12 16 13 19 14 17 15 18 4 16 26 17 26 18 18 19 15 
5 4 0 11 1 10 2 23 3 23 12 4 22 5 22 6 28 7 26 8 17 9 28 10 15 11 24 12 28 13 13 14 15 15 25 8 4 28 5 24 6 16 7 15 8 18 9 22 10 12 11 22 8 4 11 5 26 6 29 7 17 12 12 13 15 14 21 15 17 4 16 24 17 13 18 10 19 13 
5 4 0 30 1 24 2 26 3 18 12 4 20 5 26 6 21 7 10 8 18 9 16 10 27 11 13 12 29 13 23 14 30 15 15 4 12 10 13 25 14 11 15 22 4 8 17 9 25 10 10 11 18 4 16 11 17 18 18 10 19 25 
5 4 0 17 1 19 2 29 3 23 12 4 16 5 11 6 22 7 29 8 21 9 26 10 20 11 13 12 19 13 20 14 20 15 15 4 4 23 5 12 6 11 7 25 12 4 19 5 24 6 11 7 18 8 10 9 12 10 21 11 16 12 10 13 14 14 11 15 12 4 16 14 17 14 18 12 19 24 
5 4 0 18 1 24 2 16 3 30 12 4 22 5 20 6 26 7 19 8 28 9 10 10 12 11 17 12 30 13 11 14 14 15 25 4 4 16 5 28 6 12 7 17 8 4 25 5 21 6 15 7 13 8 12 9 10 10 10 11 21 4 16 23 17 27 18 14 19 20 
5 4 0 25 1 23 2 26 3 27 4 8 12 9 19 10 15 11 12 12 4 18 5 30 6 13 7 20 8 29 9 18 10 25 11 12 12 29 13 28 14 22 15 17 8 4 26 5 15 6 25 7 30 12 12 13 23 14 12 15 27 4 16 24 17 24 18 22 19 14 
5 4 0 18 1 27 2 27 3 29 8 8 28 9 17 10 14 11 26 12 13 13 28 14 30 15 28 8 4 15 5 17 6 13 7 22 8 26 9 11 10 21 11 11 12 4 14 5 20 6 12 7 10 8 19 9 15 10 25 11 24 12 18 13 14 14 30 15 15 4 16 26 17 14 18 20 19 21 
5 4 0 25 1 16 2 19 3 10 4 4 29 5 13 6 26 7 19 12 4 30 5 21 6 22 7 28 8 27 9 29 10 30 11 26 12 17 13 30 14 19 15 25 8 4 21 5 29 6 23 7 18 8 28 9 11 10 29 11 21 4 16 12 17 23 18 14 19 16 
5 4 0 23 1 21 2 27 3 13 8 4 12 5 25 6 18 7 30 12 20 13 15 14 25 15 16 4 8 12 9 24 10 29 11 10 4 4 16 5 15 6 18 7 29 4 16 11 17 13 18 16 19 20 
5 4 0 17 1 29 2 10 3 16 4 8 12 9 17 10 16 11 11 4 8 16 9 22 10 12 11 22 8 8 20 9 23 10 23 11 11 12 28 13 23 14 20 15 22 4 16 14 17 18 18 15 19 23 
5 4 0 13 1 22 2 24 3 14 4 12 13 13 13 14 13 15 19 8 4 23 5 29 6 19 7 28 12 12 13 24 14 28 15 24 12 4 29 5 22 6 26 7 28 8 10 9 29 10 13 11 30 12 26 13 29 14 12 15 28 4 16 15 17 18 18 10 19 15 
5 4 0 13 1 23 2 16 3 10 12 4 26 5 26 6 28 7 24 8 26 9 29 10 25 11 11 12 29 13 20 14 19 15 17 4 4 19 5 22 6 13 7 21 8 4 23 5 19 6 24 7 10 8 28 9 12 10 25 11 30 4 16 28 17 23 18 14 19 22 
5 4 0 22 1 29 2 20 3 22 12 4 20 5 28 6 18 7 26 8 26 9 24 10 29 11 19 12 12 13 30 14 28 15 24 12 4 27 5 23 6 21 7 14 8 27 9 17 10 21 11 27 12 21 13 30 14 18 15 14 12 4 20 5 17 6 26 7 24 8 25 9 24 10 20 11 19 12 21 13 16 14 16 15 21 4 16 11 17 26 18 12 19 30 
5 4 0 29 1 26 2 27 3 28 12 4 11 5 11 6 16 7 25 8 29 9 12 10 22 11 25 12 21 13 22 14 23 15 21 8 4 27 5 11 6 18 7 18 8 14 9 12 10 24 11 17 4 8 12 9 26 10 29 11 28 4 16 20 17 20 18 27 19 23 
5 4 0 30 1 13 2 11 3 29 4 12 14 13 27 14 10 15 27 12 4 28 5 16 6 15 7 25 8 25 9 15 10 24 11 11 12 13 13 24 14 20 15 30 8 8 14 9 17 10 13 11 20 12 16 13 26 14 27 15 22 4 16 24 17 15 18 16 19 15 
5 4 0 16 1 25 2 10 3 22 8 8 21 9 14 10 21 11 19 12 11 13 15 14 28 15 12 12 4 30 5 29 6 17 7 12 8 23 9 28 10 10 11 26 12 24 13 27 14 18 15 22 12 4 25 5 21 6 27 7 18 8 25 9 17 10 24 11 20 12 13 13 10 14 28 15 20 4 16 11 17 30 18 22 19 30 
5 4 0 27 1 22 2 11 3 30 12 4 12 5 30 6 25 7 14 8 21 9 15 10 19 11 24 12 20 13 19 14 29 15 16 12 4 27 5 14 6 14 7 20 8 11 9 12 10 27 11 26 12 13 13 18 14 13 15 10 12 4 18 5 13 6 28 7 28 8 11 9 24 10 24 11 14 12 12 13 18 14 13 15 15 4 16 21 17 15 18 21 19 30 
5 4 0 19 1 15 2 14 3 25 8 4 30 5 30 6 14 7 28 8 18 9 10 10 19 11 15 12 4 24 5 30 6 13 7 22 8 30 9 12 10 13 11 27 12 29 13 29 14 27 15 18 12 4 25 5 18 6 29 7 29 8 24 9 27 10 11 11 26 12 27 13 27 14 13 15 17 4 16 15 17 26 18 14 19 16 
5 4 0 12 1 21 2 10 3 24 8 4 23 5 21 6 29 7 23 12 18 13 26 14 15 15 26 8 4 22 5 21 6 23 7 14 8 24 9 26 10 18 11 24 8 4 21 5 11 6 15 7 28 12 15 13 16 14 23 15 24 4 16 10 17 17 18 24 19 16 
5 4 0 30 1 16 2 16 3 24 4 8 30 9 25 10 15 11 12 8 4 20 5 12 6 30 7 25 12 21 13 14 14 16 15 17 4 4 19 5 10 6 10 7 12 4 16 17 17 28 18 12 19 10 
5 4 0 21 1 29 2 30 3 10 4 8 21 9 28 10 15 11 23 8 4 11 5 13 6 27 7 22 12 29 13 28 14 28 15 25 12 4 13 5 27 6 22 7 22 8 24 9 25 10 30 11 20 12 15 13 17 14 10 15 23 4 16 29 17 20 18 27 19 19 
5 4 0 19 1 21 2 12 3 30 4 4 14 5 25 6 25 7 11 4 4 27 5 14 6 27 7 29 8 4 28 5 20 6 26 7 23 8 21 9 30 10 16 11 23 4 16 18 17 29 18 26 19 15 
5 4 0 30 1 15 2 23 3 13 4 8 14 9 11 10 24 11 29 12 4 14 5 27 6 17 7 21 8 22 9 27 10 24 11 17 12 14 13 18 14 11 15 21 12 4 25 5 29 6 14 7 21 8 21 9 17 10 11 11 15 12 10 13 18 14 12 15 12 4 16 23 17 29 18 10 19 21 
5 4 0 10 1 26 2 22 3 30 8 8 29 9 24 10 11 11 14 12 18 13 13 14 13 15 26 8 4 13 5 23 6 24 7 13 12 22 13 25 14 14 15 30 4 8 24 9 13 10 13 11 15 4 16 23 17 16 18 16 19 12 
5 4 0 24 1 10 2 27 3 13 8 4 22 5 28 6 17 7 15 8 26 9 29 10 18 11 22 8 8 28 9 17 10 20 11 22 12 10 13 29 14 20 15 25 4 8 26 9 26 10 20 11 19 4 16 16 17 29 18 14 19 26 
5 4 0 17 1 19 2 12 3 22 4 12 24 13 27 14 24 15 29 4 12 22 13 29 14 16 15 16 12 4 23 5 12 6 15 7 27 8 25 9 28 10 13 11 28 12 15 13 13 14 19 15 27 4 16 15 17 24 18 13 19 22 
5 4 0 19 1 28 2 18 3 20 8 4 18 5 24 6 27 7 19 8 25 9 14 10 22 11 18 8 4 19 5 22 6 12 7 14 12 18 13 15 14 16 15 24 8 4 11 5 17 6 11 7 13 8 25 9 15 10 29 11 22 4 16 23 17 27 18 21 19 28 
5 4 0 23 1 30 2 19 3 30 12 4 26 5 24 6 28 7 27 8 18 9 19 10 22 11 25 12 11 13 26 14 17 15 26 12 4 11 5 15 6 20 7 27 8 26 9 14 10 25 11 13 12 19 13 29 14 23 15 18 4 8 18 9 27 10 18 11 13 4 16 12 17 22 18 30 19 20 
5 4 0 14 1 19 2 10 3 21 8 8 23 9 19 10 24 11 20 12 11 13 30 14 13 15 24 4 8 20 9 18 10 10 11 21 4 4 23 5 29 6 22 7 24 4 16 17 17 14 18 22 19 28 
5 4 0 25 1 30 2 14 3 21 4 4 10 5 25 6 13 7 18 8 4 26 5 21 6 28 7 12 8 29 9 19 10 21 11 27 8 8 15 9 15 10 25 11 17 12 14 13 23 14 26 15 22 4 16 27 17 20 18 30 19 29 
5 4 0 24 1 21 2 13 3 25 4 8 28 9 12 10 23 11 22 12 4 12 5 28 6 23 7 17 8 13 9 19 10 14 11 13 12 27 13 22 14 14 15 26 8 8 28 9 27 10 26 11 24 12 30 13 27 14 13 15 25 4 16 30 17 21 18 19 19 18 
5 4 0 30 1 20 2 12 3 14 12 4 26 5 26 6 21 7 15 8 26 9 22 10 24 11 26 12 28 13 15 14 21 15 24 8 4 28 5 12 6 18 7 15 12 29 13 28 14 22 15 22 8 4 15 5 28 6 14 7 29 12 14 13 11 14 21 15 18 4 16 10 17 13 18 21 19 20 
5 4 0 18 1 19 2 25 3 12 12 4 16 5 15 6 27 7 21 8 14 9 20 10 19 11 27 12 19 13 23 14 26 15 15 4 12 20 13 27 14 15 15 10 4 12 16 13 15 14 25 15 17 4 16 10 17 24 18 19 19 15 
5 4 0 11 1 15 2 13 3 14 8 4 14 5 17 6 10 7 14 12 30 13 24 14 10 15 17 4 12 18 13 20 14 19 15 30 12 4 10 5 22 6 30 7 21 8 13 9 16 10 16 11 10 12 17 13 12 14 11 15 21 4 16 23 17 23 18 11 19 27 
5 4 0 18 1 29 2 28 3 27 12 4 21 5 20 6 19 7 21 8 23 9 18 10 11 11 23 12 11 13 26 14 24 15 29 12 4 30 5 22 6 16 7 17 8 29 9 24 10 23 11 12 12 11 13 25 14 28 15 10 12 4 26 5 12 6 11 7 24 8 15 9 22 10 27 11 24 12 27 13 11 14 12 15 28 4 16 15 17 19 18 16 19 20 
5 4 0 25 1 13 2 16 3 26 8 4 12 5 30 6 18 7 10 12 26 13 28 14 14 15 16 8 8 26 9 24 10 24 11 12 12 26 13 29 14 13 15 16 8 4 23 5 17 6 20 7 23 8 28 9 18 10 29 11 21 4 16 16 17 20 18 10 19 10 
5 4 0 21 1 19 2 15 3 13 8 4 15 5 13 6 25 7 21 12 10 13 27 14 27 15 28 8 4 23 5 22 6 25 7 23 8 21 9 14 10 15 11 15 8 4 13 5 12 6 30 7 23 8 12 9 27 10 27 11 24 4 16 13 17 20 18 13 19 25 
5 4 0 21 1 23 2 24 3 11 8 4 16 5 27 6 20 7 24 8 13 9 15 10 11 11 23 8 4 22 5 24 6 26 7 24 8 26 9 17 10 29 11 19 12 4 21 5 30 6 17 7 11 8 12 9 19 10 24 11 12 12 21 13 22 14 26 15 13 4 16 19 17 12 18 26 19 21 
5 4 0 12 1 29 2 21 3 21 8 4 20 5 15 6 12 7 28 8 24 9 10 10 30 11 30 8 4 25 5 30 6 28 7 27 8 30 9 26 10 19 11 13 4 4 27 5 13 6 26 7 11 4 16 14 17 23 18 29 19 21 
5 4 0 15 1 30 2 30 3 11 8 4 15 5 12 6 28 7 25 12 13 13 19 14 21 15 25 4 12 15 13 23 14 21 15 23 12 4 14 5 29 6 13 7 21 8 29 9 21 10 24 11 24 12 12 13 29 14 17 15 10 4 16 21 17 19 18 26 19 20 
5 4 0 13 1 27 2 13 3 10 12 4 19 5 22 6 10 7 16 8 28 9 30 10 24 11 20 12 14 13 23 14 24 15 18 12 4 15 5 11 6 15 7 22 8 27 9 12 10 25 11 12 12 26 13 25 14 23 15 19 8 4 28 5 12 6 21 7 20 12 26 13 15 14 24 15 20 4 16 20 17 23 18 13 19 25 
5 4 0 16 1 13 2 11 3 18 12 4 20 5 18 6 11 7 27 8 21 9 11 10 16 11 29 12 14 13 17 14 18 15 29 8 4 12 5 10 6 17 7 14 12 25 13 25 14 21 15 19 12 4 28 5 11 6 15 7 15 8 24 9 17 10 29 11 13 12 11 13 27 14 24 15 16 4 16 20 17 13 18 28 19 25 
5 4 0 23 1 21 2 13 3 29 8 8 23 9 26 10 22 11 21 12 24 13 25 14 10 15 25 4 4 26 5 11 6 14 7 17 4 8 15 9 11 10 21 11 15 4 16 14 17 18 18 19 19 23 
5 4 0 29 1 27 2 12 3 28 12 4 27 5 19 6 21 7 28 8 30 9 21 10 28 11 25 12 26 13 24 14 17 15 28 8 4 23 5 15 6 14 7 15 8 15 9 28 10 17 11 22 12 4 27 5 16 6 21 7 20 8 16 9 26 10 23 11 13 12 16 13 26 14 10 15 10 4 16 18 17 24 18 14 19 21 
5 4 0 27 1 22 2 16 3 10 4 4 23 5 28 6 20 7 10 8 4 18 5 18 6 27 7 21 12 20 13 12 14 12 15 14 12 4 17 5 21 6 28 7 28 8 19 9 18 10 20 11 12 12 28 13 16 14 15 15 15 4 16 26 17 20 18 12 19 23 
5 4 0 22 1 13 2 16 3 23 8 8 11 9 12 10 25 11 11 12 25 13 13 14 16 15 11 4 8 15 9 13 10 19 11 19 4 12 17 13 25 14 24 15 30 4 16 27 17 28 18 30 19 24 
5 4 0 30 1 28 2 30 3 26 8 4 14 5 22 6 14 7 11 8 19 9 16 10 26 11 15 12 4 18 5 24 6 16 7 14 8 27 9 17 10 28 11 18 12 15 13 22 14 16 15 19 12 4 12 5 19 6 28 7 27 8 22 9 15 10 21 11 16 12 18 13 27 14 20 15 19 4 16 14 17 21 18 25 19 28 
5 4 0 18 1 12 2 22 3 21 4 12 18 13 30 14 26 15 30 12 4 19 5 22 6 27 7 30 8 12 9 12 10 26 11 18 12 29 13 30 14 29 15 18 12 4 13 5 12 6 11 7 22 8 30 9 27 10 27 11 28 12 20 13 20 14 30 15 11 4 16 28 17 23 18 22 19 24 
5 4 0 30 1 11 2 21 3 22 8 8 15 9 30 10 26 11 29 12 21 13 18 14 24 15 23 12 4 29 5 13 6 15 7 23 8 10 9 30 10 22 11 20 12 28 13 20 14 20 15 12 4 8 26 9 26 10 27 11 11 4 16 14 17 23 18 16 19 26 
5 4 0 24 1 12 2 30 3 25 4 8 29 9 16 10 13 11 27 8 8 27 9 24 10 17 11 19 12 11 13 11 14 12 15 21 12 4 20 5 17 6 18 7 15 8 24 9 30 10 26 11 14 12 18 13 10 14 11 15 17 4 16 30 17 10 18 13 19 26 
5 4 0 19 1 21 2 14 3 22 12 4 16 5 19 6 13 7 24 8 10 9 27 10 23 11 24 12 19 13 24 14 29 15 19 8 4 12 5 24 6 11 7 15 8 28 9 15 10 23 11 22 12 4 23 5 12 6 20 7 19 8 17 9 21 10 20 11 20 12 17 13 24 14 29 15 16 4 16 23 17 25 18 27 19 17 
5 4 0 24 1 28 2 20 3 20 12 4 22 5 15 6 19 7 23 8 27 9 17 10 30 11 12 12 16 13 22 14 20 15 26 4 12 23 13 30 14 30 15 23 12 4 20 5 29 6 11 7 26 8 10 9 16 10 20 11 19 12 29 13 21 14 26 15 12 4 16 18 17 15 18 24 19 20 
5 4 0 15 1 23 2 12 3 27 12 4 17 5 23 6 28 7 23 8 16 9 29 10 15 11 20 12 10 13 18 14 23 15 21 12 4 22 5 30 6 19 7 16 8 20 9 17 10 17 11 27 12 15 13 14 14 20 15 19 12 4 27 5 26 6 22 7 23 8 26 9 17 10 22 11 20 12 20 13 14 14 19 15 11 4 16 17 17 21 18 18 19 30 
5 4 0 25 1 26 2 25 3 21 8 4 25 5 14 6 30 7 10 8 10 9 18 10 26 11 29 12 4 27 5 17 6 21 7 22 8 19 9 21 10 12 11 30 12 26 13 24 14 14 15 27 4 8 24 9 28 10 26 11 27 4 16 26 17 17 18 12 19 29 
5 4 0 30 1 13 2 28 3 19 4 8 18 9 30 10 28 11 12 4 4 10 5 22 6 10 7 27 12 4 26 5 19 6 27 7 22 8 26 9 20 10 29 11 26 12 25 13 23 14 27 15 21 4 16 29 17 29 18 26 19 13 
5 4 0 28 1 10 2 25 3 13 4 12 11 13 16 14 30 15 14 8 4 19 5 29 6 26 7 22 8 23 9 29 10 21 11 15 12 4 19 5 30 6 22 7 25 8 12 9 24 10 14 11 20 12 13 13 29 14 21 15 25 4 16 22 17 19 18 29 19 20 
5 4 0 27 1 17 2 29 3 15 4 4 16 5 23 6 28 7 24 4 4 24 5 30 6 23 7 25 4 4 25 5 17 6 27 7 18 4 16 26 17 30 18 20 19 11 
5 4 0 22 1 26 2 10 3 11 4 4 27 5 26 6 11 7 22 12 4 20 5 25 6 14 7 29 8 11 9 24 10 10 11 13 12 21 13 30 14 20 15 16 4 12 11 13 10 14 30 15 11 4 16 23 17 28 18 24 19 25 
5 4 0 20 1 16 2 26 3 21 12 4 16 5 25 6 14 7 14 8 29 9 22 10 26 11 20 12 20 13 16 14 23 15 10 12 4 22 5 10 6 13 7 19 8 27 9 18 10 28 11 25 12 25 13 25 14 18 15 18 8 8 26 9 24 10 30 11 29 12 20 13 13 14 20 15 19 4 16 29 17 14 18 28 19 25 
5 4 0 23 1 25 2 23 3 27 12 4 18 5 17 6 13 7 24 8 29 9 12 10 22 11 13 12 21 13 14 14 18 15 17 4 12 22 13 29 14 22 15 30 8 4 30 5 21 6 11 7 20 8 15 9 30 10 16 11 22 4 16 23 17 24 18 18 19 13 
5 4 0 18 1 30 2 19 3 22 4 8 17 9 27 10 11 11 24 4 12 21 13 14 14 26 15 12 4 12 30 13 25 14 27 15 25 4 16 20 17 19 18 30 19 12 
5 4 0 25 1 27 2 29 3 19 12 4 27 5 22 6 22 7 21 8 23 9 18 10 23 11 16 12 27 13 24 14 25 15 18 12 4 27 5 28 6 20 7 30 8 21 9 16 10 26 11 26 12 17 13 13 14 17 15 25 4 4 15 5 10 6 19 7 16 4 16 29 17 17 18 10 19 18 
5 4 0 14 1 19 2 29 3 24 8 4 28 5 14 6 25 7 20 8 11 9 19 10 16 11 20 4 8 19 9 30 10 14 11 19 8 4 23 5 21 6 22 7 20 12 21 13 14 14 11 15 13 4 16 28 17 10 18 28 19 18 
5 4 0 22 1 18 2 12 3 29 4 12 28 13 28 14 22 15 28 8 8 11 9 23 10 23 11 25 12 12 13 26 14 23 15 30 12 4 23 5 13 6 26 7 16 8 19 9 29 10 12 11 28 12 22 13 21 14 12 15 11 4 16 27 17 18 18 24 19 16 
5 4 0 21 1 29 2 21 3 11 12 4 24 5 13 6 16 7 12 8 21 9 30 10 24 11 14 12 24 13 30 14 24 15 27 8 4 18 5 16 6 30 7 12 12 23 13 30 14 18 15 13 12 4 22 5 19 6 22 7 24 8 18 9 28 10 16 11 11 12 20 13 16 14 26 15 17 4 16 18 17 28 18 19 19 19 
5 4 0 18 1 13 2 13 3 15 8 4 25 5 11 6 23 7 24 8 30 9 22 10 19 11 16 4 12 28 13 25 14 29 15 29 12 4 27 5 27 6 23 7 24 8 22 9 29 10 21 11 27 12 27 13 23 14 22 15 20 4 16 18 17 22 18 21 19 15 
5 4 0 14 1 16 2 30 3 12 8 8 12 9 21 10 30 11 12 12 14 13 25 14 10 15 19 8 4 18 5 19 6 12 7 13 8 16 9 29 10 16 11 29 4 12 24 13 26 14 15 15 16 4 16 16 17 18 18 21 19 16 
5 4 0 13 1 23 2 29 3 21 12 4 24 5 10 6 21 7 22 8 25 9 22 10 11 11 23 12 30 13 13 14 18 15 17 4 4 25 5 10 6 24 7 27 8 4 28 5 18 6 17 7 14 8 18 9 30 10 11 11 23 4 16 13 17 19 18 17 19 18 
5 4 0 24 1 12 2 23 3 27 4 8 24 9 29 10 13 11 16 12 4 19 5 13 6 22 7 30 8 27 9 30 10 29 11 24 12 27 13 22 14 25 15 18 4 8 14 9 30 10 28 11 23 4 16 26 17 18 18 10 19 14 
5 4 0 25 1 14 2 24 3 15 4 8 16 9 15 10 16 11 11 12 4 21 5 30 6 22 7 27 8 25 9 10 10 15 11 17 12 27 13 15 14 23 15 18 12 4 10 5 11 6 23 7 19 8 28 9 17 10 27 11 12 12 13 13 16 14 20 15 15 4 16 17 17 12 18 18 19 17 
5 4 0 30 1 20 2 14 3 21 12 4 19 5 13 6 17 7 30 8 27 9 22 10 13 11 11 12 19 13 29 14 15 15 15 4 8 13 9 18 10 17 11 15 4 4 10 5 28 6 25 7 25 4 16 21 17 20 18 19 19 17 
5 4 0 20 1 17 2 10 3 16 8 8 27 9 11 10 29 11 11 12 13 13 20 14 13 15 16 4 8 22 9 12 10 28 11 12 12 4 27 5 11 6 21 7 17 8 20 9 12 10 26 11 27 12 19 13 29 14 26 15 19 4 16 22 17 11 18 15 19 19 
5 4 0 28 1 15 2 15 3 25 8 8 11 9 20 10 27 11 23 12 28 13 18 14 24 15 12 12 4 28 5 11 6 29 7 16 8 30 9 14 10 29 11 12 12 30 13 26 14 20 15 16 4 4 20 5 14 6 29 7 14 4 16 19 17 28 18 22 19 28 
5 4 0 30 1 14 2 15 3 15 12 4 28 5 13 6 30 7 28 8 22 9 29 10 19 11 19 12 13 13 25 14 29 15 27 12 4 11 5 28 6 19 7 11 8 26 9 22 10 11 11 13 12 15 13 10 14 13 15 22 4 12 21 13 15 14 17 15 11 4 16 22 17 30 18 11 19 17 
5 4 0 12 1 18 2 20 3 21 12 4 26 5 11 6 21 7 20 8 15 9 14 10 26 11 14 12 12 13 26 14 21 15 23 4 12 29 13 13 14 27 15 19 8 4 25 5 27 6 16 7 27 8 18 9 21 10 24 11 20 4 16 13 17 21 18 15 19 23 
5 4 0 26 1 18 2 21 3 15 12 4 12 5 12 6 20 7 24 8 26 9 24 10 23 11 11 12 27 13 10 14 10 15 27 8 4 26 5 17 6 15 7 15 8 24 9 25 10 24 11 15 12 4 16 5 17 6 21 7 16 8 29 9 17 10 22 11 26 12 20 13 22 14 24 15 24 4 16 12 17 21 18 18 19 29 
5 4 0 10 1 15 2 25 3 13 8 4 12 5 17 6 30 7 14 8 17 9 12 10 16 11 15 8 4 30 5 30 6 26 7 10 12 24 13 29 14 15 15 11 4 8 24 9 12 10 13 11 21 4 16 30 17 10 18 25 19 18 
5 4 0 23 1 27 2 14 3 16 8 4 28 5 19 6 26 7 18 8 23 9 23 10 26 11 25 8 8 12 9 14 10 19 11 17 12 14 13 25 14 18 15 30 8 8 16 9 29 10 13 11 23 12 15 13 26 14 20 15 30 4 16 28 17 10 18 17 19 24 
5 4 0 30 1 30 2 26 3 14 4 12 26 13 22 14 14 15 16 8 8 29 9 13 10 13 11 30 12 13 13 14 14 28 15 18 12 4 26 5 28 6 14 7 24 8 10 9 16 10 15 11 17 12 27 13 27 14 21 15 23 4 16 28 17 26 18 27 19 10 
5 4 0 27 1 19 2 22 3 12 4 4 25 5 30 6 28 7 12 8 4 20 5 21 6 14 7 30 8 28 9 26 10 30 11 25 8 8 11 9 16 10 26 11 17 12 24 13 27 14 17 15 28 4 16 18 17 27 18 29 19 15 
5 4 0 17 1 28 2 12 3 19 8 4 25 5 25 6 14 7 22 12 25 13 22 14 16 15 23 12 4 13 5 18 6 19 7 12 8 29 9 10 10 25 11 22 12 25 13 22 14 21 15 10 8 4 21 5 11 6 23 7 10 8 11 9 25 10 26 11 12 4 16 10 17 19 18 20 19 19 
5 4 0 18 1 10 2 25 3 10 8 4 29 5 27 6 28 7 19 12 21 13 24 14 27 15 26 12 4 12 5 19 6 14 7 22 8 30 9 13 10 12 11 20 12 16 13 15 14 17 15 29 12 4 21 5 19 6 30 7 12 8 13 9 24 10 21 11 10 12 11 13 21 14 27 15 13 4 16 22 17 12 18 15 19 27 
5 4 0 25 1 20 2 19 3 24 12 4 24 5 20 6 20 7 27 8 26 9 26 10 12 11 24 12 30 13 11 14 18 15 27 12 4 30 5 10 6 28 7 11 8 11 9 14 10 26 11 17 12 26 13 23 14 16 15 11 4 12 18 13 19 14 19 15 11 4 16 23 17 28 18 29 19 27 

Dynamic Events
Machine Breakdowns (x y z): Machine {x} breakdown from time {y} to {z}
0 1342 1540
0 2211 2334
0 2840 2948
0 3490 3590
1 2592 2714
1 3224 3331
1 3668 3864
2 2444 2631
2 3902 4090
3 2940 3037
3 3804 3930
4 2818 2934
4 3900 4014
4 8506 8696
5 3504 3604
5 3889 4065
5 4742 4897
5 6677 6854
5 8044 8142
6 2972 3132
6 3694 3853
6 5089 5223
7 2884 3087
7 4107 4258
7 7580 7731
8 5127 5292
8 6135 6246
8 8396 8503
9 7014 7201
10 3894 4092
10 4552 4689
10 6501 6662
11 2873 3000
11 7345 7445
11 7816 7962
12 2663 2785
12 6249 6441
12 7594 7698
13 1542 1702
13 5478 5646
13 6335 6446
13 7461 7620
14 6710 6852
14 7083 7189
15 2937 3118
15 6544 6673
15 7713 7881
16 2922 3121
16 3895 4033
17 2202 2362
17 2788 2955
17 3817 3970
18 1192 1362
18 3153 3308
18 3569 3686
19 1553 1709
19 2269 2463
19 3506 3691

Added Jobs (first number is the time at which the job is added, then pairs of machines and process time)
1713: 5 7 5 26 10 23 1 13 15 26 4 11 17 30 13 15 11 2 28 11 28 7 11 6 13 5 30 19 30 18 15 1 28 8 22 4 22 17 24 10 3 24 17 24 0 25 14 11 10 20 11 23 16 22 12 20 4 15 19 22 6 19 15 17 13 16 28 14 15 11 19 6 17 12 18 24 13 26 2 29 1 30 16 12 4 13 5 15 7 30 0 18 17 25 11 24 15 25 
1413: 5 11 1 25 8 12 2 25 5 20 7 28 6 20 15 29 9 12 17 15 19 19 16 27 11 2 21 12 25 11 23 13 12 15 22 6 15 18 12 9 12 5 19 4 19 1 27 12 1 12 12 19 16 15 11 25 9 15 17 29 13 29 0 13 4 18 5 16 14 11 19 15 10 0 10 16 13 3 14 5 28 14 30 9 26 7 21 18 23 1 18 10 12 6 5 26 10 20 14 20 16 15 1 10 12 24 
2151: 5 7 3 27 9 14 12 19 7 16 17 12 8 25 11 12 9 9 12 17 12 14 18 7 30 12 28 16 14 1 21 4 16 3 18 9 1 23 8 20 13 28 10 19 3 26 16 28 18 19 15 26 4 12 8 4 28 8 10 15 17 5 26 0 15 3 12 11 10 2 28 10 6 30 17 26 2 14 13 27 12 17 8 13 16 25 10 30 5 11 15 18 
824: 5 6 15 26 10 24 2 19 14 18 18 27 17 19 9 2 29 3 11 18 23 11 28 14 25 7 21 9 29 5 12 4 16 11 14 20 18 21 13 16 1 27 16 30 17 16 10 12 7 14 0 11 15 14 6 29 8 9 24 1 12 8 11 3 13 0 23 5 10 14 16 19 20 11 10 16 12 21 5 22 8 16 18 24 13 13 6 29 3 14 2 15 0 12 1 25 
3394: 5 7 18 17 2 17 12 26 17 17 19 25 13 17 8 19 6 10 22 4 13 14 28 18 13 6 17 8 21 4 17 23 7 25 10 29 18 30 4 11 22 18 14 15 30 1 25 6 16 22 13 18 8 22 4 12 2 15 11 25 
702: 5 11 3 24 13 24 12 25 4 20 11 16 15 10 19 10 2 14 1 29 16 11 6 23 9 19 17 9 12 0 15 5 13 18 15 6 22 7 11 12 23 3 29 7 1 20 5 10 3 19 2 24 10 23 9 22 0 17 10 8 13 13 15 3 30 7 16 15 27 5 29 2 26 4 25 18 16 14 29 12 18 23 19 19 2 12 11 24 13 19 15 28 14 23 17 25 4 13 10 19 9 28 16 15 
467: 5 7 16 23 4 15 5 26 17 14 15 30 11 13 3 17 8 1 13 10 20 15 19 13 15 6 13 3 26 18 20 9 12 8 6 24 16 17 3 10 10 19 17 16 12 30 7 25 9 17 11 13 15 0 19 8 18 12 20 10 26 6 17 9 22 5 23 19 27 1 11 15 15 7 18 23 7 30 0 24 12 20 6 10 14 23 9 11 
1339: 5 9 15 17 16 25 17 17 4 25 14 18 1 15 12 20 18 25 8 23 7 1 14 3 13 5 18 6 28 15 30 8 21 2 29 4 13 25 9 22 7 19 12 23 7 4 13 15 20 13 18 10 20 7 26 5 30 19 13 7 17 26 0 30 1 26 8 14 18 10 15 20 7 28 
1951: 5 6 3 18 10 22 15 10 17 25 14 23 1 23 4 13 16 3 22 16 12 4 23 11 6 23 14 29 12 10 9 15 2 29 4 21 19 11 5 10 17 16 18 16 13 18 12 19 22 12 29 0 15 2 19 17 30 4 23 9 29 3 19 16 16 11 22 1 17 7 16 5 0 23 12 30 4 17 1 12 13 11 
871: 5 10 1 13 6 17 7 15 8 19 10 28 12 22 17 29 9 11 19 13 16 18 7 1 15 11 16 7 30 15 29 6 23 18 26 19 10 7 1 15 12 26 11 12 17 27 15 22 13 27 4 27 8 1 13 11 12 17 27 16 18 7 30 9 10 4 24 3 10 4 5 24 13 18 8 25 19 12 
1193: 5 7 5 10 7 21 6 20 3 16 11 15 1 23 15 20 4 3 20 14 27 2 17 8 16 9 4 29 18 18 16 14 14 26 13 27 0 13 9 17 15 29 1 15 11 12 11 19 15 2 13 8 24 13 19 4 24 0 30 1 20 18 24 11 16 16 25 11 18 22 9 27 1 16 6 30 11 10 15 30 17 21 14 16 10 12 2 20 8 12 
3417: 5 8 0 12 15 19 9 27 7 12 3 12 16 22 8 21 17 14 11 18 14 19 19 7 26 16 13 9 30 15 16 17 11 5 27 13 17 4 25 11 28 9 19 19 3 12 2 26 5 11 1 22 14 12 6 17 13 21 0 14 6 3 17 19 25 11 25 13 25 4 21 15 26 9 15 27 18 11 10 12 9 25 19 28 7 22 2 28 6 29 16 13 
2878: 5 11 6 27 1 27 19 24 2 19 17 22 11 12 5 29 15 11 13 12 10 20 8 30 4 13 17 5 18 0 30 7 16 4 9 17 11 10 12 25 2 26 4 0 17 7 11 19 22 10 11 6 13 22 14 13 9 29 11 19 12 27 5 10 
1430: 5 4 6 20 7 24 8 16 17 27 11 15 28 19 17 9 16 8 24 12 20 14 21 1 24 5 27 2 26 11 18 16 17 8 1 21 5 18 9 19 10 14 4 16 8 28 18 18 7 30 12 14 27 5 26 12 13 18 24 3 12 10 30 16 19 7 12 9 23 11 23 13 13 15 16 9 11 19 8 16 7 20 9 23 10 21 3 16 4 20 13 19 1 11 
2089: 5 11 12 27 15 16 7 13 4 26 3 21 11 20 14 29 9 28 18 19 16 12 2 24 7 2 28 11 15 7 19 5 26 1 17 3 12 8 10 8 8 11 11 24 6 30 15 22 2 18 5 25 14 11 7 19 4 8 12 7 29 18 15 19 20 4 11 24 4 18 19 23 0 28 
933: 5 11 5 15 14 23 18 19 13 25 17 21 3 11 11 22 10 23 0 13 4 20 12 21 5 17 15 16 24 19 25 4 25 13 20 4 3 16 0 29 4 13 8 28 11 8 29 17 23 13 17 16 11 10 28 12 16 2 29 9 24 4 25 11 29 7 15 9 7 13 19 23 1 11 18 14 15 21 10 10 4 17 0 14 8 19 

Cancelled Jobs
5164 9
2248 33
3119 34
2536 54
2005 61
1892 63
4621 70
602 77
1473 81
