20 10
15 3 3 66 6 66 7 66 1 9 29 1 4 11 1 7 62 1 5 94 3 3 41 7 41 8 41 1 8 90 1 8 63 1 1 45 1 6 91 1 2 73 2 1 31 8 31 3 1 97 2 97 6 97 1 1 11 1 0 20 
20 1 3 90 2 2 21 9 21 1 8 78 1 9 37 1 7 68 3 0 48 8 48 9 48 1 0 55 1 5 38 2 2 49 4 49 3 3 69 6 69 9 69 3 0 73 3 73 9 73 1 9 80 2 4 83 9 83 1 5 39 1 9 98 1 6 71 2 1 24 9 24 1 3 89 3 2 73 5 73 7 73 3 0 44 3 44 5 44 
23 1 0 61 1 3 53 1 3 35 1 4 95 1 9 33 1 7 59 1 4 68 1 9 61 1 6 56 1 5 28 2 1 18 4 18 1 0 35 2 2 73 3 73 2 1 78 4 78 1 3 70 2 2 65 6 65 1 9 44 1 1 56 3 3 60 6 60 8 60 2 1 69 3 69 1 4 94 1 9 28 1 4 63 
18 2 7 17 8 17 1 2 61 1 1 34 1 5 96 1 3 31 1 9 82 2 0 40 3 40 2 0 63 7 63 1 0 95 1 0 68 1 2 91 1 6 43 1 1 32 3 3 54 5 54 7 54 1 6 92 2 2 40 6 40 3 0 84 5 84 6 84 2 2 38 8 38 
21 1 2 94 1 5 63 1 1 99 1 4 45 1 3 28 1 8 59 1 3 97 1 1 69 1 3 61 1 8 98 1 4 42 1 7 100 2 1 68 7 68 1 6 83 1 1 69 2 7 17 8 17 1 2 26 1 9 29 2 8 20 9 20 1 5 100 1 5 87 
15 1 9 67 1 5 16 1 7 86 1 4 36 1 9 73 1 4 41 1 1 100 1 9 23 1 9 33 1 4 92 1 5 74 1 8 90 1 9 49 1 5 34 1 4 47 
17 1 2 62 3 3 59 5 59 9 59 4 6 98 7 98 8 98 9 98 2 0 73 3 73 2 0 79 5 79 1 7 10 1 9 32 1 6 55 1 3 53 1 1 19 2 6 55 8 55 1 7 88 1 7 46 1 4 73 1 1 30 3 1 48 7 48 9 48 1 2 50 
25 1 4 37 1 2 75 1 9 36 2 1 71 6 71 1 5 66 2 5 39 9 39 1 9 17 3 5 30 7 30 8 30 2 4 42 5 42 1 9 94 2 2 59 3 59 1 7 36 1 1 68 1 0 21 2 0 25 3 25 1 1 65 1 5 58 1 6 65 1 0 36 2 0 45 3 45 1 0 82 1 9 42 1 6 82 1 0 51 1 5 75 
23 1 1 35 2 2 78 6 78 1 2 43 1 0 77 1 0 42 1 8 18 1 7 63 1 5 99 1 1 16 1 5 34 1 5 99 1 2 87 1 5 46 1 1 81 1 9 41 1 8 58 1 4 57 1 0 30 2 1 60 2 60 2 4 52 7 52 3 3 92 4 92 6 92 2 3 32 7 32 2 4 80 9 80 
19 1 1 42 1 8 33 1 2 40 1 3 80 1 6 72 4 2 64 6 64 8 64 9 64 1 0 77 1 6 23 1 6 50 1 1 13 2 5 38 9 38 3 1 21 6 21 8 21 2 0 77 7 77 1 2 95 2 3 60 8 60 1 3 94 1 2 53 1 1 82 1 3 60 
19 1 8 60 2 2 93 3 93 1 3 49 2 1 82 5 82 1 1 68 1 5 42 1 9 96 3 2 90 3 90 8 90 1 3 36 1 3 70 1 7 12 1 5 56 1 5 14 1 3 60 1 8 18 1 0 88 1 1 19 1 6 87 1 2 50 
21 1 7 50 2 5 63 9 63 2 2 16 4 16 1 3 65 1 8 71 1 0 44 2 1 46 3 46 1 2 35 1 4 11 1 5 83 1 8 12 1 8 98 1 0 25 1 6 84 4 1 36 3 36 4 36 5 36 1 7 41 1 1 44 1 6 51 1 8 58 1 3 56 1 9 27 
16 1 8 97 2 1 93 6 93 2 0 41 3 41 1 7 59 1 2 83 1 6 99 1 5 90 1 0 90 2 1 58 4 58 1 4 15 1 0 95 1 7 65 1 7 73 1 5 96 1 4 42 3 3 53 7 53 8 53 
16 1 2 61 3 2 24 7 24 8 24 1 4 90 1 4 11 1 7 12 1 0 68 1 5 61 1 1 40 1 8 70 1 1 76 1 7 48 1 9 19 1 3 49 1 2 76 1 3 24 2 2 35 5 35 
25 1 9 10 1 1 46 2 3 18 7 18 3 0 72 5 72 6 72 4 0 32 3 32 6 32 8 32 1 9 92 1 0 14 1 6 53 1 7 49 1 8 83 2 1 81 8 81 1 2 76 1 7 88 1 3 34 1 7 54 2 0 22 4 22 1 3 47 2 0 31 3 31 1 1 43 1 9 29 1 7 59 1 8 26 1 0 57 1 5 11 1 7 90 
17 1 5 55 1 0 71 3 0 64 2 64 4 64 1 3 36 1 7 26 1 3 34 1 9 68 1 7 55 1 2 41 1 4 36 2 3 64 7 64 1 5 91 1 7 16 2 5 29 6 29 1 2 87 1 9 76 2 1 69 6 69 
21 1 4 72 1 0 66 1 7 33 1 7 21 2 1 81 2 81 1 2 22 2 0 60 5 60 1 1 85 1 0 37 1 7 70 1 5 58 1 8 49 2 0 59 5 59 2 1 54 7 54 1 8 39 1 6 78 1 1 95 1 0 21 1 7 36 2 2 66 5 66 1 7 84 
17 2 3 11 7 11 3 4 37 7 37 9 37 1 5 11 1 2 81 2 0 46 6 46 2 5 76 7 76 1 8 20 1 2 96 3 2 73 3 73 7 73 1 3 43 1 5 84 2 4 75 5 75 1 7 97 2 0 37 5 37 1 1 47 1 2 98 1 7 89 
23 1 6 69 1 3 87 1 6 77 1 8 18 1 0 18 1 7 15 2 5 44 6 44 1 1 70 1 1 20 2 7 70 9 70 3 3 19 5 19 9 19 2 1 24 8 24 2 1 44 5 44 1 3 21 1 0 69 1 1 19 1 1 84 1 5 47 2 1 86 6 86 1 4 31 1 2 42 1 0 11 2 0 23 9 23 
16 2 2 48 3 48 1 0 15 1 5 97 1 1 23 2 2 29 6 29 1 0 96 1 7 66 1 0 41 2 3 43 5 43 1 5 58 1 8 93 1 6 78 1 7 74 2 2 57 6 57 1 0 68 1 8 85 

Dynamic Events
Machine Breakdowns (x y z): Machine {x} breakdown from time {y} to {z}
0 3605 3896
1 3891 4308
2 3912 4476
3 1939 2272
3 3556 3966
4 1516 1840
4 3502 3793
4 3910 4120
5 869 1290
6 1366 1970
6 3067 3711
8 1292 1778
8 3393 3762
9 708 1132
9 2594 2863
9 3625 4049

Added Jobs (first number is the time at which the job is added, then pairs of machines and process time)
920: 18 1 0 19 3 0 63 5 76 6 38 2 2 17 1 38 1 2 64 1 4 38 2 7 74 5 28 2 9 37 2 37 4 6 35 3 32 7 84 0 57 2 9 16 8 82 3 2 29 8 19 4 94 1 5 85 3 8 94 1 35 2 80 1 9 81 1 1 99 2 6 21 7 90 3 4 71 3 15 1 55 2 8 81 1 77 4 1 26 8 46 0 27 3 23 
208: 17 1 8 92 2 2 69 9 87 1 2 41 3 2 82 1 73 7 63 4 8 22 1 13 7 15 9 76 3 5 82 6 47 8 57 1 2 77 4 8 93 0 96 5 97 6 47 4 6 34 2 62 9 19 4 47 4 6 35 3 82 0 39 1 58 4 5 84 4 24 3 43 9 18 1 2 34 3 8 91 2 66 7 97 4 3 62 7 75 2 45 0 11 1 7 36 1 5 40 4 0 53 5 95 3 91 1 29 
622: 18 1 4 40 2 6 25 9 41 3 4 36 9 30 6 69 3 9 10 0 11 3 91 4 6 33 4 47 3 74 9 81 3 1 38 9 43 3 72 1 1 22 4 4 11 5 42 2 73 3 36 2 4 70 9 63 3 0 42 2 33 1 39 4 1 84 0 79 6 48 4 36 3 5 64 8 65 6 93 1 3 41 4 8 96 2 80 6 32 7 28 2 4 28 0 22 4 5 67 3 42 9 85 0 19 3 8 27 9 66 7 87 3 8 16 5 76 1 77 

Cancelled Jobs
1203 6
1751 9
2350 13
