8 9
9 1 0 887 1 1 447 2 2 234 8 234 2 3 159 0 159 2 4 201 7 201 2 5 555 3 555 3 6 463 2 463 3 463 3 7 456 1 456 2 456 3 8 753 5 753 1 753 
9 2 0 799 7 799 2 1 779 4 779 2 2 567 8 567 3 3 267 1 267 5 267 1 4 478 2 5 444 7 444 1 6 123 1 7 789 3 8 21 7 21 1 21 
9 2 0 999 2 999 3 1 999 0 999 2 999 1 2 852 3 3 483 4 483 0 483 1 4 520 2 5 120 0 120 1 6 456 3 7 630 5 630 4 630 1 8 427 
9 2 0 666 2 666 3 1 666 3 666 7 666 1 2 140 3 3 753 4 753 6 753 3 4 145 0 145 5 145 2 5 142 1 142 1 6 789 3 7 258 3 258 2 258 2 8 520 7 520 
9 1 0 663 1 1 25 2 2 222 5 222 2 3 420 7 420 2 4 699 8 699 2 5 578 3 578 2 6 876 2 876 2 7 741 6 741 1 8 142 
9 2 0 333 8 333 2 1 558 4 558 3 2 558 1 558 0 558 2 3 159 7 159 3 4 875 2 875 6 875 3 5 965 7 965 4 965 2 6 543 8 543 1 7 36 1 8 534 
9 1 0 222 2 1 886 7 886 1 2 965 2 3 25 2 25 3 4 633 1 633 7 633 1 5 412 2 6 210 8 210 3 7 985 4 985 6 985 2 8 157 1 157 
9 2 0 114 1 114 1 1 541 2 2 412 5 412 3 3 863 1 863 8 863 2 4 222 3 222 1 5 25 1 6 123 3 7 214 6 214 0 214 1 8 896 

Dynamic Events
Machine Breakdowns (x y z): Machine {x} breakdown from time {y} to {z}
0 11124 14068
3 3566 5914
4 5414 8525
4 17786 20534
5 9525 11249
6 13732 16509
7 12482 15211

Added Jobs (first number is the time at which the job is added, then pairs of machines and process time)
2335: 9 2 2 984 4 912 3 3 617 5 911 8 175 2 5 531 8 148 1 6 294 1 3 156 2 0 698 4 888 1 3 326 2 2 143 3 689 3 5 89 1 496 4 692 
5391: 9 1 6 337 2 3 715 5 168 1 5 783 3 4 779 5 269 0 232 1 1 901 3 8 181 5 63 7 658 3 2 785 1 711 8 880 3 7 844 0 931 5 510 1 7 572 
6740: 9 2 2 295 4 708 3 2 825 8 728 4 279 3 7 720 6 205 1 975 1 5 70 3 4 859 7 29 3 741 2 8 208 6 545 2 3 424 2 385 2 7 86 8 135 2 6 854 3 549 

Cancelled Jobs
12055 2
