15 5
5 1 1 21 1 2 34 2 4 95 2 95 2 0 53 1 53 2 3 55 0 55 
5 1 3 52 3 4 16 1 16 3 16 2 1 71 0 71 3 2 26 1 26 4 26 2 0 21 4 21 
5 2 2 31 1 31 2 0 12 3 12 2 1 42 0 42 1 3 39 2 4 98 3 98 
5 1 3 77 1 1 77 3 4 79 3 79 0 79 2 0 55 3 55 3 2 66 3 66 4 66 
5 1 4 37 3 3 34 4 34 2 34 2 2 64 0 64 1 1 19 1 0 83 
5 3 2 43 1 43 4 43 3 1 54 4 54 3 54 3 0 92 4 92 1 92 1 3 62 3 4 79 1 79 2 79 
5 2 0 93 2 93 1 3 69 3 1 87 3 87 2 87 2 4 77 2 77 1 2 87 
5 1 0 60 2 1 41 0 41 2 2 38 0 38 2 4 83 1 83 1 3 24 
5 2 2 98 3 98 2 3 17 0 17 1 4 25 1 0 44 2 1 49 3 49 
5 2 0 96 2 96 2 4 77 0 77 2 3 79 1 79 3 1 75 3 75 0 75 3 2 43 4 43 1 43 
5 1 4 28 1 2 35 1 0 95 2 3 76 4 76 1 1 7 
5 2 0 61 4 61 2 4 10 2 10 3 2 95 0 95 1 95 2 1 9 2 9 2 3 35 1 35 
5 3 4 59 1 59 3 59 2 3 16 0 16 1 1 91 1 2 59 3 0 46 2 46 4 46 
5 2 4 43 0 43 1 1 52 2 0 28 1 28 3 2 27 0 27 4 27 2 3 50 1 50 
5 2 0 87 2 87 1 1 45 1 2 39 3 4 9 1 9 0 9 1 3 41 

Dynamic Events
Machine Breakdowns (x y z): Machine {x} breakdown from time {y} to {z}
0 721 961
0 3120 3667
1 383 672
2 60 348
2 1535 1902
3 1500 1964
4 1155 1532

Added Jobs (first number is the time at which the job is added, then pairs of machines and process time)
297: 5 1 3 80 2 0 34 1 25 2 0 86 2 31 3 1 37 2 43 4 71 1 1 70 
478: 5 1 0 96 3 0 86 1 58 3 94 3 2 10 0 93 4 37 2 2 66 1 53 1 3 19 
859: 5 3 2 26 3 75 4 36 2 1 70 4 47 1 1 95 3 0 35 3 12 4 55 2 1 36 4 10 
617: 5 1 2 61 3 3 21 4 98 1 34 1 0 75 2 0 84 4 50 3 2 88 4 89 1 39 

Cancelled Jobs
