15 5
5 1 0 47 1 4 57 2 1 71 2 71 2 3 96 0 96 1 2 14 
5 2 0 75 2 75 2 1 60 2 60 3 4 22 1 22 3 22 2 3 79 0 79 3 2 65 1 65 4 65 
5 2 3 32 4 32 2 0 33 1 33 2 2 69 0 69 3 1 31 3 31 0 31 1 4 58 
5 2 0 44 3 44 1 1 34 1 4 51 3 3 58 0 58 4 58 3 2 47 4 47 3 47 
5 3 3 29 2 29 4 29 1 1 44 2 0 62 1 62 1 2 17 3 4 8 2 8 1 8 
5 1 1 15 2 2 40 4 40 3 0 97 1 97 4 97 1 4 38 3 3 66 4 66 1 66 
5 1 2 58 3 1 39 2 39 4 39 2 0 57 4 57 3 4 20 1 20 3 20 3 3 50 4 50 2 50 
5 1 2 57 1 3 32 2 4 87 0 87 2 0 63 2 63 3 1 21 0 21 3 21 
5 3 4 56 2 56 0 56 1 0 84 1 2 90 2 1 85 3 85 2 3 61 2 61 
5 2 4 15 0 15 2 0 20 1 20 3 1 67 3 67 0 67 3 3 30 4 30 2 30 2 2 70 1 70 
5 1 4 84 1 0 82 1 1 23 2 2 45 4 45 1 3 38 
5 2 3 50 0 50 3 2 21 1 21 4 21 1 0 18 2 4 41 2 41 3 1 29 2 29 0 29 
5 2 4 16 1 16 2 1 52 3 52 2 0 52 3 52 3 2 38 1 38 3 38 2 3 54 0 54 
5 1 4 37 1 0 54 3 3 57 2 57 4 57 2 2 74 0 74 1 1 62 
5 2 4 57 1 57 3 1 61 0 61 2 61 2 0 81 1 81 2 2 30 3 30 1 3 68 

Dynamic Events
Machine Breakdowns (x y z): Machine {x} breakdown from time {y} to {z}
0 3103 3409
1 2260 2501
2 2688 3024
3 1178 1378
4 1298 1633

Added Jobs (first number is the time at which the job is added, then pairs of machines and process time)
591: 5 1 0 63 3 3 27 2 43 4 94 3 3 22 4 34 2 34 3 1 94 0 44 2 45 2 1 86 4 44 
359: 5 3 4 41 2 89 1 15 1 2 24 2 2 54 3 68 3 1 79 0 43 4 24 3 2 23 0 34 3 77 
551: 5 2 1 23 0 52 3 0 57 4 50 3 68 3 3 22 4 95 2 20 2 2 68 0 29 3 0 18 1 28 2 67 
1199: 5 2 1 29 2 44 2 0 90 4 50 1 2 55 3 4 15 0 21 3 60 1 0 23 
613: 5 2 0 26 4 24 3 1 17 4 8 2 23 3 2 23 3 77 4 22 1 1 92 2 0 36 2 45 

Cancelled Jobs
1099 9
