20 5
5 1 3 5 1 4 58 2 2 44 1 44 1 0 9 1 1 58 
5 2 1 89 2 89 2 4 96 2 96 3 0 97 4 97 1 97 3 2 84 3 84 4 84 2 3 77 0 77 
5 3 2 81 4 81 0 81 2 3 85 0 85 3 1 87 3 87 0 87 1 4 39 2 0 77 3 77 
5 1 0 15 1 3 57 3 4 73 3 73 0 73 2 1 21 3 21 3 2 31 3 31 4 31 
5 1 2 48 3 4 71 3 71 2 71 2 3 70 0 70 1 0 40 1 1 49 
5 3 0 10 2 10 1 10 1 4 82 2 3 34 4 34 3 2 80 1 80 4 80 1 1 22 
5 3 2 17 4 17 1 17 1 0 55 3 1 91 2 91 4 91 2 4 75 1 75 2 3 7 2 7 
5 2 3 47 2 47 1 2 62 1 1 72 2 4 35 0 35 2 0 11 2 11 
5 3 1 90 0 90 3 90 3 2 94 0 94 3 94 1 4 50 2 0 64 1 64 2 3 75 4 75 
5 3 3 15 2 15 0 15 2 2 67 1 67 3 0 12 3 12 4 12 2 4 20 2 20 3 1 71 2 71 4 71 
5 2 4 93 0 93 2 2 29 0 29 3 0 52 1 52 4 52 1 1 57 2 3 68 2 68 
5 3 3 77 2 77 0 77 2 1 93 2 93 2 0 58 3 58 2 2 70 3 70 3 4 7 1 7 3 7 
5 2 1 63 0 63 1 3 27 1 0 95 3 4 6 2 6 3 6 3 2 82 1 82 4 82 
5 1 4 36 3 0 26 2 26 4 26 2 3 48 1 48 2 2 56 3 56 1 1 87 
5 3 2 36 1 36 4 36 3 1 8 4 8 2 8 3 4 15 1 15 3 15 1 3 76 3 0 36 3 36 4 36 
5 1 4 78 2 1 84 0 84 3 3 41 0 41 2 41 1 0 30 1 2 76 
5 1 1 78 3 0 75 2 75 4 75 1 4 88 3 3 13 0 13 4 13 1 2 81 
5 2 0 54 3 54 3 4 40 2 40 0 40 1 2 13 1 1 82 1 3 29 
5 3 1 26 3 26 4 26 1 4 82 3 0 52 2 52 1 52 1 3 6 2 2 6 1 6 
5 1 3 54 1 1 64 2 0 54 2 54 2 2 32 4 32 2 4 88 1 88 

Dynamic Events
Machine Breakdowns (x y z): Machine {x} breakdown from time {y} to {z}
0 2440 2776
0 3598 3894
1 3536 3939
2 2954 3282
3 3466 3755
4 1272 1720

Added Jobs (first number is the time at which the job is added, then pairs of machines and process time)
1315: 5 2 1 32 0 95 1 0 65 1 4 54 3 0 44 4 24 3 91 2 2 32 1 85 
987: 5 3 0 50 1 30 4 68 2 2 46 0 21 1 0 12 1 4 22 3 4 49 3 57 2 33 
1097: 5 2 2 74 1 34 3 1 35 3 72 4 68 2 1 31 4 17 3 1 23 4 95 2 23 3 4 90 2 69 3 7 
897: 5 1 1 55 1 4 67 2 0 85 1 25 3 1 23 3 71 4 75 2 2 33 1 55 

Cancelled Jobs
770 1
1120 10
