15 15
15 1 1 26 1 12 67 2 0 72 2 72 2 6 74 0 74 1 14 13 2 8 43 7 43 2 4 30 12 30 3 3 19 14 19 6 19 3 10 23 13 23 4 23 2 11 85 5 85 3 5 98 2 98 4 98 2 13 43 4 43 2 2 38 1 38 2 7 8 5 8 3 9 75 13 75 5 75 
15 1 14 42 2 0 39 13 39 1 4 55 1 12 46 3 1 19 13 19 10 19 2 8 93 14 93 1 9 80 3 5 26 12 26 2 26 2 10 7 9 7 1 6 50 2 11 57 5 57 1 3 73 1 2 9 3 7 61 2 61 1 61 1 13 72 
15 2 3 96 14 96 3 4 99 6 99 3 99 3 12 34 9 34 1 34 1 6 60 3 7 43 6 43 2 43 2 14 7 7 7 1 13 12 3 8 11 6 11 13 11 3 11 70 4 70 7 70 1 10 43 1 0 91 2 1 68 5 68 2 9 11 10 11 2 5 68 14 68 2 2 72 0 72 
15 2 14 63 8 63 2 11 45 10 45 1 4 49 1 1 74 2 8 27 11 27 2 0 30 4 30 3 9 72 7 72 0 72 2 7 9 1 9 3 12 99 8 99 0 99 3 13 60 4 60 7 60 2 5 69 11 69 1 6 69 1 2 84 1 3 40 2 10 59 4 59 
15 1 2 91 2 0 75 5 75 3 9 98 1 98 4 98 1 3 17 2 10 72 2 72 3 13 31 7 31 0 31 2 11 9 1 9 2 14 98 1 98 1 7 50 2 5 37 8 37 3 4 8 1 8 8 8 2 8 65 0 65 1 1 90 1 12 91 3 6 71 12 71 9 71 
15 2 11 35 5 35 1 6 80 2 4 39 6 39 3 3 62 5 62 2 62 2 14 74 10 74 2 5 72 4 72 1 10 35 1 9 25 1 1 49 3 8 52 6 52 4 52 3 7 63 9 63 12 63 3 2 90 1 90 13 90 1 13 21 3 12 47 3 47 4 47 1 0 38 
15 2 14 19 5 19 3 7 57 5 57 3 57 2 10 24 3 24 3 13 91 7 91 6 91 1 3 50 1 0 5 3 11 49 5 49 7 49 3 12 18 0 18 4 18 1 9 58 3 5 24 10 24 9 24 1 8 52 2 1 88 3 88 3 2 68 7 68 0 68 1 6 20 1 4 53 
15 1 7 77 3 14 72 8 72 1 72 3 5 35 3 35 11 35 3 11 90 0 90 1 90 1 4 68 1 6 18 1 3 9 2 0 33 2 33 2 8 60 9 60 2 10 18 4 18 3 12 10 11 10 13 10 1 13 60 3 1 38 5 38 14 38 3 2 99 8 99 1 99 3 9 15 2 15 7 15 
15 1 13 6 3 8 86 10 86 13 86 2 2 40 10 40 1 9 79 3 12 92 10 92 13 92 2 11 23 5 23 1 5 89 3 10 95 7 95 8 95 2 6 91 3 91 2 7 72 8 72 1 0 80 1 1 60 2 3 56 2 56 1 4 51 1 14 23 
15 1 1 46 3 6 28 7 28 12 28 2 5 34 10 34 3 11 77 10 77 3 77 2 4 47 1 47 1 0 10 2 14 49 6 49 2 8 77 1 77 2 10 48 6 48 3 7 24 3 24 9 24 3 12 8 9 8 2 8 3 2 72 12 72 7 72 1 13 55 1 9 29 3 3 40 4 40 13 40 
15 3 10 22 8 22 4 22 3 4 89 12 89 7 89 2 12 79 5 79 3 0 7 11 7 4 7 2 9 15 12 15 3 1 6 8 6 5 6 2 11 30 9 30 1 6 38 2 5 11 3 11 3 8 52 10 52 9 52 2 3 20 8 20 3 7 5 5 5 13 5 3 14 9 5 9 8 9 1 2 20 3 13 28 12 28 11 28 
15 2 5 73 2 73 3 14 56 7 56 6 56 2 2 37 11 37 2 3 22 1 22 1 13 25 1 6 58 3 1 8 3 8 11 8 3 7 93 3 93 4 93 3 4 88 13 88 12 88 2 8 17 12 17 1 12 9 1 11 69 3 10 71 6 71 0 71 1 9 85 3 0 55 12 55 5 55 
15 2 9 85 14 85 3 14 58 12 58 13 58 1 3 46 1 8 64 1 2 49 3 6 37 9 37 3 37 3 1 33 4 33 14 33 2 4 30 8 30 2 5 26 10 26 2 0 20 12 20 2 13 74 9 74 1 10 77 2 12 99 1 99 1 11 56 2 7 21 10 21 
15 1 10 17 1 3 24 1 4 89 2 5 15 3 15 2 11 60 6 60 2 1 42 5 42 1 8 98 1 2 64 3 13 92 4 92 0 92 2 0 63 10 63 3 7 52 4 52 12 52 2 12 54 2 54 1 6 75 3 14 23 4 23 11 23 1 9 38 
15 2 3 8 12 8 3 5 17 10 17 3 17 2 11 56 5 56 2 7 93 4 93 2 14 26 12 26 3 9 62 11 62 4 62 2 6 7 12 7 1 10 88 1 0 97 1 1 7 2 2 43 1 43 2 8 29 13 29 3 13 35 12 35 2 35 2 12 87 4 87 2 4 57 11 57 

Dynamic Events
Machine Breakdowns (x y z): Machine {x} breakdown from time {y} to {z}
0 638 951
1 352 585
1 1803 2053
2 64 296
3 1626 1807
4 1585 1966
4 4254 4586
5 748 951
6 1585 1875
7 1240 1599
7 2125 2573
8 2907 3142
9 1554 1958
10 2243 2450
12 653 866
13 2635 3091
14 364 715

Added Jobs (first number is the time at which the job is added, then pairs of machines and process time)
1160: 15 2 0 30 14 79 2 11 73 7 71 2 2 39 4 25 1 11 61 2 7 59 12 31 2 2 55 13 40 2 2 98 11 67 3 5 93 3 38 10 48 1 3 64 3 8 73 10 20 9 12 2 13 49 10 50 2 1 49 7 90 2 4 47 7 39 2 11 80 12 76 1 5 64 
877: 15 1 2 69 1 9 65 2 3 18 12 54 2 0 61 1 54 2 7 38 4 69 3 6 17 11 50 0 68 1 0 38 3 4 61 2 86 6 53 3 4 26 10 66 11 56 1 8 14 2 6 38 14 50 3 6 13 12 21 5 17 1 13 88 3 1 16 11 34 5 35 2 12 70 0 27 
1646: 15 2 4 92 0 33 2 4 9 8 50 1 5 48 2 2 47 9 55 1 14 51 3 13 31 12 23 11 72 3 8 18 13 71 9 82 3 6 97 5 48 12 90 3 9 53 1 45 0 12 2 14 26 8 15 3 13 40 9 58 8 91 2 11 64 0 35 1 6 41 1 6 45 2 8 70 13 19 
591: 15 2 1 42 3 10 1 10 39 1 13 67 2 1 81 12 42 1 5 46 1 2 62 2 7 21 2 45 3 13 14 7 71 11 24 1 11 62 1 4 81 3 5 16 14 87 13 64 3 11 8 7 20 12 79 1 8 22 1 5 48 2 2 60 5 20 

Cancelled Jobs
1268 9
