14 4
4 1 0 456 1 1 856 2 2 963 3 963 1 3 696 
4 1 0 789 2 1 930 3 930 2 2 21 3 21 3 3 320 1 320 0 320 
4 3 0 630 3 630 2 630 3 1 214 2 214 0 214 2 2 475 0 475 2 3 142 1 142 
4 2 0 214 3 214 3 1 257 3 257 0 257 1 2 320 2 3 753 0 753 
4 1 0 573 1 1 896 3 2 124 0 124 3 124 1 3 214 
4 3 0 218 3 218 2 218 2 1 532 3 532 1 2 752 2 3 528 1 528 
4 1 0 653 1 1 142 3 2 147 0 147 3 147 1 3 653 
4 2 0 214 3 214 3 1 547 3 547 0 547 3 2 532 1 532 0 532 2 3 214 0 214 
4 1 0 204 3 1 865 3 865 2 865 2 2 145 3 145 1 3 527 
4 2 0 785 2 785 2 1 321 0 321 3 2 763 1 763 0 763 3 3 536 0 536 1 536 
4 2 0 696 2 696 2 1 124 2 124 2 2 214 1 214 3 3 214 0 214 1 214 
4 2 0 532 2 532 1 1 12 1 2 257 1 3 528 
4 2 0 12 1 12 2 1 345 3 345 3 2 854 0 854 3 854 1 3 888 
4 2 0 457 2 457 3 1 678 3 678 0 678 2 2 123 0 123 3 3 999 0 999 2 999 

Dynamic Events
Machine Breakdowns (x y z): Machine {x} breakdown from time {y} to {z}
0 4354 6236
3 3292 5174

Added Jobs (first number is the time at which the job is added, then pairs of machines and process time)
2544: 4 2 3 854 1 245 1 2 313 1 0 375 2 1 421 2 972 
1057: 4 3 1 407 0 266 3 610 2 0 314 2 640 1 2 967 3 2 96 3 449 0 798 

Cancelled Jobs
115 1
323 4
2211 12
3686 13
