7 7
7 1 0 692 1 1 310 2 2 832 1 832 2 3 630 6 630 2 4 258 1 258 2 5 147 4 147 3 6 255 3 255 5 255 
7 3 0 581 2 581 5 581 2 1 582 6 582 3 2 14 3 14 1 14 2 3 214 5 214 2 4 147 0 147 3 5 753 3 753 0 753 3 6 806 4 806 1 806 
7 1 0 475 1 1 475 3 2 785 3 785 1 785 3 3 578 5 578 4 578 3 4 852 1 852 6 852 2 5 2 6 2 2 6 699 0 699 
7 1 0 23 3 1 196 3 196 2 196 2 2 696 4 696 3 3 214 2 214 0 214 1 4 586 3 5 356 6 356 0 356 1 6 877 
7 3 0 158 1 158 3 158 2 1 325 4 325 3 2 530 0 530 3 530 3 3 785 0 785 1 785 1 4 325 1 5 565 2 6 412 1 412 
7 2 0 796 5 796 2 1 874 4 874 2 2 214 6 214 2 3 236 4 236 2 4 896 0 896 1 5 898 1 6 302 
7 2 0 542 3 542 2 1 205 4 205 2 2 578 5 578 2 3 963 0 963 3 4 325 0 325 3 325 2 5 800 1 800 2 6 120 0 120 

Dynamic Events
Machine Breakdowns (x y z): Machine {x} breakdown from time {y} to {z}
0 1933 3258
1 6380 7705
2 4579 5904
4 6175 7500
6 5973 7298

Added Jobs (first number is the time at which the job is added, then pairs of machines and process time)
1381: 7 3 5 746 4 784 3 794 2 4 461 5 452 3 3 860 1 542 2 684 2 6 179 3 123 1 4 249 3 6 519 4 375 3 520 2 5 434 0 538 
2452: 7 3 5 94 6 307 2 551 2 3 224 5 17 3 6 307 1 128 3 221 1 1 729 3 5 439 3 442 6 627 2 0 906 3 940 2 4 652 3 819 

Cancelled Jobs
