8 8
8 1 0 456 1 1 654 2 2 852 6 852 2 3 145 1 145 1 4 632 2 5 425 7 425 2 6 214 3 214 3 7 654 1 654 0 654 
8 3 0 789 7 789 3 789 2 1 123 0 123 3 2 369 0 369 1 369 2 3 678 4 678 2 4 581 1 581 2 5 396 3 396 3 6 123 3 123 4 123 1 7 789 
8 2 0 654 2 654 1 1 123 3 2 632 0 632 6 632 3 3 965 7 965 2 965 2 4 475 7 475 1 5 325 2 6 456 5 456 1 7 654 
8 1 0 321 3 1 456 0 456 7 456 1 2 581 2 3 421 7 421 1 4 32 2 5 147 3 147 3 6 789 7 789 5 789 1 7 123 
8 3 0 456 5 456 1 456 2 1 789 4 789 3 2 472 3 472 7 472 3 3 365 2 365 6 365 1 4 536 1 5 852 2 6 654 0 654 2 7 123 4 123 
8 2 0 789 1 789 2 1 654 2 654 2 2 586 5 586 2 3 824 4 824 1 4 325 1 5 12 2 6 321 5 321 2 7 456 4 456 
8 3 0 654 3 654 5 654 2 1 321 7 321 3 2 320 7 320 0 320 2 3 758 5 758 2 4 863 6 863 1 5 452 1 6 456 1 7 789 
8 2 0 789 4 789 1 1 147 2 2 120 7 120 3 3 639 0 639 7 639 1 4 21 2 5 863 2 863 3 6 789 5 789 1 789 2 7 654 0 654 

Dynamic Events
Machine Breakdowns (x y z): Machine {x} breakdown from time {y} to {z}
1 1984 3712
4 3412 5140
6 3466 5194
7 4212 5940

Added Jobs (first number is the time at which the job is added, then pairs of machines and process time)
1024: 8 3 2 724 4 803 5 216 3 7 752 6 342 3 220 1 3 637 3 7 569 3 182 6 125 3 5 486 1 213 2 305 1 4 837 2 5 27 3 787 1 4 289 
3253: 8 1 7 455 2 2 746 0 302 1 0 148 3 6 814 0 222 4 341 2 6 383 2 759 1 4 372 2 7 177 3 965 1 2 677 

Cancelled Jobs
