10 5
5 1 0 12 1 2 94 2 3 92 2 92 2 4 91 0 91 1 1 7 
5 2 1 19 2 19 2 3 11 2 11 3 4 66 1 66 3 66 2 2 21 0 21 3 0 87 1 87 2 87 
5 2 1 14 2 14 2 0 75 1 75 2 3 13 0 13 3 4 16 3 16 0 16 1 2 20 
5 2 2 95 3 95 1 4 66 1 0 7 3 3 7 0 7 4 7 3 1 77 4 77 3 77 
5 3 1 45 2 45 3 45 1 3 6 1 4 89 2 0 15 1 15 1 2 34 
5 3 3 77 2 77 1 77 1 2 20 2 0 76 4 76 3 4 88 1 88 3 88 3 1 53 4 53 0 53 
5 3 2 74 1 74 4 74 2 1 88 4 88 3 0 52 1 52 3 52 3 3 27 4 27 2 27 1 4 9 
5 1 1 88 2 3 69 0 69 2 0 62 2 62 3 4 98 1 98 0 98 2 2 52 3 52 
5 2 2 61 0 61 1 4 9 1 0 62 2 1 52 3 52 2 3 90 2 90 
5 2 2 54 0 54 2 4 5 1 5 3 3 59 0 59 4 59 2 1 15 2 15 3 0 88 2 88 4 88 

Dynamic Events
Machine Breakdowns (x y z): Machine {x} breakdown from time {y} to {z}
0 593 740
1 173 320
4 487 634

Added Jobs (first number is the time at which the job is added, then pairs of machines and process time)
196: 5 3 0 95 3 60 2 72 2 4 82 3 34 3 4 37 0 8 2 79 3 4 64 2 68 0 87 1 4 25 
87: 5 2 0 88 3 84 1 0 39 3 4 22 2 85 0 48 1 1 7 1 1 66 
147: 5 2 4 73 1 30 3 0 12 1 45 4 82 2 1 35 2 19 2 1 42 0 17 1 1 34 
127: 5 2 0 31 2 54 2 1 95 4 17 1 0 23 1 2 79 2 2 60 4 76 

Cancelled Jobs
265 4
37 5
