20 15
15 1 0 19 1 9 33 1 2 32 1 13 18 2 10 39 12 39 1 8 34 1 6 25 1 4 36 1 11 40 1 12 33 1 1 31 1 14 30 2 3 34 5 34 1 5 26 1 7 13 
15 1 9 11 2 10 22 5 22 1 14 19 1 5 12 1 4 25 1 6 38 2 0 29 9 29 1 7 39 1 13 19 1 11 22 1 1 23 1 3 20 1 2 40 2 12 19 3 19 1 8 26 
15 1 3 25 2 8 17 2 17 1 11 24 1 13 40 1 10 32 1 14 16 1 5 39 1 9 19 1 0 24 1 1 39 1 4 17 1 2 35 2 7 38 10 38 1 6 20 1 12 31 
15 2 14 22 2 22 1 3 36 1 2 34 2 12 17 0 17 2 4 30 7 30 2 13 12 12 12 1 1 13 1 6 25 1 9 12 1 7 18 1 10 31 1 0 39 1 5 40 1 8 26 1 11 37 
15 1 12 32 1 14 15 1 1 35 1 7 13 1 8 32 1 11 23 1 6 22 1 4 21 1 0 38 1 2 38 1 3 40 2 10 31 2 31 1 5 11 1 13 37 1 9 16 
15 1 10 23 1 12 38 1 8 11 1 14 27 1 9 11 1 6 25 2 5 14 9 14 1 4 12 1 2 27 1 11 26 1 7 29 1 3 28 1 13 21 1 0 20 1 1 30 
15 1 6 39 1 8 38 2 0 15 9 15 1 12 27 1 10 22 1 9 27 1 2 32 1 4 40 1 3 12 1 13 20 1 14 21 1 11 22 1 5 17 1 7 38 2 1 27 7 27 
15 1 11 11 1 13 24 1 10 38 1 8 15 1 9 19 2 14 13 8 13 1 5 30 1 0 26 1 2 29 1 6 33 1 12 21 1 1 15 1 3 21 1 4 28 1 7 33 
15 1 8 20 1 6 17 3 5 26 8 26 3 26 1 3 34 2 9 23 6 23 1 0 16 1 2 18 2 4 35 10 35 1 12 24 1 10 16 1 11 26 2 7 12 1 12 1 14 13 1 13 27 1 1 19 
15 1 1 18 1 7 37 2 14 27 0 27 1 9 40 1 5 40 1 6 17 2 8 22 14 22 1 3 17 1 10 30 1 0 38 1 4 21 1 12 32 1 11 24 1 13 24 2 2 30 3 30 
15 1 11 19 1 0 22 1 13 36 1 6 18 1 5 22 1 3 17 1 14 35 1 10 34 1 7 23 1 8 19 2 2 29 11 29 1 1 22 1 12 17 1 4 33 1 9 39 
15 1 6 32 1 3 22 1 12 24 1 5 13 1 4 13 1 1 11 1 0 11 1 13 25 1 8 13 1 2 15 1 10 33 1 11 17 2 14 16 3 16 1 9 38 1 7 24 
15 1 14 16 1 13 16 2 1 37 10 37 1 8 25 1 2 26 1 3 11 1 9 34 1 4 14 1 0 20 1 6 36 1 12 12 1 5 29 1 10 25 1 7 32 1 11 12 
15 1 8 20 1 10 24 1 11 27 1 9 38 1 5 34 1 12 39 1 7 33 1 4 37 1 2 31 1 13 15 1 14 34 1 3 33 1 6 26 1 1 36 1 0 14 
15 1 8 31 1 0 17 2 9 13 12 13 1 1 21 1 10 17 2 7 19 2 19 2 13 14 12 14 1 3 40 2 5 32 8 32 2 11 25 6 25 1 2 34 1 14 23 1 6 13 1 12 40 1 4 26 
15 1 8 38 1 12 17 1 3 14 2 13 17 11 17 1 4 12 1 1 35 1 6 35 1 0 19 1 10 36 1 7 19 1 9 29 1 2 31 1 5 26 2 11 35 0 35 1 14 37 
15 1 14 20 1 3 16 1 0 33 1 10 14 1 5 27 1 7 31 1 8 16 1 6 31 1 12 28 1 9 37 1 4 37 2 2 29 6 29 2 11 38 9 38 1 1 30 1 13 36 
15 1 11 18 1 3 37 1 14 16 1 6 15 1 8 14 2 12 11 6 11 1 13 32 1 5 12 1 1 11 1 10 29 1 7 19 1 4 12 1 9 18 1 2 26 1 0 39 
15 1 11 11 1 2 11 1 12 22 1 9 35 1 14 20 1 7 31 2 4 19 6 19 1 3 39 1 5 28 1 6 33 2 10 34 13 34 1 1 38 1 0 20 1 13 17 1 8 28 
15 1 2 12 1 12 25 1 5 23 1 8 21 1 6 27 1 9 30 1 14 23 1 11 39 1 3 26 1 13 34 2 7 17 10 17 1 1 24 1 4 12 1 0 19 1 10 36 

Dynamic Events
Machine Breakdowns (x y z): Machine {x} breakdown from time {y} to {z}
0 363 542
0 1112 1249
1 510 672
2 353 470
3 265 390
3 548 669
4 744 916
5 709 810
5 1112 1308
8 84 214
9 931 1153
10 277 430
10 1034 1255
11 536 703
12 80 182
13 398 510
14 102 191
14 895 1081

Added Jobs (first number is the time at which the job is added, then pairs of machines and process time)
287: 15 3 13 38 9 29 8 31 3 4 16 11 18 0 11 2 8 19 10 33 3 0 38 3 39 9 20 3 5 15 3 13 9 32 1 2 14 3 1 23 10 32 11 13 3 12 12 0 39 4 32 3 9 37 6 23 11 18 3 13 16 7 19 9 11 3 3 32 5 13 8 11 1 8 31 1 11 40 2 14 29 4 33 1 5 35 
481: 15 2 6 25 3 14 2 10 24 1 27 3 2 16 14 20 8 31 2 14 33 9 20 3 14 32 4 36 0 29 3 9 11 6 36 7 32 2 3 40 9 32 1 12 37 3 12 40 6 20 10 16 2 8 19 13 15 2 4 18 1 38 1 10 21 1 13 23 3 1 11 3 21 11 32 1 12 16 
107: 15 1 0 34 2 11 18 12 11 2 10 34 11 17 1 3 11 1 14 13 2 4 24 9 11 2 3 26 9 22 3 14 15 10 21 8 11 2 12 30 8 19 2 11 28 13 18 1 11 24 3 1 39 7 35 10 32 3 9 11 12 14 13 21 1 0 30 3 14 26 2 13 8 13 
325: 15 2 9 33 7 19 2 12 23 7 18 3 14 27 11 11 5 20 1 14 21 3 6 27 7 32 5 34 1 2 13 3 0 34 12 26 6 26 2 5 12 14 33 3 2 12 3 37 9 29 2 11 38 12 33 3 0 12 13 31 3 15 1 11 19 3 2 33 12 27 8 15 3 1 19 3 23 14 27 3 0 28 14 17 1 33 
346: 15 2 3 39 10 34 1 10 39 1 12 34 2 6 12 14 28 1 9 34 3 12 33 7 23 6 32 1 5 23 1 7 18 2 1 27 9 24 2 10 26 11 32 2 11 17 8 19 1 11 24 3 0 32 3 23 8 29 3 1 33 2 26 6 26 2 6 17 12 21 
402: 15 1 0 29 1 4 23 3 5 14 7 33 11 18 3 14 21 2 21 10 28 2 2 26 10 31 3 3 16 14 32 8 38 2 11 28 2 17 1 5 28 3 4 15 9 17 6 27 3 7 16 4 31 6 26 2 10 21 9 16 2 7 25 8 11 3 4 39 2 37 7 21 1 4 29 2 2 39 13 40 

Cancelled Jobs
464 16
506 17
