10 6
6 1 0 333 1 1 991 1 2 996 1 3 123 2 4 145 3 145 1 5 234 
6 1 0 333 1 1 111 1 2 663 1 3 456 1 4 785 1 5 532 
6 2 0 252 5 252 1 1 222 1 2 222 1 3 789 2 4 214 5 214 1 5 586 
6 1 0 222 1 1 204 1 2 114 2 3 876 0 876 1 4 752 1 5 532 
6 1 0 255 1 1 477 1 2 123 2 3 543 1 543 1 4 143 1 5 142 
6 2 0 555 3 555 1 1 566 1 2 456 1 3 210 1 4 698 1 5 573 
6 1 0 558 1 1 899 1 2 789 1 3 124 1 4 532 2 5 12 4 12 
6 1 0 888 1 1 965 2 2 876 4 876 1 3 537 1 4 145 1 5 14 
6 2 0 889 2 889 1 1 588 2 2 543 3 543 1 3 854 1 4 247 1 5 527 
6 1 0 999 1 1 889 1 2 210 1 3 632 1 4 451 1 5 856 

Dynamic Events
Machine Breakdowns (x y z): Machine {x} breakdown from time {y} to {z}
0 11657 14121
1 1304 3886
2 10232 12584
5 4932 6721

Added Jobs (first number is the time at which the job is added, then pairs of machines and process time)
4590: 6 2 5 633 3 453 1 4 110 1 2 716 1 5 18 2 3 141 2 960 2 2 703 0 370 
2454: 6 1 0 551 1 3 831 1 2 392 2 1 553 3 562 2 4 59 5 830 1 3 695 
1721: 6 1 3 361 1 2 984 1 5 456 1 2 322 2 1 649 2 252 2 0 491 2 402 

Cancelled Jobs
