8 8
8 1 0 456 1 1 654 1 2 852 1 3 145 2 4 632 3 632 1 5 425 1 6 214 1 7 654 
8 1 0 789 1 1 123 1 2 369 1 3 678 2 4 581 3 581 1 5 396 1 6 123 1 7 789 
8 2 0 654 1 654 1 1 123 1 2 632 1 3 965 1 4 475 2 5 325 7 325 1 6 456 1 7 654 
8 1 0 321 1 1 456 1 2 581 1 3 421 2 4 32 3 32 1 5 147 1 6 789 2 7 123 0 123 
8 1 0 456 1 1 789 1 2 472 1 3 365 1 4 536 1 5 852 1 6 654 1 7 123 
8 1 0 789 1 1 654 2 2 586 4 586 1 3 824 1 4 325 2 5 12 2 12 1 6 321 1 7 456 
8 2 0 654 7 654 2 1 321 5 321 2 2 320 1 320 1 3 758 1 4 863 1 5 452 1 6 456 1 7 789 
8 1 0 789 1 1 147 1 2 120 1 3 639 1 4 21 1 5 863 1 6 789 1 7 654 

Dynamic Events
Machine Breakdowns (x y z): Machine {x} breakdown from time {y} to {z}
0 3654 5666
2 4148 5725
4 6977 8597
5 5455 6972

Added Jobs (first number is the time at which the job is added, then pairs of machines and process time)
4507: 8 2 7 124 5 449 1 7 607 1 4 863 1 5 239 2 0 166 1 770 1 7 696 2 1 381 7 690 1 4 534 

Cancelled Jobs
4550 5
