10 5
5 1 0 12 1 2 94 1 3 92 1 4 91 2 1 7 2 7 
5 1 1 19 1 3 11 1 4 66 1 2 21 1 0 87 
5 1 1 14 1 0 75 2 3 13 0 13 1 4 16 1 2 20 
5 1 2 95 2 4 66 0 66 1 0 7 1 3 7 1 1 77 
5 1 1 45 2 3 6 4 6 1 4 89 1 0 15 1 2 34 
5 1 3 77 1 2 20 1 0 76 2 4 88 3 88 1 1 53 
5 1 2 74 2 1 88 2 88 1 0 52 1 3 27 1 4 9 
5 1 1 88 1 3 69 1 0 62 1 4 98 1 2 52 
5 1 2 61 1 4 9 2 0 62 3 62 1 1 52 2 3 90 4 90 
5 1 2 54 1 4 5 1 3 59 2 1 15 3 15 1 0 88 

Dynamic Events
Machine Breakdowns (x y z): Machine {x} breakdown from time {y} to {z}
0 277 523
1 895 1078
3 1047 1267

Added Jobs (first number is the time at which the job is added, then pairs of machines and process time)
215: 5 1 3 32 1 0 9 2 4 9 0 47 1 3 62 1 4 12 
98: 5 2 0 86 1 72 2 3 72 4 37 1 4 97 1 4 47 2 0 65 1 37 
303: 5 2 2 29 1 71 2 1 76 2 26 2 3 67 0 63 2 1 87 4 19 1 3 64 

Cancelled Jobs
99 2
