10 5
5 1 0 12 1 2 94 1 3 92 1 4 91 2 1 7 2 7 
5 1 1 19 1 3 11 1 4 66 1 2 21 1 0 87 
5 1 1 14 1 0 75 2 3 13 0 13 1 4 16 1 2 20 
5 1 2 95 2 4 66 0 66 1 0 7 1 3 7 1 1 77 
5 1 1 45 2 3 6 4 6 1 4 89 1 0 15 1 2 34 
5 1 3 77 1 2 20 1 0 76 2 4 88 3 88 1 1 53 
5 1 2 74 2 1 88 2 88 1 0 52 1 3 27 1 4 9 
5 1 1 88 1 3 69 1 0 62 1 4 98 1 2 52 
5 1 2 61 1 4 9 2 0 62 3 62 1 1 52 2 3 90 4 90 
5 1 2 54 1 4 5 1 3 59 2 1 15 3 15 1 0 88 

Dynamic Events
Machine Breakdowns (x y z): Machine {x} breakdown from time {y} to {z}
1 573 756
2 746 994
3 1085 1302
4 25 278

Added Jobs (first number is the time at which the job is added, then pairs of machines and process time)
106: 5 1 2 45 1 2 81 1 2 50 1 0 71 2 2 66 0 45 
158: 5 2 3 32 4 52 2 3 24 0 28 1 2 87 1 2 51 1 3 66 
349: 5 1 2 60 2 3 28 4 53 1 4 13 2 3 51 4 64 2 4 78 2 51 
303: 5 1 1 84 1 1 40 1 2 39 1 4 27 1 0 88 

Cancelled Jobs
211 9
