20 5
5 1 3 60 1 0 87 1 1 72 1 4 95 2 2 66 4 66 
5 1 1 54 1 0 48 1 2 39 1 3 35 1 4 5 
5 1 3 20 1 1 46 2 0 97 3 97 1 2 21 1 4 55 
5 2 2 37 4 37 1 0 59 1 3 19 1 1 34 1 4 46 
5 1 2 73 2 3 25 2 25 1 1 24 1 0 28 1 4 23 
5 1 1 78 1 3 28 2 2 83 4 83 1 0 45 1 4 5 
5 2 3 71 1 71 1 1 37 1 2 12 1 4 29 1 0 53 
5 1 4 12 1 3 33 1 1 55 1 2 87 1 0 38 
5 1 0 48 2 1 40 2 40 1 2 49 1 3 83 2 4 7 2 7 
5 1 0 90 1 4 27 2 2 65 0 65 2 3 17 2 17 2 1 23 2 23 
5 1 0 62 1 3 85 1 1 66 1 2 84 1 4 19 
5 1 3 59 1 2 46 1 4 13 1 1 64 1 0 25 
5 1 2 53 1 1 73 1 3 80 1 4 88 1 0 41 
5 1 2 57 1 4 47 1 0 14 1 1 67 1 3 74 
5 2 2 41 4 41 1 4 64 1 3 84 1 1 78 1 0 84 
5 1 4 52 1 3 28 1 2 26 1 0 63 2 1 46 4 46 
5 1 1 11 1 0 64 1 3 10 1 4 73 1 2 17 
5 1 4 38 1 3 95 1 0 85 1 1 97 1 2 67 
5 2 3 93 4 93 1 1 65 1 2 95 1 0 59 1 4 46 
5 1 0 60 1 1 85 1 2 43 1 4 85 1 3 32 

Dynamic Events
Machine Breakdowns (x y z): Machine {x} breakdown from time {y} to {z}
0 143 562
0 686 1064
1 1759 2019
3 686 1137
4 641 972
4 1909 2228

Added Jobs (first number is the time at which the job is added, then pairs of machines and process time)
500: 5 2 1 38 2 16 1 4 28 1 1 70 1 1 92 1 1 71 
207: 5 2 0 31 4 79 1 3 48 2 1 56 2 24 2 3 81 4 7 2 4 31 1 19 
837: 5 2 1 45 0 28 1 4 7 1 4 15 1 0 35 1 1 53 

Cancelled Jobs
1537 1
1061 2
353 6
611 8
