20 10
10 1 8 14 1 2 38 1 7 44 1 0 76 2 5 97 7 97 1 3 12 1 4 75 1 6 66 1 9 12 1 1 29 
10 1 0 43 1 2 85 2 3 82 5 82 1 5 38 1 4 58 1 9 89 2 8 92 5 92 1 6 87 1 7 69 1 1 80 
10 1 3 41 2 7 7 9 7 1 9 5 1 0 43 1 2 14 1 4 8 1 5 61 1 1 84 2 8 66 3 66 1 6 48 
10 1 2 42 2 3 74 2 74 1 4 59 1 6 41 1 1 8 1 9 73 1 8 43 1 0 96 1 5 19 1 7 97 
10 1 7 23 1 8 42 2 4 37 0 37 1 6 55 1 0 7 2 5 5 2 5 1 2 70 1 9 38 2 3 75 5 75 2 1 48 7 48 
10 2 8 9 7 9 1 6 43 1 7 31 1 4 25 1 5 73 1 3 95 1 0 79 1 2 72 1 9 60 1 1 56 
10 1 1 7 1 5 21 1 8 53 1 6 16 1 4 94 1 0 97 1 3 78 1 2 64 1 7 86 1 9 31 
10 1 2 65 2 6 59 2 59 1 7 85 1 1 33 1 4 30 1 8 44 1 0 61 1 3 86 1 9 63 1 5 32 
10 1 6 45 2 2 44 4 44 1 5 61 1 8 93 1 1 30 1 7 90 1 9 84 1 4 11 1 3 16 1 0 60 
10 1 4 47 1 7 36 2 8 31 4 31 1 1 49 1 3 20 1 2 28 1 6 52 1 9 35 1 5 11 1 0 32 
10 1 2 77 1 4 10 1 9 68 1 5 17 2 0 85 7 85 1 1 84 1 8 20 1 6 49 1 7 74 1 3 34 
10 2 0 17 8 17 1 5 7 1 1 85 1 3 29 1 2 17 1 4 76 1 6 59 1 8 71 1 9 13 1 7 48 
10 1 6 87 1 4 39 3 8 43 3 43 2 43 2 7 11 3 11 1 2 15 2 3 32 0 32 1 5 64 1 0 19 1 1 39 2 9 16 1 16 
10 1 5 33 1 3 99 1 6 32 1 4 91 1 8 82 1 2 92 2 9 99 0 99 1 7 57 1 1 83 1 0 8 
10 2 3 91 9 91 1 5 39 1 2 69 1 8 27 1 7 7 1 6 21 1 1 38 1 9 62 2 4 88 3 88 1 0 48 
10 1 2 67 1 7 80 1 3 24 1 0 88 1 4 18 1 1 44 1 8 45 1 9 64 1 5 80 2 6 38 1 38 
10 1 9 59 1 3 72 1 6 47 1 4 40 1 7 21 1 5 43 1 0 51 1 8 52 1 1 24 1 2 15 
10 1 3 70 1 2 31 1 6 20 1 8 76 1 1 40 1 7 43 2 0 32 3 32 1 5 88 1 9 5 1 4 77 
10 1 4 47 2 5 64 4 64 1 9 85 1 3 49 1 7 58 1 1 26 1 0 32 1 8 80 1 2 14 1 6 94 
10 1 5 59 1 2 96 1 0 5 1 7 79 1 8 34 1 4 75 1 3 26 1 6 9 1 9 23 1 1 11 

# Dynamic Events
# Machine Breakdowns (x y z): Machine {x} breakdown from time {y} to {z}
0 170 227
1 197 244
2 107 166
3 159 203
4 273 314
5 149 190
6 202 250
8 199 236
9 261 311
9 448 502

# Added Jobs (first number is the time at which the job is added, then pairs of machines and process time)
137: 10 3 2 44 7 91 4 64 1 1 60 1 1 16 1 6 71 2 2 59 8 34 3 2 51 0 82 7 30 3 6 25 3 37 0 23 2 8 13 3 91 3 5 82 2 78 1 30 2 7 40 4 33 

# Cancelled Jobs
602 18
