20 10
10 1 6 32 1 3 16 1 1 33 1 8 12 2 7 70 9 70 1 4 10 1 9 75 1 0 82 1 5 88 1 2 20 
10 1 8 39 1 4 81 2 3 91 8 91 1 5 56 1 9 69 2 1 45 9 45 1 6 59 1 0 86 1 2 36 1 7 68 
10 1 3 84 2 2 57 5 57 1 7 41 1 5 73 1 4 81 1 0 88 1 8 38 2 9 17 3 17 1 6 83 1 1 5 
10 2 4 20 2 20 1 5 6 1 2 15 1 8 19 1 1 30 1 0 94 1 6 45 1 7 17 1 3 18 1 9 88 
10 1 9 24 2 6 49 0 49 1 5 16 1 4 11 2 3 60 2 60 1 7 5 1 8 63 2 1 25 5 25 2 2 15 7 15 2 0 45 7 45 
10 1 1 86 1 8 50 1 2 77 1 6 54 1 9 48 1 0 93 1 3 32 1 7 92 1 5 45 1 4 71 
10 1 5 86 1 6 90 1 3 78 1 9 88 1 2 57 1 0 32 1 7 57 1 8 86 1 4 71 1 1 39 
10 2 2 59 9 59 1 3 18 1 9 31 1 4 41 1 7 20 1 5 83 1 8 65 1 0 54 1 6 94 2 1 69 9 69 
10 1 3 47 1 4 79 1 6 76 1 0 59 1 1 72 1 2 8 1 9 30 1 5 73 1 7 57 1 8 84 
10 2 0 59 9 59 1 2 89 1 4 10 1 7 45 1 3 8 1 5 54 1 6 88 1 8 20 1 9 7 1 1 62 
10 1 5 63 1 6 9 2 4 77 7 77 1 3 37 1 2 5 1 8 13 1 9 79 1 1 24 1 7 10 2 0 82 1 82 
10 1 0 74 1 1 32 1 2 61 1 7 53 1 4 92 1 9 20 1 8 10 1 3 5 1 6 45 1 5 23 
10 2 2 85 8 85 1 9 51 1 0 61 2 5 99 6 99 1 4 37 1 6 94 2 1 98 0 98 1 8 65 1 3 33 1 7 75 
10 2 0 51 7 51 1 3 24 1 5 8 1 6 30 1 7 12 1 8 23 2 2 7 9 7 1 4 17 1 9 35 1 1 81 
10 1 1 71 2 5 42 2 42 1 8 68 1 2 31 1 6 29 1 3 63 1 4 65 1 9 70 1 7 27 2 0 93 8 93 
10 1 1 28 1 5 38 1 4 51 1 7 70 1 2 33 1 8 78 1 9 45 1 3 90 1 6 54 1 0 72 
10 2 0 18 8 18 1 2 90 1 4 25 1 6 92 1 8 85 1 5 35 1 7 29 1 1 81 1 9 80 1 3 59 
10 1 5 67 1 2 96 1 1 38 1 4 86 1 0 97 1 3 94 1 7 86 3 6 35 7 35 4 35 1 9 82 1 8 45 
10 1 2 92 2 8 51 5 51 1 4 59 1 6 52 1 5 8 1 9 70 1 1 75 1 3 54 1 7 60 1 0 33 
10 1 3 98 1 7 80 1 5 78 1 0 82 1 2 7 1 9 89 1 1 69 1 4 51 1 8 79 1 6 62 

Dynamic Events
Machine Breakdowns (x y z): Machine {x} breakdown from time {y} to {z}
0 1067 1594
1 2229 2555
2 454 699
3 781 1033
3 1654 2064
4 1992 2280
5 2236 2688
6 2473 2981
7 315 583
8 86 541
9 2809 3161

Added Jobs (first number is the time at which the job is added, then pairs of machines and process time)
1102: 10 1 9 68 1 8 62 1 5 97 3 0 60 8 68 5 26 2 2 46 6 68 1 2 77 3 6 50 2 77 5 62 2 5 39 9 68 3 5 63 9 49 6 62 3 8 91 7 55 4 55 
183: 10 2 1 66 9 47 2 7 28 9 11 1 4 91 2 0 43 4 49 3 8 55 1 31 4 10 3 6 50 5 16 4 75 3 3 59 7 69 4 43 3 9 59 4 49 7 90 3 6 59 1 62 5 68 2 4 90 9 45 
989: 10 2 0 38 1 13 2 3 8 5 65 1 1 22 2 3 8 8 47 2 3 7 9 84 2 0 95 2 11 1 3 50 1 6 10 1 7 6 3 3 30 0 48 5 61 

Cancelled Jobs
1802 0
