30 10
10 1 4 21 1 7 26 1 9 16 1 2 34 2 3 55 7 55 1 8 52 1 5 95 1 6 71 1 1 21 1 0 53 
10 1 8 77 1 5 98 2 1 42 5 42 1 7 66 1 2 31 1 3 39 2 6 77 5 77 1 9 79 1 4 55 1 0 12 
10 1 2 64 2 4 92 9 92 1 3 34 1 1 19 1 8 62 1 6 54 1 7 43 1 0 83 2 9 79 3 79 1 5 37 
10 1 0 93 2 8 24 2 24 1 3 69 1 7 38 1 5 77 1 2 87 1 4 60 1 6 41 1 1 87 1 9 83 
10 1 9 77 1 0 44 2 4 96 0 96 1 8 79 1 6 75 2 2 98 7 98 1 5 25 1 3 17 2 7 43 8 43 1 1 49 
10 2 3 76 7 76 1 2 35 1 5 28 1 0 95 1 7 95 1 4 61 1 8 35 1 1 7 1 6 9 1 9 10 
10 1 1 91 1 7 27 1 8 50 1 3 16 1 4 28 1 5 59 1 6 52 1 0 46 1 2 59 1 9 43 
10 1 1 45 2 7 71 2 71 1 2 39 1 0 87 1 8 14 1 6 54 1 3 41 1 9 43 1 5 9 1 4 20 
10 1 2 37 2 3 26 4 26 1 4 33 1 9 42 1 0 78 1 6 89 1 7 8 1 8 66 1 1 28 1 5 33 
10 1 1 74 1 0 69 2 5 84 4 84 1 3 27 1 9 81 1 7 45 1 8 69 1 2 94 1 6 78 1 4 96 
10 1 5 76 1 7 32 1 6 18 1 0 20 2 3 87 7 87 1 2 17 1 9 25 1 4 24 1 1 31 1 8 81 
10 2 9 97 8 97 1 8 90 1 5 28 1 7 86 1 0 58 1 1 72 1 2 23 1 6 76 1 3 99 1 4 45 
10 1 9 48 1 5 27 3 6 67 3 67 8 67 2 7 62 6 62 1 4 98 1 0 42 2 1 46 0 46 1 8 27 1 3 48 1 2 17 
10 2 9 80 7 80 1 3 19 1 5 28 1 1 12 1 4 94 1 6 63 2 7 98 9 98 1 8 50 1 0 80 1 2 50 
10 1 2 50 2 1 41 2 41 1 4 61 1 8 79 1 5 14 1 9 72 1 7 18 1 3 55 1 6 37 2 0 75 8 75 
10 1 9 22 1 5 57 1 4 75 1 2 14 1 7 65 1 3 96 1 1 71 1 0 47 1 8 79 1 6 60 
10 2 3 32 8 32 1 2 69 1 4 44 1 1 31 1 9 51 1 0 33 1 6 34 1 5 58 1 7 47 1 8 58 
10 1 8 66 1 7 40 1 2 17 1 0 62 1 9 38 1 5 8 1 6 15 3 3 29 7 29 4 29 1 1 44 1 4 97 
10 1 3 50 2 2 58 5 58 1 6 21 1 4 63 1 7 57 1 8 32 1 5 20 1 9 87 1 0 57 1 1 39 
10 1 4 20 1 6 67 1 1 85 1 2 90 1 7 70 1 0 84 1 8 30 1 5 56 1 3 61 1 9 15 
10 1 6 29 1 0 82 1 4 18 1 3 38 1 7 21 1 8 50 1 1 23 1 5 84 1 2 45 1 9 41 
10 1 3 54 2 9 37 7 37 1 6 62 1 5 16 2 0 52 7 52 2 8 57 7 57 1 4 54 2 2 38 8 38 2 7 74 6 74 1 1 52 
10 1 4 79 1 1 61 1 8 11 1 0 81 1 7 89 1 6 89 1 5 57 2 3 68 1 68 1 9 81 1 2 30 
10 1 9 24 1 1 66 1 4 32 1 3 33 1 8 8 1 2 20 1 6 84 2 0 91 1 91 1 7 55 1 5 20 
10 1 3 54 1 2 64 1 6 83 1 9 40 1 7 8 1 0 7 1 4 19 1 5 56 1 1 39 1 8 7 
10 1 1 6 2 4 74 9 74 2 0 63 6 63 1 2 64 1 9 15 1 6 42 1 7 98 1 8 61 1 5 40 1 3 91 
10 2 1 80 3 80 1 3 75 1 0 26 1 2 87 1 9 22 1 7 39 1 8 24 1 4 75 1 6 44 1 5 6 
10 1 5 8 1 3 79 1 6 61 1 1 15 1 0 12 1 7 43 2 8 26 1 26 1 9 22 1 2 20 2 4 80 7 80 
10 1 1 36 1 0 63 1 7 10 1 4 22 1 3 96 1 5 40 1 9 5 1 8 18 1 6 33 1 2 62 
10 1 4 8 1 8 15 1 2 64 1 3 95 1 1 96 2 6 38 1 38 1 7 18 1 9 23 1 5 64 2 0 89 2 89 

Dynamic Events
Machine Breakdowns (x y z): Machine {x} breakdown from time {y} to {z}
0 3841 4405
1 2063 2461
2 1755 2126
3 1538 1880
3 2530 3030
4 402 779
4 3531 3874
5 840 1070
5 1711 1895
6 534 915
6 1415 1817
7 2151 2557
7 3268 3660
8 1532 1736
8 1940 2376
9 2728 2937

Added Jobs (first number is the time at which the job is added, then pairs of machines and process time)
1271: 10 3 5 96 6 40 2 62 3 5 11 3 86 7 66 1 5 36 3 1 43 9 69 3 58 1 2 30 1 8 84 2 6 59 3 34 1 9 64 1 1 27 2 4 91 2 17 
1238: 10 3 4 27 9 61 6 74 3 9 74 7 22 5 46 2 0 54 4 28 2 6 66 4 32 1 7 72 2 0 49 5 96 1 8 70 2 3 71 9 46 3 8 7 0 14 9 95 1 5 91 
909: 10 1 0 47 3 6 20 4 98 7 9 3 1 38 3 76 0 47 2 3 40 5 48 2 8 7 7 90 3 5 42 1 7 4 75 1 6 64 2 9 97 3 32 3 7 49 9 11 2 46 2 1 14 8 39 
409: 10 3 5 18 1 20 6 27 3 3 83 8 91 7 71 1 6 37 1 0 58 2 7 56 1 42 3 9 80 1 92 0 65 3 5 95 8 27 1 55 3 2 75 5 9 4 57 2 1 63 0 24 3 2 98 6 11 7 82 
1064: 10 1 9 60 1 4 38 2 6 19 3 94 3 9 59 5 42 0 65 2 7 78 8 30 1 5 33 2 3 90 2 19 2 5 53 3 38 2 5 86 3 24 3 0 19 3 54 7 60 
876: 10 1 8 43 2 8 87 4 79 2 5 68 6 13 2 1 56 4 24 1 5 9 2 2 89 0 38 2 6 84 8 44 2 2 77 5 94 2 9 38 5 16 1 2 71 
1357: 10 2 8 96 3 46 2 8 30 9 13 2 3 25 8 42 1 1 28 3 6 57 4 38 0 12 2 5 43 1 18 2 8 46 4 27 2 1 89 9 17 3 1 77 2 18 5 11 2 3 99 4 38 

Cancelled Jobs
1147 6
2775 21
1440 25
1325 29
