15 15
15 1 5 19 1 6 64 1 11 73 1 9 13 2 2 84 12 84 1 14 88 1 3 85 1 10 41 1 12 53 1 13 80 1 1 66 1 7 46 2 8 59 5 59 1 4 25 1 0 62 
15 1 1 67 2 3 74 5 74 1 7 41 1 2 57 1 14 52 1 0 14 2 9 64 12 64 1 8 84 1 6 78 1 5 47 1 13 28 1 4 84 2 10 63 4 63 1 12 26 1 11 46 
15 2 6 97 2 97 1 8 95 1 0 64 1 9 38 1 10 59 1 12 95 1 2 17 1 11 65 1 13 93 1 3 10 1 5 73 2 1 11 10 11 1 4 85 1 14 46 2 7 67 2 67 
15 1 10 23 1 12 49 2 3 32 0 32 2 4 66 7 66 2 2 43 12 43 1 0 60 1 8 41 1 7 61 1 13 70 1 9 49 1 11 17 1 6 90 1 1 85 1 14 99 1 5 85 
15 1 9 98 1 8 57 1 3 73 1 6 9 1 0 73 1 7 7 1 1 98 1 4 13 1 13 41 1 5 40 2 11 85 2 85 1 10 37 1 2 68 1 14 79 1 12 17 
15 1 11 66 1 7 53 1 5 86 1 6 40 1 0 14 2 3 19 9 19 1 13 96 1 4 95 1 2 54 1 10 84 1 12 97 1 8 16 1 14 52 1 1 76 1 9 87 
15 1 4 77 2 2 55 9 55 1 9 42 1 5 74 1 14 91 1 13 33 1 10 16 1 12 54 1 0 18 1 3 87 1 7 60 1 8 13 1 6 33 2 1 33 7 33 1 11 61 
15 1 6 41 1 5 39 1 11 82 1 9 64 2 14 47 8 47 1 10 28 1 7 78 1 13 49 1 1 79 1 4 58 1 2 92 1 3 79 1 12 6 1 0 69 1 8 76 
15 1 11 21 3 5 42 8 42 3 42 1 9 91 2 2 28 6 28 1 0 52 1 6 88 2 12 76 10 76 1 13 86 1 10 23 1 1 35 2 7 52 1 52 1 4 91 1 3 47 1 14 82 1 8 24 
15 1 11 42 2 1 93 0 93 1 3 95 1 13 45 1 9 28 2 14 77 12 77 1 0 84 1 10 8 1 7 45 1 4 70 1 5 37 1 6 86 1 12 64 2 8 67 10 67 1 2 38 
15 1 4 97 1 12 81 1 1 58 1 7 84 1 5 58 1 0 9 1 11 87 1 3 5 2 2 44 13 44 1 13 85 1 6 89 1 10 77 1 9 96 1 14 39 1 8 77 
15 1 12 80 1 1 21 1 10 10 1 5 73 1 8 70 1 6 49 1 2 31 1 13 34 1 4 40 1 11 22 3 0 15 2 15 4 15 1 14 82 1 3 57 1 9 71 2 7 48 10 48 
15 1 2 17 1 7 62 1 5 75 1 9 35 1 1 91 1 14 50 1 3 7 1 10 64 1 13 75 1 12 94 1 0 55 1 6 72 1 8 47 1 4 11 1 11 90 
15 1 11 93 1 6 57 1 1 71 1 12 70 1 9 93 1 5 20 1 3 15 1 13 77 1 10 58 1 0 12 1 2 67 1 8 68 1 14 7 1 7 29 2 4 52 12 52 
15 1 13 76 1 3 27 2 4 26 2 26 2 9 36 12 36 1 11 8 2 10 36 8 36 2 0 95 6 95 1 8 48 1 2 82 1 6 87 1 5 6 1 1 63 1 7 56 1 12 36 1 14 15 

Dynamic Events
Machine Breakdowns (x y z): Machine {x} breakdown from time {y} to {z}
0 1260 1588
2 2030 2456
3 724 942
4 1346 1733
5 1430 1792
6 1373 1814
7 1440 1725
9 484 875
10 1027 1289
11 819 1162
12 1407 1840
13 1206 1610
14 1213 1568

Added Jobs (first number is the time at which the job is added, then pairs of machines and process time)
827: 15 3 14 25 13 84 6 24 1 13 30 2 0 58 14 12 3 7 35 9 90 11 30 3 11 71 7 67 10 19 1 8 19 1 6 49 2 14 44 7 64 3 7 15 12 26 13 60 2 4 75 6 71 3 11 90 9 34 12 9 1 7 74 1 1 65 2 4 14 7 59 2 8 25 14 85 
654: 15 3 8 78 5 83 14 24 2 6 63 5 17 2 9 92 0 60 2 14 85 5 79 1 14 86 2 9 47 5 33 3 10 55 9 46 4 13 1 12 11 3 4 12 13 93 3 17 1 2 37 1 3 59 1 6 31 1 1 77 3 3 11 0 18 9 32 3 6 91 11 18 14 36 
303: 15 2 12 28 3 72 3 1 86 6 43 10 74 2 9 18 1 55 3 10 12 14 89 0 63 1 8 92 3 5 62 1 76 2 31 3 8 72 0 93 10 61 3 12 17 13 59 3 67 3 13 55 8 80 0 49 2 13 63 1 58 2 0 31 4 66 1 14 83 1 0 35 3 11 37 13 64 4 68 3 12 79 3 10 6 20 
829: 15 3 1 66 3 46 14 21 2 11 69 8 76 1 0 26 2 6 55 1 73 2 4 29 6 39 3 14 45 10 63 7 70 3 12 31 10 39 13 91 1 11 44 1 4 55 2 2 33 3 24 3 11 39 14 75 0 23 2 4 14 14 89 2 0 85 12 90 2 5 10 4 51 1 14 83 

Cancelled Jobs
1396 4
