15 15
15 1 9 65 1 10 28 1 4 74 1 12 33 2 2 51 12 51 1 14 75 1 5 73 1 8 32 1 6 13 1 3 81 1 1 35 1 7 59 2 13 38 5 38 1 11 55 1 0 27 
15 1 0 64 2 1 53 5 53 1 11 83 1 2 33 1 4 6 1 9 52 2 14 72 9 72 1 8 7 1 13 90 1 12 21 1 6 23 1 3 10 1 10 39 2 5 49 3 49 1 7 72 
15 1 14 73 2 3 82 2 82 1 1 23 1 12 62 1 6 88 1 5 21 1 8 65 1 11 70 1 7 53 1 10 81 1 2 93 1 13 77 2 0 61 10 61 1 9 28 1 4 78 
15 2 1 12 2 12 1 6 51 1 7 33 2 4 15 0 15 2 14 72 7 72 2 10 98 12 98 1 9 94 1 5 12 1 11 42 1 2 24 1 13 15 1 8 28 1 3 6 1 12 99 1 0 41 
15 1 12 97 1 5 7 1 9 96 1 4 15 1 14 73 1 13 43 1 0 32 1 8 22 1 11 42 1 1 94 1 2 23 2 7 86 2 86 1 6 78 1 10 24 1 3 31 
15 1 1 72 1 5 88 1 2 93 1 13 13 1 4 44 1 14 66 2 6 63 9 63 1 7 14 1 9 67 1 10 17 1 11 85 1 0 35 1 3 68 1 12 5 1 8 49 
15 1 9 15 1 7 82 2 6 21 9 21 1 14 53 1 3 72 1 13 49 1 2 99 1 4 26 1 12 56 1 8 45 1 1 68 1 10 51 1 0 8 1 5 27 2 11 96 7 96 
15 1 3 54 1 7 24 1 4 14 1 8 38 1 5 36 2 2 52 8 52 1 14 55 1 12 37 1 11 48 1 0 93 1 13 60 1 10 70 1 1 23 1 6 23 1 9 83 
15 1 3 12 1 8 69 3 6 26 8 26 3 26 1 9 23 2 14 28 6 28 1 1 82 1 5 33 2 4 45 10 45 1 13 64 1 7 15 1 11 9 2 12 73 7 73 1 10 59 1 2 37 1 0 62 
15 1 0 87 1 5 12 2 7 80 9 80 1 4 50 1 10 48 1 12 90 1 1 72 2 13 24 12 24 1 6 14 1 8 71 1 11 44 1 9 46 1 2 15 1 14 61 1 3 92 
15 2 2 54 8 54 1 0 22 1 6 61 1 4 46 1 3 73 1 5 16 1 12 6 1 9 94 1 14 93 1 13 67 1 8 54 2 7 75 13 75 1 11 32 1 10 40 1 1 97 
15 1 10 92 1 14 36 1 4 22 1 9 9 1 3 47 1 1 77 1 12 79 1 13 36 1 6 30 1 8 98 1 11 79 1 7 7 1 5 55 3 2 6 4 6 14 6 1 0 30 
15 1 0 49 2 13 83 12 83 1 3 73 1 6 82 1 1 82 1 14 92 1 11 73 1 4 31 1 10 35 1 9 54 1 5 7 1 8 37 1 7 72 1 2 52 1 12 76 
15 1 10 98 1 12 34 1 13 52 1 4 26 1 1 28 1 3 39 1 8 80 1 5 29 1 9 70 1 0 43 1 6 48 1 7 58 1 2 45 1 14 94 1 11 96 
15 1 1 70 1 10 17 2 6 90 2 90 1 12 67 1 4 14 2 8 23 14 23 2 3 21 2 21 2 7 18 1 18 1 13 43 2 11 84 4 84 1 5 26 1 9 36 1 2 93 1 14 84 1 0 42 

Dynamic Events
Machine Breakdowns (x y z): Machine {x} breakdown from time {y} to {z}
0 1264 1548
1 1694 2056
2 1598 2022
3 147 481
4 711 944
7 1803 2197
8 786 1126
9 696 1123
10 643 1004
13 45 376

Added Jobs (first number is the time at which the job is added, then pairs of machines and process time)
853: 15 3 9 69 13 66 14 8 2 4 55 12 89 1 0 32 3 12 61 4 53 10 83 3 1 58 6 26 8 40 1 8 87 2 5 45 8 93 3 1 33 5 74 6 77 3 12 24 10 89 11 46 2 0 60 13 72 1 11 37 3 7 33 4 19 11 19 3 9 78 10 29 13 85 1 12 15 2 3 17 1 57 
506: 15 1 7 12 2 13 19 14 88 2 13 49 4 33 3 1 69 5 73 11 56 2 13 24 11 89 1 13 80 2 0 76 3 7 2 9 56 13 13 2 4 70 9 84 2 8 49 9 48 3 1 76 10 44 13 73 1 12 40 3 13 25 6 18 5 23 1 0 24 1 11 73 
416: 15 2 5 62 9 32 3 4 83 3 26 6 18 2 14 55 6 41 3 12 21 11 37 2 50 3 0 90 11 69 6 41 2 3 86 7 41 3 12 85 11 21 10 69 2 1 83 11 35 2 13 90 14 69 1 3 38 1 2 68 2 13 68 8 53 2 5 42 9 87 3 5 63 4 72 1 73 2 0 56 12 31 
184: 15 2 5 10 14 60 3 14 45 6 76 4 70 2 1 38 4 38 3 0 52 12 67 5 55 3 7 77 11 39 6 39 1 10 67 1 13 68 1 0 72 1 1 48 1 4 16 3 6 64 5 75 2 16 1 12 43 3 0 21 11 50 14 60 3 1 93 14 23 4 26 1 7 94 
809: 15 3 2 34 8 80 0 23 3 5 17 2 20 13 61 1 10 45 3 0 56 11 58 3 38 1 13 19 1 6 45 2 13 24 2 23 1 12 86 2 1 18 11 79 3 0 78 14 6 6 23 3 2 99 12 78 11 54 2 14 15 8 96 2 13 68 12 31 3 8 30 6 81 3 21 3 3 12 8 66 2 94 

Cancelled Jobs
1054 0
1044 2
