10 10
10 1 0 29 1 1 78 1 2 9 1 3 36 2 4 49 7 49 1 5 11 1 6 62 1 7 56 1 8 44 1 9 21 
10 1 0 43 1 2 90 2 4 75 5 75 1 9 11 1 3 69 1 1 28 2 6 46 5 46 1 5 46 1 7 72 1 8 30 
10 1 1 91 2 0 85 9 85 1 3 39 1 2 74 1 8 90 1 5 10 1 7 12 1 6 89 2 9 45 3 45 1 4 33 
10 1 1 81 2 2 95 9 95 1 0 71 1 4 99 1 6 9 1 8 52 1 7 85 1 3 98 1 9 22 1 5 43 
10 1 2 14 2 0 6 2 6 1 1 22 1 5 61 2 3 26 4 26 1 4 69 1 8 21 1 7 49 2 9 72 8 72 1 6 53 
10 2 2 84 7 84 1 1 2 1 5 52 1 3 95 1 8 48 1 9 72 1 0 47 1 6 65 1 4 6 1 7 25 
10 1 1 46 1 0 37 1 3 61 1 2 13 1 6 32 1 5 21 1 9 32 1 8 89 1 7 30 1 4 55 
10 1 2 31 2 0 86 2 86 1 1 46 1 5 74 1 4 32 1 6 88 1 8 19 1 9 48 1 7 36 1 3 79 
10 1 0 76 2 1 69 4 69 1 3 76 1 5 51 1 2 85 1 9 11 1 6 40 1 7 89 1 4 26 1 8 74 
10 1 1 85 1 0 13 2 2 61 4 61 1 6 7 1 8 64 1 9 76 1 5 47 1 3 52 1 4 90 1 7 45 

Dynamic Events
Machine Breakdowns (x y z): Machine {x} breakdown from time {y} to {z}
1 1096 1315
3 438 708
4 1322 1598
5 477 691
6 982 1178
7 474 726
9 143 345

Added Jobs (first number is the time at which the job is added, then pairs of machines and process time)
405: 10 1 4 54 2 1 46 9 78 2 0 44 4 98 1 3 88 2 7 42 4 50 1 7 16 1 2 95 2 6 29 5 22 1 8 64 1 0 86 
355: 10 1 4 75 2 4 66 5 46 1 1 73 1 4 13 1 9 72 2 3 28 8 83 1 8 87 1 2 23 1 3 88 1 1 2 

Cancelled Jobs
