20 5
5 1 0 29 1 1 9 1 2 49 1 3 62 2 4 44 2 44 
5 1 0 43 1 1 75 1 3 69 1 2 46 1 4 72 
5 1 1 91 1 0 39 2 2 90 0 90 1 4 12 1 3 45 
5 1 1 81 2 0 71 3 71 1 4 9 1 2 85 1 3 22 
5 1 2 14 2 1 22 2 22 1 0 26 1 3 21 1 4 72 
5 1 2 84 1 1 52 2 4 48 3 48 1 0 47 1 3 6 
5 2 1 46 2 46 1 0 61 1 2 32 1 3 32 1 4 30 
5 1 2 31 1 1 46 1 0 32 1 3 19 1 4 36 
5 1 0 76 2 3 76 0 76 1 2 85 1 1 40 2 4 26 2 26 
5 1 1 85 1 2 61 2 0 64 3 64 1 3 47 2 4 90 2 90 
5 1 1 78 1 3 36 1 0 11 1 4 56 1 2 21 
5 1 2 90 1 0 11 1 1 28 1 3 46 1 4 30 
5 1 0 85 1 2 74 1 1 10 1 3 89 1 4 33 
5 1 2 95 1 0 99 1 1 52 1 3 98 1 4 43 
5 2 0 6 2 6 1 1 61 1 4 69 1 2 49 1 3 53 
5 1 1 2 1 0 95 1 3 72 1 4 65 1 2 25 
5 2 0 37 4 37 1 2 13 1 1 21 1 3 89 1 4 55 
5 1 0 86 1 1 74 1 4 88 1 2 48 1 3 79 
5 1 1 69 2 2 51 4 51 1 0 11 1 3 89 1 4 74 
5 1 0 13 1 1 7 1 2 76 1 3 52 1 4 45 

Dynamic Events
Machine Breakdowns (x y z): Machine {x} breakdown from time {y} to {z}
0 575 818
0 972 1213
1 1125 1504
2 17 392
3 763 1072
4 2149 2454

Added Jobs (first number is the time at which the job is added, then pairs of machines and process time)
833: 5 2 2 36 0 75 2 1 29 0 66 1 4 18 1 0 55 1 0 67 
208: 5 2 2 15 0 70 1 4 31 1 1 45 1 3 7 2 3 29 4 71 
615: 5 1 0 23 1 3 8 1 3 65 1 4 55 2 2 48 0 64 
1007: 5 2 2 80 3 54 1 1 80 1 1 88 2 1 72 2 39 2 1 85 2 77 
882: 5 2 3 25 4 23 2 1 68 3 23 2 0 60 3 51 1 3 40 1 2 32 

Cancelled Jobs
358 5
1729 6
1218 14
1349 17
