10 10
10 1 0 72 1 1 54 1 2 33 1 3 86 2 4 75 7 75 1 5 16 1 6 96 1 7 7 1 8 99 1 9 76 
10 1 0 16 1 3 88 2 4 48 5 48 1 8 52 1 9 60 1 6 29 2 7 18 5 18 1 5 89 1 2 80 1 1 76 
10 1 0 47 2 7 11 9 11 1 3 14 1 2 56 1 6 16 1 4 83 1 1 10 1 5 61 2 8 24 3 24 1 9 58 
10 1 0 49 2 1 31 2 31 1 3 17 1 8 50 1 5 63 1 2 35 1 4 65 1 7 23 1 6 50 1 9 29 
10 1 0 55 1 6 6 2 1 28 0 28 1 3 96 1 5 86 2 2 99 7 99 1 9 14 1 7 70 2 8 64 4 64 1 4 24 
10 2 4 46 2 46 1 0 23 1 6 70 1 8 19 1 2 54 1 3 22 1 9 85 1 7 87 1 5 79 1 1 93 
10 1 4 76 1 3 60 1 0 76 1 9 98 1 2 76 1 1 50 1 8 86 1 7 14 1 6 27 1 5 57 
10 2 4 93 0 93 1 6 27 1 9 57 1 3 87 1 8 86 1 2 54 1 7 24 1 5 49 1 0 20 1 1 47 
10 2 2 28 9 28 1 6 11 1 8 78 1 7 85 1 4 63 1 9 81 1 3 10 1 1 9 1 5 46 1 0 32 
10 1 2 22 2 9 76 4 76 1 5 89 1 8 13 1 6 88 1 3 10 1 7 75 1 4 98 1 1 78 1 0 17 

Dynamic Events
Machine Breakdowns (x y z): Machine {x} breakdown from time {y} to {z}
1 532 722
2 406 651
4 1299 1623
5 456 736
6 250 418
7 314 549
9 42 311

Added Jobs (first number is the time at which the job is added, then pairs of machines and process time)
547: 10 2 3 68 6 45 2 1 78 5 53 2 0 59 1 19 1 9 54 1 0 93 1 6 25 1 7 66 1 7 69 2 7 43 9 34 2 1 86 7 87 
339: 10 2 9 52 3 51 2 7 30 6 73 1 4 40 2 2 75 7 90 2 6 90 0 76 2 7 85 6 63 1 7 53 1 1 74 2 4 54 0 71 2 6 50 4 54 

Cancelled Jobs
