15 10
4 10 0 1 1 4 2 6 3 9 4 3 5 5 6 2 7 8 8 9 9 4 10 0 1 1 1 2 3 3 4 4 8 5 10 6 4 7 11 8 4 9 3 10 0 2 1 5 2 1 3 5 4 6 5 9 6 5 7 10 8 3 9 2 10 0 10 1 4 2 5 3 9 4 8 5 4 6 15 7 8 8 4 9 4 
4 10 0 4 1 8 2 7 3 1 4 9 5 6 6 1 7 10 8 7 9 1 10 0 6 1 11 2 2 3 7 4 5 5 3 6 5 7 14 8 9 9 2 10 0 8 1 5 2 8 3 9 4 4 5 3 6 5 7 3 8 8 9 1 10 0 9 1 3 2 6 3 1 4 2 5 6 6 4 7 1 8 7 9 2 
4 10 0 7 1 1 2 8 3 5 4 4 5 9 6 1 7 2 8 3 9 4 10 0 5 1 10 2 6 3 4 4 9 5 5 6 1 7 7 8 1 9 6 10 0 4 1 2 2 3 3 8 4 7 5 4 6 6 7 9 8 8 9 4 10 0 7 1 3 2 12 3 1 4 6 5 5 6 8 7 3 8 5 9 2 
4 10 0 6 1 2 2 5 3 4 4 1 5 2 6 3 7 6 8 5 9 4 10 0 8 1 5 2 7 3 4 4 1 5 2 6 36 7 5 8 8 9 5 10 0 9 1 6 2 2 3 4 4 5 5 1 6 3 7 6 8 5 9 2 10 0 11 1 4 2 5 3 6 4 2 5 7 6 5 7 4 8 2 9 1 
4 10 0 6 1 9 2 2 3 3 4 5 5 8 6 7 7 4 8 1 9 2 10 0 5 1 4 2 6 3 3 4 5 5 2 6 28 7 7 8 4 9 5 10 0 6 1 2 2 4 3 3 4 6 5 5 6 2 7 4 8 7 9 9 10 0 6 1 5 2 4 3 2 4 3 5 2 6 5 7 4 8 7 9 5 
2 10 0 4 1 1 2 3 3 2 4 6 5 9 6 8 7 5 8 4 9 2 10 0 1 1 3 2 6 3 5 4 4 5 7 6 5 7 4 8 6 9 5 
2 10 0 1 1 4 2 2 3 5 4 3 5 6 6 9 7 8 8 5 9 4 10 0 2 1 1 2 4 3 5 4 2 5 3 6 5 7 4 8 2 9 5 
4 10 0 2 1 3 2 6 3 2 4 5 5 4 6 1 7 5 8 8 9 7 10 0 4 1 5 2 6 3 2 4 3 5 5 6 4 7 1 8 2 9 5 10 0 3 1 5 2 4 3 2 4 5 5 49 6 8 7 5 8 4 9 5 10 0 1 1 2 2 36 3 5 4 2 5 3 6 6 7 4 8 11 9 2 
4 10 0 6 1 3 2 2 3 22 4 44 5 11 6 10 7 23 8 5 9 1 10 0 2 1 3 2 2 3 12 4 15 5 10 6 12 7 14 8 18 9 16 10 0 20 1 17 2 12 3 5 4 9 5 6 6 4 7 7 8 5 9 6 10 0 9 1 8 2 7 3 4 4 5 5 8 6 7 7 4 8 56 9 2 
4 10 0 5 1 8 2 7 3 4 4 56 5 3 6 2 7 5 8 4 9 1 10 0 2 1 5 2 6 3 9 4 8 5 5 6 4 7 2 8 5 9 4 10 0 6 1 3 2 2 3 5 4 4 5 7 6 4 7 5 8 2 9 1 10 0 3 1 2 2 5 3 6 4 5 5 8 6 7 7 4 8 5 9 2 
4 10 0 1 1 2 2 3 3 6 4 5 5 2 6 1 7 4 8 2 9 1 10 0 2 1 3 2 6 3 3 4 2 5 1 6 4 7 10 8 12 9 1 10 0 3 1 6 2 2 3 5 4 8 5 4 6 6 7 3 8 2 9 5 10 0 4 1 1 2 45 3 6 4 2 5 4 6 1 7 25 8 2 9 4 
4 10 0 9 1 8 2 5 3 6 4 3 5 6 6 5 7 2 8 4 9 2 10 0 5 1 8 2 9 3 5 4 4 5 75 6 63 7 6 8 5 9 21 10 0 12 1 5 2 4 3 6 4 3 5 2 6 5 7 4 8 2 9 5 10 0 8 1 7 2 9 3 5 4 6 5 3 6 2 7 5 8 8 9 4 
4 10 0 4 1 2 2 5 3 6 4 8 5 5 6 6 7 4 8 6 9 2 10 0 3 1 5 2 4 3 7 4 5 5 8 6 6 7 6 8 3 9 2 10 0 5 1 4 2 5 3 8 4 5 5 4 6 6 7 5 8 4 9 2 10 0 3 1 2 2 5 3 6 4 5 5 4 6 8 7 5 8 6 9 4 
4 10 0 2 1 3 2 5 3 4 4 6 5 5 6 4 7 85 8 4 9 5 10 0 6 1 2 2 4 3 5 4 8 5 6 6 5 7 4 8 2 9 6 10 0 3 1 25 2 4 3 8 4 5 5 6 6 3 7 2 8 5 9 4 10 0 8 1 5 2 6 3 4 4 2 5 3 6 6 7 8 8 5 9 4 
4 10 0 2 1 5 2 6 3 8 4 5 5 6 6 3 7 2 8 5 9 4 10 0 5 1 6 2 2 3 5 4 4 5 2 6 5 7 3 8 2 9 5 10 0 4 1 5 2 2 3 3 4 5 5 2 6 8 7 4 8 7 9 5 10 0 6 1 2 2 11 3 14 4 2 5 3 6 6 7 5 8 4 9 8 

Dynamic Events
Machine Breakdowns (x y z): Machine {x} breakdown from time {y} to {z}
0 20 26
1 20 26
2 31 37
3 17 23
5 30 36
6 12 18
7 6 12
8 11 17
9 24 30

Added Jobs (first number is the time at which the job is added, then pairs of machines and process time)
2: 2 10 8 23 5 53 3 10 9 16 6 12 4 44 1 11 0 17 2 14 7 5 10 8 28 3 2 7 11 5 28 9 9 0 19 6 14 1 15 4 25 2 24 
1: 2 10 4 51 9 20 0 9 2 4 6 15 7 3 5 38 3 4 8 55 1 8 10 2 18 8 28 1 5 6 62 4 20 9 15 5 27 0 15 7 1 3 1 
7: 3 10 6 47 1 25 3 9 9 15 7 81 0 12 2 44 5 31 8 36 4 10 10 4 55 7 13 6 17 9 2 8 38 5 69 1 14 0 13 3 9 2 10 10 9 14 6 12 0 12 3 21 8 32 5 43 2 38 1 10 7 68 4 45 
11: 3 10 0 6 2 2 1 10 8 56 4 41 3 2 7 41 5 38 9 15 6 49 10 6 28 2 14 8 29 5 56 9 15 3 14 1 9 7 52 4 37 0 17 10 2 39 4 44 9 20 5 22 6 45 1 6 0 13 7 9 3 19 8 22 
12: 3 10 2 31 4 55 8 35 3 8 6 4 9 5 7 73 0 14 1 22 5 9 10 3 17 9 10 0 1 7 24 6 26 2 35 5 58 4 19 8 41 1 6 10 4 47 3 2 9 10 2 39 1 25 7 26 0 16 8 31 5 11 6 41 

Cancelled Jobs
3 7
18 11
