13 4
4 2 0 654 2 654 2 0 147 1 147 2 0 345 2 345 3 1 447 2 447 3 447 
4 1 0 321 3 0 520 1 520 2 520 2 2 789 3 789 3 1 702 2 702 3 702 
4 2 0 12 3 12 1 1 147 1 2 630 2 2 255 3 255 
4 2 0 345 2 345 1 1 586 2 0 214 2 214 2 0 866 3 866 
4 3 0 678 1 678 3 678 1 1 532 3 0 275 2 275 3 275 3 0 332 1 332 3 332 
4 2 0 963 1 963 2 1 145 2 145 2 0 302 2 302 2 2 225 3 225 
4 3 0 25 2 25 3 25 2 0 24 1 24 2 2 142 3 142 2 2 589 3 589 
4 2 0 874 1 874 2 1 517 3 517 2 1 24 2 24 3 0 996 1 996 3 996 
4 4 0 114 1 114 2 114 3 114 1 1 896 3 0 520 2 520 3 520 3 1 541 2 541 3 541 
4 2 0 785 3 785 1 1 543 4 0 336 1 336 2 336 3 336 3 0 234 1 234 3 234 
4 3 0 203 1 203 2 203 3 1 210 2 210 3 210 2 1 699 2 699 1 3 784 
4 3 0 696 1 696 3 696 3 0 784 1 784 3 784 3 0 855 1 855 2 855 3 0 512 1 512 3 512 
4 3 0 302 1 302 3 302 2 0 512 1 512 3 1 221 2 221 3 221 2 2 345 3 345 

Dynamic Events
Machine Breakdowns (x y z): Machine {x} breakdown from time {y} to {z}
0 3005 4676
2 810 2481
3 7861 9532

Added Jobs (first number is the time at which the job is added, then pairs of machines and process time)
1058: 4 1 0 430 2 1 497 2 665 1 1 582 1 3 857 
2573: 4 3 3 421 0 212 1 336 2 1 409 3 942 4 2 729 1 700 0 715 3 841 3 2 639 1 704 3 735 
3304: 4 4 2 838 0 559 3 959 1 366 4 1 509 0 717 3 319 2 435 2 2 389 0 457 4 0 737 3 555 1 536 2 484 

Cancelled Jobs
3197 3
4186 10
1492 12
