10 6
6 3 0 333 3 333 5 333 4 0 991 1 991 2 991 5 991 3 2 996 4 996 5 996 4 0 123 3 123 4 123 5 123 5 1 145 2 145 3 145 4 145 5 145 3 1 234 3 234 5 234 
6 2 0 333 1 333 1 1 111 5 0 663 1 663 2 663 4 663 5 663 3 0 456 3 456 4 456 2 2 785 4 785 2 2 532 5 532 
6 3 0 252 2 252 5 252 3 0 222 1 222 2 222 3 2 222 3 222 4 222 4 0 789 1 789 3 789 4 789 2 1 214 4 214 4 2 586 3 586 4 586 5 586 
6 2 0 222 4 222 3 0 204 1 204 2 204 4 0 114 1 114 2 114 5 114 3 1 876 3 876 4 876 1 4 752 1 5 532 
6 2 0 255 2 255 3 0 477 1 477 3 477 1 2 123 2 3 543 5 543 1 4 143 2 4 142 5 142 
6 3 0 555 2 555 5 555 2 1 566 4 566 3 1 456 2 456 5 456 4 1 210 3 210 4 210 5 210 4 0 698 1 698 4 698 5 698 4 1 573 3 573 4 573 5 573 
6 2 0 558 4 558 4 0 899 1 899 2 899 5 899 3 0 789 2 789 3 789 3 2 124 3 124 5 124 4 2 532 3 532 4 532 5 532 2 3 12 5 12 
6 4 0 888 1 888 4 888 5 888 3 0 965 1 965 5 965 3 1 876 2 876 3 876 3 0 537 1 537 3 537 2 3 145 4 145 3 2 14 3 14 5 14 
6 2 0 889 5 889 2 0 588 1 588 1 2 543 3 2 854 3 854 5 854 2 1 247 4 247 4 0 527 1 527 4 527 5 527 
6 3 0 999 3 999 4 999 3 1 889 3 889 5 889 4 1 210 2 210 4 210 5 210 4 0 632 1 632 3 632 4 632 2 4 451 5 451 3 2 856 4 856 5 856 

Dynamic Events
Machine Breakdowns (x y z): Machine {x} breakdown from time {y} to {z}
0 4058 5646
2 464 2052
4 6245 7833
5 3227 4815

Added Jobs (first number is the time at which the job is added, then pairs of machines and process time)
876: 6 5 1 278 4 366 3 921 0 472 5 282 2 5 388 1 795 4 1 820 5 22 4 159 0 849 3 3 771 5 216 2 175 4 4 504 3 650 1 317 0 906 3 3 905 2 528 4 803 
3121: 6 2 0 649 3 990 2 4 695 5 201 5 4 341 2 760 1 887 5 257 0 175 1 4 485 5 4 567 1 272 0 275 5 166 3 235 1 0 679 

Cancelled Jobs
1320 1
