10 5
5 5 0 72 1 72 2 72 3 72 4 72 1 0 87 2 1 95 4 95 4 0 66 1 66 2 66 4 66 3 0 60 3 60 4 60 
5 3 0 5 3 5 4 5 3 0 35 1 35 3 35 3 0 48 1 48 4 48 2 2 39 3 39 4 0 54 1 54 3 54 4 54 
5 4 0 46 1 46 2 46 3 46 2 1 20 3 20 2 0 21 2 21 4 0 97 2 97 3 97 4 97 2 3 55 4 55 
5 4 0 59 2 59 3 59 4 59 1 3 19 2 3 46 4 46 2 1 34 4 34 1 2 37 
5 1 4 23 4 1 73 2 73 3 73 4 73 1 3 25 2 1 24 4 24 2 0 28 4 28 
5 1 3 28 2 0 45 4 45 1 4 5 1 1 78 3 1 83 2 83 4 83 
5 2 0 53 4 53 2 0 71 3 71 2 0 37 1 37 3 0 29 2 29 4 29 1 2 12 
5 1 4 12 4 0 87 1 87 2 87 3 87 4 0 33 1 33 3 33 4 33 4 0 55 1 55 3 55 4 55 2 0 38 3 38 
5 4 0 49 2 49 3 49 4 49 3 1 83 3 83 4 83 2 1 40 2 40 1 0 48 1 4 7 
5 1 2 65 3 0 17 1 17 3 17 2 0 90 2 90 3 0 27 2 27 4 27 2 1 23 3 23 

Dynamic Events
Machine Breakdowns (x y z): Machine {x} breakdown from time {y} to {z}
1 458 583
3 579 704
4 404 529

Added Jobs (first number is the time at which the job is added, then pairs of machines and process time)
50: 5 5 1 79 2 46 0 25 4 14 3 51 5 3 26 4 22 2 92 1 53 0 13 1 4 71 1 3 91 3 2 43 0 96 4 32 
94: 5 3 3 45 4 44 2 12 1 0 41 3 4 87 2 69 1 53 4 1 71 3 88 0 85 4 38 4 0 54 3 24 1 60 4 25 
72: 5 3 1 26 4 11 0 5 5 1 92 2 25 0 12 4 91 3 64 5 3 20 4 45 1 89 0 8 2 35 5 3 80 0 51 4 22 1 75 2 89 2 1 27 0 40 
143: 5 3 0 61 3 46 1 84 1 2 69 2 1 41 3 34 4 2 29 4 36 3 22 1 24 4 0 48 1 31 4 51 3 86 

Cancelled Jobs
