15 5
5 1 1 66 2 2 85 3 85 1 2 84 2 0 62 2 62 2 3 19 4 19 
5 2 3 59 4 59 2 1 64 4 64 4 0 46 1 46 2 46 4 46 3 2 13 3 13 4 13 1 0 25 
5 2 1 88 4 88 4 0 80 2 80 3 80 4 80 1 1 73 2 2 53 4 53 4 0 41 1 41 2 41 4 41 
5 3 0 14 2 14 3 14 3 0 67 1 67 2 67 3 1 57 2 57 3 57 2 3 74 4 74 2 2 47 4 47 
5 2 0 84 1 84 3 0 64 2 64 4 64 1 2 41 2 0 84 3 84 3 0 78 1 78 3 78 
5 3 0 63 3 63 4 63 5 0 28 1 28 2 28 3 28 4 28 4 0 46 1 46 3 46 4 46 1 2 26 4 0 52 1 52 2 52 4 52 
5 3 0 10 3 10 4 10 4 0 17 1 17 2 17 3 17 1 4 73 1 1 11 4 0 64 1 64 3 64 4 64 
5 4 0 67 1 67 2 67 4 67 2 0 97 1 97 3 0 95 1 95 3 95 2 3 38 4 38 3 0 85 1 85 2 85 
5 3 1 95 2 95 3 95 3 0 46 2 46 4 46 3 0 59 1 59 3 59 3 1 65 2 65 3 65 2 3 93 4 93 
5 2 2 43 3 43 1 4 85 4 1 32 2 32 3 32 4 32 3 1 85 2 85 3 85 2 0 60 4 60 
5 4 0 49 2 49 3 49 4 49 1 3 41 2 0 61 2 61 4 0 66 1 66 2 66 4 66 2 0 90 1 90 
5 3 0 17 1 17 4 17 2 0 23 1 23 2 2 70 3 70 3 0 99 2 99 4 99 3 1 49 2 49 3 49 
5 2 3 40 4 40 4 0 73 2 73 3 73 4 73 1 0 73 2 1 98 4 98 2 1 68 2 68 
5 2 3 57 4 57 1 1 9 3 0 7 2 7 3 7 3 0 13 2 13 4 13 3 0 98 2 98 4 98 
5 3 0 37 1 37 2 37 3 0 85 1 85 3 85 4 0 17 1 17 2 17 3 17 2 0 79 4 79 2 1 41 3 41 

Dynamic Events
Machine Breakdowns (x y z): Machine {x} breakdown from time {y} to {z}
0 937 1173
2 650 886
3 1135 1355
4 1048 1284

Added Jobs (first number is the time at which the job is added, then pairs of machines and process time)
202: 5 4 4 80 3 20 2 80 0 63 5 3 87 1 62 2 74 0 47 4 84 3 0 33 1 23 2 70 2 4 11 2 91 4 3 66 1 69 2 56 4 85 
415: 5 4 2 84 4 11 3 32 1 89 5 0 73 2 73 4 72 3 25 1 25 5 0 68 4 31 3 42 2 87 1 77 5 0 81 3 53 2 72 4 22 1 15 4 1 56 4 82 0 36 3 35 
359: 5 5 0 38 3 29 4 68 1 72 2 42 4 2 80 1 87 3 92 4 36 3 1 61 2 8 4 15 4 1 70 4 80 0 46 3 55 3 2 9 0 85 3 51 

Cancelled Jobs
549 2
