20 5
5 3 1 34 2 34 3 34 3 1 21 3 21 4 21 5 0 53 1 53 2 53 3 53 4 53 2 3 55 4 55 2 3 95 4 95 
5 3 0 21 3 21 4 21 4 0 52 1 52 3 52 4 52 2 1 71 4 71 1 4 16 3 2 26 3 26 4 26 
5 4 0 12 1 12 3 12 4 12 2 0 42 1 42 4 0 31 1 31 2 31 4 31 2 0 98 4 98 2 0 39 3 39 
5 2 1 66 2 66 2 3 77 4 77 4 0 79 1 79 3 79 4 79 2 0 55 1 55 4 0 77 1 77 3 77 4 77 
5 3 0 83 1 83 3 83 3 2 37 3 37 4 37 1 3 34 2 1 19 2 19 1 2 64 
5 2 3 79 4 79 1 2 43 2 0 92 3 92 3 1 62 3 62 4 62 2 0 54 1 54 
5 4 0 93 1 93 2 93 3 93 1 4 77 2 1 87 2 87 3 0 87 1 87 3 87 3 0 69 2 69 3 69 
5 3 1 83 3 83 4 83 5 0 24 1 24 2 24 3 24 4 24 2 0 41 1 41 1 2 38 4 0 60 1 60 2 60 4 60 
5 3 0 25 1 25 4 25 2 1 49 4 49 2 0 44 3 44 1 2 98 4 0 17 2 17 3 17 4 17 
5 2 0 96 4 96 2 1 75 4 75 3 2 43 3 43 4 43 4 1 77 2 77 3 77 4 77 2 1 79 3 79 
5 3 0 95 2 95 4 95 2 1 76 3 76 2 0 7 1 7 2 3 28 4 28 3 2 35 3 35 4 35 
5 2 2 10 4 10 2 2 95 4 95 3 0 61 1 61 4 61 2 0 9 1 9 3 0 35 3 35 4 35 
5 3 1 91 2 91 4 91 2 0 59 2 59 2 2 59 4 59 3 0 46 1 46 2 46 1 3 16 
5 1 2 27 2 1 52 4 52 2 2 43 4 43 3 0 28 1 28 3 28 3 2 50 3 50 4 50 
5 4 0 9 2 9 3 9 4 9 3 0 87 1 87 2 87 2 1 41 3 41 5 0 39 1 39 2 39 3 39 4 39 3 0 45 1 45 3 45 
5 3 1 54 2 54 4 54 2 0 20 4 20 4 1 43 2 43 3 43 4 43 4 0 14 1 14 2 14 3 14 2 1 71 2 71 
5 3 1 33 3 33 4 33 2 0 28 1 28 1 3 26 3 0 78 1 78 4 78 1 2 37 
5 3 0 89 1 89 4 89 2 0 33 3 33 3 0 8 2 8 4 8 1 3 66 2 3 42 4 42 
5 1 4 84 2 0 69 1 69 3 0 94 2 94 4 94 3 0 74 1 74 3 74 2 0 27 3 27 
5 3 2 81 3 81 4 81 2 2 45 4 45 3 0 78 1 78 2 78 4 0 69 1 69 3 69 4 69 2 0 96 3 96 

Dynamic Events
Machine Breakdowns (x y z): Machine {x} breakdown from time {y} to {z}
0 1491 1790
1 1483 1782
2 68 315
4 993 1292

Added Jobs (first number is the time at which the job is added, then pairs of machines and process time)
345: 5 3 4 92 1 63 2 86 1 4 45 2 3 62 2 66 5 3 77 1 9 4 72 0 28 2 79 4 4 50 0 72 3 86 1 11 
484: 5 3 4 50 2 57 0 44 4 3 38 1 75 4 59 2 36 3 1 49 4 20 2 78 4 1 36 3 12 0 66 2 80 1 2 78 
354: 5 2 1 30 4 71 2 3 87 1 68 4 0 75 4 88 1 8 2 45 1 2 46 1 3 37 
234: 5 2 1 65 0 58 1 0 85 5 1 72 0 62 3 84 2 77 4 41 3 1 78 3 86 0 8 2 1 37 4 57 

Cancelled Jobs
117 7
