15 8
15 1 3 24 1 7 63 1 0 29 1 3 83 1 6 23 2 0 66 2 66 1 7 29 3 3 11 4 11 5 11 1 7 62 1 5 94 1 0 41 1 4 90 3 1 63 4 63 5 63 1 3 45 1 0 91 
20 1 5 73 1 5 31 1 2 97 3 2 11 6 11 7 11 1 2 20 1 0 90 1 6 21 1 7 78 1 4 37 1 6 68 1 3 48 3 2 55 5 55 6 55 1 2 38 1 1 49 1 0 69 1 5 73 1 6 80 1 5 83 1 6 39 1 2 98 
23 1 0 71 2 0 24 3 24 3 3 89 4 89 5 89 1 4 73 1 4 44 2 2 61 4 61 1 5 53 4 0 35 3 35 4 35 7 35 1 5 95 1 7 33 1 4 59 1 1 68 1 2 61 1 3 56 1 4 28 1 1 18 2 1 35 5 35 1 6 73 3 1 78 3 78 6 78 2 1 70 3 70 1 0 65 1 6 44 1 2 56 
18 1 6 60 1 5 69 1 6 94 1 4 28 1 3 63 1 1 17 1 1 61 1 5 34 1 5 96 2 3 31 6 31 1 4 82 1 0 40 1 0 63 2 0 95 3 95 1 4 68 1 5 91 1 1 43 1 6 32 
21 1 4 54 2 4 92 7 92 3 1 40 4 40 6 40 1 4 84 1 4 38 1 7 94 1 4 63 1 5 99 2 0 45 1 45 1 6 28 1 7 59 1 4 97 1 4 69 1 5 61 3 3 98 4 98 7 98 1 6 42 1 5 100 1 3 68 2 1 83 2 83 1 6 69 1 4 17 
15 1 3 26 1 3 29 2 4 20 6 20 1 0 100 2 1 87 7 87 2 3 67 7 67 2 4 16 5 16 1 3 86 1 1 36 1 7 73 1 2 41 1 2 100 1 5 23 1 6 33 1 5 92 
17 1 4 74 1 2 90 1 1 49 1 5 34 1 5 47 1 3 62 1 3 59 1 4 98 1 2 73 1 0 79 1 5 10 1 4 32 2 6 55 7 55 1 3 53 1 4 19 1 3 55 2 4 88 5 88 
25 1 4 46 1 6 73 1 7 30 1 3 48 1 0 50 1 4 37 1 3 75 1 3 36 1 7 71 1 7 66 1 3 39 1 7 17 1 4 30 1 2 42 1 7 94 1 0 59 1 4 36 1 0 68 1 1 21 1 6 25 1 6 65 1 2 58 3 0 65 2 65 6 65 3 5 36 6 36 7 36 3 0 45 1 45 4 45 
23 1 3 82 1 0 42 1 4 82 1 1 51 1 7 75 1 5 35 1 7 78 1 6 43 2 4 77 6 77 1 7 42 1 3 18 2 0 63 7 63 1 6 99 1 0 16 2 5 34 7 34 1 2 99 1 6 87 1 5 46 1 3 81 1 5 41 2 0 58 5 58 1 6 57 1 0 30 
19 1 3 60 1 2 52 3 3 92 5 92 6 92 2 4 32 5 32 1 4 80 3 2 42 5 42 6 42 1 6 33 1 3 40 1 0 80 1 0 72 2 2 64 5 64 1 4 77 1 1 23 1 2 50 1 5 13 1 1 38 2 3 21 6 21 1 5 77 1 2 95 
19 1 7 60 1 5 94 1 3 53 1 3 82 2 1 60 7 60 1 5 60 2 1 93 5 93 1 3 49 1 3 82 1 7 68 1 6 42 1 0 96 1 5 90 1 4 36 1 6 70 1 2 12 1 3 56 1 5 14 1 2 60 
21 1 3 18 1 7 88 1 2 19 1 0 87 1 0 50 1 3 50 1 3 63 2 6 16 7 16 1 5 65 2 2 71 5 71 3 3 44 4 44 6 44 1 5 46 1 1 35 2 0 11 5 11 1 1 83 1 0 12 1 3 98 1 7 25 1 7 84 1 5 36 4 0 41 4 41 6 41 7 41 
16 1 0 44 1 1 51 1 0 58 1 1 56 1 0 27 1 5 97 2 1 93 3 93 3 0 41 2 41 4 41 1 3 59 1 2 83 1 3 99 1 0 90 1 2 90 1 0 58 1 6 15 1 2 95 
16 1 3 65 3 0 73 4 73 5 73 1 6 96 1 7 42 1 3 53 1 1 61 1 7 24 1 5 90 1 0 11 2 0 12 5 12 1 5 68 1 4 61 1 2 40 1 1 70 1 3 76 1 4 48 
25 1 3 19 1 6 49 1 4 76 1 1 24 1 5 35 1 2 10 1 1 46 1 6 18 1 4 72 2 1 32 5 32 2 0 92 2 92 1 7 14 1 1 53 1 1 49 2 5 83 7 83 1 1 81 1 2 76 1 6 88 1 4 34 1 0 54 1 5 22 1 2 47 1 1 31 1 2 43 1 6 29 

Dynamic Events
Machine Breakdowns (x y z): Machine {x} breakdown from time {y} to {z}
0 1493 1840
1 3637 3980
2 2209 2678
2 4580 5118
3 3965 4373
4 4186 4593
5 894 1445
6 2804 3005
6 4101 4595
7 3678 3972

Added Jobs (first number is the time at which the job is added, then pairs of machines and process time)
1027: 17 3 3 31 0 36 4 41 1 6 98 3 6 67 1 81 5 59 1 0 84 2 6 39 1 80 2 5 46 2 87 2 1 71 4 82 2 5 76 0 95 1 2 10 4 0 37 7 97 1 43 5 29 2 3 94 2 62 4 3 23 4 73 0 57 7 97 2 3 73 4 62 3 5 76 6 60 4 27 4 0 44 2 74 3 65 5 84 2 0 76 2 44 2 1 56 5 33 
2408: 22 3 0 71 2 18 6 84 4 4 90 1 22 7 60 6 65 2 5 65 2 18 2 2 65 7 34 3 1 28 0 50 2 22 1 2 63 1 0 52 1 5 32 3 3 72 6 79 1 59 2 5 55 3 54 4 7 58 6 67 0 86 3 53 2 6 25 0 65 4 0 81 6 55 3 42 7 23 4 7 81 2 97 1 81 4 25 1 1 78 1 0 20 4 1 81 3 39 2 51 7 59 4 4 47 5 30 3 74 7 21 4 1 30 2 44 3 52 5 73 1 4 78 3 5 71 3 96 6 16 4 7 68 4 82 6 83 3 20 
485: 18 2 4 48 2 75 2 2 17 0 34 4 3 46 5 87 4 17 2 40 3 4 21 7 34 2 62 3 7 91 6 34 5 29 1 2 12 2 4 39 5 27 4 4 70 0 17 5 57 1 85 1 5 16 1 5 39 2 7 96 5 12 4 2 96 3 97 0 62 7 55 3 1 25 4 64 3 25 3 7 32 2 35 4 21 4 3 46 1 36 7 83 5 19 2 2 61 3 32 1 5 92 2 0 98 4 49 

Cancelled Jobs
