15 8
15 1 3 27 1 7 60 1 0 36 1 3 80 1 6 26 2 0 68 2 65 1 7 30 3 3 16 4 16 5 16 1 7 56 1 5 90 1 0 42 1 4 90 3 1 67 4 68 5 67 1 3 46 1 0 89 
20 1 5 68 1 5 34 1 2 92 3 2 16 6 17 7 18 1 2 24 1 0 91 1 6 24 1 7 73 1 4 37 1 6 67 1 3 49 3 2 55 5 55 6 55 1 2 39 1 1 50 1 0 69 1 5 70 1 6 77 1 5 85 1 6 41 1 2 89 
23 1 0 74 2 0 24 3 27 3 3 85 4 85 5 85 1 4 71 1 4 47 2 2 60 4 56 1 5 56 4 0 38 3 37 4 36 7 37 1 5 95 1 7 36 1 4 58 1 1 69 1 2 61 1 3 56 1 4 35 1 1 25 2 1 41 5 35 1 6 75 3 1 76 3 78 6 76 2 1 69 3 69 1 0 67 1 6 41 1 2 56 
18 1 6 62 1 5 66 1 6 93 1 4 33 1 3 62 1 1 22 1 1 58 1 5 36 1 5 94 2 3 31 6 35 1 4 77 1 0 38 1 0 62 2 0 91 3 90 1 4 66 1 5 87 1 1 47 1 6 34 
21 1 4 54 2 4 88 7 91 3 1 41 4 43 6 41 1 4 81 1 4 41 1 7 95 1 4 62 1 5 90 2 0 51 1 47 1 6 36 1 7 59 1 4 96 1 4 67 1 5 59 3 3 93 4 93 7 88 1 6 48 1 5 95 1 3 64 2 1 80 2 80 1 6 68 1 4 21 
15 1 3 30 1 3 30 2 4 24 6 20 1 0 98 2 1 86 7 89 2 3 65 7 64 2 4 20 5 20 1 3 83 1 1 41 1 7 71 1 2 43 1 2 90 1 5 24 1 6 36 1 5 84 
17 1 4 72 1 2 86 1 1 54 1 5 36 1 5 51 1 3 60 1 3 55 1 4 93 1 2 66 1 0 76 1 5 15 1 4 35 2 6 54 7 55 1 3 50 1 4 19 1 3 55 2 4 86 5 80 
25 1 4 52 1 6 71 1 7 33 1 3 53 1 0 53 1 4 38 1 3 71 1 3 38 1 7 69 1 7 65 1 3 44 1 7 17 1 4 33 1 2 43 1 7 90 1 0 61 1 4 37 1 0 67 1 1 29 1 6 29 1 6 64 1 2 59 3 0 64 2 63 6 63 3 5 38 6 38 7 38 3 0 47 1 42 4 45 
23 1 3 76 1 0 43 1 4 79 1 1 56 1 7 75 1 5 37 1 7 78 1 6 46 2 4 75 6 76 1 7 44 1 3 22 2 0 64 7 58 1 6 91 1 0 21 2 5 33 7 40 1 2 90 1 6 83 1 5 49 1 3 80 1 5 43 2 0 61 5 58 1 6 60 1 0 29 
19 1 3 60 1 2 52 3 3 88 5 88 6 87 2 4 34 5 34 1 4 82 3 2 42 5 42 6 44 1 6 40 1 3 43 1 0 81 1 0 68 2 2 64 5 60 1 4 77 1 1 27 1 2 51 1 5 21 1 1 40 2 3 28 6 25 1 5 76 1 2 94 
19 1 7 65 1 5 89 1 3 53 1 3 78 2 1 60 7 65 1 5 58 2 1 90 5 87 1 3 47 1 3 79 1 7 69 1 6 44 1 0 94 1 5 86 1 4 38 1 6 69 1 2 18 1 3 56 1 5 19 1 2 56 
21 1 3 25 1 7 85 1 2 20 1 0 85 1 0 55 1 3 50 1 3 62 2 6 20 7 20 1 5 68 2 2 68 5 69 3 3 43 4 45 6 46 1 5 47 1 1 37 2 0 16 5 13 1 1 80 1 0 12 1 3 90 1 7 26 1 7 81 1 5 43 4 0 45 4 42 6 43 7 43 
16 1 0 41 1 1 51 1 0 57 1 1 59 1 0 30 1 5 90 2 1 89 3 92 3 0 39 2 46 4 41 1 3 59 1 2 78 1 3 92 1 0 84 1 2 90 1 0 55 1 6 17 1 2 91 
16 1 3 65 3 0 74 4 71 5 71 1 6 90 1 7 44 1 3 52 1 1 60 1 7 30 1 5 88 1 0 21 2 0 17 5 18 1 5 68 1 4 59 1 2 45 1 1 64 1 3 74 1 4 53 
25 1 3 28 1 6 50 1 4 71 1 1 24 1 5 36 1 2 15 1 1 45 1 6 22 1 4 75 2 1 34 5 40 2 0 89 2 88 1 7 19 1 1 54 1 1 46 2 5 79 7 77 1 1 76 1 2 70 1 6 88 1 4 35 1 0 54 1 5 25 1 2 48 1 1 34 1 2 45 1 6 32 

Dynamic Events
Machine Breakdowns (x y z): Machine {x} breakdown from time {y} to {z}
0 3829 4142
1 1696 1992
1 3180 3540
1 3819 4282
2 1774 2095
3 404 784
3 3091 3494
4 5586 5882
6 4359 4582
7 3954 4246

Added Jobs (first number is the time at which the job is added, then pairs of machines and process time)
2264: 19 1 0 14 4 7 39 1 71 2 82 4 40 1 0 71 1 4 40 1 2 52 2 0 29 7 36 4 2 56 1 51 6 31 4 76 1 2 84 4 6 55 0 45 2 74 4 90 3 7 79 1 52 0 69 2 6 60 2 55 2 4 21 5 74 3 4 90 3 90 0 84 4 6 92 7 40 1 78 2 30 3 1 86 4 42 3 26 1 3 88 4 3 24 0 31 5 66 7 84 2 1 69 2 52 1 3 59 
2208: 25 1 7 72 3 2 76 4 27 3 93 4 5 52 1 48 6 93 7 65 1 1 45 1 5 24 4 1 44 7 65 5 81 3 71 2 3 25 6 51 2 4 92 5 23 1 6 84 2 3 40 6 52 1 0 75 1 5 78 2 3 59 6 81 1 1 90 2 0 78 2 48 4 4 18 0 71 7 65 1 45 2 5 89 2 70 2 3 63 1 57 4 6 65 5 46 2 66 1 52 2 3 27 6 39 1 7 31 2 2 51 4 71 1 2 74 4 7 84 2 68 6 42 4 41 3 4 37 6 26 0 38 
2509: 20 3 0 57 4 79 3 28 1 7 54 4 2 80 4 84 6 24 7 64 4 2 18 7 57 1 40 6 75 4 0 95 7 46 4 61 3 53 3 6 79 4 29 5 33 2 3 73 0 36 4 0 46 7 23 6 85 5 15 3 2 36 6 83 1 45 3 2 40 5 91 3 49 3 3 74 7 30 5 21 1 4 77 3 2 46 7 59 5 95 2 6 86 3 23 3 7 50 3 65 4 93 3 5 20 0 58 7 72 2 7 54 1 81 2 7 39 0 89 2 4 84 5 49 3 4 46 3 40 1 22 
1064: 20 3 3 63 0 54 1 50 3 0 29 5 43 3 44 1 5 62 2 4 27 3 34 4 7 79 0 64 2 80 6 72 2 0 85 2 25 3 2 40 3 67 6 84 4 6 58 0 38 5 82 1 54 3 4 51 7 43 1 22 3 3 84 0 47 5 59 3 0 93 7 22 4 22 2 5 45 4 16 1 2 20 2 0 61 7 27 4 4 72 2 33 7 84 0 23 4 2 26 4 54 0 53 6 31 1 0 91 1 5 54 1 2 22 1 5 92 

Cancelled Jobs
1553 2
1589 6
