20 5
5 1 2 34 1 1 21 1 0 53 1 3 55 2 4 95 2 95 
5 1 0 21 1 3 52 1 1 71 1 4 16 1 2 26 
5 1 0 12 1 1 42 2 2 31 0 31 1 4 98 1 3 39 
5 1 2 66 2 3 77 0 77 1 4 79 1 0 55 1 1 77 
5 1 0 83 2 4 37 2 37 1 3 34 1 1 19 1 2 64 
5 1 4 79 1 2 43 2 0 92 4 92 1 3 62 1 1 54 
5 2 0 93 1 93 1 4 77 1 2 87 1 1 87 1 3 69 
5 1 4 83 1 3 24 1 1 41 1 2 38 1 0 60 
5 1 4 25 2 1 49 2 49 1 0 44 1 2 98 2 3 17 4 17 
5 1 0 96 1 1 75 1 2 43 2 4 77 3 77 1 3 79 
5 2 0 95 2 95 1 3 76 1 1 7 1 4 28 1 2 35 
5 1 4 10 1 2 95 1 0 61 1 1 9 1 3 35 
5 1 1 91 1 2 59 1 4 59 1 0 46 1 3 16 
5 1 2 27 1 1 52 1 4 43 1 0 28 1 3 50 
5 1 4 9 2 0 87 2 87 1 3 41 1 2 39 1 1 45 
5 1 1 54 1 0 20 1 4 43 1 3 14 1 2 71 
5 1 4 33 2 1 28 4 28 1 3 26 1 0 78 1 2 37 
5 1 1 89 1 0 33 1 2 8 1 3 66 1 4 42 
5 1 4 84 1 0 69 2 2 94 4 94 1 1 74 1 3 27 
5 1 4 81 1 2 45 1 1 78 1 3 69 1 0 96 

Dynamic Events
Machine Breakdowns (x y z): Machine {x} breakdown from time {y} to {z}
0 636 948
1 1528 1840
2 1224 1511
3 664 976
4 1177 1489

Added Jobs (first number is the time at which the job is added, then pairs of machines and process time)
257: 5 1 1 20 1 2 13 1 1 32 2 2 9 3 56 1 4 43 
566: 5 1 2 52 2 2 44 4 89 1 2 21 1 1 75 2 3 37 4 92 
114: 5 2 4 93 2 17 1 2 26 2 1 39 0 51 1 1 18 1 3 34 
475: 5 1 3 27 2 4 35 2 81 2 0 24 2 28 2 3 77 2 36 2 3 76 2 49 
615: 5 2 2 82 1 22 2 2 11 4 63 2 3 36 2 23 2 4 26 3 23 1 3 40 
599: 5 1 0 29 1 2 60 1 1 45 1 4 64 1 2 74 

Cancelled Jobs
292 0
385 2
436 12
