15 10
10 1 9 66 1 5 91 1 4 87 1 2 94 2 7 21 9 21 1 3 92 1 1 7 1 0 12 1 8 11 1 6 19 
10 1 3 13 1 2 20 2 4 7 8 7 1 1 14 1 9 66 2 0 75 9 75 1 6 77 1 5 16 1 7 95 1 8 7 
10 1 8 77 2 7 20 2 20 1 2 34 1 0 15 1 9 88 1 5 89 1 6 53 2 3 6 9 6 1 1 45 1 4 76 
10 2 3 27 1 27 1 2 74 1 6 88 1 4 62 1 7 52 1 8 69 1 5 9 1 9 98 1 0 52 1 1 88 
10 1 4 88 2 6 15 2 15 1 1 52 1 2 61 2 7 54 4 54 1 0 62 1 8 59 1 5 9 2 3 90 8 90 1 9 5 
10 2 6 71 7 71 1 0 41 1 4 38 1 3 53 1 7 91 1 8 68 1 1 50 1 5 78 1 2 23 1 9 72 
10 1 3 95 1 9 36 1 6 66 1 5 52 1 0 45 1 8 30 1 4 23 1 2 25 1 7 17 1 1 6 
10 1 4 65 2 1 8 2 8 1 8 85 1 0 71 1 7 65 1 6 28 1 5 88 1 3 76 1 9 27 1 2 95 
10 1 9 37 2 1 37 4 37 1 4 28 1 3 51 1 8 86 1 2 9 1 6 55 1 0 73 1 7 51 1 5 90 
10 1 3 39 1 2 15 2 6 83 4 83 1 9 44 1 7 53 1 0 16 1 4 46 1 5 24 1 1 25 1 8 82 
10 1 1 72 1 4 48 1 0 87 1 2 66 2 9 5 7 5 1 6 54 1 7 39 1 8 35 1 5 95 1 3 60 
10 2 1 46 8 46 1 3 20 1 0 97 1 2 21 1 9 46 1 7 37 1 8 19 1 4 59 1 6 34 1 5 55 
10 1 5 23 1 3 25 3 6 78 3 78 8 78 2 1 24 6 24 1 0 28 1 7 83 2 8 28 0 28 1 9 5 1 2 73 1 4 45 
10 2 1 37 7 37 1 0 53 1 7 87 1 4 38 1 3 71 1 5 29 2 9 12 0 12 1 8 33 1 6 55 1 2 12 
10 2 4 90 9 90 1 8 17 1 2 49 1 3 83 1 1 40 1 6 23 1 7 65 1 9 27 2 5 7 3 7 1 0 48 

Dynamic Events
Machine Breakdowns (x y z): Machine {x} breakdown from time {y} to {z}
1 1089 1366
3 1336 1634
4 1138 1436
6 817 1115
7 500 798
8 519 817
9 183 481

Added Jobs (first number is the time at which the job is added, then pairs of machines and process time)
411: 10 1 6 15 1 8 70 1 0 75 1 0 67 2 8 80 1 62 1 8 55 2 5 71 1 7 3 9 58 0 12 7 53 1 5 86 2 1 60 8 58 
253: 10 2 8 23 9 12 1 2 24 1 6 15 3 2 84 5 10 1 39 3 9 47 8 20 6 16 2 5 24 9 90 3 6 55 5 49 2 72 2 9 36 7 87 3 8 55 1 23 2 55 3 5 53 3 36 9 15 

Cancelled Jobs
442 3
344 6
582 13
