20 60
5 4 0 22 1 14 2 14 3 16 40 4 12 5 18 6 19 7 26 8 27 9 26 10 13 11 17 16 16 17 23 18 24 19 15 20 30 21 28 22 11 23 24 24 28 25 25 26 24 27 12 28 30 29 19 30 20 31 25 36 19 37 25 38 10 39 27 40 12 41 21 42 29 43 28 44 23 45 22 46 16 47 18 52 26 53 16 54 25 55 16 48 4 21 5 20 6 23 7 22 8 28 9 18 10 29 11 20 16 21 17 26 18 10 19 22 20 14 21 11 22 18 23 12 24 27 25 20 26 13 27 27 28 22 29 29 30 10 31 27 32 17 33 22 34 17 35 10 36 15 37 22 38 10 39 10 40 14 41 24 42 23 43 11 44 24 45 22 46 18 47 10 48 18 49 21 50 29 51 26 52 12 53 17 54 16 55 27 20 8 22 9 15 10 27 11 23 24 10 25 10 26 24 27 11 28 17 29 20 30 18 31 14 40 24 41 27 42 17 43 16 52 23 53 26 54 30 55 12 4 56 23 57 25 58 26 59 12 
5 4 0 28 1 28 2 24 3 11 16 36 30 37 12 38 15 39 26 44 20 45 21 46 17 47 24 48 16 49 23 50 14 51 17 52 13 53 27 54 29 55 12 20 4 30 5 19 6 11 7 15 20 25 21 16 22 24 23 22 36 11 37 11 38 29 39 10 44 13 45 12 46 11 47 15 52 10 53 25 54 19 55 12 48 8 29 9 26 10 16 11 20 12 11 13 16 14 14 15 20 16 14 17 21 18 15 19 27 20 14 21 29 22 27 23 10 24 15 25 13 26 26 27 30 28 25 29 16 30 18 31 25 32 27 33 26 34 25 35 21 36 11 37 20 38 17 39 16 40 28 41 27 42 16 43 25 44 13 45 23 46 20 47 29 48 28 49 22 50 29 51 15 52 11 53 16 54 17 55 27 4 56 20 57 10 58 28 59 11 
5 4 0 21 1 14 2 19 3 17 32 8 11 9 22 10 11 11 19 16 25 17 16 18 21 19 27 28 24 29 29 30 11 31 11 32 29 33 12 34 25 35 18 36 12 37 23 38 19 39 26 40 11 41 10 42 21 43 28 48 16 49 18 50 27 51 16 52 12 53 20 54 13 55 24 44 4 21 5 24 6 21 7 24 8 17 9 29 10 16 11 18 12 30 13 21 14 20 15 30 16 19 17 11 18 30 19 23 20 29 21 24 22 20 23 12 24 12 25 17 26 27 27 30 28 22 29 27 30 14 31 18 32 22 33 28 34 26 35 10 36 26 37 17 38 30 39 20 44 28 45 20 46 19 47 23 52 12 53 22 54 24 55 18 4 40 26 41 17 42 11 43 26 4 56 17 57 22 58 30 59 13 
5 4 0 20 1 25 2 18 3 20 16 4 14 5 13 6 21 7 10 20 17 21 12 22 28 23 10 24 28 25 14 26 22 27 25 40 17 41 29 42 24 43 25 20 12 24 13 30 14 27 15 22 16 24 17 23 18 20 19 12 32 10 33 18 34 16 35 13 36 21 37 15 38 16 39 11 52 17 53 24 54 15 55 12 12 4 28 5 15 6 21 7 29 8 24 9 10 10 25 11 29 36 25 37 21 38 24 39 28 4 56 14 57 15 58 14 59 23 
5 4 0 23 1 23 2 26 3 13 48 4 27 5 30 6 10 7 26 8 16 9 18 10 18 11 21 12 23 13 22 14 10 15 11 16 22 17 10 18 30 19 25 20 20 21 19 22 13 23 19 24 15 25 20 26 24 27 23 28 14 29 24 30 11 31 21 32 18 33 19 34 21 35 30 40 29 41 11 42 23 43 30 44 13 45 30 46 16 47 10 48 15 49 18 50 15 51 26 52 12 53 12 54 13 55 12 8 20 11 21 19 22 21 23 21 36 22 37 18 38 13 39 11 4 32 21 33 28 34 17 35 26 4 56 16 57 13 58 27 59 12 
5 4 0 18 1 23 2 11 3 11 32 8 20 9 10 10 27 11 20 12 29 13 10 14 15 15 17 24 12 25 14 26 22 27 17 32 30 33 25 34 25 35 29 40 24 41 30 42 19 43 17 44 27 45 30 46 27 47 16 48 16 49 18 50 30 51 24 52 24 53 10 54 14 55 15 16 8 19 9 13 10 24 11 17 12 29 13 26 14 21 15 19 20 19 21 10 22 10 23 30 52 23 53 18 54 17 55 17 20 8 29 9 14 10 26 11 18 12 18 13 10 14 22 15 29 36 25 37 24 38 23 39 10 44 26 45 22 46 12 47 14 52 26 53 14 54 28 55 22 4 56 13 57 30 58 14 59 16 
5 4 0 10 1 26 2 18 3 29 4 32 30 33 11 34 17 35 24 28 4 10 5 20 6 21 7 19 16 12 17 24 18 21 19 19 24 28 25 30 26 25 27 22 32 18 33 21 34 10 35 11 36 12 37 18 38 21 39 20 44 29 45 17 46 17 47 10 52 11 53 20 54 24 55 29 8 4 24 5 22 6 29 7 28 48 16 49 17 50 30 51 26 4 56 24 57 13 58 29 59 12 
5 4 0 16 1 22 2 22 3 18 28 4 13 5 18 6 22 7 26 16 12 17 28 18 28 19 21 24 20 25 16 26 19 27 24 28 16 29 11 30 12 31 25 32 23 33 26 34 22 35 12 36 14 37 10 38 25 39 24 48 21 49 17 50 22 51 13 20 4 15 5 26 6 10 7 12 16 19 17 12 18 25 19 29 24 24 25 30 26 17 27 21 28 22 29 28 30 15 31 18 48 22 49 23 50 16 51 13 36 4 10 5 11 6 13 7 13 12 15 13 28 14 22 15 22 16 24 17 14 18 27 19 18 24 22 25 18 26 24 27 30 28 21 29 12 30 10 31 23 32 12 33 24 34 21 35 19 40 30 41 15 42 12 43 22 44 27 45 28 46 14 47 10 52 27 53 17 54 15 55 21 4 56 17 57 19 58 12 59 14 
5 4 0 29 1 19 2 14 3 28 8 16 22 17 16 18 15 19 11 44 14 45 11 46 15 47 19 48 4 19 5 26 6 17 7 27 8 10 9 18 10 14 11 24 12 16 13 15 14 23 15 21 16 16 17 19 18 30 19 18 20 28 21 16 22 24 23 17 24 29 25 23 26 30 27 16 28 15 29 30 30 10 31 10 32 11 33 30 34 22 35 18 40 18 41 15 42 29 43 14 44 28 45 28 46 24 47 23 48 22 49 29 50 25 51 17 52 19 53 16 54 30 55 29 40 4 15 5 28 6 13 7 25 8 15 9 14 10 23 11 18 12 18 13 12 14 14 15 28 16 19 17 20 18 25 19 10 24 24 25 30 26 11 27 22 28 26 29 13 30 15 31 10 32 11 33 17 34 17 35 21 36 14 37 28 38 29 39 19 44 24 45 27 46 10 47 27 48 13 49 20 50 30 51 28 4 56 20 57 13 58 24 59 18 
5 4 0 28 1 15 2 30 3 12 40 4 25 5 14 6 29 7 12 8 11 9 27 10 18 11 29 12 18 13 12 14 17 15 14 28 12 29 16 30 20 31 28 32 13 33 16 34 19 35 13 36 28 37 30 38 25 39 11 40 13 41 26 42 11 43 30 44 12 45 20 46 23 47 21 48 28 49 24 50 23 51 24 52 11 53 10 54 11 55 18 52 4 25 5 12 6 27 7 24 8 22 9 13 10 12 11 21 12 15 13 15 14 29 15 18 16 22 17 12 18 20 19 11 20 25 21 25 22 29 23 17 24 20 25 29 26 18 27 11 28 29 29 27 30 26 31 16 32 17 33 14 34 22 35 27 36 30 37 14 38 19 39 21 40 21 41 28 42 25 43 30 44 10 45 27 46 15 47 24 48 10 49 30 50 27 51 22 52 15 53 26 54 22 55 16 12 12 30 13 10 14 14 15 16 24 28 25 29 26 27 27 10 52 14 53 23 54 24 55 22 4 56 10 57 16 58 21 59 19 
5 4 0 28 1 16 2 12 3 29 16 16 22 17 30 18 11 19 17 20 16 21 29 22 23 23 25 32 27 33 11 34 27 35 17 36 23 37 30 38 20 39 27 36 4 16 5 12 6 12 7 15 8 14 9 13 10 28 11 20 12 19 13 23 14 11 15 10 16 12 17 11 18 25 19 26 20 15 21 17 22 26 23 27 28 21 29 23 30 24 31 27 32 12 33 21 34 29 35 15 36 30 37 11 38 13 39 15 44 29 45 28 46 17 47 16 40 4 21 5 13 6 25 7 24 8 20 9 18 10 26 11 19 12 19 13 21 14 27 15 19 24 29 25 21 26 16 27 28 28 14 29 19 30 28 31 11 32 27 33 29 34 24 35 15 36 26 37 21 38 30 39 25 40 24 41 20 42 18 43 21 44 28 45 20 46 23 47 13 48 29 49 30 50 30 51 19 4 56 11 57 16 58 22 59 13 
5 4 0 29 1 18 2 13 3 18 12 16 29 17 18 18 19 19 15 20 19 21 19 22 28 23 25 44 10 45 16 46 11 47 30 4 4 15 5 18 6 14 7 20 16 12 18 13 19 14 29 15 14 20 21 21 10 22 12 23 19 48 26 49 23 50 27 51 19 52 22 53 30 54 24 55 15 4 56 25 57 26 58 20 59 11 
5 4 0 26 1 13 2 26 3 10 4 12 23 13 14 14 12 15 25 4 4 11 5 11 6 26 7 23 32 4 19 5 26 6 18 7 13 8 26 9 17 10 23 11 16 16 24 17 23 18 17 19 10 28 12 29 23 30 28 31 17 32 11 33 30 34 28 35 10 36 28 37 28 38 18 39 10 44 29 45 21 46 29 47 24 52 27 53 20 54 22 55 26 4 56 17 57 24 58 20 59 11 
5 4 0 15 1 10 2 27 3 13 32 4 23 5 16 6 26 7 30 8 10 9 16 10 12 11 22 12 17 13 14 14 24 15 10 20 12 21 29 22 26 23 17 24 24 25 14 26 14 27 16 32 12 33 30 34 27 35 25 36 26 37 25 38 20 39 15 48 29 49 23 50 27 51 13 36 4 28 5 18 6 16 7 24 8 11 9 12 10 13 11 11 12 10 13 22 14 16 15 25 16 29 17 25 18 18 19 28 20 12 21 14 22 13 23 19 28 15 29 16 30 20 31 20 32 26 33 15 34 22 35 10 44 11 45 14 46 26 47 22 48 15 49 28 50 13 51 20 24 4 29 5 22 6 23 7 13 24 16 25 13 26 14 27 27 28 20 29 10 30 19 31 24 36 28 37 12 38 20 39 27 40 17 41 21 42 12 43 17 52 16 53 29 54 12 55 28 4 56 24 57 18 58 20 59 12 
5 4 0 15 1 20 2 17 3 14 32 8 22 9 15 10 10 11 21 12 24 13 12 14 24 15 21 20 18 21 23 22 16 23 21 24 25 25 19 26 18 27 20 32 13 33 12 34 25 35 28 40 11 41 16 42 30 43 28 44 21 45 10 46 12 47 13 48 13 49 29 50 27 51 25 4 48 28 49 16 50 15 51 17 8 28 25 29 15 30 10 31 12 52 19 53 23 54 28 55 10 4 56 18 57 23 58 25 59 13 
5 4 0 18 1 23 2 14 3 22 8 24 22 25 21 26 22 27 30 40 30 41 13 42 28 43 16 40 4 11 5 24 6 11 7 28 8 11 9 20 10 20 11 22 12 10 13 12 14 25 15 22 20 21 21 12 22 12 23 20 28 30 29 21 30 15 31 14 32 22 33 15 34 14 35 11 36 17 37 11 38 22 39 25 40 14 41 24 42 20 43 10 44 17 45 14 46 13 47 21 48 18 49 25 50 16 51 21 40 12 25 13 22 14 24 15 10 16 19 17 28 18 23 19 30 24 14 25 16 26 11 27 17 28 18 29 10 30 28 31 28 32 30 33 18 34 17 35 18 36 11 37 12 38 17 39 29 40 28 41 26 42 10 43 11 44 16 45 10 46 30 47 21 48 21 49 29 50 20 51 21 52 21 53 17 54 21 55 22 4 56 29 57 15 58 26 59 15 
5 4 0 23 1 22 2 17 3 27 12 16 25 17 25 18 13 19 21 44 17 45 16 46 21 47 12 48 13 49 10 50 28 51 23 32 4 22 5 18 6 21 7 28 16 18 17 28 18 26 19 30 24 11 25 27 26 27 27 28 32 17 33 26 34 15 35 18 36 15 37 16 38 13 39 14 40 11 41 28 42 24 43 16 48 19 49 14 50 28 51 21 52 29 53 12 54 27 55 18 12 8 30 9 10 10 25 11 19 40 11 41 15 42 25 43 30 52 30 53 11 54 28 55 10 4 56 19 57 11 58 17 59 11 
5 4 0 14 1 22 2 27 3 10 36 8 11 9 20 10 11 11 28 16 26 17 20 18 27 19 21 20 17 21 23 22 16 23 18 24 20 25 11 26 28 27 29 28 27 29 17 30 29 31 23 32 25 33 10 34 11 35 12 36 17 37 26 38 14 39 29 40 12 41 20 42 21 43 23 48 17 49 12 50 25 51 17 8 12 28 13 12 14 11 15 12 36 23 37 17 38 22 39 16 16 4 23 5 28 6 23 7 11 40 23 41 29 42 11 43 26 44 28 45 18 46 10 47 23 52 25 53 19 54 22 55 18 4 56 24 57 30 58 27 59 27 
5 4 0 29 1 15 2 16 3 15 52 4 28 5 29 6 25 7 20 8 16 9 10 10 21 11 13 12 25 13 24 14 21 15 30 16 12 17 28 18 21 19 29 20 13 21 13 22 18 23 30 24 29 25 24 26 28 27 10 28 28 29 23 30 25 31 21 32 23 33 13 34 29 35 28 36 15 37 12 38 10 39 11 40 22 41 24 42 23 43 11 44 28 45 18 46 24 47 22 48 11 49 21 50 22 51 30 52 29 53 30 54 24 55 19 12 16 14 17 29 18 19 19 20 20 12 21 23 22 22 23 25 40 18 41 10 42 21 43 14 4 52 23 53 27 54 21 55 21 4 56 30 57 26 58 17 59 19 
5 4 0 14 1 28 2 27 3 29 20 8 30 9 22 10 22 11 19 16 16 17 23 18 18 19 13 28 26 29 18 30 17 31 17 32 26 33 27 34 20 35 18 40 27 41 10 42 21 43 11 28 12 30 13 20 14 22 15 12 16 12 17 25 18 17 19 26 28 18 29 26 30 12 31 24 32 21 33 13 34 12 35 15 36 15 37 26 38 26 39 29 40 29 41 30 42 12 43 16 48 14 49 29 50 16 51 17 12 32 28 33 25 34 10 35 11 36 24 37 23 38 17 39 11 52 19 53 10 54 21 55 16 4 56 25 57 20 58 27 59 18 

Dynamic Events
Machine Breakdowns (x y z): Machine {x} breakdown from time {y} to {z}
0 95 137
1 41 83
2 202 244
3 191 233
4 154 196
5 202 244
6 18 60
7 25 67
8 18 60
10 127 169
11 129 171
12 27 69
13 44 86
14 119 161
15 161 203
16 134 176
17 172 214
19 74 116
20 56 98
21 191 233
22 85 127
23 32 74
24 59 101
25 14 56
26 21 63
27 178 220
29 105 147
30 164 206
31 62 104
32 125 167
33 187 229
34 203 245
35 59 101
36 166 208
37 21 63
38 16 58
40 72 114
41 25 67
42 33 75
44 80 122
45 185 227
46 126 168
47 42 84
48 74 116
49 81 123
50 201 243
51 190 232
52 137 179
53 85 127
54 70 112
57 101 143
58 200 242
59 194 236

Added Jobs (first number is the time at which the job is added, then pairs of machines and process time)
84: 5 10 10 17 52 27 12 24 13 19 29 17 34 17 41 20 37 25 57 12 19 26 42 16 17 9 27 4 13 47 19 54 22 6 12 26 12 7 11 19 20 42 24 12 18 20 15 22 10 31 19 14 27 32 25 25 29 5 17 36 25 21 15 1 23 57 27 53 30 30 18 44 12 59 11 23 26 46 10 56 18 33 25 41 15 27 29 43 16 34 16 8 29 13 28 15 15 28 22 50 23 48 20 2 18 37 26 13 41 14 42 19 39 20 37 15 26 24 57 17 55 22 25 23 50 17 24 26 14 19 31 12 17 26 9 47 22 7 10 51 14 1 24 13 24 48 19 26 23 17 21 37 12 37 42 17 43 20 36 26 32 21 37 18 44 24 13 17 45 16 35 18 50 22 27 25 59 24 11 17 17 24 56 16 39 12 54 12 47 10 51 22 41 14 21 23 12 28 0 28 57 20 46 20 9 10 7 19 26 27 19 21 25 15 1 14 3 20 14 10 48 17 2 11 30 25 33 25 
60: 5 42 58 13 28 18 32 18 59 21 10 18 30 25 34 28 25 19 53 16 22 15 52 24 54 20 39 20 49 11 57 21 31 12 16 23 9 18 48 23 11 27 20 20 4 30 41 29 12 15 1 24 3 17 55 26 29 28 43 26 44 27 7 24 33 18 47 15 35 29 56 30 37 16 42 14 51 20 27 19 2 11 26 21 8 15 5 17 15 52 23 28 24 20 23 2 28 33 52 10 16 20 32 11 55 15 58 12 33 23 17 12 45 25 43 27 40 14 56 30 5 15 10 26 42 14 8 27 35 29 14 20 53 23 3 24 6 15 21 22 37 23 22 12 46 26 12 30 39 12 19 11 13 26 41 24 15 27 23 19 27 18 24 26 34 8 11 40 15 55 12 29 30 3 13 39 22 21 12 46 11 36 16 4 19 51 29 41 28 18 16 38 28 0 19 37 11 7 28 31 13 19 11 48 13 5 29 49 18 1 14 24 27 17 20 23 22 26 12 12 27 56 13 14 25 35 29 42 18 58 16 16 14 7 47 20 52 30 39 15 50 20 35 13 16 18 51 18 
57: 5 21 46 16 17 17 6 25 33 28 54 12 23 24 11 17 42 29 58 19 10 19 7 13 49 24 14 18 51 14 35 29 21 20 25 29 50 17 4 14 26 26 37 29 15 1 25 50 29 58 19 10 13 54 15 33 28 46 11 20 25 6 22 51 30 22 20 48 15 29 26 36 16 56 17 23 40 27 22 28 7 11 41 18 3 23 42 10 44 10 26 26 30 15 55 19 46 11 11 24 38 16 10 16 2 22 5 15 25 18 28 17 18 12 54 15 39 21 13 13 36 17 16 13 11 50 26 37 20 29 28 28 24 33 15 56 18 58 19 47 14 35 11 8 22 38 28 41 30 22 16 36 18 55 28 49 13 28 28 25 32 17 49 24 8 10 48 13 1 12 45 12 42 25 9 26 51 26 46 23 17 14 25 27 31 28 50 16 59 22 20 19 38 30 41 16 14 13 26 25 52 25 5 12 47 11 19 23 7 12 0 13 34 14 44 25 16 19 56 28 22 27 15 23 12 15 24 24 21 20 10 17 58 28 53 25 29 12 35 17 33 14 27 17 55 28 23 22 4 21 36 24 2 27 
58: 5 19 47 30 51 18 14 28 30 26 22 26 59 27 11 11 31 26 12 14 13 28 36 29 18 11 38 22 46 13 21 28 23 26 10 12 58 25 24 26 28 20 23 54 28 17 24 7 24 23 12 28 25 43 24 38 13 36 21 59 15 41 30 24 13 58 30 11 19 29 19 51 24 3 11 2 15 33 24 15 27 52 28 56 24 57 26 22 26 4 16 5 30 46 22 31 13 8 19 26 58 16 48 15 41 22 37 16 11 19 55 26 35 12 45 50 27 29 22 14 25 15 30 0 25 24 29 4 10 53 21 19 19 37 23 38 23 22 18 11 16 30 19 2 14 46 29 17 23 21 17 12 12 58 16 10 22 45 25 43 18 39 16 8 27 28 12 47 17 48 11 35 25 20 29 36 12 32 13 54 23 57 25 44 17 52 12 25 10 41 18 56 13 55 15 59 16 23 16 16 12 1 28 26 14 26 26 14 21 23 4 30 41 29 20 21 54 15 45 18 18 25 23 27 53 12 2 12 25 23 14 21 15 27 46 10 17 28 5 23 48 23 12 13 31 15 36 19 56 16 0 29 13 28 30 28 59 25 

Cancelled Jobs
110 18
