20 40
5 4 0 20 1 28 2 24 3 25 32 4 28 5 21 6 30 7 13 8 22 9 30 10 20 11 25 12 18 13 21 14 11 15 17 16 18 17 11 18 13 19 22 20 11 21 29 22 26 23 13 24 19 25 23 26 22 27 12 28 30 29 13 30 30 31 17 32 25 33 13 34 10 35 30 4 20 17 21 26 22 15 23 12 8 4 18 5 19 6 15 7 20 28 14 29 15 30 15 31 12 4 36 27 37 15 38 13 39 26 
5 4 0 25 1 29 2 18 3 28 16 4 18 5 17 6 25 7 20 8 23 9 14 10 21 11 17 16 18 17 17 18 18 19 29 32 22 33 16 34 18 35 26 16 12 24 13 30 14 20 15 19 20 16 21 25 22 30 23 12 24 26 25 12 26 14 27 11 28 22 29 16 30 11 31 18 24 8 22 9 12 10 12 11 11 12 23 13 24 14 14 15 22 16 25 17 14 18 21 19 18 20 29 21 30 22 17 23 15 24 19 25 11 26 17 27 14 32 13 33 29 34 23 35 15 4 36 19 37 17 38 20 39 22 
5 4 0 10 1 21 2 26 3 25 16 4 19 5 10 6 28 7 27 12 12 13 11 14 29 15 20 24 29 25 30 26 26 27 20 28 23 29 16 30 30 31 15 4 24 10 25 27 26 27 27 11 20 4 13 5 27 6 25 7 28 8 27 9 29 10 28 11 28 16 22 17 20 18 24 19 14 20 18 21 16 22 18 23 18 28 26 29 15 30 24 31 25 4 36 28 37 27 38 27 39 27 
5 4 0 19 1 24 2 12 3 25 4 16 16 17 17 18 28 19 20 16 4 29 5 16 6 23 7 29 16 10 17 23 18 18 19 13 28 29 29 26 30 11 31 16 32 13 33 16 34 12 35 19 28 4 13 5 20 6 11 7 24 8 15 9 23 10 15 11 30 12 13 13 11 14 16 15 22 20 10 21 28 22 19 23 13 24 27 25 21 26 12 27 15 28 14 29 29 30 10 31 30 32 21 33 28 34 22 35 10 4 36 24 37 12 38 10 39 17 
5 4 0 26 1 28 2 12 3 17 12 4 12 5 21 6 21 7 22 16 18 17 14 18 23 19 27 32 25 33 27 34 23 35 12 20 12 25 13 14 14 24 15 20 16 23 17 18 18 26 19 24 24 15 25 29 26 26 27 23 28 18 29 12 30 18 31 19 32 11 33 29 34 28 35 17 32 4 18 5 19 6 24 7 27 8 11 9 27 10 23 11 28 12 26 13 21 14 13 15 17 16 16 17 28 18 16 19 18 20 18 21 26 22 24 23 27 24 10 25 26 26 17 27 11 28 18 29 15 30 21 31 12 32 30 33 29 34 15 35 20 4 36 19 37 21 38 17 39 21 
5 4 0 21 1 10 2 24 3 16 8 16 17 17 26 18 22 19 21 32 15 33 20 34 15 35 13 4 28 28 29 26 30 23 31 22 24 8 21 9 19 10 10 11 16 16 14 17 17 18 14 19 19 20 15 21 23 22 18 23 18 24 24 25 18 26 11 27 18 28 28 29 16 30 28 31 24 32 18 33 28 34 26 35 13 4 36 19 37 30 38 17 39 23 
5 4 0 11 1 16 2 18 3 29 32 4 30 5 21 6 10 7 28 8 17 9 16 10 21 11 18 12 24 13 29 14 22 15 15 16 12 17 24 18 16 19 20 20 17 21 16 22 19 23 12 24 13 25 30 26 22 27 20 28 12 29 24 30 17 31 11 32 25 33 14 34 19 35 25 4 28 17 29 24 30 26 31 26 24 4 21 5 24 6 14 7 23 8 30 9 26 10 11 11 29 12 20 13 21 14 17 15 27 16 23 17 27 18 27 19 16 24 17 25 25 26 25 27 12 28 30 29 11 30 29 31 26 4 36 21 37 18 38 18 39 15 
5 4 0 16 1 23 2 18 3 21 12 4 20 5 17 6 26 7 20 20 28 21 14 22 21 23 20 24 14 25 23 26 13 27 10 12 12 20 13 30 14 20 15 15 20 18 21 17 22 13 23 30 32 14 33 10 34 12 35 18 8 20 14 21 30 22 10 23 25 28 17 29 20 30 27 31 19 4 36 13 37 16 38 14 39 25 
5 4 0 19 1 22 2 20 3 28 28 8 13 9 27 10 22 11 19 12 24 13 24 14 28 15 30 16 21 17 11 18 16 19 19 20 12 21 29 22 10 23 19 24 28 25 18 26 28 27 25 28 14 29 29 30 26 31 26 32 22 33 28 34 12 35 24 4 12 12 13 30 14 19 15 29 32 4 28 5 23 6 27 7 28 8 12 9 12 10 14 11 24 12 14 13 16 14 18 15 25 16 17 17 12 18 28 19 19 20 24 21 18 22 15 23 16 24 27 25 20 26 27 27 28 28 11 29 27 30 22 31 16 32 18 33 15 34 13 35 24 4 36 13 37 23 38 13 39 29 
5 4 0 27 1 22 2 23 3 12 24 4 27 5 14 6 20 7 21 8 17 9 27 10 20 11 19 12 24 13 21 14 30 15 30 16 16 17 13 18 13 19 17 20 11 21 11 22 14 23 24 28 11 29 19 30 27 31 18 4 16 25 17 23 18 26 19 22 16 4 15 5 23 6 22 7 15 8 11 9 17 10 21 11 23 16 18 17 26 18 30 19 19 32 28 33 25 34 29 35 26 4 36 14 37 14 38 30 39 13 
5 4 0 14 1 28 2 25 3 21 24 4 27 5 30 6 14 7 24 8 16 9 18 10 13 11 16 16 22 17 29 18 13 19 29 20 19 21 30 22 25 23 29 28 11 29 18 30 14 31 25 32 14 33 19 34 19 35 29 4 8 23 9 29 10 23 11 25 24 8 17 9 21 10 25 11 11 12 10 13 28 14 30 15 25 16 16 17 18 18 17 19 28 20 19 21 14 22 20 23 28 28 16 29 13 30 24 31 26 32 16 33 20 34 20 35 21 4 36 27 37 23 38 23 39 28 
5 4 0 25 1 16 2 30 3 30 12 4 14 5 28 6 27 7 12 24 30 25 29 26 17 27 13 28 19 29 29 30 13 31 16 20 4 29 5 10 6 19 7 25 8 24 9 18 10 30 11 28 12 12 13 24 14 15 15 15 16 10 17 14 18 16 19 27 32 29 33 12 34 24 35 14 16 8 29 9 23 10 27 11 10 16 10 17 25 18 15 19 26 28 26 29 28 30 11 31 17 32 22 33 30 34 10 35 14 4 36 25 37 10 38 17 39 22 
5 4 0 25 1 16 2 11 3 28 4 24 24 25 19 26 15 27 14 28 4 26 5 16 6 26 7 19 8 22 9 20 10 29 11 12 12 18 13 27 14 28 15 30 16 30 17 29 18 12 19 26 20 17 21 11 22 19 23 29 24 14 25 22 26 27 27 12 28 28 29 19 30 15 31 20 16 8 17 9 18 10 15 11 16 16 18 17 25 18 12 19 21 24 21 25 25 26 12 27 28 32 13 33 28 34 16 35 25 4 36 30 37 23 38 27 39 20 
5 4 0 24 1 14 2 28 3 16 20 4 24 5 17 6 15 7 20 8 17 9 11 10 22 11 23 16 11 17 12 18 25 19 21 20 25 21 23 22 21 23 21 24 30 25 15 26 13 27 27 20 8 28 9 24 10 17 11 22 12 25 13 18 14 17 15 15 20 26 21 10 22 25 23 26 24 13 25 13 26 10 27 16 32 25 33 18 34 25 35 14 8 4 20 5 20 6 19 7 29 16 29 17 18 18 15 19 13 4 36 13 37 30 38 12 39 13 
5 4 0 27 1 26 2 17 3 22 24 4 10 5 13 6 13 7 15 8 25 9 29 10 17 11 23 12 11 13 15 14 26 15 22 20 16 21 29 22 15 23 29 24 25 25 20 26 24 27 30 32 17 33 30 34 18 35 19 4 24 21 25 23 26 25 27 15 16 4 30 5 29 6 15 7 12 8 30 9 20 10 28 11 13 24 25 25 17 26 11 27 27 32 22 33 18 34 22 35 25 4 36 26 37 12 38 27 39 10 
5 4 0 26 1 20 2 15 3 12 20 4 27 5 20 6 24 7 18 16 20 17 11 18 19 19 28 20 28 21 26 22 27 23 16 24 17 25 19 26 13 27 29 28 10 29 24 30 11 31 23 12 4 27 5 26 6 19 7 11 20 17 21 19 22 27 23 28 28 14 29 29 30 29 31 22 16 4 12 5 15 6 16 7 24 12 12 13 23 14 11 15 12 28 12 29 13 30 18 31 28 32 14 33 22 34 21 35 18 4 36 23 37 17 38 16 39 10 
5 4 0 12 1 25 2 29 3 11 24 4 12 5 27 6 30 7 13 12 16 13 19 14 28 15 20 16 19 17 13 18 23 19 11 20 11 21 14 22 28 23 16 24 23 25 27 26 10 27 27 28 17 29 25 30 30 31 28 8 8 11 9 11 10 25 11 19 32 25 33 22 34 29 35 21 24 4 16 5 18 6 17 7 12 8 16 9 18 10 25 11 21 16 15 17 14 18 15 19 10 20 20 21 26 22 24 23 13 24 23 25 14 26 27 27 20 28 28 29 23 30 22 31 23 4 36 12 37 10 38 16 39 27 
5 4 0 13 1 20 2 27 3 14 28 4 10 5 24 6 26 7 26 8 29 9 21 10 26 11 11 12 14 13 16 14 23 15 16 16 29 17 19 18 26 19 16 24 12 25 23 26 24 27 16 28 15 29 22 30 10 31 26 32 25 33 13 34 23 35 18 20 8 11 9 29 10 11 11 27 20 15 21 15 22 19 23 27 24 19 25 28 26 26 27 26 28 15 29 28 30 12 31 12 32 16 33 26 34 13 35 25 16 16 26 17 17 18 22 19 28 20 24 21 14 22 13 23 22 28 18 29 12 30 10 31 16 32 16 33 23 34 24 35 17 4 36 19 37 22 38 26 39 17 
5 4 0 27 1 25 2 15 3 21 4 8 15 9 25 10 22 11 23 20 4 13 5 24 6 21 7 24 8 11 9 26 10 10 11 16 16 26 17 29 18 11 19 23 28 10 29 11 30 30 31 30 32 15 33 23 34 27 35 17 20 4 23 5 28 6 22 7 26 16 17 17 19 18 29 19 12 24 16 25 21 26 19 27 25 28 19 29 13 30 14 31 16 32 22 33 30 34 27 35 11 4 36 16 37 15 38 10 39 27 
5 4 0 23 1 26 2 20 3 18 32 4 28 5 27 6 17 7 26 8 25 9 20 10 27 11 18 12 23 13 14 14 18 15 16 16 19 17 22 18 19 19 29 20 24 21 20 22 15 23 23 24 28 25 10 26 10 27 30 28 27 29 20 30 27 31 13 32 20 33 30 34 21 35 16 32 4 22 5 24 6 27 7 22 8 15 9 12 10 13 11 25 12 16 13 16 14 20 15 24 16 22 17 21 18 24 19 25 20 23 21 26 22 30 23 11 24 18 25 14 26 22 27 14 28 26 29 19 30 12 31 19 32 22 33 30 34 25 35 30 28 4 23 5 12 6 20 7 30 8 23 9 15 10 11 11 26 12 13 13 12 14 12 15 22 20 25 21 27 22 26 23 14 24 16 25 19 26 29 27 27 28 30 29 16 30 14 31 15 32 14 33 15 34 22 35 20 4 36 15 37 21 38 17 39 23 

Dynamic Events
Machine Breakdowns (x y z): Machine {x} breakdown from time {y} to {z}
0 174 217
1 173 216
2 213 256
3 36 79
4 121 164
5 176 219
6 52 95
7 38 81
8 102 145
9 131 174
10 72 115
11 130 173
12 148 191
13 96 139
14 36 79
15 119 162
16 136 179
17 179 222
18 56 99
19 113 156
20 86 129
21 85 128
22 202 245
23 30 73
24 39 82
25 64 107
26 103 146
27 111 154
28 144 187
30 153 196
31 22 65
33 188 231
34 28 71
35 32 75
36 139 182
37 87 130
38 180 223

Added Jobs (first number is the time at which the job is added, then pairs of machines and process time)
11: 5 21 33 13 39 27 11 28 19 10 23 16 25 14 20 22 9 24 35 26 26 27 17 13 32 19 15 24 1 16 8 11 37 27 21 21 13 13 34 18 29 19 14 26 22 5 12 24 21 2 29 31 11 3 27 9 13 17 25 25 14 6 20 21 21 4 21 18 18 7 20 34 28 29 17 38 17 36 26 10 15 0 20 8 15 19 23 12 11 16 2 21 12 22 30 14 36 14 15 27 19 24 7 24 6 20 4 23 21 10 1 21 16 17 8 30 23 11 5 15 25 17 24 22 16 16 11 39 21 3 23 1 19 32 26 6 23 12 19 11 15 0 10 20 22 14 24 21 15 13 28 8 24 10 27 37 18 2 27 35 26 28 16 33 26 27 18 7 20 25 14 29 31 18 36 20 19 23 7 20 30 20 2 21 21 23 5 27 35 26 27 25 1 29 10 12 26 24 8 21 0 15 14 24 17 27 29 21 12 11 15 19 16 24 39 20 28 16 38 24 4 27 6 27 23 12 3 22 37 14 
66: 5 30 12 25 14 23 27 28 28 16 30 14 10 10 37 14 6 21 33 30 18 28 19 26 15 17 11 20 35 19 7 25 24 11 1 16 39 24 21 19 22 28 38 17 13 12 29 21 4 20 20 11 3 14 26 26 16 17 17 13 9 16 17 29 24 30 15 10 28 27 10 28 17 25 23 16 15 6 26 19 15 26 11 9 22 12 19 23 26 34 13 17 20 33 15 8 15 12 14 25 36 27 25 14 34 28 5 26 30 26 27 17 37 25 38 30 12 26 22 27 24 13 32 1 28 6 27 32 19 25 28 4 13 30 24 5 26 20 29 2 20 8 18 17 16 38 12 36 30 18 20 34 24 37 19 27 11 13 21 39 20 35 30 15 16 16 30 12 12 28 15 10 11 11 27 21 23 14 12 31 26 9 25 3 19 26 13 10 8 16 35 14 1 16 22 22 27 15 17 17 36 19 18 28 20 29 2 18 
80: 5 25 20 25 0 20 15 14 9 28 8 26 25 21 23 11 37 14 36 21 32 26 34 15 26 12 14 24 29 13 7 29 18 21 39 23 38 19 24 29 16 29 17 21 30 22 33 18 28 17 6 14 25 19 24 7 18 9 17 32 12 16 26 22 18 12 17 17 29 14 20 11 14 1 14 34 24 33 28 10 17 3 22 39 22 25 13 18 18 0 24 2 20 37 23 29 11 35 27 24 19 5 13 22 26 12 27 21 32 18 36 16 19 19 39 23 30 19 23 25 38 24 11 18 6 16 20 12 8 27 22 23 21 24 35 21 13 19 9 24 16 21 1 24 2 26 4 20 21 29 25 36 20 39 10 37 24 0 25 16 30 25 17 4 27 32 11 38 25 5 23 2 19 19 10 20 22 10 25 31 15 9 13 1 20 26 18 23 25 21 13 31 39 27 0 23 29 19 7 25 8 26 1 13 25 16 10 25 11 13 28 17 9 25 14 20 20 25 38 22 23 30 24 26 12 21 17 25 35 22 19 29 3 23 2 30 26 10 5 21 30 29 32 11 21 18 36 22 13 30 4 14 33 21 
15: 5 10 16 16 1 24 30 10 21 20 8 13 19 13 18 14 32 19 12 13 38 25 21 27 11 19 24 30 15 35 29 17 16 6 17 26 11 0 26 11 10 4 30 12 15 29 28 18 11 34 26 33 19 31 13 1 29 38 11 24 19 10 27 28 29 22 28 30 36 15 0 18 23 16 20 12 13 22 31 30 35 22 19 15 30 19 32 14 27 16 8 15 17 15 25 14 3 15 18 21 39 29 12 18 16 15 38 29 7 22 14 24 25 35 22 29 11 3 21 38 22 6 29 31 16 11 30 36 12 20 24 34 16 37 26 5 16 39 26 16 2 18 14 23 6 22 18 22 8 11 25 12 26 12 28 22 7 18 33 29 37 25 24 17 39 13 0 18 27 12 13 29 
85: 5 15 25 22 3 16 37 23 14 29 27 21 1 29 26 22 11 12 35 12 13 19 4 25 8 28 28 25 0 22 5 21 9 29 27 26 23 35 14 30 30 33 30 25 29 8 24 18 24 4 12 16 13 17 30 20 36 22 26 13 3 16 34 18 6 13 7 16 29 21 39 23 18 29 17 14 10 11 5 11 24 23 0 18 23 37 14 6 12 14 26 2 12 33 28 23 24 10 10 31 17 17 15 9 23 36 14 1 16 5 27 7 11 19 14 35 19 11 12 30 22 20 24 3 27 22 23 0 22 32 27 14 23 26 29 16 13 19 35 26 33 19 10 28 6 15 31 12 27 12 37 16 25 27 21 30 7 24 20 28 

Cancelled Jobs
136 5
0 6
