20 40
5 4 0 18 1 13 2 24 3 17 32 4 27 5 23 6 13 7 26 8 18 9 21 10 29 11 10 12 19 13 13 14 27 15 14 16 30 17 30 18 10 19 24 20 13 21 20 22 26 23 10 24 16 25 12 26 20 27 28 28 11 29 14 30 28 31 19 32 23 33 22 34 27 35 10 12 8 11 9 30 10 11 11 21 24 11 25 11 26 29 27 27 28 30 29 23 30 26 31 13 4 16 10 17 12 18 11 19 30 4 36 27 37 10 38 29 39 15 
5 4 0 17 1 17 2 19 3 30 32 4 16 5 12 6 24 7 16 8 15 9 17 10 15 11 15 12 19 13 21 14 10 15 26 16 23 17 24 18 15 19 30 20 26 21 22 22 25 23 14 24 11 25 30 26 27 27 27 28 29 29 29 30 14 31 30 32 14 33 15 34 12 35 11 24 4 10 5 12 6 23 7 12 8 15 9 18 10 23 11 19 12 16 13 25 14 19 15 29 24 27 25 30 26 26 27 12 28 21 29 17 30 27 31 17 32 24 33 18 34 10 35 12 32 4 30 5 25 6 29 7 23 8 24 9 18 10 10 11 17 12 15 13 18 14 10 15 20 16 27 17 23 18 23 19 13 20 24 21 29 22 15 23 28 24 27 25 21 26 26 27 24 28 29 29 24 30 14 31 29 32 30 33 17 34 13 35 24 4 36 12 37 25 38 26 39 22 
5 4 0 15 1 26 2 20 3 23 32 4 30 5 19 6 13 7 18 8 22 9 11 10 26 11 18 12 28 13 21 14 25 15 17 16 22 17 18 18 29 19 20 20 12 21 20 22 16 23 30 24 22 25 13 26 22 27 30 28 27 29 23 30 29 31 28 32 21 33 23 34 30 35 29 8 8 16 9 15 10 27 11 13 16 26 17 22 18 14 19 21 12 12 28 13 24 14 18 15 14 28 21 29 14 30 27 31 18 32 13 33 24 34 15 35 23 4 36 19 37 24 38 17 39 22 
5 4 0 18 1 22 2 19 3 17 8 8 22 9 22 10 11 11 14 12 13 13 15 14 30 15 22 12 12 17 13 30 14 17 15 20 24 27 25 14 26 10 27 29 28 27 29 13 30 14 31 23 16 4 18 5 25 6 19 7 15 12 20 13 17 14 16 15 29 24 15 25 22 26 17 27 10 32 28 33 11 34 14 35 30 4 36 15 37 25 38 20 39 30 
5 4 0 23 1 17 2 24 3 18 28 4 16 5 11 6 25 7 17 8 12 9 26 10 14 11 16 12 11 13 26 14 11 15 15 16 25 17 30 18 22 19 16 24 12 25 12 26 12 27 24 28 14 29 26 30 14 31 25 32 17 33 19 34 24 35 28 8 24 20 25 10 26 21 27 29 28 16 29 24 30 27 31 29 12 16 21 17 25 18 20 19 23 28 13 29 27 30 12 31 19 32 15 33 28 34 18 35 10 4 36 30 37 19 38 29 39 12 
5 4 0 23 1 14 2 20 3 18 28 4 16 5 12 6 14 7 14 8 19 9 22 10 30 11 14 12 10 13 10 14 15 15 27 16 29 17 29 18 20 19 29 20 10 21 11 22 26 23 11 28 20 29 28 30 14 31 26 32 23 33 28 34 19 35 23 24 4 12 5 27 6 30 7 18 12 12 13 30 14 26 15 12 16 20 17 27 18 30 19 29 20 20 21 29 22 22 23 20 28 30 29 18 30 19 31 18 32 27 33 11 34 19 35 30 32 4 17 5 25 6 28 7 10 8 20 9 27 10 15 11 28 12 27 13 11 14 26 15 20 16 24 17 27 18 19 19 21 20 20 21 14 22 22 23 14 24 28 25 13 26 12 27 12 28 19 29 13 30 12 31 17 32 13 33 17 34 27 35 16 4 36 10 37 19 38 21 39 24 
5 4 0 25 1 12 2 24 3 26 24 4 27 5 10 6 23 7 22 8 18 9 13 10 16 11 29 12 12 13 15 14 30 15 24 24 14 25 13 26 15 27 25 28 27 29 19 30 24 31 29 32 24 33 19 34 17 35 27 20 4 27 5 15 6 30 7 27 8 23 9 21 10 11 11 12 16 17 17 16 18 23 19 13 24 16 25 14 26 20 27 30 32 17 33 14 34 24 35 16 24 4 22 5 30 6 23 7 10 8 22 9 22 10 28 11 28 12 18 13 16 14 22 15 20 16 26 17 28 18 17 19 23 28 29 29 20 30 26 31 11 32 19 33 13 34 14 35 20 4 36 14 37 29 38 30 39 26 
5 4 0 18 1 13 2 16 3 24 8 8 19 9 23 10 30 11 11 16 24 17 12 18 17 19 11 20 8 22 9 29 10 22 11 22 16 21 17 27 18 26 19 24 20 12 21 11 22 29 23 17 24 10 25 26 26 13 27 13 28 10 29 16 30 26 31 17 32 4 24 5 22 6 22 7 29 8 22 9 28 10 24 11 28 12 12 13 30 14 13 15 28 16 18 17 16 18 25 19 24 20 24 21 13 22 21 23 24 24 22 25 25 26 27 27 25 28 11 29 18 30 22 31 10 32 18 33 28 34 15 35 12 4 36 25 37 15 38 29 39 18 
5 4 0 27 1 10 2 11 3 12 20 8 17 9 30 10 21 11 14 16 30 17 16 18 18 19 23 20 10 21 24 22 20 23 13 24 20 25 17 26 11 27 30 28 15 29 17 30 26 31 30 32 4 22 5 25 6 27 7 12 8 25 9 14 10 22 11 27 12 30 13 20 14 21 15 17 16 22 17 20 18 16 19 29 20 19 21 10 22 12 23 16 24 28 25 11 26 26 27 21 28 30 29 13 30 11 31 30 32 17 33 25 34 12 35 12 4 20 18 21 15 22 23 23 15 4 36 22 37 15 38 28 39 14 
5 4 0 25 1 13 2 24 3 10 24 8 26 9 15 10 19 11 18 12 15 13 15 14 11 15 25 16 24 17 23 18 27 19 19 20 16 21 22 22 17 23 26 28 28 29 13 30 23 31 20 32 25 33 23 34 14 35 14 28 4 17 5 13 6 20 7 17 8 19 9 20 10 11 11 21 12 27 13 22 14 12 15 20 16 15 17 21 18 18 19 15 20 29 21 22 22 23 23 29 24 15 25 15 26 27 27 26 28 20 29 22 30 22 31 14 24 8 16 9 21 10 11 11 14 12 10 13 12 14 25 15 26 16 18 17 11 18 10 19 12 20 24 21 29 22 20 23 26 28 27 29 12 30 13 31 11 32 27 33 15 34 19 35 13 4 36 18 37 26 38 10 39 19 
5 4 0 17 1 16 2 12 3 26 20 4 15 5 15 6 21 7 13 8 10 9 15 10 19 11 19 16 11 17 11 18 16 19 14 28 20 29 13 30 22 31 14 32 25 33 20 34 17 35 19 16 4 10 5 10 6 10 7 19 8 20 9 20 10 10 11 13 16 19 17 24 18 27 19 12 32 12 33 20 34 21 35 14 20 4 23 5 14 6 30 7 14 16 18 17 18 18 11 19 11 20 13 21 25 22 20 23 24 24 20 25 17 26 22 27 17 32 11 33 22 34 21 35 25 4 36 22 37 24 38 22 39 20 
5 4 0 26 1 19 2 12 3 17 8 4 25 5 15 6 21 7 29 24 11 25 28 26 14 27 21 24 4 12 5 26 6 25 7 16 8 25 9 22 10 30 11 14 20 19 21 23 22 18 23 15 24 28 25 25 26 20 27 17 28 30 29 10 30 30 31 29 32 10 33 20 34 20 35 12 32 4 12 5 11 6 16 7 26 8 28 9 15 10 19 11 26 12 29 13 15 14 23 15 10 16 12 17 11 18 23 19 17 20 16 21 25 22 30 23 20 24 14 25 12 26 15 27 29 28 21 29 30 30 15 31 12 32 26 33 18 34 29 35 30 4 36 21 37 24 38 14 39 17 
5 4 0 11 1 28 2 10 3 17 8 16 30 17 22 18 15 19 12 20 16 21 21 22 15 23 17 28 4 22 5 23 6 24 7 11 12 14 13 16 14 26 15 10 16 14 17 23 18 24 19 24 20 27 21 19 22 12 23 24 24 19 25 14 26 10 27 15 28 22 29 22 30 27 31 19 32 18 33 20 34 12 35 21 28 4 24 5 25 6 20 7 30 8 11 9 11 10 18 11 10 12 23 13 28 14 18 15 22 16 18 17 23 18 25 19 19 20 21 21 16 22 22 23 17 24 18 25 23 26 12 27 26 32 29 33 21 34 30 35 13 4 36 23 37 10 38 10 39 19 
5 4 0 13 1 28 2 13 3 28 32 4 10 5 18 6 23 7 28 8 19 9 21 10 12 11 10 12 22 13 29 14 27 15 18 16 27 17 27 18 15 19 29 20 12 21 11 22 22 23 12 24 15 25 30 26 24 27 17 28 12 29 14 30 25 31 11 32 21 33 11 34 22 35 28 12 8 20 9 11 10 17 11 25 12 22 13 19 14 30 15 16 28 14 29 24 30 23 31 10 32 4 24 5 22 6 10 7 29 8 14 9 12 10 24 11 23 12 17 13 13 14 27 15 11 16 16 17 10 18 11 19 29 20 25 21 29 22 30 23 24 24 26 25 30 26 19 27 22 28 20 29 26 30 15 31 22 32 10 33 27 34 19 35 11 4 36 12 37 23 38 16 39 29 
5 4 0 11 1 28 2 29 3 26 32 4 28 5 14 6 29 7 14 8 28 9 26 10 12 11 15 12 27 13 25 14 14 15 18 16 27 17 21 18 25 19 24 20 27 21 21 22 16 23 27 24 26 25 16 26 13 27 27 28 21 29 17 30 13 31 20 32 25 33 12 34 11 35 20 4 12 19 13 16 14 13 15 15 32 4 19 5 25 6 12 7 27 8 26 9 12 10 24 11 11 12 24 13 14 14 23 15 13 16 16 17 23 18 15 19 19 20 19 21 12 22 27 23 19 24 11 25 13 26 17 27 30 28 14 29 20 30 15 31 22 32 14 33 20 34 23 35 27 4 36 12 37 25 38 13 39 13 
5 4 0 29 1 28 2 16 3 11 8 8 13 9 26 10 23 11 16 24 18 25 22 26 22 27 18 4 16 23 17 14 18 17 19 16 16 8 27 9 22 10 16 11 28 12 25 13 16 14 12 15 17 16 27 17 10 18 30 19 12 24 24 25 26 26 10 27 18 4 36 12 37 26 38 20 39 22 
5 4 0 12 1 17 2 29 3 25 12 8 30 9 17 10 27 11 28 12 20 13 22 14 29 15 19 24 11 25 24 26 18 27 12 28 4 22 5 12 6 19 7 11 8 24 9 22 10 12 11 17 12 16 13 15 14 18 15 23 16 30 17 28 18 14 19 23 20 24 21 10 22 25 23 10 24 17 25 12 26 26 27 17 28 13 29 22 30 25 31 20 16 8 14 9 26 10 10 11 30 16 17 17 29 18 21 19 12 24 17 25 10 26 24 27 16 28 12 29 10 30 18 31 23 4 36 22 37 10 38 18 39 14 
5 4 0 30 1 16 2 17 3 25 28 8 14 9 17 10 16 11 13 12 13 13 23 14 19 15 28 16 14 17 30 18 15 19 18 20 10 21 27 22 19 23 13 24 22 25 19 26 15 27 18 28 19 29 24 30 11 31 12 32 25 33 10 34 30 35 22 4 28 23 29 29 30 27 31 29 24 4 12 5 21 6 23 7 27 8 29 9 23 10 18 11 21 12 15 13 23 14 10 15 18 16 16 17 27 18 26 19 11 20 15 21 24 22 23 23 10 24 13 25 18 26 27 27 10 4 36 16 37 27 38 20 39 14 
5 4 0 29 1 15 2 12 3 27 28 8 18 9 16 10 18 11 15 12 14 13 14 14 10 15 22 16 11 17 17 18 20 19 20 20 26 21 10 22 30 23 23 24 26 25 24 26 19 27 12 28 12 29 14 30 20 31 15 32 23 33 13 34 28 35 14 8 24 25 25 21 26 15 27 26 32 23 33 19 34 23 35 18 28 4 27 5 29 6 30 7 10 8 27 9 13 10 24 11 26 12 12 13 26 14 20 15 22 16 12 17 20 18 23 19 19 24 29 25 27 26 21 27 15 28 27 29 30 30 14 31 20 32 19 33 16 34 21 35 20 4 36 26 37 30 38 25 39 20 
5 4 0 24 1 16 2 30 3 21 24 4 15 5 21 6 26 7 14 8 14 9 27 10 24 11 21 12 17 13 17 14 28 15 19 20 25 21 16 22 25 23 27 24 23 25 22 26 18 27 22 32 14 33 26 34 27 35 16 32 4 17 5 13 6 13 7 12 8 30 9 15 10 14 11 18 12 17 13 14 14 24 15 20 16 30 17 21 18 28 19 12 20 19 21 21 22 24 23 19 24 17 25 10 26 12 27 28 28 13 29 23 30 14 31 10 32 26 33 25 34 24 35 25 20 4 26 5 14 6 10 7 30 20 13 21 25 22 11 23 19 24 13 25 10 26 26 27 15 28 12 29 26 30 16 31 23 32 17 33 21 34 30 35 21 4 36 22 37 10 38 25 39 30 

Dynamic Events
Machine Breakdowns (x y z): Machine {x} breakdown from time {y} to {z}
0 43 80
1 139 176
2 124 161
3 98 135
4 69 106
5 186 223
6 167 204
7 97 134
8 174 211
9 176 213
10 36 73
11 124 161
12 137 174
13 48 85
14 55 92
15 148 185
18 181 218
19 45 82
20 76 113
21 58 95
22 112 149
23 5 42
24 89 126
25 72 109
26 42 79
28 160 197
29 84 121
30 139 176
31 91 128
32 169 206
33 65 102
34 108 145
35 29 66
36 51 88
37 71 108
38 41 78
39 0 37

Added Jobs (first number is the time at which the job is added, then pairs of machines and process time)
15: 5 16 13 18 39 24 30 13 24 20 4 11 35 13 27 17 17 14 33 10 0 20 3 21 16 16 15 20 32 25 29 13 9 19 12 12 21 8 10 10 16 28 26 0 17 30 22 15 12 7 24 36 10 14 22 6 25 13 15 25 17 23 10 14 18 20 8 24 29 11 33 25 28 17 30 17 2 25 32 20 21 17 7 25 27 13 3 13 39 15 13 30 31 22 34 26 4 16 12 29 15 22 14 10 11 18 16 25 6 11 17 21 24 37 24 5 12 0 29 3 25 27 17 16 12 7 13 26 13 24 27 6 17 14 23 10 25 4 20 34 13 12 20 1 17 24 18 12 28 10 24 26 29 18 36 28 26 23 31 27 13 10 19 16 1 13 20 28 12 30 5 23 4 14 3 22 25 27 35 10 37 27 15 27 14 22 16 17 17 29 23 24 0 24 
49: 5 22 2 25 29 22 5 20 6 11 19 23 13 19 26 24 32 30 38 23 17 26 9 14 36 10 16 14 25 16 35 22 11 10 37 17 18 30 33 25 34 20 27 28 15 28 11 12 26 34 30 1 19 21 13 29 28 28 11 19 23 23 23 6 19 38 21 33 19 23 37 26 22 30 17 19 27 10 36 25 20 27 26 25 18 15 5 14 3 13 24 18 38 25 1 11 16 11 4 23 30 17 33 27 13 22 10 17 9 12 14 30 35 29 32 21 10 29 19 12 13 36 10 17 27 21 20 3 27 18 18 4 21 19 28 22 17 18 33 16 1 24 11 28 12 30 38 27 7 26 15 21 2 25 29 27 31 15 18 19 34 14 28 12 3 21 13 19 0 29 21 25 26 11 
45: 5 17 17 22 8 29 32 16 9 17 13 28 6 21 22 23 21 17 31 30 0 13 20 20 28 21 35 13 37 15 3 23 19 18 12 18 20 33 22 14 20 39 14 4 20 24 25 15 15 19 17 26 19 22 21 30 24 12 14 32 22 38 11 9 16 11 13 7 26 6 16 21 12 3 25 0 23 26 20 24 38 30 18 18 11 15 1 18 0 19 14 21 30 25 29 27 4 15 25 19 10 20 34 19 19 27 5 16 2 17 7 20 23 27 28 11 27 28 22 28 8 18 39 16 35 24 26 27 37 23 28 6 29 11 15 36 19 15 23 38 14 21 15 19 20 39 19 22 21 27 11 17 25 24 26 0 23 3 28 13 13 12 18 16 19 34 12 20 23 9 16 14 24 28 10 5 21 37 30 30 17 32 26 7 10 23 25 26 23 28 29 10 26 19 3 11 27 20 33 22 6 28 17 26 34 24 18 30 31 30 35 12 7 19 12 18 0 17 15 19 19 17 5 21 2 22 13 17 37 23 21 25 39 25 4 29 25 22 8 11 

Cancelled Jobs
95 7
3 12
