10 6
6 2 0 5 2 4 3 4 3 2 5 1 1 2 2 4 5 2 3 5 5 1 6 0 1 1 2 1 3 5 6 2 6 3 3 
5 1 1 6 1 2 1 1 0 2 2 1 6 3 6 3 5 5 1 6 0 1 
5 1 1 6 2 2 4 5 2 3 5 5 1 6 0 1 3 2 4 1 6 5 6 2 0 1 4 5 
5 3 5 5 1 6 0 1 1 1 6 1 2 1 3 4 3 2 5 1 1 2 2 4 5 2 
6 3 4 3 2 5 1 1 3 5 5 1 6 0 1 1 1 6 2 0 5 2 4 2 1 6 3 6 3 2 4 1 6 5 6 
6 2 2 4 5 2 1 0 2 3 2 4 1 6 5 6 1 1 6 3 5 5 1 6 0 1 2 0 3 3 2 
5 1 5 1 2 0 3 3 2 3 2 4 1 6 5 6 3 1 6 4 1 0 6 1 2 1 
5 2 2 4 5 2 3 2 4 1 6 5 6 3 5 5 1 6 0 1 1 1 6 2 1 6 3 6 
6 1 5 1 2 0 1 4 5 3 5 6 2 6 3 3 1 0 2 3 2 4 1 6 5 6 2 1 6 3 6 
6 2 2 4 5 2 3 2 4 1 6 5 6 3 4 3 2 5 1 1 1 5 1 2 1 6 3 6 2 0 3 3 2 

Dynamic Events
Machine Breakdowns (x y z): Machine {x} breakdown from time {y} to {z}
0 34 46
1 60 72
2 7 19
3 39 51
4 27 39

Added Jobs (first number is the time at which the job is added, then pairs of machines and process time)
15: 6 2 2 4 4 3 3 1 5 3 5 4 3 2 4 5 3 5 3 2 5 1 2 4 3 3 0 1 5 6 3 4 2 3 6 0 2 
21: 5 3 3 6 4 4 2 5 2 1 6 2 3 2 5 6 2 5 2 5 1 1 3 1 5 5 
15: 5 3 0 3 4 4 5 1 1 0 3 3 1 5 2 4 3 5 2 5 5 3 5 3 1 1 2 6 0 1 

Cancelled Jobs
