15 13
10 1 7 8 4 9 75 10 75 11 75 12 75 1 0 72 1 6 74 1 4 30 1 8 43 1 2 38 1 5 98 1 1 26 1 3 19 
10 1 6 19 1 8 73 1 3 43 1 0 23 1 1 85 1 4 39 1 5 13 4 9 26 10 26 11 26 12 26 1 2 67 1 7 9 
10 1 1 50 1 3 93 1 5 80 1 4 7 1 0 55 1 2 61 1 6 57 1 8 72 4 9 42 10 42 11 42 12 42 1 7 46 
10 1 1 68 1 7 43 1 4 99 1 6 60 1 5 68 1 0 91 1 8 11 1 3 96 4 9 11 10 11 11 11 12 11 1 2 72 
10 1 7 84 1 2 34 1 8 40 1 5 7 1 1 70 1 6 74 1 3 12 1 0 43 4 9 69 10 69 11 69 12 69 1 4 30 
10 1 8 60 1 0 49 1 4 59 1 5 72 4 9 63 10 63 11 63 12 63 1 1 69 1 7 99 1 6 45 1 3 27 1 2 9 
10 1 6 71 1 2 91 1 8 65 1 1 90 4 9 98 10 98 11 98 12 98 1 4 8 1 7 50 1 0 75 1 5 37 1 3 17 
10 1 8 62 1 7 90 1 5 98 1 3 31 1 2 91 1 4 38 4 9 72 10 72 11 72 12 72 1 1 9 1 0 72 1 6 49 
10 1 4 35 1 0 39 4 9 74 10 74 11 74 12 74 1 5 25 1 7 47 1 3 52 1 2 63 1 8 21 1 6 35 1 1 80 
10 4 9 58 10 58 11 58 12 58 1 0 5 1 3 50 1 8 52 1 1 88 1 6 20 1 2 68 1 5 24 1 4 53 1 7 57 
10 1 7 99 1 3 91 1 4 33 1 5 19 1 2 18 1 6 38 1 0 24 4 9 35 10 35 11 35 12 35 1 1 49 1 8 9 
10 1 0 68 1 3 60 1 2 77 1 7 10 1 8 60 1 5 15 4 9 72 10 72 11 72 12 72 1 1 18 1 6 90 1 4 18 
10 4 9 79 10 79 11 79 12 79 1 1 60 1 3 56 1 6 91 1 2 40 1 8 86 1 7 72 1 0 80 1 5 89 1 4 51 
10 1 4 10 1 2 92 1 5 23 1 6 46 1 8 40 1 7 72 1 3 6 1 1 23 1 0 95 4 9 34 10 34 11 34 12 34 
10 1 2 24 1 5 29 4 9 49 10 49 11 49 12 49 1 8 55 1 0 47 1 6 77 1 3 77 1 7 8 1 1 28 1 4 48 

Dynamic Events
Machine Breakdowns (x y z): Machine {x} breakdown from time {y} to {z}
1 1360 1633
2 1415 1651
3 318 617
4 1332 1631
5 14 313
6 61 360
8 457 756
9 1483 1782
10 493 792
11 871 1159
12 261 560

Added Jobs (first number is the time at which the job is added, then pairs of machines and process time)
95: 10 3 2 71 6 71 9 16 1 6 74 3 12 51 11 46 9 35 2 4 19 3 68 3 12 88 2 78 0 39 3 11 59 9 97 3 25 1 9 98 3 9 76 6 86 3 24 1 12 23 4 6 59 7 16 12 75 1 88 
258: 10 4 3 11 11 22 6 37 12 27 1 8 73 3 3 48 9 84 11 15 3 11 24 8 82 1 55 4 4 50 12 88 9 53 10 75 3 1 69 10 41 3 48 3 7 79 6 46 4 16 3 5 70 4 52 0 36 3 12 65 11 12 2 73 4 3 89 6 34 12 72 2 56 
74: 10 1 10 14 2 10 69 0 45 2 3 6 7 65 3 6 61 2 64 10 58 3 8 25 9 28 10 12 2 8 84 11 27 2 11 74 1 83 3 6 57 12 80 4 34 1 12 37 2 10 75 4 9 
322: 10 4 1 14 2 34 10 46 3 75 4 8 75 11 17 3 20 4 95 1 6 44 2 3 90 2 91 2 0 72 10 26 2 6 59 2 23 3 3 59 4 8 1 20 2 0 89 6 47 1 4 20 1 1 87 

Cancelled Jobs
13 1
