20 15
15 7 1 14 2 14 3 14 6 14 8 14 11 14 14 14 10 1 21 2 21 4 21 5 21 6 21 7 21 9 21 10 21 13 21 14 21 5 3 13 4 13 8 13 12 13 14 13 5 4 11 7 11 11 11 12 11 14 11 8 1 11 2 11 6 11 7 11 9 11 10 11 13 11 14 11 8 1 35 2 35 4 35 5 35 7 35 10 35 13 35 14 35 5 1 20 3 20 7 20 9 20 13 20 5 4 17 8 17 10 17 11 17 12 17 6 1 18 3 18 7 18 10 18 13 18 14 18 5 0 11 4 11 10 11 12 11 14 11 5 1 23 2 23 3 23 10 23 12 23 8 0 13 1 13 2 13 3 13 5 13 8 13 11 13 14 13 6 0 15 1 15 2 15 3 15 6 15 10 15 10 0 11 2 11 3 11 5 11 6 11 7 11 8 11 9 11 11 11 13 11 7 0 35 2 35 7 35 9 35 10 35 11 35 12 35 
15 6 0 35 1 35 5 35 9 35 11 35 12 35 10 0 31 1 31 2 31 3 31 5 31 7 31 8 31 12 31 13 31 14 31 8 0 13 4 13 8 13 10 13 11 13 12 13 13 13 14 13 5 0 26 2 26 3 26 4 26 9 26 6 4 14 6 14 7 14 9 14 11 14 13 14 10 0 17 1 17 2 17 5 17 7 17 8 17 9 17 10 17 13 17 14 17 7 1 38 2 38 3 38 4 38 6 38 7 38 9 38 5 0 20 2 20 3 20 8 20 12 20 8 2 19 5 19 7 19 8 19 9 19 10 19 11 19 12 19 10 0 12 3 12 4 12 5 12 6 12 7 12 10 12 12 12 13 12 14 12 6 0 16 7 16 8 16 9 16 11 16 12 16 7 0 34 4 34 5 34 6 34 9 34 10 34 14 34 8 0 15 1 15 2 15 3 15 8 15 11 15 13 15 14 15 8 0 12 2 12 3 12 5 12 6 12 10 12 11 12 14 12 12 0 14 1 14 2 14 3 14 4 14 5 14 6 14 7 14 9 14 10 14 12 14 14 14 
15 7 0 30 1 30 2 30 4 30 6 30 12 30 13 30 6 0 35 1 35 4 35 5 35 10 35 13 35 4 0 40 2 40 3 40 13 40 5 1 35 2 35 10 35 13 35 14 35 7 0 30 2 30 3 30 6 30 11 30 13 30 14 30 4 3 23 4 23 7 23 14 23 6 1 29 3 29 6 29 8 29 12 29 14 29 7 2 37 6 37 8 37 9 37 10 37 11 37 13 37 7 1 38 2 38 3 38 7 38 9 38 12 38 14 38 4 3 40 4 40 12 40 14 40 9 0 26 1 26 2 26 6 26 9 26 11 26 12 26 13 26 14 26 5 0 11 3 11 10 11 11 11 12 11 7 1 40 3 40 4 40 8 40 10 40 11 40 13 40 5 0 36 5 36 9 36 11 36 13 36 8 0 17 3 17 5 17 6 17 9 17 10 17 11 17 14 17 
15 8 0 40 2 40 5 40 6 40 7 40 8 40 9 40 10 40 6 1 18 5 18 8 18 10 18 13 18 14 18 6 0 12 3 12 4 12 8 12 12 12 13 12 6 0 23 1 23 2 23 5 23 8 23 9 23 6 0 23 1 23 2 23 7 23 11 23 13 23 7 0 14 1 14 8 14 9 14 11 14 12 14 14 14 9 0 16 4 16 5 16 8 16 9 16 11 16 12 16 13 16 14 16 7 0 14 3 14 4 14 6 14 9 14 10 14 12 14 7 2 23 3 23 6 23 7 23 10 23 13 23 14 23 5 0 12 1 12 3 12 9 12 10 12 7 0 16 1 16 4 16 5 16 6 16 10 16 13 16 7 1 32 3 32 4 32 6 32 8 32 11 32 14 32 6 0 40 1 40 2 40 3 40 7 40 8 40 8 2 25 4 25 6 25 8 25 10 25 11 25 12 25 13 25 11 0 29 2 29 3 29 4 29 5 29 6 29 8 29 10 29 12 29 13 29 14 29 
15 4 0 35 2 35 9 35 14 35 11 2 15 3 15 4 15 5 15 6 15 7 15 10 15 11 15 12 15 13 15 14 15 8 0 31 2 31 3 31 4 31 6 31 7 31 11 31 12 31 7 1 28 4 28 8 28 9 28 10 28 11 28 13 28 8 3 32 4 32 6 32 7 32 8 32 11 32 12 32 13 32 9 3 30 4 30 5 30 6 30 7 30 9 30 11 30 12 30 13 30 4 0 27 4 27 10 27 12 27 7 1 29 5 29 6 29 7 29 8 29 9 29 12 29 8 0 38 2 38 5 38 7 38 10 38 11 38 12 38 13 38 9 0 11 1 11 2 11 3 11 4 11 6 11 7 11 13 11 14 11 5 1 23 2 23 4 23 11 23 12 23 6 1 17 3 17 4 17 8 17 10 17 14 17 6 1 27 3 27 5 27 8 27 12 27 14 27 5 3 37 9 37 12 37 13 37 14 37 6 0 29 1 29 4 29 8 29 9 29 11 29 
15 6 0 33 1 33 2 33 5 33 9 33 11 33 7 0 33 3 33 6 33 8 33 10 33 11 33 14 33 7 0 19 2 19 3 19 5 19 6 19 7 19 14 19 12 2 40 3 40 4 40 5 40 6 40 7 40 8 40 9 40 10 40 12 40 13 40 14 40 7 0 19 1 19 2 19 6 19 10 19 11 19 12 19 6 0 33 1 33 5 33 8 33 10 33 12 33 8 1 26 2 26 4 26 5 26 6 26 7 26 10 26 13 26 6 1 31 2 31 3 31 4 31 11 31 13 31 6 2 28 3 28 9 28 11 28 12 28 14 28 8 0 36 1 36 3 36 6 36 7 36 9 36 12 36 13 36 8 0 38 1 38 4 38 5 38 7 38 8 38 13 38 14 38 4 1 21 5 21 13 21 14 21 4 3 25 5 25 13 25 14 25 6 0 40 1 40 2 40 7 40 9 40 11 40 8 0 35 1 35 4 35 5 35 6 35 7 35 8 35 12 35 
15 8 0 25 2 25 3 25 4 25 6 25 9 25 13 25 14 25 8 0 32 4 32 5 32 6 32 8 32 9 32 11 32 14 32 7 4 33 5 33 6 33 9 33 10 33 11 33 12 33 5 0 18 2 18 3 18 6 18 12 18 4 1 32 4 32 5 32 7 32 7 1 28 4 28 6 28 8 28 9 28 10 28 12 28 4 5 15 10 15 11 15 14 15 8 3 35 4 35 7 35 9 35 10 35 11 35 12 35 14 35 9 0 14 1 14 2 14 3 14 4 14 6 14 9 14 12 14 13 14 8 1 34 2 34 3 34 4 34 6 34 7 34 11 34 13 34 6 1 23 3 23 5 23 6 23 7 23 8 23 5 5 32 6 32 10 32 11 32 13 32 4 1 17 6 17 9 17 11 17 3 2 26 12 26 14 26 3 2 19 8 19 13 19 
15 3 2 16 9 16 12 16 6 0 33 5 33 6 33 7 33 10 33 12 33 5 5 34 6 34 7 34 9 34 14 34 8 1 30 2 30 3 30 6 30 7 30 8 30 9 30 11 30 6 2 40 4 40 11 40 12 40 13 40 14 40 3 5 12 8 12 11 12 4 8 26 9 26 11 26 14 26 8 1 26 2 26 3 26 4 26 5 26 6 26 7 26 14 26 7 0 15 1 15 4 15 6 15 8 15 10 15 12 15 3 3 21 4 21 10 21 8 1 40 4 40 5 40 8 40 9 40 12 40 13 40 14 40 9 2 32 4 32 6 32 7 32 8 32 9 32 11 32 12 32 13 32 5 0 14 5 14 6 14 8 14 12 14 6 2 30 4 30 6 30 7 30 11 30 13 30 4 3 35 7 35 8 35 10 35 
15 4 2 17 5 17 6 17 9 17 5 1 16 6 16 7 16 10 16 12 16 7 5 20 6 20 7 20 8 20 10 20 13 20 14 20 7 0 24 3 24 4 24 5 24 6 24 10 24 13 24 7 3 26 5 26 6 26 7 26 8 26 9 26 14 26 11 0 36 1 36 2 36 3 36 4 36 7 36 8 36 9 36 11 36 12 36 13 36 6 0 22 1 22 4 22 6 22 7 22 12 22 5 0 14 4 14 6 14 7 14 14 14 6 0 11 2 11 8 11 9 11 13 11 14 11 6 0 20 2 20 3 20 9 20 11 20 14 20 8 0 23 2 23 6 23 7 23 8 23 9 23 12 23 14 23 9 1 29 2 29 4 29 6 29 7 29 9 29 10 29 11 29 13 29 7 0 23 1 23 7 23 8 23 11 23 12 23 14 23 5 1 15 4 15 11 15 12 15 14 15 3 4 40 5 40 11 40 
15 6 2 27 3 27 4 27 5 27 7 27 12 27 6 1 37 3 37 4 37 8 37 9 37 13 37 7 1 40 3 40 5 40 6 40 10 40 11 40 14 40 9 0 14 2 14 4 14 5 14 8 14 9 14 10 14 11 14 12 14 8 0 25 2 25 4 25 7 25 8 25 10 25 13 25 14 25 10 0 30 1 30 2 30 4 30 5 30 6 30 7 30 8 30 9 30 12 30 7 0 34 5 34 6 34 10 34 12 34 13 34 14 34 6 2 11 4 11 6 11 8 11 9 11 14 11 8 1 15 2 15 5 15 6 15 7 15 8 15 11 15 13 15 7 2 32 3 32 5 32 6 32 7 32 9 32 12 32 2 1 36 8 36 6 0 12 2 12 3 12 5 12 10 12 11 12 6 0 28 3 28 4 28 11 28 13 28 14 28 6 1 31 6 31 8 31 10 31 11 31 14 31 11 1 23 2 23 3 23 4 23 5 23 6 23 7 23 8 23 9 23 13 23 14 23 
15 6 1 25 4 25 5 25 6 25 12 25 13 25 4 0 22 1 22 5 22 11 22 7 3 27 7 27 8 27 9 27 10 27 12 27 13 27 6 0 14 3 14 6 14 8 14 11 14 14 14 7 3 25 4 25 5 25 6 25 10 25 11 25 12 25 11 0 20 3 20 6 20 7 20 8 20 9 20 10 20 11 20 12 20 13 20 14 20 4 0 18 2 18 13 18 14 18 7 1 14 2 14 4 14 5 14 7 14 9 14 10 14 7 0 19 1 19 3 19 4 19 9 19 11 19 14 19 8 0 17 1 17 2 17 3 17 9 17 10 17 11 17 13 17 6 1 27 4 27 5 27 6 27 7 27 14 27 7 1 22 2 22 3 22 7 22 9 22 10 22 13 22 3 10 22 12 22 13 22 8 3 27 4 27 5 27 6 27 7 27 8 27 11 27 12 27 6 0 21 3 21 5 21 10 21 11 21 13 21 
15 11 0 34 1 34 4 34 5 34 6 34 7 34 8 34 10 34 11 34 12 34 14 34 6 0 15 5 15 6 15 9 15 10 15 11 15 8 0 22 1 22 3 22 4 22 5 22 7 22 12 22 13 22 9 0 29 2 29 3 29 5 29 6 29 9 29 10 29 11 29 14 29 7 0 34 1 34 2 34 3 34 5 34 9 34 13 34 4 2 40 6 40 7 40 12 40 10 0 17 1 17 2 17 4 17 5 17 6 17 7 17 9 17 11 17 12 17 4 2 32 5 32 9 32 12 32 8 1 20 2 20 3 20 7 20 9 20 10 20 12 20 13 20 5 1 39 2 39 5 39 13 39 14 39 9 1 31 4 31 5 31 8 31 9 31 10 31 12 31 13 31 14 31 10 1 16 2 16 3 16 5 16 6 16 8 16 10 16 11 16 12 16 14 16 4 1 37 2 37 10 37 13 37 5 1 33 2 33 3 33 8 33 12 33 7 0 13 1 13 4 13 5 13 8 13 9 13 11 13 
15 6 1 12 5 12 6 12 9 12 10 12 11 12 6 2 27 5 27 7 27 8 27 10 27 12 27 8 0 17 3 17 4 17 7 17 8 17 12 17 13 17 14 17 5 0 24 2 24 3 24 7 24 8 24 9 0 11 1 11 3 11 6 11 8 11 9 11 10 11 12 11 13 11 4 1 19 2 19 5 19 14 19 8 3 11 4 11 5 11 6 11 9 11 11 11 13 11 14 11 7 3 17 4 17 5 17 7 17 8 17 9 17 11 17 5 5 25 9 25 10 25 12 25 14 25 7 1 11 4 11 5 11 8 11 9 11 11 11 14 11 10 1 31 4 31 6 31 7 31 8 31 9 31 10 31 11 31 13 31 14 31 9 0 33 1 33 2 33 5 33 6 33 7 33 8 33 9 33 13 33 4 7 31 8 31 11 31 12 31 9 1 12 5 12 6 12 7 12 9 12 10 12 11 12 12 12 13 12 7 0 22 7 22 8 22 10 22 11 22 12 22 14 22 
15 6 1 22 2 22 4 22 5 22 11 22 14 22 8 2 15 5 15 6 15 8 15 9 15 11 15 13 15 14 15 8 0 16 1 16 2 16 3 16 5 16 10 16 11 16 13 16 6 2 32 5 32 8 32 10 32 11 32 12 32 7 0 20 3 20 4 20 7 20 10 20 13 20 14 20 8 0 22 1 22 2 22 3 22 4 22 11 22 13 22 14 22 5 0 11 1 11 9 11 10 11 12 11 5 0 19 2 19 4 19 13 19 14 19 10 1 30 4 30 5 30 8 30 9 30 10 30 11 30 12 30 13 30 14 30 5 4 33 5 33 7 33 11 33 12 33 6 5 29 6 29 8 29 9 29 10 29 11 29 9 0 18 1 18 2 18 3 18 6 18 7 18 9 18 11 18 13 18 8 3 34 6 34 7 34 8 34 9 34 10 34 11 34 13 34 10 0 32 1 32 2 32 4 32 6 32 8 32 9 32 10 32 11 32 13 32 7 1 18 2 18 3 18 7 18 9 18 13 18 14 18 
15 3 4 27 5 27 12 27 6 1 26 3 26 6 26 8 26 10 26 14 26 8 1 28 3 28 5 28 6 28 7 28 8 28 10 28 12 28 4 2 37 6 37 12 37 13 37 7 0 18 3 18 4 18 7 18 8 18 10 18 14 18 8 0 12 2 12 3 12 4 12 6 12 8 12 12 12 14 12 7 0 11 1 11 5 11 7 11 10 11 11 11 12 11 6 1 26 2 26 4 26 6 26 8 26 13 26 5 2 27 4 27 5 27 6 27 7 27 6 0 40 1 40 4 40 6 40 9 40 11 40 5 6 19 11 19 12 19 13 19 14 19 6 1 24 3 24 4 24 6 24 10 24 11 24 9 1 18 2 18 4 18 5 18 7 18 8 18 10 18 13 18 14 18 9 0 12 1 12 3 12 4 12 5 12 6 12 7 12 10 12 13 12 8 1 34 2 34 3 34 4 34 6 34 8 34 11 34 13 34 
15 4 1 15 6 15 7 15 8 15 3 5 28 7 28 14 28 8 1 25 3 25 4 25 5 25 7 25 9 25 12 25 14 25 7 0 32 1 32 6 32 7 32 8 32 9 32 11 32 8 1 13 2 13 5 13 7 13 8 13 10 13 11 13 12 13 6 5 38 6 38 7 38 8 38 11 38 13 38 5 1 11 2 11 5 11 9 11 11 11 6 2 34 3 34 4 34 10 34 13 34 14 34 5 2 25 4 25 5 25 8 25 13 25 9 0 20 1 20 2 20 3 20 5 20 6 20 7 20 9 20 12 20 6 0 32 1 32 5 32 9 32 10 32 11 32 6 1 23 2 23 3 23 6 23 7 23 14 23 11 1 14 3 14 4 14 5 14 8 14 9 14 10 14 11 14 12 14 13 14 14 14 6 1 16 4 16 7 16 9 16 13 16 14 16 10 0 20 1 20 3 20 6 20 7 20 8 20 10 20 11 20 12 20 13 20 
15 8 0 15 1 15 3 15 7 15 8 15 12 15 13 15 14 15 5 4 13 7 13 8 13 13 13 14 13 4 2 37 8 37 9 37 11 37 5 0 14 3 14 7 14 12 14 14 14 5 2 22 4 22 5 22 8 22 10 22 3 1 24 5 24 12 24 7 2 26 3 26 7 26 8 26 11 26 12 26 14 26 4 2 22 7 22 12 22 13 22 5 0 34 2 34 4 34 6 34 9 34 5 0 22 3 22 4 22 7 22 14 22 8 2 19 4 19 5 19 7 19 8 19 11 19 12 19 13 19 4 0 32 1 32 6 32 13 32 5 0 29 2 29 3 29 10 29 12 29 6 0 13 2 13 4 13 8 13 13 13 14 13 4 0 35 2 35 5 35 6 35 
15 5 1 36 4 36 7 36 8 36 14 36 6 0 33 4 33 5 33 7 33 8 33 10 33 7 0 28 2 28 3 28 6 28 11 28 12 28 13 28 7 6 20 7 20 8 20 9 20 11 20 12 20 14 20 9 0 30 2 30 4 30 5 30 6 30 7 30 10 30 11 30 12 30 6 0 33 1 33 4 33 5 33 10 33 14 33 8 2 29 3 29 4 29 6 29 8 29 9 29 10 29 14 29 9 0 34 3 34 4 34 5 34 6 34 7 34 9 34 10 34 14 34 8 0 22 1 22 2 22 3 22 6 22 9 22 11 22 12 22 7 2 12 3 12 4 12 6 12 8 12 9 12 11 12 8 0 30 1 30 2 30 6 30 9 30 12 30 13 30 14 30 10 0 12 2 12 4 12 7 12 8 12 10 12 11 12 12 12 13 12 14 12 7 0 35 1 35 2 35 4 35 9 35 12 35 14 35 7 1 13 2 13 4 13 5 13 11 13 12 13 13 13 9 0 35 1 35 3 35 5 35 6 35 9 35 11 35 12 35 14 35 
15 5 6 26 8 26 9 26 11 26 14 26 7 0 31 4 31 6 31 7 31 8 31 11 31 14 31 8 0 35 4 35 5 35 6 35 7 35 8 35 12 35 13 35 7 1 38 2 38 8 38 10 38 11 38 12 38 13 38 8 0 19 2 19 4 19 7 19 8 19 9 19 13 19 14 19 7 3 35 7 35 9 35 10 35 12 35 13 35 14 35 6 0 27 1 27 4 27 8 27 11 27 14 27 7 0 29 1 29 2 29 8 29 9 29 12 29 13 29 6 3 39 4 39 6 39 9 39 10 39 14 39 5 1 13 5 13 6 13 7 13 9 13 6 0 14 1 14 2 14 3 14 6 14 10 14 7 0 26 1 26 4 26 7 26 10 26 12 26 13 26 7 0 17 1 17 3 17 6 17 7 17 11 17 13 17 7 0 22 1 22 2 22 7 22 8 22 12 22 13 22 3 4 15 7 15 12 15 
15 7 1 36 2 36 5 36 8 36 10 36 11 36 12 36 8 1 34 4 34 6 34 7 34 8 34 9 34 11 34 12 34 6 1 33 4 33 5 33 6 33 9 33 11 33 7 0 17 1 17 4 17 5 17 8 17 9 17 11 17 6 0 38 6 38 9 38 10 38 11 38 14 38 7 0 39 6 39 8 39 10 39 11 39 12 39 14 39 6 1 16 5 16 8 16 9 16 10 16 11 16 6 3 27 7 27 9 27 10 27 11 27 13 27 6 3 29 4 29 11 29 12 29 13 29 14 29 11 0 16 1 16 2 16 4 16 5 16 6 16 7 16 9 16 10 16 13 16 14 16 6 0 16 4 16 6 16 9 16 11 16 13 16 8 3 19 4 19 5 19 8 19 9 19 12 19 13 19 14 19 5 3 40 4 40 6 40 9 40 14 40 7 0 35 3 35 4 35 6 35 12 35 13 35 14 35 4 4 39 5 39 10 39 14 39 

Dynamic Events
Machine Breakdowns (x y z): Machine {x} breakdown from time {y} to {z}
0 5798 5933
1 121 286
1 3379 3515
2 429 652
2 4951 5082
3 513 694
4 1775 1974
4 3232 3366
4 4609 4759
5 4519 4659
6 761 949
6 2232 2353
7 5602 5812
8 3034 3223
9 1498 1740
9 5205 5421
10 4144 4326
10 5212 5438
11 1023 1230
12 6351 6524
13 2516 2659
14 6001 6138

Added Jobs (first number is the time at which the job is added, then pairs of machines and process time)
1257: 15 9 9 33 6 37 5 14 4 33 8 20 11 26 14 25 1 34 13 37 5 8 40 7 28 3 25 14 13 4 36 3 7 35 4 12 2 16 8 9 19 14 20 4 40 7 22 2 22 6 17 3 18 1 11 10 9 20 0 19 13 12 6 28 10 38 5 31 2 35 11 38 12 22 1 16 3 14 18 5 21 8 24 11 0 37 2 12 3 28 11 20 1 32 7 29 8 38 13 30 10 33 14 11 9 38 12 9 20 5 30 8 12 6 21 2 11 4 33 7 27 10 38 0 36 1 19 13 34 12 23 7 14 34 12 25 5 36 11 23 7 25 3 20 2 34 12 7 26 6 18 0 23 13 12 8 29 12 25 11 12 1 26 2 34 5 20 14 38 4 30 12 10 15 1 38 5 35 2 16 3 12 13 40 14 13 11 21 8 12 6 14 9 26 0 33 8 10 24 3 16 6 11 11 24 0 31 12 28 8 13 2 21 11 2 13 5 23 14 18 13 11 8 23 9 20 11 35 6 33 4 13 7 19 12 13 2 2 31 10 40 2 9 18 5 39 
2080: 15 10 8 38 5 36 7 37 1 16 10 40 0 36 4 28 13 27 12 13 3 18 3 1 18 2 24 13 24 6 7 34 9 19 8 34 6 18 4 32 10 29 11 7 32 2 36 1 17 9 12 8 17 3 28 12 30 0 22 11 17 5 37 4 12 9 0 30 4 13 3 22 9 16 2 39 7 16 6 36 8 23 1 33 2 4 20 12 36 6 7 26 10 32 12 20 6 14 1 38 0 24 7 13 37 11 20 10 13 5 31 7 40 3 36 8 15 5 13 31 3 15 5 13 7 29 12 36 12 1 21 10 35 3 16 8 27 11 29 5 15 9 16 6 29 7 15 13 18 4 32 14 26 5 0 34 3 20 14 40 8 20 12 27 6 6 21 12 19 9 18 7 32 8 19 2 30 8 4 18 3 34 1 28 7 34 14 18 9 37 10 39 11 31 5 14 35 7 15 8 33 0 14 4 35 9 8 25 6 33 4 12 14 27 13 25 11 19 1 21 2 36 10 21 
2213: 15 9 7 30 1 15 0 28 14 28 10 40 8 16 2 35 13 22 6 26 5 1 36 13 18 8 32 2 28 7 22 9 10 21 14 12 13 19 1 39 4 11 7 31 9 40 8 23 3 17 5 7 15 9 19 10 33 4 35 12 20 5 2 17 3 33 12 17 9 13 10 15 8 11 37 13 13 9 38 5 32 6 27 0 36 2 12 12 20 2 0 22 1 24 7 1 30 7 35 6 24 9 23 14 11 8 27 12 26 8 9 32 0 40 1 15 11 38 10 16 12 13 13 25 7 40 6 0 37 14 35 1 30 11 16 8 19 5 17 5 6 35 10 25 9 34 2 40 1 22 9 6 37 1 35 14 18 9 11 11 39 12 40 10 15 2 19 8 36 10 9 32 2 20 3 13 4 13 10 11 11 34 6 33 14 36 13 32 1 40 5 4 17 6 19 5 20 11 26 8 34 10 2 38 7 26 4 18 1 19 3 25 13 12 11 28 0 27 10 37 9 27 
2660: 15 3 0 33 4 26 5 31 11 3 39 1 14 7 32 12 12 6 26 11 27 2 25 9 11 5 31 4 34 0 17 3 2 13 11 11 7 17 7 0 17 13 18 2 37 11 34 1 17 3 16 10 27 4 13 37 0 26 4 38 3 34 12 3 15 7 15 12 30 4 31 6 26 14 12 1 15 5 28 13 12 9 23 10 20 8 32 8 11 40 10 23 0 23 8 39 9 11 2 14 3 18 4 27 6 13 20 1 29 8 30 2 32 12 37 9 32 5 1 22 3 40 2 15 12 26 0 26 8 12 17 5 34 8 22 13 14 10 26 11 31 14 30 6 36 2 10 25 0 23 7 9 24 5 15 7 20 10 27 6 17 13 12 2 11 9 2 29 13 16 6 15 10 18 7 21 9 37 5 19 14 21 11 33 5 10 39 14 19 9 34 6 37 1 27 3 4 11 2 15 12 29 

Cancelled Jobs
