14 4
4 2 0 456 3 456 3 1 856 2 856 3 856 3 0 963 2 963 3 963 1 3 696 
4 3 0 789 1 789 2 789 3 1 930 2 930 3 930 3 1 21 2 21 3 21 3 0 320 1 320 3 320 
4 2 0 630 1 630 1 1 214 2 2 475 3 475 1 3 142 
4 2 0 214 1 214 3 0 257 1 257 2 257 1 2 320 2 2 753 3 753 
4 1 0 573 3 0 896 1 896 3 896 1 2 124 3 1 214 2 214 3 214 
4 1 0 218 3 1 532 2 532 3 532 3 0 752 2 752 3 752 2 2 528 3 528 
4 2 0 653 1 653 1 1 142 3 0 147 1 147 2 147 1 3 653 
4 3 0 214 2 214 3 214 2 0 547 1 547 3 0 532 1 532 2 532 2 1 214 3 214 
4 2 0 204 2 204 1 1 865 2 0 145 2 145 1 3 527 
4 2 0 785 2 785 3 1 321 2 321 3 321 2 1 763 2 763 1 3 536 
4 1 0 696 2 1 124 3 124 1 2 214 2 0 214 3 214 
4 3 0 532 2 532 3 532 3 0 12 1 12 2 12 2 1 257 2 257 2 2 528 3 528 
4 2 0 12 1 12 2 1 345 3 345 2 2 854 3 854 3 0 888 1 888 3 888 
4 3 0 457 1 457 3 457 2 1 678 2 678 1 2 123 3 0 999 2 999 3 999 

Dynamic Events
Machine Breakdowns (x y z): Machine {x} breakdown from time {y} to {z}
0 7581 11152
1 18601 22550
2 25756 27876
3 25282 28580

Added Jobs (first number is the time at which the job is added, then pairs of machines and process time)
4787: 4 1 3 983 2 1 605 0 670 2 2 443 3 400 2 3 784 0 826 
8839: 4 2 2 795 0 396 2 2 98 3 934 1 1 148 2 2 712 0 290 
12324: 4 2 0 360 1 762 3 0 354 1 650 2 329 1 0 914 3 0 857 3 738 2 81 

Cancelled Jobs
2107 7
