8 8
8 2 0 456 3 456 5 0 654 1 654 3 654 6 654 7 654 2 2 852 4 852 3 3 145 4 145 5 145 5 0 632 2 632 4 632 5 632 6 632 4 0 425 1 425 4 425 5 425 3 0 214 1 214 6 214 5 3 654 4 654 5 654 6 654 7 654 
8 5 0 789 1 789 2 789 6 789 7 789 5 1 123 2 123 4 123 5 123 7 123 5 1 369 2 369 3 369 4 369 7 369 4 0 678 2 678 3 678 4 678 3 4 581 5 581 7 581 5 0 396 1 396 2 396 4 396 5 396 5 0 123 2 123 5 123 6 123 7 123 6 0 789 1 789 2 789 3 789 5 789 7 789 
8 2 0 654 7 654 5 1 123 3 123 4 123 6 123 7 123 4 1 632 2 632 3 632 6 632 4 0 965 2 965 3 965 5 965 6 1 475 2 475 4 475 5 475 6 475 7 475 3 5 325 6 325 7 325 5 0 456 1 456 3 456 4 456 6 456 6 1 654 3 654 4 654 5 654 6 654 7 654 
8 4 0 321 2 321 3 321 4 321 4 1 456 3 456 4 456 5 456 5 0 581 1 581 2 581 6 581 7 581 4 0 421 1 421 3 421 7 421 4 1 32 3 32 4 32 5 32 2 2 147 5 147 2 2 789 6 789 5 2 123 3 123 4 123 5 123 7 123 
8 4 0 456 1 456 6 456 7 456 3 1 789 4 789 7 789 3 0 472 2 472 4 472 4 2 365 3 365 4 365 5 365 7 0 536 1 536 3 536 4 536 5 536 6 536 7 536 5 1 852 2 852 3 852 5 852 7 852 4 0 654 2 654 6 654 7 654 5 0 123 3 123 4 123 5 123 7 123 
8 2 0 789 6 789 4 1 654 3 654 6 654 7 654 3 2 586 3 586 6 586 3 2 824 3 824 5 824 5 0 325 1 325 4 325 6 325 7 325 4 1 12 2 12 5 12 6 12 3 3 321 4 321 6 321 3 3 456 5 456 7 456 
8 4 0 654 1 654 6 654 7 654 3 0 321 1 321 4 321 4 2 320 4 320 6 320 7 320 6 0 758 2 758 3 758 4 758 5 758 6 758 5 0 863 3 863 4 863 5 863 6 863 2 1 452 5 452 5 0 456 1 456 2 456 6 456 7 456 2 0 789 7 789 
8 4 0 789 2 789 3 789 6 789 3 0 147 1 147 7 147 3 1 120 2 120 7 120 5 0 639 2 639 3 639 4 639 5 639 3 1 21 2 21 4 21 3 1 863 5 863 7 863 3 1 789 4 789 6 789 5 0 654 2 654 5 654 6 654 7 654 

Dynamic Events
Machine Breakdowns (x y z): Machine {x} breakdown from time {y} to {z}
1 5843 9137
3 30875 35298
4 6282 9157
5 16553 19446
5 28875 31526
6 21103 23652
7 3328 6605
7 32552 36432

Added Jobs (first number is the time at which the job is added, then pairs of machines and process time)
2672: 8 7 2 203 7 383 5 701 3 779 4 434 0 830 6 616 6 7 309 5 879 4 22 1 724 6 320 2 379 7 3 845 4 657 6 391 7 649 1 92 5 875 2 800 4 5 195 6 30 0 846 4 394 5 4 224 0 926 1 296 5 823 6 337 2 0 871 5 955 7 5 960 7 196 3 372 2 729 6 207 4 310 1 318 5 7 535 4 205 3 92 5 357 6 91 
1987: 8 4 2 21 7 834 4 342 3 560 3 7 834 0 365 6 96 5 3 873 7 757 4 773 1 276 2 677 7 2 813 3 119 5 444 0 951 7 424 4 373 6 648 3 5 485 1 523 6 659 6 2 370 6 787 4 448 3 638 5 806 7 584 4 2 377 3 849 6 623 7 252 4 0 911 6 233 3 936 5 746 
14080: 8 3 6 315 2 241 7 448 7 6 283 3 786 4 333 1 339 0 603 5 631 7 587 7 7 305 5 247 1 664 6 284 4 787 0 588 3 503 4 5 70 7 726 4 826 3 75 4 2 401 7 429 4 43 0 894 3 1 414 6 37 3 722 2 7 330 5 941 2 7 783 1 738 

Cancelled Jobs
