8 8
8 2 0 456 3 456 5 0 654 1 654 3 654 6 654 7 654 2 2 852 4 852 3 3 145 4 145 5 145 5 0 632 2 632 4 632 5 632 6 632 4 0 425 1 425 4 425 5 425 3 0 214 1 214 6 214 5 3 654 4 654 5 654 6 654 7 654 
8 5 0 789 1 789 2 789 6 789 7 789 5 1 123 2 123 4 123 5 123 7 123 5 1 369 2 369 3 369 4 369 7 369 4 0 678 2 678 3 678 4 678 3 4 581 5 581 7 581 5 0 396 1 396 2 396 4 396 5 396 5 0 123 2 123 5 123 6 123 7 123 6 0 789 1 789 2 789 3 789 5 789 7 789 
8 2 0 654 7 654 5 1 123 3 123 4 123 6 123 7 123 4 1 632 2 632 3 632 6 632 4 0 965 2 965 3 965 5 965 6 1 475 2 475 4 475 5 475 6 475 7 475 3 5 325 6 325 7 325 5 0 456 1 456 3 456 4 456 6 456 6 1 654 3 654 4 654 5 654 6 654 7 654 
8 4 0 321 2 321 3 321 4 321 4 1 456 3 456 4 456 5 456 5 0 581 1 581 2 581 6 581 7 581 4 0 421 1 421 3 421 7 421 4 1 32 3 32 4 32 5 32 2 2 147 5 147 2 2 789 6 789 5 2 123 3 123 4 123 5 123 7 123 
8 4 0 456 1 456 6 456 7 456 3 1 789 4 789 7 789 3 0 472 2 472 4 472 4 2 365 3 365 4 365 5 365 7 0 536 1 536 3 536 4 536 5 536 6 536 7 536 5 1 852 2 852 3 852 5 852 7 852 4 0 654 2 654 6 654 7 654 5 0 123 3 123 4 123 5 123 7 123 
8 2 0 789 6 789 4 1 654 3 654 6 654 7 654 3 2 586 3 586 6 586 3 2 824 3 824 5 824 5 0 325 1 325 4 325 6 325 7 325 4 1 12 2 12 5 12 6 12 3 3 321 4 321 6 321 3 3 456 5 456 7 456 
8 4 0 654 1 654 6 654 7 654 3 0 321 1 321 4 321 4 2 320 4 320 6 320 7 320 6 0 758 2 758 3 758 4 758 5 758 6 758 5 0 863 3 863 4 863 5 863 6 863 2 1 452 5 452 5 0 456 1 456 2 456 6 456 7 456 2 0 789 7 789 
8 4 0 789 2 789 3 789 6 789 3 0 147 1 147 7 147 3 1 120 2 120 7 120 5 0 639 2 639 3 639 4 639 5 639 3 1 21 2 21 4 21 3 1 863 5 863 7 863 3 1 789 4 789 6 789 5 0 654 2 654 5 654 6 654 7 654 

Dynamic Events
Machine Breakdowns (x y z): Machine {x} breakdown from time {y} to {z}
2 30207 34503
3 22065 26370
4 28272 30595
6 18276 21888

Added Jobs (first number is the time at which the job is added, then pairs of machines and process time)
9951: 8 3 4 279 5 298 1 256 5 3 402 7 509 1 651 5 112 0 357 7 7 729 6 361 2 930 3 471 4 846 5 817 0 522 4 2 273 3 825 7 607 5 325 5 7 502 2 705 4 422 0 945 6 384 2 2 473 1 111 5 3 375 1 551 5 871 4 823 2 488 7 1 382 2 186 0 325 3 323 6 756 4 464 5 181 
3373: 8 6 4 158 1 120 0 626 6 379 2 341 3 330 2 1 68 6 848 4 5 295 3 718 7 756 1 566 3 0 654 5 834 6 658 7 7 715 6 484 4 371 3 861 1 504 2 88 5 17 4 6 607 3 910 0 619 7 191 2 3 292 6 54 3 0 160 4 471 3 716 
10615: 8 4 7 473 5 449 4 339 1 542 3 5 725 0 440 3 228 2 4 564 2 884 2 4 842 2 239 6 1 100 3 481 7 858 5 685 4 76 2 763 4 7 380 3 772 1 777 5 16 7 0 866 5 937 4 434 3 574 1 701 7 781 6 431 2 3 51 6 268 

Cancelled Jobs
21438 0
