10 10
10 5 0 72 2 72 4 72 6 72 8 72 6 0 64 1 64 3 64 4 64 8 64 9 64 7 0 55 1 55 2 55 3 55 6 55 7 55 9 55 5 3 31 5 31 6 31 7 31 8 31 6 1 53 2 53 3 53 4 53 6 53 9 53 3 3 95 4 95 5 95 4 1 11 4 11 6 11 9 11 4 3 52 5 52 7 52 9 52 6 0 6 2 6 5 6 6 6 8 6 9 6 5 0 84 3 84 4 84 7 84 9 84 
10 2 0 61 6 61 5 1 27 3 27 4 27 5 27 6 27 5 0 88 4 88 5 88 8 88 9 88 5 1 78 2 78 4 78 7 78 9 78 5 0 49 1 49 3 49 6 49 9 49 3 0 83 5 83 9 83 4 1 91 3 91 4 91 8 91 3 5 74 6 74 9 74 5 0 29 4 29 7 29 8 29 9 29 4 1 87 3 87 8 87 9 87 
10 5 0 86 1 86 2 86 3 86 7 86 4 3 32 7 32 8 32 9 32 2 1 35 5 35 4 1 37 2 37 4 37 9 37 4 0 18 1 18 5 18 8 18 3 4 48 7 48 8 48 5 0 91 2 91 4 91 6 91 9 91 3 0 52 3 52 7 52 6 0 60 2 60 4 60 6 60 8 60 9 60 5 2 30 3 30 7 30 8 30 9 30 
10 3 0 8 2 8 6 8 3 1 82 7 82 9 82 2 4 27 9 27 6 0 99 1 99 2 99 3 99 5 99 6 99 4 0 74 4 74 6 74 7 74 6 0 9 2 9 3 9 5 9 7 9 9 9 5 0 33 1 33 2 33 3 33 8 33 5 0 20 3 20 4 20 7 20 9 20 6 1 59 3 59 5 59 6 59 7 59 8 59 4 3 98 5 98 7 98 8 98 
10 7 1 50 3 50 4 50 6 50 7 50 8 50 9 50 5 0 94 2 94 4 94 6 94 8 94 3 0 43 5 43 8 43 2 3 62 5 62 3 3 55 4 55 7 55 1 7 48 6 0 5 2 5 3 5 4 5 6 5 8 5 5 1 36 3 36 4 36 7 36 8 36 5 0 47 2 47 4 47 5 47 9 47 1 6 36 
10 7 0 53 1 53 3 53 4 53 6 53 7 53 8 53 5 0 30 1 30 4 30 6 30 9 30 5 2 7 5 7 6 7 7 7 9 7 4 2 12 3 12 8 12 9 12 4 1 68 4 68 6 68 9 68 8 0 87 1 87 4 87 5 87 6 87 7 87 8 87 9 87 7 1 28 3 28 4 28 5 28 7 28 8 28 9 28 2 0 70 9 70 3 6 45 7 45 8 45 5 2 7 3 7 4 7 5 7 7 7 
10 3 0 29 2 29 9 29 4 0 96 3 96 5 96 8 96 5 0 99 4 99 5 99 8 99 9 99 5 1 14 2 14 5 14 7 14 9 14 4 3 34 4 34 6 34 7 34 3 3 14 7 14 9 14 4 0 7 5 7 7 7 8 7 3 5 76 6 76 9 76 6 1 57 3 57 5 57 6 57 8 57 9 57 6 2 76 3 76 5 76 6 76 8 76 9 76 
10 7 0 90 1 90 2 90 6 90 7 90 8 90 9 90 6 0 19 1 19 2 19 5 19 6 19 7 19 6 1 87 3 87 5 87 7 87 8 87 9 87 3 4 51 5 51 7 51 5 0 84 1 84 7 84 8 84 9 84 1 5 45 6 0 84 4 84 5 84 6 84 8 84 9 84 2 4 58 6 58 4 0 81 3 81 7 81 8 81 2 3 96 8 96 
10 5 1 97 2 97 5 97 6 97 8 97 3 1 99 6 99 8 99 5 0 93 1 93 4 93 5 93 8 93 6 0 38 2 38 5 38 6 38 8 38 9 38 4 4 13 6 13 7 13 8 13 5 0 96 5 96 7 96 8 96 9 96 6 0 40 1 40 3 40 4 40 5 40 8 40 3 4 64 7 64 9 64 6 1 32 5 32 6 32 7 32 8 32 9 32 3 0 45 3 45 8 45 
10 5 1 44 2 44 3 44 5 44 6 44 7 0 60 2 60 4 60 5 60 7 60 8 60 9 60 3 3 29 7 29 8 29 6 0 5 1 5 3 5 4 5 5 5 9 5 4 5 74 6 74 7 74 9 74 6 1 85 3 85 4 85 6 85 7 85 8 85 5 0 34 1 34 3 34 4 34 5 34 6 0 95 1 95 3 95 4 95 5 95 7 95 3 1 51 2 51 9 51 5 1 47 2 47 5 47 6 47 8 47 

Dynamic Events
Machine Breakdowns (x y z): Machine {x} breakdown from time {y} to {z}
0 2274 2726
2 2885 3351
4 2019 2552
5 4198 4508
6 2184 2488
7 1355 1585
8 2413 2875

Added Jobs (first number is the time at which the job is added, then pairs of machines and process time)
2170: 10 4 3 52 9 52 7 23 4 96 1 3 89 3 8 42 4 67 9 44 7 0 10 9 71 4 95 2 23 5 86 8 55 1 89 6 6 97 4 55 2 81 1 87 7 48 8 38 2 1 34 0 50 7 8 49 6 89 9 52 1 89 4 6 5 81 2 70 2 0 25 5 85 4 0 86 8 21 2 68 5 94 1 7 97 
616: 10 4 7 50 4 58 6 9 1 67 6 3 46 4 92 0 32 8 60 7 70 5 52 5 7 86 4 92 0 74 8 31 1 17 3 5 13 0 55 3 42 2 2 75 0 9 3 4 75 3 82 2 29 2 7 79 3 13 8 8 13 9 94 6 42 0 53 5 23 3 42 4 17 7 44 4 9 9 2 22 5 9 6 19 4 2 74 8 61 0 10 6 81 
2192: 10 7 6 38 9 73 4 56 2 17 8 79 1 94 5 36 5 0 14 2 19 8 41 6 77 9 77 4 7 79 8 32 0 67 1 10 4 7 92 3 55 0 71 1 81 3 6 15 4 87 7 80 3 9 41 7 96 1 53 1 1 47 1 0 12 1 2 7 1 5 65 
1525: 10 6 2 18 5 11 6 79 4 30 8 64 0 77 1 7 21 4 4 27 9 6 2 79 3 56 3 4 29 5 48 7 25 4 7 14 5 35 1 12 0 29 6 8 63 5 5 0 72 4 74 6 72 3 93 7 7 31 5 7 9 10 2 51 8 52 6 6 4 24 3 3 60 1 38 2 5 5 8 82 1 55 5 13 7 43 2 21 5 0 12 3 80 4 55 9 74 8 89 

Cancelled Jobs
2875 9
