10 10
10 6 0 66 1 66 2 66 7 66 8 66 9 66 5 0 13 2 13 5 13 6 13 8 13 4 0 93 1 93 3 93 9 93 6 0 91 2 91 3 91 5 91 6 91 7 91 7 0 14 2 14 3 14 4 14 5 14 6 14 9 14 4 0 70 3 70 5 70 8 70 3 1 99 3 99 8 99 5 0 53 1 53 2 53 5 53 7 53 5 1 86 2 86 4 86 5 86 7 86 5 1 16 2 16 4 16 6 16 9 16 
10 3 1 34 5 34 8 34 1 9 99 4 0 62 2 62 4 62 7 62 4 1 65 4 65 7 65 8 65 4 5 62 6 62 7 62 9 62 7 1 64 3 64 4 64 5 64 7 64 8 64 9 64 3 1 21 3 21 6 21 7 0 12 1 12 2 12 6 12 7 12 8 12 9 12 6 0 9 1 9 2 9 3 9 4 9 6 9 7 0 75 1 75 2 75 4 75 5 75 7 75 9 75 
10 6 1 12 2 12 3 12 5 12 7 12 9 12 8 0 26 1 26 2 26 4 26 6 26 7 26 8 26 9 26 5 0 64 3 64 5 64 7 64 9 64 4 0 92 1 92 5 92 6 92 4 4 67 5 67 7 67 8 67 5 0 28 3 28 4 28 5 28 9 28 3 2 66 3 66 6 66 3 1 83 2 83 7 83 4 0 38 1 38 4 38 9 38 5 0 58 2 58 4 58 7 58 9 58 
10 6 0 77 1 77 3 77 5 77 7 77 8 77 6 0 73 1 73 4 73 5 73 7 73 8 73 3 2 82 3 82 4 82 3 0 75 2 75 9 75 7 0 84 1 84 3 84 4 84 6 84 7 84 8 84 4 2 19 3 19 4 19 8 19 6 0 18 1 18 2 18 3 18 4 18 5 18 6 1 89 3 89 4 89 6 89 7 89 9 89 3 3 8 8 8 9 8 3 1 73 4 73 9 73 
10 4 0 34 3 34 4 34 9 34 2 1 74 7 74 5 1 48 5 48 7 48 8 48 9 48 4 2 44 5 44 6 44 8 44 5 1 92 2 92 4 92 8 92 9 92 2 6 40 7 40 4 1 60 3 60 7 60 9 60 5 2 62 3 62 5 62 7 62 8 62 3 6 22 7 22 8 22 2 6 67 9 67 
10 5 1 8 2 8 3 8 4 8 9 8 4 0 85 4 85 7 85 8 85 4 2 58 3 58 4 58 6 58 3 0 97 7 97 9 97 4 0 92 3 92 4 92 5 92 3 0 89 4 89 9 89 2 3 75 6 75 5 1 77 2 77 6 77 7 77 9 77 4 1 95 2 95 3 95 6 95 4 0 5 6 5 7 5 9 5 
10 5 0 52 3 52 4 52 6 52 8 52 6 2 43 3 43 4 43 5 43 6 43 9 43 3 4 5 6 5 9 5 4 1 78 4 78 5 78 7 78 4 0 12 5 12 8 12 9 12 4 1 62 3 62 5 62 9 62 7 0 21 1 21 2 21 3 21 4 21 6 21 7 21 6 1 80 2 80 4 80 5 80 6 80 7 80 5 0 60 1 60 3 60 7 60 8 60 2 0 31 3 31 
10 5 0 81 2 81 5 81 8 81 9 81 5 0 23 3 23 7 23 8 23 9 23 4 0 23 3 23 5 23 7 23 6 0 75 2 75 4 75 5 75 6 75 7 75 5 0 78 1 78 3 78 4 78 7 78 5 0 56 2 56 5 56 6 56 9 56 3 0 51 1 51 3 51 6 1 39 2 39 3 39 4 39 6 39 7 39 4 1 53 4 53 5 53 8 53 5 0 96 2 96 4 96 7 96 8 96 
10 4 2 79 3 79 7 79 9 79 4 4 55 6 55 7 55 8 55 5 0 88 1 88 2 88 3 88 6 88 6 2 21 4 21 5 21 6 21 7 21 9 21 5 0 83 2 83 4 83 5 83 9 83 8 0 93 1 93 3 93 4 93 6 93 7 93 8 93 9 93 6 0 47 1 47 2 47 5 47 6 47 7 47 3 1 10 2 10 7 10 3 0 63 6 63 8 63 4 0 14 1 14 3 14 9 14 
10 4 0 43 2 43 3 43 7 43 3 1 63 5 63 8 63 2 1 83 2 83 7 0 29 1 29 2 29 3 29 5 29 7 29 8 29 2 4 52 7 52 7 0 98 1 98 3 98 4 98 5 98 6 98 7 98 4 0 54 2 54 6 54 8 54 6 0 39 1 39 2 39 3 39 7 39 8 39 5 1 33 2 33 6 33 7 33 8 33 5 3 23 6 23 7 23 8 23 9 23 

Dynamic Events
Machine Breakdowns (x y z): Machine {x} breakdown from time {y} to {z}
1 2325 2569
2 3797 4091
4 1534 1838
5 2722 2974
6 3203 3519
7 4919 5473
9 2648 3019

Added Jobs (first number is the time at which the job is added, then pairs of machines and process time)
2348: 10 1 3 98 6 4 65 9 46 8 11 3 71 6 46 1 30 6 0 53 9 40 4 69 6 54 3 69 7 7 3 4 30 1 80 5 18 7 5 54 0 82 1 87 4 41 8 29 6 90 3 76 4 1 96 4 45 5 32 2 92 1 1 54 6 2 15 3 99 7 57 0 92 1 48 5 96 3 0 37 9 61 8 42 6 7 20 4 82 6 31 5 69 1 89 8 73 
1457: 10 8 7 39 3 29 4 96 6 55 5 97 0 54 2 15 8 69 7 9 97 6 43 5 64 8 34 2 86 0 15 4 55 5 8 96 7 85 4 26 9 17 5 54 5 8 88 5 31 4 36 7 43 0 9 5 3 46 9 22 1 97 7 14 2 43 1 5 37 2 6 80 2 9 7 6 16 5 50 2 32 0 87 7 75 8 97 9 9 8 9 23 8 71 0 7 1 53 6 75 2 44 5 25 4 6 6 6 33 4 44 3 75 1 42 5 35 2 49 
1457: 10 7 8 67 1 10 9 24 4 8 3 81 2 75 5 43 6 7 70 3 91 9 22 6 82 5 54 8 31 4 5 20 1 43 0 74 4 85 5 3 54 2 94 0 17 4 85 1 85 6 9 60 2 86 5 94 7 35 8 33 1 19 2 3 33 5 50 4 5 25 3 66 4 21 0 37 6 1 81 9 26 4 29 0 40 3 85 8 63 5 9 85 5 69 7 39 6 19 0 98 6 9 18 8 97 0 16 7 23 3 9 6 70 

Cancelled Jobs
