15 10
4 10 0 1 1 4 2 6 3 9 4 3 5 5 6 2 7 8 8 9 9 4 10 0 1 1 1 2 3 3 4 4 8 5 10 6 4 7 11 8 4 9 3 10 0 2 1 5 2 1 3 5 4 6 5 9 6 5 7 10 8 3 9 2 10 0 10 1 4 2 5 3 9 4 8 5 4 6 15 7 8 8 4 9 4 
4 10 0 4 1 8 2 7 3 1 4 9 5 6 6 1 7 10 8 7 9 1 10 0 6 1 11 2 2 3 7 4 5 5 3 6 5 7 14 8 9 9 2 10 0 8 1 5 2 8 3 9 4 4 5 3 6 5 7 3 8 8 9 1 10 0 9 1 3 2 6 3 1 4 2 5 6 6 4 7 1 8 7 9 2 
4 10 0 7 1 1 2 8 3 5 4 4 5 9 6 1 7 2 8 3 9 4 10 0 5 1 10 2 6 3 4 4 9 5 5 6 1 7 7 8 1 9 6 10 0 4 1 2 2 3 3 8 4 7 5 4 6 6 7 9 8 8 9 4 10 0 7 1 3 2 12 3 1 4 6 5 5 6 8 7 3 8 5 9 2 
4 10 0 6 1 2 2 5 3 4 4 1 5 2 6 3 7 6 8 5 9 4 10 0 8 1 5 2 7 3 4 4 1 5 2 6 36 7 5 8 8 9 5 10 0 9 1 6 2 2 3 4 4 5 5 1 6 3 7 6 8 5 9 2 10 0 11 1 4 2 5 3 6 4 2 5 7 6 5 7 4 8 2 9 1 
4 10 0 6 1 9 2 2 3 3 4 5 5 8 6 7 7 4 8 1 9 2 10 0 5 1 4 2 6 3 3 4 5 5 2 6 28 7 7 8 4 9 5 10 0 6 1 2 2 4 3 3 4 6 5 5 6 2 7 4 8 7 9 9 10 0 6 1 5 2 4 3 2 4 3 5 2 6 5 7 4 8 7 9 5 
2 10 0 4 1 1 2 3 3 2 4 6 5 9 6 8 7 5 8 4 9 2 10 0 1 1 3 2 6 3 5 4 4 5 7 6 5 7 4 8 6 9 5 
2 10 0 1 1 4 2 2 3 5 4 3 5 6 6 9 7 8 8 5 9 4 10 0 2 1 1 2 4 3 5 4 2 5 3 6 5 7 4 8 2 9 5 
4 10 0 2 1 3 2 6 3 2 4 5 5 4 6 1 7 5 8 8 9 7 10 0 4 1 5 2 6 3 2 4 3 5 5 6 4 7 1 8 2 9 5 10 0 3 1 5 2 4 3 2 4 5 5 49 6 8 7 5 8 4 9 5 10 0 1 1 2 2 36 3 5 4 2 5 3 6 6 7 4 8 11 9 2 
4 10 0 6 1 3 2 2 3 22 4 44 5 11 6 10 7 23 8 5 9 1 10 0 2 1 3 2 2 3 12 4 15 5 10 6 12 7 14 8 18 9 16 10 0 20 1 17 2 12 3 5 4 9 5 6 6 4 7 7 8 5 9 6 10 0 9 1 8 2 7 3 4 4 5 5 8 6 7 7 4 8 56 9 2 
4 10 0 5 1 8 2 7 3 4 4 56 5 3 6 2 7 5 8 4 9 1 10 0 2 1 5 2 6 3 9 4 8 5 5 6 4 7 2 8 5 9 4 10 0 6 1 3 2 2 3 5 4 4 5 7 6 4 7 5 8 2 9 1 10 0 3 1 2 2 5 3 6 4 5 5 8 6 7 7 4 8 5 9 2 
4 10 0 1 1 2 2 3 3 6 4 5 5 2 6 1 7 4 8 2 9 1 10 0 2 1 3 2 6 3 3 4 2 5 1 6 4 7 10 8 12 9 1 10 0 3 1 6 2 2 3 5 4 8 5 4 6 6 7 3 8 2 9 5 10 0 4 1 1 2 45 3 6 4 2 5 4 6 1 7 25 8 2 9 4 
4 10 0 9 1 8 2 5 3 6 4 3 5 6 6 5 7 2 8 4 9 2 10 0 5 1 8 2 9 3 5 4 4 5 75 6 63 7 6 8 5 9 21 10 0 12 1 5 2 4 3 6 4 3 5 2 6 5 7 4 8 2 9 5 10 0 8 1 7 2 9 3 5 4 6 5 3 6 2 7 5 8 8 9 4 
4 10 0 4 1 2 2 5 3 6 4 8 5 5 6 6 7 4 8 6 9 2 10 0 3 1 5 2 4 3 7 4 5 5 8 6 6 7 6 8 3 9 2 10 0 5 1 4 2 5 3 8 4 5 5 4 6 6 7 5 8 4 9 2 10 0 3 1 2 2 5 3 6 4 5 5 4 6 8 7 5 8 6 9 4 
4 10 0 2 1 3 2 5 3 4 4 6 5 5 6 4 7 85 8 4 9 5 10 0 6 1 2 2 4 3 5 4 8 5 6 6 5 7 4 8 2 9 6 10 0 3 1 25 2 4 3 8 4 5 5 6 6 3 7 2 8 5 9 4 10 0 8 1 5 2 6 3 4 4 2 5 3 6 6 7 8 8 5 9 4 
4 10 0 2 1 5 2 6 3 8 4 5 5 6 6 3 7 2 8 5 9 4 10 0 5 1 6 2 2 3 5 4 4 5 2 6 5 7 3 8 2 9 5 10 0 4 1 5 2 2 3 3 4 5 5 2 6 8 7 4 8 7 9 5 10 0 6 1 2 2 11 3 14 4 2 5 3 6 6 7 5 8 4 9 8 

Dynamic Events
Machine Breakdowns (x y z): Machine {x} breakdown from time {y} to {z}
0 20 26
1 25 31
3 11 17
4 27 33
5 3 9
6 22 28
7 30 36
8 28 34
9 29 35

Added Jobs (first number is the time at which the job is added, then pairs of machines and process time)
6: 3 10 0 13 5 11 7 30 3 6 8 50 6 47 2 18 9 15 4 39 1 20 10 0 3 9 1 4 3 7 84 3 14 1 12 2 34 5 30 6 28 8 19 10 8 15 4 39 1 16 6 42 5 71 7 82 3 18 0 20 2 3 9 2 
7: 4 10 6 47 1 16 5 60 8 30 3 17 0 2 2 22 4 42 9 4 7 77 10 7 59 0 19 5 38 9 5 3 15 2 26 8 20 1 15 4 36 6 7 10 5 36 0 13 4 15 9 6 2 5 1 2 8 3 6 27 3 14 7 33 10 8 16 2 23 5 3 6 23 9 10 0 7 4 9 7 69 3 9 1 18 
2: 4 10 0 5 4 26 3 18 7 70 2 45 9 4 6 44 8 52 5 26 1 24 10 6 17 4 37 7 68 0 16 8 8 3 8 5 10 2 34 9 3 1 23 10 2 21 3 18 7 81 8 16 1 18 0 8 9 1 5 30 4 17 6 57 10 0 7 4 52 3 1 9 10 2 2 5 29 8 18 7 46 6 19 1 19 

Cancelled Jobs
10 3
0 12
