15 10
4 10 0 1 1 4 2 6 3 9 4 3 5 5 6 2 7 8 8 9 9 4 10 0 1 1 1 2 3 3 4 4 8 5 10 6 4 7 11 8 4 9 3 10 0 2 1 5 2 1 3 5 4 6 5 9 6 5 7 10 8 3 9 2 10 0 10 1 4 2 5 3 9 4 8 5 4 6 15 7 8 8 4 9 4 
4 10 0 4 1 8 2 7 3 1 4 9 5 6 6 1 7 10 8 7 9 1 10 0 6 1 11 2 2 3 7 4 5 5 3 6 5 7 14 8 9 9 2 10 0 8 1 5 2 8 3 9 4 4 5 3 6 5 7 3 8 8 9 1 10 0 9 1 3 2 6 3 1 4 2 5 6 6 4 7 1 8 7 9 2 
4 10 0 7 1 1 2 8 3 5 4 4 5 9 6 1 7 2 8 3 9 4 10 0 5 1 10 2 6 3 4 4 9 5 5 6 1 7 7 8 1 9 6 10 0 4 1 2 2 3 3 8 4 7 5 4 6 6 7 9 8 8 9 4 10 0 7 1 3 2 12 3 1 4 6 5 5 6 8 7 3 8 5 9 2 
4 10 0 6 1 2 2 5 3 4 4 1 5 2 6 3 7 6 8 5 9 4 10 0 8 1 5 2 7 3 4 4 1 5 2 6 36 7 5 8 8 9 5 10 0 9 1 6 2 2 3 4 4 5 5 1 6 3 7 6 8 5 9 2 10 0 11 1 4 2 5 3 6 4 2 5 7 6 5 7 4 8 2 9 1 
4 10 0 6 1 9 2 2 3 3 4 5 5 8 6 7 7 4 8 1 9 2 10 0 5 1 4 2 6 3 3 4 5 5 2 6 28 7 7 8 4 9 5 10 0 6 1 2 2 4 3 3 4 6 5 5 6 2 7 4 8 7 9 9 10 0 6 1 5 2 4 3 2 4 3 5 2 6 5 7 4 8 7 9 5 
2 10 0 4 1 1 2 3 3 2 4 6 5 9 6 8 7 5 8 4 9 2 10 0 1 1 3 2 6 3 5 4 4 5 7 6 5 7 4 8 6 9 5 
2 10 0 1 1 4 2 2 3 5 4 3 5 6 6 9 7 8 8 5 9 4 10 0 2 1 1 2 4 3 5 4 2 5 3 6 5 7 4 8 2 9 5 
4 10 0 2 1 3 2 6 3 2 4 5 5 4 6 1 7 5 8 8 9 7 10 0 4 1 5 2 6 3 2 4 3 5 5 6 4 7 1 8 2 9 5 10 0 3 1 5 2 4 3 2 4 5 5 49 6 8 7 5 8 4 9 5 10 0 1 1 2 2 36 3 5 4 2 5 3 6 6 7 4 8 11 9 2 
4 10 0 6 1 3 2 2 3 22 4 44 5 11 6 10 7 23 8 5 9 1 10 0 2 1 3 2 2 3 12 4 15 5 10 6 12 7 14 8 18 9 16 10 0 20 1 17 2 12 3 5 4 9 5 6 6 4 7 7 8 5 9 6 10 0 9 1 8 2 7 3 4 4 5 5 8 6 7 7 4 8 56 9 2 
4 10 0 5 1 8 2 7 3 4 4 56 5 3 6 2 7 5 8 4 9 1 10 0 2 1 5 2 6 3 9 4 8 5 5 6 4 7 2 8 5 9 4 10 0 6 1 3 2 2 3 5 4 4 5 7 6 4 7 5 8 2 9 1 10 0 3 1 2 2 5 3 6 4 5 5 8 6 7 7 4 8 5 9 2 
4 10 0 1 1 2 2 3 3 6 4 5 5 2 6 1 7 4 8 2 9 1 10 0 2 1 3 2 6 3 3 4 2 5 1 6 4 7 10 8 12 9 1 10 0 3 1 6 2 2 3 5 4 8 5 4 6 6 7 3 8 2 9 5 10 0 4 1 1 2 45 3 6 4 2 5 4 6 1 7 25 8 2 9 4 
4 10 0 9 1 8 2 5 3 6 4 3 5 6 6 5 7 2 8 4 9 2 10 0 5 1 8 2 9 3 5 4 4 5 75 6 63 7 6 8 5 9 21 10 0 12 1 5 2 4 3 6 4 3 5 2 6 5 7 4 8 2 9 5 10 0 8 1 7 2 9 3 5 4 6 5 3 6 2 7 5 8 8 9 4 
4 10 0 4 1 2 2 5 3 6 4 8 5 5 6 6 7 4 8 6 9 2 10 0 3 1 5 2 4 3 7 4 5 5 8 6 6 7 6 8 3 9 2 10 0 5 1 4 2 5 3 8 4 5 5 4 6 6 7 5 8 4 9 2 10 0 3 1 2 2 5 3 6 4 5 5 4 6 8 7 5 8 6 9 4 
4 10 0 2 1 3 2 5 3 4 4 6 5 5 6 4 7 85 8 4 9 5 10 0 6 1 2 2 4 3 5 4 8 5 6 6 5 7 4 8 2 9 6 10 0 3 1 25 2 4 3 8 4 5 5 6 6 3 7 2 8 5 9 4 10 0 8 1 5 2 6 3 4 4 2 5 3 6 6 7 8 8 5 9 4 
4 10 0 2 1 5 2 6 3 8 4 5 5 6 6 3 7 2 8 5 9 4 10 0 5 1 6 2 2 3 5 4 4 5 2 6 5 7 3 8 2 9 5 10 0 4 1 5 2 2 3 3 4 5 5 2 6 8 7 4 8 7 9 5 10 0 6 1 2 2 11 3 14 4 2 5 3 6 6 7 5 8 4 9 8 

Dynamic Events
Machine Breakdowns (x y z): Machine {x} breakdown from time {y} to {z}
1 27 33
2 16 22
3 22 28
4 29 35
6 31 37
7 19 25
8 11 17
9 8 14

Added Jobs (first number is the time at which the job is added, then pairs of machines and process time)
8: 2 10 6 16 5 49 3 14 4 29 8 44 2 39 0 15 9 13 1 20 7 27 10 5 22 8 33 4 15 7 68 2 5 1 10 9 17 0 10 3 18 6 6 
5: 4 10 5 50 4 24 6 21 8 48 2 2 7 32 3 6 1 18 0 9 9 16 10 6 16 2 33 4 17 1 22 3 6 9 12 5 36 8 22 7 66 0 5 10 7 16 6 41 9 18 0 8 4 10 5 44 3 9 2 28 1 18 8 16 10 7 26 4 35 8 27 1 25 5 74 2 36 6 45 9 4 0 20 3 4 

Cancelled Jobs
12 1
10 11
9 12
17 13
