10 60
5 4 0 11 1 22 2 29 3 26 40 4 21 5 20 6 24 7 22 12 11 13 28 14 19 15 21 16 25 17 10 18 28 19 25 20 28 21 15 22 16 23 19 24 12 25 30 26 12 27 10 28 17 29 18 30 24 31 11 40 25 41 17 42 18 43 13 44 19 45 21 46 24 47 25 48 18 49 13 50 27 51 20 52 14 53 29 54 24 55 23 52 4 22 5 19 6 14 7 11 8 25 9 25 10 11 11 13 12 19 13 12 14 28 15 19 16 16 17 26 18 19 19 20 20 25 21 20 22 27 23 11 24 19 25 26 26 24 27 24 28 15 29 16 30 22 31 27 32 12 33 20 34 21 35 30 36 24 37 30 38 28 39 26 40 18 41 21 42 10 43 30 44 13 45 29 46 14 47 25 48 21 49 22 50 10 51 19 52 15 53 17 54 14 55 24 16 4 29 5 27 6 12 7 30 12 21 13 12 14 12 15 30 28 24 29 26 30 14 31 15 40 14 41 27 42 24 43 21 4 56 15 57 16 58 21 59 23 
5 4 0 13 1 26 2 19 3 25 4 8 25 9 23 10 22 11 25 48 4 17 5 18 6 13 7 29 8 20 9 21 10 21 11 26 16 27 17 10 18 13 19 19 20 16 21 13 22 18 23 14 24 27 25 23 26 29 27 21 28 17 29 29 30 19 31 29 32 15 33 14 34 30 35 15 36 11 37 26 38 12 39 20 40 28 41 25 42 20 43 26 44 14 45 19 46 26 47 16 48 18 49 20 50 12 51 22 52 17 53 24 54 21 55 12 44 4 15 5 18 6 15 7 23 8 16 9 14 10 19 11 22 12 17 13 15 14 21 15 20 16 11 17 12 18 22 19 13 20 20 21 12 22 15 23 23 28 17 29 24 30 14 31 13 32 25 33 13 34 11 35 10 36 29 37 11 38 19 39 26 40 14 41 25 42 24 43 12 48 26 49 24 50 20 51 20 52 23 53 11 54 18 55 16 4 56 24 57 28 58 13 59 27 
5 4 0 19 1 20 2 18 3 14 24 12 30 13 26 14 30 15 10 16 29 17 11 18 18 19 25 20 12 21 23 22 13 23 28 24 29 25 15 26 30 27 19 40 25 41 17 42 18 43 17 44 10 45 15 46 16 47 24 52 4 28 5 27 6 19 7 15 8 14 9 28 10 11 11 18 12 23 13 27 14 17 15 21 16 28 17 28 18 11 19 13 20 19 21 26 22 10 23 24 24 13 25 12 26 22 27 15 28 10 29 15 30 20 31 10 32 13 33 29 34 29 35 13 36 10 37 12 38 22 39 10 40 22 41 13 42 22 43 14 44 22 45 20 46 30 47 14 48 30 49 22 50 21 51 19 52 15 53 15 54 19 55 21 36 8 20 9 11 10 19 11 19 16 20 17 29 18 22 19 16 20 21 21 13 22 28 23 26 32 29 33 30 34 18 35 24 36 19 37 13 38 22 39 30 40 21 41 23 42 20 43 25 44 25 45 26 46 14 47 24 48 27 49 30 50 22 51 14 52 19 53 15 54 25 55 30 4 56 28 57 28 58 21 59 20 
5 4 0 27 1 27 2 26 3 16 44 4 14 5 18 6 19 7 17 8 14 9 25 10 24 11 12 12 10 13 14 14 30 15 28 16 12 17 12 18 24 19 30 20 26 21 20 22 13 23 26 24 20 25 21 26 10 27 22 28 24 29 14 30 14 31 15 36 11 37 12 38 29 39 19 40 17 41 26 42 25 43 13 44 27 45 22 46 21 47 28 52 29 53 22 54 27 55 20 24 4 18 5 30 6 28 7 24 12 25 13 11 14 20 15 12 16 29 17 29 18 19 19 17 28 26 29 10 30 13 31 17 40 26 41 30 42 11 43 30 44 30 45 27 46 13 47 24 4 28 11 29 25 30 17 31 19 4 56 24 57 15 58 24 59 15 
5 4 0 11 1 13 2 30 3 20 8 16 13 17 14 18 29 19 20 32 18 33 12 34 11 35 20 28 4 29 5 18 6 27 7 24 8 15 9 12 10 10 11 25 16 13 17 17 18 30 19 15 24 12 25 27 26 15 27 13 36 16 37 22 38 11 39 15 48 29 49 22 50 28 51 28 52 25 53 28 54 13 55 10 40 4 17 5 28 6 22 7 17 16 29 17 22 18 10 19 10 20 14 21 13 22 30 23 15 24 19 25 16 26 21 27 30 28 13 29 30 30 13 31 20 32 16 33 25 34 21 35 20 36 29 37 18 38 27 39 22 44 29 45 15 46 25 47 25 48 12 49 25 50 25 51 29 52 17 53 26 54 22 55 17 4 56 20 57 28 58 28 59 14 
5 4 0 18 1 12 2 26 3 19 24 4 16 5 27 6 28 7 29 8 20 9 14 10 25 11 17 16 16 17 23 18 18 19 30 28 26 29 11 30 21 31 19 32 30 33 21 34 14 35 19 44 22 45 19 46 29 47 16 20 8 16 9 20 10 13 11 12 28 30 29 16 30 30 31 24 36 21 37 21 38 27 39 22 40 18 41 21 42 19 43 18 44 19 45 15 46 25 47 17 16 20 10 21 18 22 25 23 19 28 14 29 23 30 28 31 25 44 29 45 20 46 23 47 22 48 21 49 27 50 16 51 22 4 56 10 57 20 58 11 59 25 
5 4 0 30 1 22 2 13 3 12 40 4 25 5 29 6 18 7 28 12 27 13 23 14 30 15 19 20 16 21 23 22 18 23 26 24 19 25 25 26 19 27 18 28 11 29 30 30 14 31 19 32 11 33 26 34 20 35 23 36 22 37 10 38 29 39 21 40 26 41 10 42 18 43 11 48 21 49 11 50 27 51 27 52 10 53 30 54 29 55 16 32 4 13 5 14 6 12 7 26 8 11 9 28 10 28 11 11 16 23 17 12 18 14 19 21 20 15 21 22 22 17 23 15 24 21 25 27 26 24 27 21 36 21 37 22 38 23 39 21 40 21 41 26 42 20 43 18 52 21 53 29 54 29 55 10 28 8 26 9 30 10 30 11 15 16 13 17 12 18 14 19 26 24 29 25 19 26 18 27 27 28 23 29 20 30 29 31 22 32 22 33 12 34 30 35 11 36 25 37 20 38 15 39 30 44 18 45 20 46 13 47 16 4 56 16 57 20 58 27 59 14 
5 4 0 23 1 20 2 18 3 27 44 8 25 9 15 10 23 11 12 12 28 13 28 14 19 15 25 16 10 17 21 18 30 19 15 24 16 25 29 26 30 27 24 28 10 29 28 30 28 31 29 32 23 33 23 34 27 35 19 36 28 37 15 38 25 39 15 40 23 41 12 42 17 43 18 44 24 45 21 46 23 47 29 48 22 49 12 50 30 51 23 52 30 53 14 54 11 55 21 24 4 25 5 17 6 17 7 26 12 25 13 28 14 20 15 22 20 25 21 20 22 15 23 20 32 26 33 12 34 12 35 11 48 18 49 21 50 15 51 21 52 20 53 24 54 28 55 23 36 8 23 9 21 10 11 11 18 16 10 17 29 18 16 19 17 20 22 21 21 22 16 23 10 24 12 25 27 26 22 27 20 28 23 29 20 30 25 31 18 36 10 37 12 38 18 39 23 40 20 41 21 42 15 43 10 44 23 45 25 46 11 47 30 52 20 53 22 54 11 55 14 4 56 26 57 19 58 17 59 13 
5 4 0 29 1 18 2 21 3 12 20 8 16 9 14 10 29 11 20 12 16 13 12 14 19 15 17 20 22 21 14 22 25 23 14 24 11 25 25 26 12 27 16 52 14 53 16 54 20 55 24 20 8 15 9 15 10 30 11 23 12 16 13 13 14 28 15 25 16 17 17 19 18 13 19 12 48 11 49 23 50 23 51 21 52 18 53 28 54 21 55 15 8 8 20 9 10 10 21 11 15 36 17 37 17 38 24 39 21 4 56 17 57 21 58 18 59 23 
5 4 0 21 1 25 2 10 3 13 28 8 25 9 19 10 30 11 14 20 26 21 28 22 18 23 21 24 24 25 29 26 20 27 11 28 16 29 14 30 22 31 29 32 14 33 16 34 14 35 29 48 20 49 21 50 11 51 23 52 27 53 13 54 16 55 18 36 4 22 5 19 6 26 7 21 8 29 9 22 10 21 11 16 12 11 13 18 14 25 15 15 16 15 17 15 18 18 19 14 20 30 21 28 22 24 23 18 32 15 33 28 34 26 35 22 36 25 37 22 38 13 39 27 48 20 49 20 50 29 51 30 52 14 53 10 54 13 55 22 44 4 14 5 23 6 24 7 26 8 17 9 27 10 25 11 13 12 13 13 19 14 20 15 23 16 19 17 25 18 15 19 23 20 30 21 18 22 27 23 16 24 23 25 30 26 24 27 23 28 12 29 26 30 21 31 11 32 28 33 19 34 16 35 17 40 19 41 29 42 17 43 24 48 14 49 27 50 21 51 27 52 28 53 11 54 12 55 15 4 56 28 57 13 58 27 59 10 

Dynamic Events
Machine Breakdowns (x y z): Machine {x} breakdown from time {y} to {z}
0 89 121
1 58 90
2 75 107
3 10 42
4 127 159
6 90 122
10 119 151
11 24 56
12 15 47
13 84 116
15 123 155
16 99 131
17 132 164
18 141 173
20 77 109
23 113 145
24 141 173
26 123 155
27 103 135
28 126 158
29 24 56
30 42 74
32 159 191
33 155 187
34 114 146
35 154 186
37 64 96
40 122 154
41 85 117
44 156 188
45 86 118
47 42 74
48 106 138
54 146 178
56 81 113
57 116 148
58 61 93
59 157 189

Added Jobs (first number is the time at which the job is added, then pairs of machines and process time)
24: 5 10 24 13 42 17 52 11 9 18 8 24 19 17 38 24 59 11 1 12 11 20 20 27 25 53 10 3 27 31 25 8 21 0 26 38 19 2 22 17 11 20 19 6 26 58 27 40 21 13 23 15 11 32 13 49 24 22 25 25 30 56 23 28 25 21 49 17 57 23 20 17 24 19 31 23 59 10 34 25 36 18 10 24 51 16 44 22 27 11 17 11 39 10 43 19 14 16 56 18 12 20 53 21 55 27 1 12 7 17 54 18 28 15 42 23 13 11 22 24 46 54 11 17 28 33 12 47 29 50 15 53 14 11 11 15 20 46 17 52 17 1 17 35 18 37 21 27 22 56 19 43 22 48 27 51 16 20 10 0 28 8 16 28 22 5 15 10 11 45 27 59 26 40 27 9 12 2 27 31 10 44 14 7 12 34 27 12 29 24 14 22 11 26 18 3 16 25 12 58 25 39 13 21 23 49 19 30 30 19 19 14 21 46 39 13 57 19 50 14 3 24 0 13 8 21 13 25 29 20 2 19 58 24 40 21 47 15 27 18 16 28 11 22 45 23 18 30 21 23 38 23 54 11 34 16 6 13 59 19 55 18 51 24 48 29 52 25 24 20 35 26 43 17 1 24 53 30 22 28 28 16 42 20 14 28 5 29 25 18 33 15 10 24 56 11 17 26 19 20 20 20 32 29 44 21 
48: 5 23 55 17 35 26 3 14 38 29 4 15 20 27 53 16 59 13 2 28 44 24 41 10 12 27 17 12 6 24 25 14 52 12 7 20 26 17 0 19 50 22 31 29 16 14 19 13 44 18 27 50 26 45 29 31 21 8 16 56 18 37 30 24 21 28 24 49 17 3 26 46 20 34 16 5 14 25 21 54 18 36 28 59 24 42 25 38 15 17 28 2 25 44 17 41 14 33 22 15 16 16 14 43 26 21 22 48 25 29 30 26 26 40 14 0 24 22 22 53 10 6 22 14 23 47 14 1 16 32 14 51 15 30 17 52 15 28 8 16 11 22 31 26 58 28 35 16 7 20 44 15 24 15 9 11 36 23 22 15 20 13 40 22 51 14 23 26 28 23 50 20 15 18 54 22 17 25 39 12 38 12 30 20 18 27 4 23 59 23 57 21 16 11 47 43 29 18 20 16 20 33 12 25 16 23 26 6 25 10 25 46 28 56 23 50 20 39 29 20 21 58 28 8 27 11 25 7 12 52 17 26 22 54 15 53 23 12 21 35 14 30 30 48 25 0 20 2 15 41 22 24 12 1 12 55 15 28 16 36 28 44 15 22 21 9 29 31 24 3 16 4 28 21 16 42 16 32 18 47 21 40 19 19 12 15 26 5 30 44 50 17 19 18 9 17 1 12 32 30 59 16 47 20 34 19 44 19 18 25 3 13 33 29 22 17 57 24 11 15 41 18 6 17 31 23 21 19 24 20 25 17 30 19 4 14 7 22 26 30 40 27 48 16 42 10 28 27 58 14 20 11 53 20 27 13 17 29 10 15 14 23 52 24 49 18 5 16 43 27 51 22 55 12 46 21 37 20 
44: 5 47 41 26 3 16 22 17 55 14 50 14 30 27 25 17 11 18 14 14 21 26 28 28 40 16 37 21 5 25 4 15 33 21 24 26 48 11 34 17 49 29 18 30 26 20 35 24 52 10 12 12 19 22 0 13 58 24 1 22 51 16 38 24 6 24 10 14 42 11 56 21 32 12 29 19 8 18 44 13 7 24 15 23 13 16 9 22 47 28 20 21 57 28 31 23 26 41 30 16 10 40 27 33 18 46 14 45 15 49 19 23 20 42 14 52 20 22 27 6 18 58 19 51 18 48 29 36 22 18 23 15 20 4 21 54 13 43 24 25 13 19 27 39 24 34 16 32 12 42 28 22 36 27 14 26 0 26 22 20 7 30 48 24 57 18 27 17 56 13 32 19 1 25 29 22 55 22 39 12 52 30 41 17 44 12 47 16 3 15 10 17 31 15 16 21 59 12 17 13 42 11 46 30 34 18 5 14 33 29 24 26 15 30 38 26 50 10 54 13 51 29 40 24 49 18 26 25 18 11 45 27 9 15 30 2 14 17 17 10 24 55 22 38 16 59 26 53 16 36 23 4 20 56 10 21 20 1 27 54 26 13 16 22 26 24 15 11 26 48 15 27 20 51 19 45 17 44 27 46 22 14 28 5 30 0 24 31 18 8 13 29 23 32 22 19 27 22 45 22 56 25 16 28 58 25 5 30 8 16 10 23 2 17 55 18 0 24 35 16 50 24 52 17 31 27 57 25 47 18 19 25 54 29 
60: 5 25 7 28 40 22 54 15 55 28 3 12 53 24 35 18 29 12 21 28 15 29 11 24 19 29 13 28 17 26 31 27 23 15 10 13 49 17 57 25 32 22 1 14 44 19 25 14 28 11 37 17 12 19 16 56 15 21 18 16 22 4 14 39 29 22 14 26 20 57 13 51 21 14 24 18 20 34 36 16 7 16 39 29 54 17 58 12 24 21 45 15 42 20 51 15 44 11 52 12 41 11 48 26 30 19 6 28 49 30 16 12 11 19 43 14 19 15 1 25 53 20 57 17 28 27 17 15 46 15 15 20 40 21 10 12 29 25 31 13 59 11 3 16 8 23 45 27 19 1 26 15 25 7 17 55 16 43 14 42 10 51 29 46 25 56 28 3 24 39 10 29 29 17 26 44 12 10 19 57 13 40 19 0 11 23 11 59 27 18 18 38 22 2 15 58 23 45 17 9 26 32 15 21 13 26 20 14 22 12 11 33 27 19 24 8 16 36 25 30 26 49 22 6 22 35 16 31 25 4 19 22 11 53 10 37 16 21 8 11 5 16 55 13 16 11 21 16 7 30 19 21 46 24 20 29 53 15 33 13 15 14 1 20 42 24 59 15 35 23 0 25 37 23 17 24 36 24 10 17 

Cancelled Jobs
103 6
