10 60
5 4 0 27 1 23 2 10 3 28 36 4 15 5 18 6 30 7 12 8 18 9 10 10 18 11 18 12 21 13 14 14 22 15 13 16 16 17 11 18 25 19 19 20 27 21 19 22 17 23 29 28 10 29 25 30 24 31 18 40 15 41 15 42 17 43 19 48 29 49 24 50 15 51 22 52 22 53 10 54 15 55 21 8 8 22 9 17 10 15 11 21 28 18 29 20 30 17 31 12 32 4 20 5 15 6 10 7 20 8 25 9 11 10 26 11 30 16 23 17 12 18 12 19 14 20 17 21 23 22 11 23 19 24 15 25 24 26 30 27 14 28 19 29 21 30 11 31 22 40 14 41 11 42 21 43 20 44 20 45 25 46 19 47 18 4 56 22 57 13 58 10 59 12 
5 4 0 23 1 29 2 20 3 24 12 20 16 21 19 22 20 23 26 36 29 37 28 38 15 39 12 48 15 49 20 50 13 51 30 44 4 19 5 19 6 12 7 17 8 28 9 25 10 14 11 25 12 17 13 27 14 16 15 18 16 21 17 16 18 25 19 21 20 30 21 12 22 25 23 22 28 19 29 21 30 23 31 20 32 10 33 25 34 24 35 22 40 17 41 12 42 10 43 11 44 30 45 15 46 24 47 23 48 18 49 22 50 30 51 19 52 21 53 28 54 20 55 28 24 12 19 13 29 14 18 15 16 24 25 25 21 26 14 27 27 28 26 29 11 30 10 31 25 44 27 45 30 46 17 47 26 48 11 49 13 50 20 51 20 52 25 53 13 54 15 55 28 4 56 28 57 23 58 26 59 28 
5 4 0 17 1 26 2 24 3 14 32 4 14 5 24 6 25 7 15 12 26 13 10 14 20 15 25 16 19 17 29 18 23 19 12 24 24 25 12 26 19 27 29 28 12 29 10 30 22 31 16 40 24 41 19 42 25 43 20 44 18 45 12 46 10 47 17 48 21 49 14 50 25 51 28 52 4 26 5 15 6 17 7 29 8 27 9 26 10 23 11 23 12 10 13 30 14 20 15 11 16 26 17 21 18 25 19 15 20 15 21 28 22 17 23 21 24 21 25 18 26 15 27 10 28 18 29 27 30 13 31 10 32 14 33 10 34 22 35 13 36 21 37 19 38 19 39 24 40 12 41 13 42 22 43 10 44 23 45 11 46 26 47 16 48 16 49 17 50 24 51 23 52 20 53 24 54 19 55 25 16 4 19 5 21 6 12 7 27 12 24 13 13 14 26 15 25 28 25 29 22 30 27 31 25 44 27 45 23 46 13 47 26 4 56 19 57 15 58 13 59 19 
5 4 0 23 1 20 2 13 3 15 44 8 14 9 29 10 26 11 24 12 22 13 24 14 12 15 16 16 16 17 19 18 11 19 22 20 23 21 11 22 22 23 27 24 15 25 21 26 13 27 21 28 21 29 12 30 17 31 13 36 14 37 12 38 25 39 14 40 10 41 18 42 21 43 23 44 13 45 10 46 21 47 14 48 30 49 15 50 20 51 10 52 18 53 15 54 25 55 15 20 4 12 5 18 6 13 7 30 12 13 13 29 14 23 15 18 28 11 29 15 30 19 31 19 32 22 33 16 34 28 35 28 48 30 49 28 50 14 51 29 32 4 22 5 26 6 27 7 17 12 23 13 28 14 17 15 24 16 29 17 13 18 27 19 15 36 12 37 17 38 15 39 18 40 17 41 26 42 22 43 17 44 18 45 26 46 21 47 15 48 12 49 18 50 18 51 16 52 18 53 16 54 23 55 22 4 56 10 57 27 58 27 59 30 
5 4 0 18 1 11 2 20 3 30 8 36 17 37 14 38 22 39 23 40 30 41 19 42 16 43 12 24 8 13 9 24 10 21 11 21 12 29 13 28 14 14 15 26 32 19 33 23 34 14 35 10 36 18 37 15 38 16 39 17 44 23 45 30 46 11 47 20 52 29 53 13 54 28 55 18 4 4 28 5 29 6 10 7 22 4 56 23 57 25 58 26 59 15 
5 4 0 23 1 13 2 23 3 17 4 4 15 5 16 6 24 7 30 8 8 10 9 24 10 16 11 13 28 18 29 19 30 21 31 18 24 4 12 5 15 6 12 7 13 28 10 29 17 30 25 31 24 32 30 33 25 34 13 35 29 40 11 41 10 42 26 43 30 44 24 45 25 46 20 47 28 52 28 53 26 54 28 55 21 4 56 18 57 11 58 23 59 20 
5 4 0 12 1 20 2 24 3 25 24 4 24 5 15 6 25 7 29 8 18 9 26 10 25 11 11 12 29 13 16 14 13 15 10 16 27 17 12 18 11 19 12 24 28 25 17 26 30 27 14 48 23 49 27 50 26 51 23 32 4 12 5 30 6 28 7 30 12 28 13 30 14 17 15 22 16 22 17 30 18 19 19 21 20 16 21 17 22 30 23 16 24 17 25 19 26 14 27 19 36 25 37 25 38 22 39 30 40 17 41 18 42 10 43 15 44 18 45 30 46 22 47 11 4 44 23 45 14 46 23 47 11 4 56 11 57 10 58 22 59 25 
5 4 0 11 1 15 2 11 3 22 8 4 15 5 19 6 30 7 23 24 20 25 12 26 17 27 30 52 4 20 5 23 6 14 7 28 8 20 9 19 10 23 11 20 12 29 13 27 14 10 15 12 16 20 17 23 18 10 19 28 20 12 21 16 22 13 23 23 24 16 25 26 26 28 27 22 28 13 29 28 30 26 31 18 32 18 33 24 34 10 35 29 36 23 37 19 38 28 39 18 40 20 41 25 42 12 43 13 44 19 45 30 46 11 47 13 48 11 49 17 50 23 51 28 52 18 53 29 54 12 55 25 16 12 26 13 17 14 16 15 12 16 19 17 13 18 17 19 18 20 20 21 14 22 15 23 18 48 17 49 20 50 24 51 29 4 56 11 57 21 58 16 59 26 
5 4 0 21 1 20 2 20 3 26 4 8 21 9 26 10 19 11 21 16 24 16 25 27 26 28 27 16 32 24 33 23 34 21 35 12 36 12 37 17 38 28 39 29 52 24 53 23 54 14 55 24 20 12 19 13 16 14 11 15 20 24 19 25 17 26 26 27 10 40 26 41 20 42 27 43 15 44 10 45 14 46 29 47 30 48 17 49 11 50 16 51 14 4 56 14 57 19 58 20 59 28 
5 4 0 22 1 11 2 26 3 28 48 4 28 5 14 6 30 7 19 8 18 9 27 10 30 11 16 12 11 13 24 14 21 15 25 16 16 17 17 18 22 19 11 20 17 21 24 22 21 23 24 24 16 25 16 26 27 27 28 28 14 29 16 30 18 31 16 32 27 33 14 34 29 35 14 40 20 41 14 42 13 43 17 44 18 45 17 46 11 47 19 48 14 49 19 50 10 51 25 52 16 53 11 54 14 55 23 20 12 24 13 12 14 29 15 16 20 25 21 14 22 12 23 23 28 22 29 18 30 25 31 14 36 20 37 13 38 28 39 26 40 12 41 14 42 17 43 23 36 8 21 9 19 10 12 11 27 12 26 13 28 14 22 15 21 16 29 17 11 18 23 19 11 20 16 21 24 22 21 23 25 24 26 25 17 26 24 27 18 28 26 29 19 30 29 31 28 32 12 33 20 34 29 35 10 44 21 45 13 46 27 47 17 48 14 49 20 50 11 51 29 4 56 11 57 20 58 16 59 26 

Dynamic Events
Machine Breakdowns (x y z): Machine {x} breakdown from time {y} to {z}
0 15 48
1 160 193
4 160 193
5 21 54
9 56 89
10 164 197
11 98 131
12 8 41
14 161 194
15 153 186
16 95 128
17 61 94
21 99 132
23 40 73
24 41 74
25 33 66
27 163 196
29 113 146
30 116 149
31 169 202
32 71 104
33 129 162
34 169 202
35 48 81
37 161 194
38 111 144
40 103 136
41 34 67
42 88 121
43 154 187
45 167 200
46 157 190
47 162 195
48 149 182
49 106 139
50 87 120
51 23 56
52 42 75
54 154 187
56 58 91
58 58 91

Added Jobs (first number is the time at which the job is added, then pairs of machines and process time)
8: 5 26 27 13 46 11 42 19 35 18 24 22 25 15 18 23 23 20 28 11 7 24 39 25 4 12 54 27 0 18 44 17 51 20 6 24 34 27 1 19 57 23 29 11 45 14 37 18 41 15 14 27 55 15 36 12 29 7 21 17 22 10 28 45 29 56 24 36 19 13 23 51 10 15 10 5 14 22 18 31 13 40 26 54 14 16 19 27 23 46 27 14 14 58 23 8 20 49 22 53 25 48 14 52 28 29 12 30 22 59 24 57 11 18 13 32 29 43 19 25 19 11 20 19 21 21 18 30 37 15 52 27 2 17 26 17 5 21 3 25 9 27 36 25 23 22 19 23 0 12 40 26 41 17 31 11 59 18 1 20 34 17 11 14 39 22 38 18 54 12 24 24 15 13 43 14 44 15 58 10 4 19 46 20 55 26 13 26 10 52 16 46 18 11 22 37 24 45 30 25 20 51 15 50 10 2 18 12 29 43 27 23 38 20 20 20 0 21 45 28 31 14 44 17 34 21 37 23 10 12 19 18 26 20 36 23 58 17 55 22 15 12 22 16 23 26 21 27 32 30 24 17 12 17 56 16 49 18 33 14 50 25 17 13 43 11 2 13 9 17 53 28 5 30 48 12 13 24 42 12 8 14 51 15 57 24 14 20 54 25 46 12 41 22 28 22 
45: 5 32 55 24 58 14 13 19 2 11 21 27 8 20 37 12 49 15 48 21 22 23 56 14 31 22 28 18 1 24 7 28 52 18 46 17 0 17 20 18 25 20 24 17 14 16 51 24 29 13 17 13 23 28 15 24 35 26 41 18 16 28 57 23 59 27 18 44 19 6 19 28 26 41 26 2 15 13 24 58 24 55 16 30 16 31 16 15 11 43 26 4 17 57 17 25 25 26 14 47 23 56 15 51 45 22 53 13 10 13 4 23 17 21 14 17 50 15 54 26 1 25 57 27 9 17 51 23 3 19 19 13 0 19 34 15 31 11 25 19 22 22 28 24 37 22 46 27 21 27 2 14 15 11 13 14 55 28 26 29 8 14 27 26 29 12 48 21 49 17 56 22 5 27 43 27 32 24 30 27 40 25 52 23 42 15 16 26 41 13 39 13 33 17 58 12 12 25 44 17 36 16 24 22 7 27 4 53 21 26 25 59 23 32 16 20 9 17 51 21 34 16 47 19 36 15 26 29 50 20 31 11 55 28 56 12 42 11 23 20 5 15 39 21 33 15 44 11 7 19 57 19 8 16 45 17 
48: 5 42 53 14 11 17 46 15 54 27 44 28 31 21 33 21 39 19 47 18 8 19 35 21 49 16 2 11 6 20 17 21 29 15 55 21 30 25 48 23 19 14 16 27 42 11 58 17 37 24 14 20 28 20 3 16 50 15 9 23 25 13 1 29 59 29 26 28 23 25 43 21 7 30 13 22 15 26 34 26 52 21 24 16 10 15 8 58 13 53 16 32 20 54 16 17 25 15 14 9 24 42 23 50 59 16 27 24 41 20 38 25 30 23 26 16 22 21 53 27 4 21 46 28 19 13 25 18 55 17 6 12 10 20 12 18 21 14 42 26 58 22 23 28 54 26 5 15 39 16 35 10 34 17 28 12 47 12 51 12 0 18 32 14 2 15 9 21 1 12 14 26 16 19 24 28 15 15 31 26 48 11 29 27 36 19 7 21 37 23 44 24 45 20 57 21 33 18 40 12 52 22 18 26 49 44 24 47 28 30 19 24 27 41 14 15 24 5 20 28 26 14 15 33 12 42 10 18 16 19 28 45 17 25 12 43 29 22 24 37 25 57 10 16 20 36 24 9 17 10 23 29 10 1 25 48 30 55 15 8 18 58 17 56 22 26 21 0 25 50 16 51 16 59 28 49 18 35 18 4 28 40 16 53 29 32 16 7 14 13 17 54 25 6 22 46 28 3 30 38 21 12 22 33 16 28 55 24 0 24 25 24 33 12 21 13 51 29 52 29 29 13 9 27 24 16 48 11 2 23 58 12 53 26 41 22 22 12 35 28 54 13 30 22 28 26 5 22 46 29 34 21 18 14 50 29 4 19 19 18 39 21 43 23 3 19 23 16 7 27 

Cancelled Jobs
17 1
