10 60
5 4 0 27 1 23 2 10 3 28 36 4 15 5 18 6 30 7 12 8 18 9 10 10 18 11 18 12 21 13 14 14 22 15 13 16 16 17 11 18 25 19 19 20 27 21 19 22 17 23 29 28 10 29 25 30 24 31 18 40 15 41 15 42 17 43 19 48 29 49 24 50 15 51 22 52 22 53 10 54 15 55 21 8 8 22 9 17 10 15 11 21 28 18 29 20 30 17 31 12 32 4 20 5 15 6 10 7 20 8 25 9 11 10 26 11 30 16 23 17 12 18 12 19 14 20 17 21 23 22 11 23 19 24 15 25 24 26 30 27 14 28 19 29 21 30 11 31 22 40 14 41 11 42 21 43 20 44 20 45 25 46 19 47 18 4 56 22 57 13 58 10 59 12 
5 4 0 23 1 29 2 20 3 24 12 20 16 21 19 22 20 23 26 36 29 37 28 38 15 39 12 48 15 49 20 50 13 51 30 44 4 19 5 19 6 12 7 17 8 28 9 25 10 14 11 25 12 17 13 27 14 16 15 18 16 21 17 16 18 25 19 21 20 30 21 12 22 25 23 22 28 19 29 21 30 23 31 20 32 10 33 25 34 24 35 22 40 17 41 12 42 10 43 11 44 30 45 15 46 24 47 23 48 18 49 22 50 30 51 19 52 21 53 28 54 20 55 28 24 12 19 13 29 14 18 15 16 24 25 25 21 26 14 27 27 28 26 29 11 30 10 31 25 44 27 45 30 46 17 47 26 48 11 49 13 50 20 51 20 52 25 53 13 54 15 55 28 4 56 28 57 23 58 26 59 28 
5 4 0 17 1 26 2 24 3 14 32 4 14 5 24 6 25 7 15 12 26 13 10 14 20 15 25 16 19 17 29 18 23 19 12 24 24 25 12 26 19 27 29 28 12 29 10 30 22 31 16 40 24 41 19 42 25 43 20 44 18 45 12 46 10 47 17 48 21 49 14 50 25 51 28 52 4 26 5 15 6 17 7 29 8 27 9 26 10 23 11 23 12 10 13 30 14 20 15 11 16 26 17 21 18 25 19 15 20 15 21 28 22 17 23 21 24 21 25 18 26 15 27 10 28 18 29 27 30 13 31 10 32 14 33 10 34 22 35 13 36 21 37 19 38 19 39 24 40 12 41 13 42 22 43 10 44 23 45 11 46 26 47 16 48 16 49 17 50 24 51 23 52 20 53 24 54 19 55 25 16 4 19 5 21 6 12 7 27 12 24 13 13 14 26 15 25 28 25 29 22 30 27 31 25 44 27 45 23 46 13 47 26 4 56 19 57 15 58 13 59 19 
5 4 0 23 1 20 2 13 3 15 44 8 14 9 29 10 26 11 24 12 22 13 24 14 12 15 16 16 16 17 19 18 11 19 22 20 23 21 11 22 22 23 27 24 15 25 21 26 13 27 21 28 21 29 12 30 17 31 13 36 14 37 12 38 25 39 14 40 10 41 18 42 21 43 23 44 13 45 10 46 21 47 14 48 30 49 15 50 20 51 10 52 18 53 15 54 25 55 15 20 4 12 5 18 6 13 7 30 12 13 13 29 14 23 15 18 28 11 29 15 30 19 31 19 32 22 33 16 34 28 35 28 48 30 49 28 50 14 51 29 32 4 22 5 26 6 27 7 17 12 23 13 28 14 17 15 24 16 29 17 13 18 27 19 15 36 12 37 17 38 15 39 18 40 17 41 26 42 22 43 17 44 18 45 26 46 21 47 15 48 12 49 18 50 18 51 16 52 18 53 16 54 23 55 22 4 56 10 57 27 58 27 59 30 
5 4 0 18 1 11 2 20 3 30 8 36 17 37 14 38 22 39 23 40 30 41 19 42 16 43 12 24 8 13 9 24 10 21 11 21 12 29 13 28 14 14 15 26 32 19 33 23 34 14 35 10 36 18 37 15 38 16 39 17 44 23 45 30 46 11 47 20 52 29 53 13 54 28 55 18 4 4 28 5 29 6 10 7 22 4 56 23 57 25 58 26 59 15 
5 4 0 23 1 13 2 23 3 17 4 4 15 5 16 6 24 7 30 8 8 10 9 24 10 16 11 13 28 18 29 19 30 21 31 18 24 4 12 5 15 6 12 7 13 28 10 29 17 30 25 31 24 32 30 33 25 34 13 35 29 40 11 41 10 42 26 43 30 44 24 45 25 46 20 47 28 52 28 53 26 54 28 55 21 4 56 18 57 11 58 23 59 20 
5 4 0 12 1 20 2 24 3 25 24 4 24 5 15 6 25 7 29 8 18 9 26 10 25 11 11 12 29 13 16 14 13 15 10 16 27 17 12 18 11 19 12 24 28 25 17 26 30 27 14 48 23 49 27 50 26 51 23 32 4 12 5 30 6 28 7 30 12 28 13 30 14 17 15 22 16 22 17 30 18 19 19 21 20 16 21 17 22 30 23 16 24 17 25 19 26 14 27 19 36 25 37 25 38 22 39 30 40 17 41 18 42 10 43 15 44 18 45 30 46 22 47 11 4 44 23 45 14 46 23 47 11 4 56 11 57 10 58 22 59 25 
5 4 0 11 1 15 2 11 3 22 8 4 15 5 19 6 30 7 23 24 20 25 12 26 17 27 30 52 4 20 5 23 6 14 7 28 8 20 9 19 10 23 11 20 12 29 13 27 14 10 15 12 16 20 17 23 18 10 19 28 20 12 21 16 22 13 23 23 24 16 25 26 26 28 27 22 28 13 29 28 30 26 31 18 32 18 33 24 34 10 35 29 36 23 37 19 38 28 39 18 40 20 41 25 42 12 43 13 44 19 45 30 46 11 47 13 48 11 49 17 50 23 51 28 52 18 53 29 54 12 55 25 16 12 26 13 17 14 16 15 12 16 19 17 13 18 17 19 18 20 20 21 14 22 15 23 18 48 17 49 20 50 24 51 29 4 56 11 57 21 58 16 59 26 
5 4 0 21 1 20 2 20 3 26 4 8 21 9 26 10 19 11 21 16 24 16 25 27 26 28 27 16 32 24 33 23 34 21 35 12 36 12 37 17 38 28 39 29 52 24 53 23 54 14 55 24 20 12 19 13 16 14 11 15 20 24 19 25 17 26 26 27 10 40 26 41 20 42 27 43 15 44 10 45 14 46 29 47 30 48 17 49 11 50 16 51 14 4 56 14 57 19 58 20 59 28 
5 4 0 22 1 11 2 26 3 28 48 4 28 5 14 6 30 7 19 8 18 9 27 10 30 11 16 12 11 13 24 14 21 15 25 16 16 17 17 18 22 19 11 20 17 21 24 22 21 23 24 24 16 25 16 26 27 27 28 28 14 29 16 30 18 31 16 32 27 33 14 34 29 35 14 40 20 41 14 42 13 43 17 44 18 45 17 46 11 47 19 48 14 49 19 50 10 51 25 52 16 53 11 54 14 55 23 20 12 24 13 12 14 29 15 16 20 25 21 14 22 12 23 23 28 22 29 18 30 25 31 14 36 20 37 13 38 28 39 26 40 12 41 14 42 17 43 23 36 8 21 9 19 10 12 11 27 12 26 13 28 14 22 15 21 16 29 17 11 18 23 19 11 20 16 21 24 22 21 23 25 24 26 25 17 26 24 27 18 28 26 29 19 30 29 31 28 32 12 33 20 34 29 35 10 44 21 45 13 46 27 47 17 48 14 49 20 50 11 51 29 4 56 11 57 20 58 16 59 26 

Dynamic Events
Machine Breakdowns (x y z): Machine {x} breakdown from time {y} to {z}
1 15 48
4 32 65
5 168 201
6 94 127
8 113 146
9 118 151
10 99 132
11 166 199
12 7 40
13 84 117
14 88 121
16 45 78
21 148 181
22 95 128
23 165 198
25 115 148
26 15 48
27 81 114
28 156 189
29 115 148
30 93 126
31 53 86
32 157 190
37 117 150
38 68 101
39 46 79
40 78 111
42 28 61
43 105 138
46 101 134
47 106 139
49 40 73
51 60 93
52 28 61
53 85 118
54 157 190
55 75 108
56 120 153
57 151 184
59 6 39

Added Jobs (first number is the time at which the job is added, then pairs of machines and process time)
21: 5 8 58 20 31 24 59 20 8 16 12 27 13 10 1 15 15 18 18 23 29 44 26 11 17 57 12 22 13 48 28 53 20 38 15 8 23 12 11 34 11 9 13 37 24 29 13 21 28 7 19 14 13 47 21 37 50 28 24 17 5 23 30 11 6 12 45 13 37 26 1 20 43 14 18 26 9 11 11 13 3 27 46 27 52 22 14 11 2 13 25 19 8 22 34 21 16 19 19 18 28 21 53 15 20 29 55 21 12 13 41 10 7 28 48 22 0 27 57 17 22 17 13 11 47 28 38 21 49 18 17 54 27 55 26 29 13 2 11 50 14 41 26 52 25 44 21 33 11 39 22 27 20 26 13 23 26 19 12 6 12 8 17 51 14 11 48 12 5 27 42 24 27 27 21 19 18 18 46 11 49 25 47 25 7 17 41 19 
43: 5 52 25 13 57 19 38 18 33 12 39 24 7 27 19 15 17 30 37 15 35 11 40 29 6 28 45 20 16 25 44 24 5 15 56 16 52 19 9 15 55 26 28 17 59 27 11 22 8 18 15 26 12 12 32 28 47 28 4 27 10 18 0 26 22 17 1 27 54 25 58 10 18 16 29 21 43 28 30 10 31 27 21 24 14 29 2 20 41 10 13 17 50 21 51 25 27 27 26 28 3 26 48 16 49 15 27 18 16 24 18 42 21 53 29 23 16 12 13 20 16 44 20 47 27 29 13 28 14 26 30 57 18 55 19 38 21 59 17 50 13 17 22 39 20 33 11 5 17 14 13 22 11 56 23 34 24 58 14 45 15 46 41 21 53 13 2 21 5 29 50 20 11 30 42 18 31 25 26 24 24 22 46 12 8 12 35 21 28 22 25 16 44 28 9 24 7 18 27 13 16 29 37 21 20 28 39 20 33 11 6 27 4 19 54 22 29 28 59 16 36 28 0 20 32 13 30 16 43 13 19 26 45 21 55 19 48 16 57 16 21 28 1 23 12 25 52 18 38 26 13 14 23 24 5 21 23 6 13 48 14 3 14 10 20 11 56 25 52 24 0 26 5 29 59 13 50 17 1 20 24 18 37 26 40 30 7 26 
20: 5 21 33 22 44 15 56 18 30 29 4 14 18 23 28 16 58 12 7 12 42 13 31 12 37 26 48 15 55 16 21 21 43 25 59 23 14 28 25 15 49 16 35 20 36 21 28 13 15 58 14 38 25 56 19 41 14 39 16 53 16 24 27 26 26 54 21 52 25 20 21 12 28 30 12 17 22 8 23 42 16 27 19 44 20 22 15 37 28 55 28 11 16 57 11 35 16 46 16 25 27 16 23 49 16 3 19 33 15 18 23 29 19 10 26 51 18 27 33 22 54 20 55 24 57 12 47 27 25 21 43 11 2 20 23 16 15 11 19 23 16 22 45 15 31 14 26 22 3 30 53 18 27 12 7 20 13 12 48 20 18 20 21 13 36 24 51 14 49 21 5 20 38 58 16 11 13 15 16 26 30 35 29 9 25 3 15 8 20 1 24 0 27 50 22 38 24 29 21 47 20 48 13 31 17 23 16 51 27 32 19 21 21 59 20 44 18 17 12 24 20 6 28 55 21 5 30 52 21 20 18 14 14 53 27 19 20 22 11 7 14 27 28 33 21 30 29 37 20 49 21 17 1 26 9 26 35 24 52 18 39 26 3 23 55 25 11 21 28 12 0 13 34 13 27 23 2 11 18 18 8 18 23 18 14 14 44 30 6 16 7 29 4 24 10 29 48 18 40 26 50 21 53 19 31 13 22 22 15 15 17 19 38 18 33 19 51 17 29 25 19 23 47 25 46 26 24 21 45 27 5 27 37 15 13 25 32 22 57 18 41 10 12 11 20 29 58 16 

Cancelled Jobs
11 7
