10 40
5 4 0 22 1 19 2 29 3 19 32 4 19 5 16 6 21 7 18 8 11 9 20 10 10 11 28 12 27 13 19 14 29 15 23 16 14 17 21 18 28 19 30 20 11 21 22 22 30 23 26 24 16 25 24 26 30 27 25 28 12 29 13 30 21 31 26 32 15 33 24 34 20 35 25 24 8 11 9 14 10 17 11 14 16 25 17 12 18 10 19 19 20 28 21 24 22 26 23 11 24 27 25 27 26 15 27 17 28 27 29 24 30 12 31 24 32 28 33 30 34 13 35 12 20 4 15 5 20 6 28 7 20 12 14 13 20 14 26 15 19 20 12 21 19 22 17 23 13 24 26 25 23 26 10 27 13 32 30 33 13 34 11 35 21 4 36 12 37 23 38 26 39 26 
5 4 0 26 1 17 2 16 3 15 24 4 18 5 10 6 28 7 29 8 13 9 11 10 21 11 16 12 20 13 11 14 28 15 29 16 13 17 23 18 18 19 24 28 13 29 13 30 19 31 23 32 11 33 16 34 25 35 11 20 4 14 5 22 6 16 7 20 8 17 9 21 10 26 11 20 16 21 17 13 18 11 19 29 20 23 21 20 22 30 23 10 32 17 33 13 34 12 35 29 24 4 28 5 29 6 10 7 26 8 12 9 15 10 29 11 20 16 28 17 24 18 25 19 11 20 18 21 25 22 28 23 22 28 26 29 28 30 13 31 17 32 13 33 21 34 21 35 23 4 36 17 37 18 38 29 39 19 
5 4 0 20 1 14 2 14 3 15 16 4 17 5 19 6 24 7 26 16 11 17 27 18 26 19 15 20 14 21 30 22 19 23 30 24 12 25 17 26 20 27 22 28 4 25 5 10 6 28 7 17 8 17 9 27 10 26 11 17 12 17 13 13 14 13 15 22 20 19 21 12 22 17 23 23 24 11 25 20 26 17 27 25 28 27 29 29 30 21 31 17 32 23 33 15 34 12 35 25 20 4 29 5 25 6 23 7 20 8 30 9 18 10 23 11 21 12 22 13 13 14 16 15 24 16 29 17 16 18 30 19 25 32 30 33 27 34 22 35 22 4 36 28 37 27 38 17 39 22 
5 4 0 20 1 24 2 23 3 23 24 4 12 5 18 6 27 7 27 8 19 9 16 10 22 11 14 16 30 17 12 18 16 19 12 20 20 21 29 22 27 23 25 24 24 25 20 26 30 27 10 32 28 33 30 34 18 35 30 8 12 15 13 19 14 28 15 21 28 13 29 25 30 24 31 29 32 4 26 5 29 6 27 7 21 8 26 9 23 10 21 11 26 12 19 13 11 14 16 15 10 16 25 17 23 18 11 19 23 20 27 21 16 22 10 23 30 24 23 25 20 26 26 27 30 28 17 29 26 30 12 31 24 32 30 33 10 34 13 35 16 4 36 25 37 11 38 28 39 16 
5 4 0 23 1 17 2 22 3 18 12 12 15 13 27 14 11 15 14 20 16 21 22 22 19 23 17 24 24 25 20 26 30 27 15 32 4 29 5 19 6 14 7 22 8 20 9 16 10 30 11 15 12 22 13 17 14 10 15 28 16 23 17 12 18 25 19 21 20 24 21 28 22 20 23 30 24 28 25 11 26 21 27 20 28 17 29 25 30 30 31 21 32 26 33 25 34 16 35 15 8 8 23 9 16 10 13 11 17 12 17 13 21 14 24 15 19 4 36 19 37 27 38 18 39 24 
5 4 0 20 1 10 2 22 3 22 8 12 25 13 24 14 12 15 10 24 26 25 15 26 30 27 18 12 4 22 5 27 6 27 7 30 12 24 13 20 14 25 15 12 24 20 25 27 26 12 27 17 32 4 15 5 22 6 12 7 12 8 25 9 21 10 13 11 18 12 29 13 20 14 15 15 26 16 28 17 28 18 29 19 24 20 11 21 11 22 23 23 19 24 14 25 24 26 21 27 21 28 27 29 28 30 20 31 20 32 21 33 23 34 22 35 11 4 36 29 37 16 38 15 39 30 
5 4 0 30 1 16 2 28 3 12 8 8 20 9 22 10 25 11 29 16 24 17 29 18 11 19 10 12 4 11 5 13 6 12 7 22 8 17 9 13 10 22 11 25 12 27 13 15 14 18 15 30 12 12 16 13 20 14 27 15 18 20 15 21 12 22 14 23 11 28 25 29 26 30 23 31 20 4 36 17 37 10 38 13 39 14 
5 4 0 27 1 18 2 20 3 27 24 4 16 5 29 6 30 7 27 8 18 9 26 10 23 11 21 20 18 21 21 22 18 23 20 24 19 25 18 26 17 27 22 28 23 29 11 30 25 31 16 32 13 33 21 34 28 35 15 24 8 29 9 12 10 19 11 30 12 27 13 27 14 23 15 28 16 16 17 25 18 13 19 24 20 22 21 15 22 15 23 30 24 30 25 19 26 12 27 11 32 13 33 30 34 14 35 15 8 4 11 5 10 6 23 7 16 12 27 13 30 14 28 15 29 4 36 27 37 12 38 16 39 11 
5 4 0 22 1 16 2 24 3 22 28 4 29 5 14 6 23 7 26 8 28 9 15 10 24 11 25 12 17 13 21 14 12 15 11 16 27 17 30 18 28 19 15 20 23 21 10 22 24 23 22 28 18 29 16 30 14 31 25 32 25 33 12 34 11 35 30 8 20 30 21 12 22 25 23 24 24 25 25 21 26 10 27 23 24 4 11 5 15 6 12 7 24 8 26 9 28 10 29 11 11 16 22 17 24 18 21 19 23 20 12 21 14 22 13 23 28 24 21 25 16 26 15 27 29 28 27 29 18 30 24 31 29 4 36 26 37 28 38 29 39 10 
5 4 0 24 1 11 2 22 3 26 20 8 22 9 23 10 30 11 27 16 18 17 21 18 12 19 24 24 17 25 12 26 25 27 18 28 15 29 23 30 21 31 10 32 17 33 27 34 26 35 24 16 4 17 5 18 6 25 7 16 24 27 25 26 26 29 27 16 28 24 29 10 30 22 31 30 32 10 33 24 34 26 35 12 16 4 20 5 22 6 27 7 26 16 14 17 14 18 11 19 12 20 20 21 20 22 18 23 16 32 19 33 23 34 27 35 11 4 36 20 37 22 38 18 39 26 

Dynamic Events
Machine Breakdowns (x y z): Machine {x} breakdown from time {y} to {z}
0 13 47
1 166 200
3 35 69
4 114 148
5 7 41
8 163 197
9 167 201
10 138 172
13 94 128
14 59 93
15 169 203
16 108 142
17 58 92
18 52 86
19 129 163
20 158 192
21 153 187
22 152 186
23 121 155
24 154 188
25 104 138
26 62 96
27 141 175
29 93 127
30 171 205
31 147 181
32 103 137
33 160 194
35 51 85
36 6 40
37 170 204
38 117 151
39 160 194

Added Jobs (first number is the time at which the job is added, then pairs of machines and process time)
62: 5 10 31 16 12 20 4 26 28 16 13 17 6 22 2 17 37 23 14 16 9 25 4 32 27 22 10 10 18 6 20 10 2 26 13 19 35 22 19 26 5 13 16 17 30 23 4 20 10 20 6 10 26 0 27 21 25 24 21 18 20 22 26 37 13 4 14 27 10 8 17 36 17 26 18 3 23 9 11 30 18 19 29 6 11 29 21 2 23 20 29 34 17 10 19 14 25 15 19 5 24 38 20 11 27 14 20 27 37 28 1 19 10 19 8 26 4 21 27 28 14 22 28 14 7 29 25 16 13 14 30 26 12 14 
47: 5 12 12 16 38 28 1 16 28 21 17 22 0 21 24 19 18 18 31 17 14 13 2 29 10 25 23 14 14 18 10 12 16 13 29 5 15 33 18 19 19 21 26 3 12 10 11 8 12 26 24 37 26 17 21 6 30 27 28 16 11 9 11 29 20 20 21 31 20 15 17 25 17 28 0 23 3 22 24 29 14 22 19 20 11 12 23 15 39 26 32 28 20 19 5 21 7 14 13 15 12 22 18 17 30 20 17 24 9 25 22 15 29 28 26 16 38 15 28 16 4 19 34 24 35 15 36 21 31 17 28 3 15 30 30 39 24 18 22 23 21 9 14 10 23 2 28 12 20 16 16 11 27 1 18 26 19 37 19 6 23 14 29 31 17 21 23 28 19 34 11 27 25 20 29 24 13 0 30 35 23 8 25 38 16 4 22 17 10 29 39 30 17 27 6 16 15 10 32 10 37 11 22 28 35 30 23 29 7 24 5 22 16 14 29 21 11 14 2 28 20 23 

Cancelled Jobs
90 1
40 7
