8 9
9 1 0 887 1 1 447 1 2 234 1 3 159 2 4 201 3 201 1 5 555 1 6 463 1 7 456 1 8 753 
9 1 0 799 1 1 779 1 2 567 2 3 267 8 267 1 4 478 1 5 444 1 6 123 2 7 789 8 789 1 8 21 
9 1 0 999 1 1 999 1 2 852 2 3 483 0 483 1 4 520 1 5 120 1 6 456 1 7 630 1 8 427 
9 1 0 666 2 1 666 6 666 1 2 140 1 3 753 2 4 145 5 145 1 5 142 1 6 789 1 7 258 1 8 520 
9 1 0 663 1 1 25 1 2 222 1 3 420 1 4 699 1 5 578 2 6 876 7 876 1 7 741 1 8 142 
9 2 0 333 8 333 1 1 558 1 2 558 2 3 159 6 159 2 4 875 1 875 2 5 965 6 965 1 6 543 1 7 36 1 8 534 
9 1 0 222 1 1 886 1 2 965 1 3 25 1 4 633 1 5 412 1 6 210 1 7 985 1 8 157 
9 1 0 114 1 1 541 1 2 412 1 3 863 1 4 222 1 5 25 1 6 123 2 7 214 8 214 1 8 896 

Dynamic Events
Machine Breakdowns (x y z): Machine {x} breakdown from time {y} to {z}
3 610 2392
3 9912 11972
8 10137 12260

Added Jobs (first number is the time at which the job is added, then pairs of machines and process time)
1721: 9 1 3 363 2 2 368 7 570 2 3 677 1 950 2 4 470 7 122 2 5 224 7 982 2 6 259 1 787 2 8 226 0 511 1 8 242 1 2 363 
2882: 9 1 8 522 2 1 443 6 380 1 2 216 1 5 31 2 3 336 0 361 2 7 243 1 164 2 8 96 4 345 1 5 745 2 1 770 2 586 

Cancelled Jobs
314 4
