15 10
4 10 0 1 1 4 2 6 3 9 4 3 5 5 6 2 7 8 8 9 9 4 10 0 1 1 1 2 3 3 4 4 8 5 10 6 4 7 11 8 4 9 3 10 0 2 1 5 2 1 3 5 4 6 5 9 6 5 7 10 8 3 9 2 10 0 10 1 4 2 5 3 9 4 8 5 4 6 15 7 8 8 4 9 4 
4 10 0 4 1 8 2 7 3 1 4 9 5 6 6 1 7 10 8 7 9 1 10 0 6 1 11 2 2 3 7 4 5 5 3 6 5 7 14 8 9 9 2 10 0 8 1 5 2 8 3 9 4 4 5 3 6 5 7 3 8 8 9 1 10 0 9 1 3 2 6 3 1 4 2 5 6 6 4 7 1 8 7 9 2 
4 10 0 7 1 1 2 8 3 5 4 4 5 9 6 1 7 2 8 3 9 4 10 0 5 1 10 2 6 3 4 4 9 5 5 6 1 7 7 8 1 9 6 10 0 4 1 2 2 3 3 8 4 7 5 4 6 6 7 9 8 8 9 4 10 0 7 1 3 2 12 3 1 4 6 5 5 6 8 7 3 8 5 9 2 
4 10 0 6 1 2 2 5 3 4 4 1 5 2 6 3 7 6 8 5 9 4 10 0 8 1 5 2 7 3 4 4 1 5 2 6 36 7 5 8 8 9 5 10 0 9 1 6 2 2 3 4 4 5 5 1 6 3 7 6 8 5 9 2 10 0 11 1 4 2 5 3 6 4 2 5 7 6 5 7 4 8 2 9 1 
4 10 0 6 1 9 2 2 3 3 4 5 5 8 6 7 7 4 8 1 9 2 10 0 5 1 4 2 6 3 3 4 5 5 2 6 28 7 7 8 4 9 5 10 0 6 1 2 2 4 3 3 4 6 5 5 6 2 7 4 8 7 9 9 10 0 6 1 5 2 4 3 2 4 3 5 2 6 5 7 4 8 7 9 5 
2 10 0 4 1 1 2 3 3 2 4 6 5 9 6 8 7 5 8 4 9 2 10 0 1 1 3 2 6 3 5 4 4 5 7 6 5 7 4 8 6 9 5 
2 10 0 1 1 4 2 2 3 5 4 3 5 6 6 9 7 8 8 5 9 4 10 0 2 1 1 2 4 3 5 4 2 5 3 6 5 7 4 8 2 9 5 
4 10 0 2 1 3 2 6 3 2 4 5 5 4 6 1 7 5 8 8 9 7 10 0 4 1 5 2 6 3 2 4 3 5 5 6 4 7 1 8 2 9 5 10 0 3 1 5 2 4 3 2 4 5 5 49 6 8 7 5 8 4 9 5 10 0 1 1 2 2 36 3 5 4 2 5 3 6 6 7 4 8 11 9 2 
4 10 0 6 1 3 2 2 3 22 4 44 5 11 6 10 7 23 8 5 9 1 10 0 2 1 3 2 2 3 12 4 15 5 10 6 12 7 14 8 18 9 16 10 0 20 1 17 2 12 3 5 4 9 5 6 6 4 7 7 8 5 9 6 10 0 9 1 8 2 7 3 4 4 5 5 8 6 7 7 4 8 56 9 2 
4 10 0 5 1 8 2 7 3 4 4 56 5 3 6 2 7 5 8 4 9 1 10 0 2 1 5 2 6 3 9 4 8 5 5 6 4 7 2 8 5 9 4 10 0 6 1 3 2 2 3 5 4 4 5 7 6 4 7 5 8 2 9 1 10 0 3 1 2 2 5 3 6 4 5 5 8 6 7 7 4 8 5 9 2 
4 10 0 1 1 2 2 3 3 6 4 5 5 2 6 1 7 4 8 2 9 1 10 0 2 1 3 2 6 3 3 4 2 5 1 6 4 7 10 8 12 9 1 10 0 3 1 6 2 2 3 5 4 8 5 4 6 6 7 3 8 2 9 5 10 0 4 1 1 2 45 3 6 4 2 5 4 6 1 7 25 8 2 9 4 
4 10 0 9 1 8 2 5 3 6 4 3 5 6 6 5 7 2 8 4 9 2 10 0 5 1 8 2 9 3 5 4 4 5 75 6 63 7 6 8 5 9 21 10 0 12 1 5 2 4 3 6 4 3 5 2 6 5 7 4 8 2 9 5 10 0 8 1 7 2 9 3 5 4 6 5 3 6 2 7 5 8 8 9 4 
4 10 0 4 1 2 2 5 3 6 4 8 5 5 6 6 7 4 8 6 9 2 10 0 3 1 5 2 4 3 7 4 5 5 8 6 6 7 6 8 3 9 2 10 0 5 1 4 2 5 3 8 4 5 5 4 6 6 7 5 8 4 9 2 10 0 3 1 2 2 5 3 6 4 5 5 4 6 8 7 5 8 6 9 4 
4 10 0 2 1 3 2 5 3 4 4 6 5 5 6 4 7 85 8 4 9 5 10 0 6 1 2 2 4 3 5 4 8 5 6 6 5 7 4 8 2 9 6 10 0 3 1 25 2 4 3 8 4 5 5 6 6 3 7 2 8 5 9 4 10 0 8 1 5 2 6 3 4 4 2 5 3 6 6 7 8 8 5 9 4 
4 10 0 2 1 5 2 6 3 8 4 5 5 6 6 3 7 2 8 5 9 4 10 0 5 1 6 2 2 3 5 4 4 5 2 6 5 7 3 8 2 9 5 10 0 4 1 5 2 2 3 3 4 5 5 2 6 8 7 4 8 7 9 5 10 0 6 1 2 2 11 3 14 4 2 5 3 6 6 7 5 8 4 9 8 

Dynamic Events
Machine Breakdowns (x y z): Machine {x} breakdown from time {y} to {z}
0 30 36
1 0 6
2 13 19
3 25 31
4 10 16
5 4 10
6 28 34
8 17 23
9 13 19

Added Jobs (first number is the time at which the job is added, then pairs of machines and process time)
8: 3 10 4 38 1 18 8 17 2 32 5 23 7 73 0 17 6 50 9 5 3 6 10 0 16 3 19 1 18 6 61 5 19 4 26 8 46 9 21 2 15 7 31 10 6 56 4 13 9 12 7 44 0 14 8 21 1 7 5 46 2 11 3 6 
4: 4 10 6 63 1 23 4 2 5 72 0 14 8 56 2 28 3 2 7 62 9 12 10 6 13 9 21 5 29 7 54 3 5 4 23 2 9 1 22 0 17 8 32 10 7 12 1 22 4 56 8 22 3 5 6 62 0 7 9 17 5 17 2 18 10 3 17 2 17 4 19 1 18 0 7 8 36 5 69 6 17 9 10 7 56 
11: 3 10 9 19 4 33 2 12 6 11 7 85 8 26 5 71 3 16 0 14 1 4 10 9 18 1 10 8 46 0 20 4 32 6 14 7 8 2 3 5 61 3 5 10 4 29 8 43 5 29 6 37 9 20 7 27 0 6 1 2 2 24 3 6 

Cancelled Jobs
4 0
