15 5
5 1 3 92 1 2 94 1 0 12 1 4 91 2 1 7 2 7 
5 1 2 21 1 1 19 1 0 87 1 3 11 1 4 66 
5 1 1 14 1 3 13 2 0 75 3 75 1 4 16 1 2 20 
5 2 2 95 4 95 1 4 66 1 0 7 1 1 77 1 3 7 
5 1 2 34 2 4 89 2 89 1 3 6 1 1 45 1 0 15 
5 1 4 88 1 3 77 2 2 20 4 20 1 1 53 1 0 76 
5 2 4 9 1 9 1 3 27 1 0 52 1 1 88 1 2 74 
5 1 3 69 1 2 52 1 0 62 1 1 88 1 4 98 
5 1 3 90 2 0 62 2 62 1 4 9 1 2 61 2 1 52 4 52 
5 1 4 5 1 2 54 1 3 59 2 0 88 3 88 1 1 15 
5 2 0 41 2 41 1 1 50 1 4 78 1 3 53 1 2 23 
5 1 0 38 1 4 72 1 2 91 1 3 68 1 1 71 
5 1 0 45 1 3 95 1 4 52 1 2 25 1 1 6 
5 1 3 30 1 1 66 1 0 23 1 4 36 1 2 17 
5 1 2 95 2 0 71 2 71 1 3 76 1 1 8 1 4 88 

Dynamic Events
Machine Breakdowns (x y z): Machine {x} breakdown from time {y} to {z}
0 825 1071
1 983 1229
2 1203 1449
3 719 965
4 772 1018

Added Jobs (first number is the time at which the job is added, then pairs of machines and process time)
269: 5 1 3 68 2 1 73 4 69 1 0 20 1 0 14 2 4 78 2 94 
458: 5 2 0 66 1 14 2 3 26 2 53 2 1 21 2 72 2 2 21 0 18 1 3 67 
234: 5 1 1 57 1 1 55 2 2 21 0 35 1 2 85 2 0 55 2 57 

Cancelled Jobs
531 13
