10 10
10 1 2 44 1 3 5 1 5 58 1 4 97 2 0 9 7 9 1 7 84 1 8 77 1 9 96 1 1 58 1 6 89 
10 1 4 15 1 7 31 2 1 87 5 87 1 8 57 1 0 77 1 3 85 2 2 81 5 81 1 5 39 1 9 73 1 6 21 
10 1 9 82 2 6 22 9 22 1 4 10 1 3 70 1 1 49 1 0 40 1 8 34 1 2 48 2 7 80 3 80 1 5 71 
10 1 1 91 2 2 17 9 17 1 7 62 1 5 75 1 8 47 1 4 11 1 3 7 1 6 72 1 9 35 1 0 55 
10 1 6 71 2 1 90 2 90 1 3 75 1 0 64 2 2 94 4 94 1 8 15 1 4 12 1 7 67 2 9 20 8 20 1 5 50 
10 2 7 70 2 70 1 5 93 1 8 77 1 2 29 1 4 58 1 6 93 1 3 68 1 1 57 1 9 7 1 0 52 
10 1 6 87 1 1 63 1 4 26 1 5 6 1 2 82 1 3 27 1 7 56 1 8 48 1 9 36 1 0 95 
10 2 0 36 2 36 1 5 15 1 8 41 1 9 78 1 3 76 1 6 84 1 4 30 1 7 76 1 2 36 1 1 8 
10 2 5 88 4 88 1 2 81 1 3 13 1 6 82 1 4 54 1 7 13 1 8 29 1 9 40 1 1 78 1 0 75 
10 1 9 88 2 4 54 6 54 1 6 64 1 7 32 1 0 52 1 2 6 1 8 54 1 5 82 1 3 6 1 1 26 

Dynamic Events
Machine Breakdowns (x y z): Machine {x} breakdown from time {y} to {z}
0 902 1141
1 711 950
2 140 371
3 538 777
4 1164 1403
5 107 346
6 682 921
7 128 367
8 443 682
9 35 274

Added Jobs (first number is the time at which the job is added, then pairs of machines and process time)
313: 10 2 5 61 8 29 2 9 74 5 15 2 6 43 3 77 1 4 20 2 9 52 8 30 1 4 80 2 4 24 2 31 1 1 60 1 0 30 2 5 81 2 48 
329: 10 2 1 26 9 20 2 9 94 2 86 1 3 72 1 0 38 2 8 58 4 16 1 7 49 1 0 19 2 6 21 3 73 1 4 16 2 6 36 5 42 

Cancelled Jobs
