15 8
8 1 0 6 2 0 6 6 9 2 5 7 2 1 2 3 2 6 5 3 0 8 2 9 7 9 3 1 3 3 8 2 2 2 4 5 5 7 2 5 1 3 7 
7 1 5 1 2 5 1 3 7 1 0 6 2 5 7 2 1 3 1 3 3 8 2 2 1 5 2 1 6 2 
6 1 5 1 3 1 3 3 8 2 2 3 2 2 6 1 3 4 2 3 2 6 5 2 0 7 2 7 2 3 4 2 1 
5 1 6 2 1 0 6 2 0 6 6 9 2 5 7 2 1 2 3 5 4 7 
7 1 6 2 2 0 6 6 9 2 3 4 2 1 3 0 8 2 9 7 9 2 0 7 2 7 3 1 3 3 8 2 2 2 3 5 4 7 
9 1 5 2 2 3 4 2 1 3 2 2 6 1 3 4 2 5 1 3 7 2 3 5 4 7 3 0 8 2 9 7 9 2 0 7 2 7 1 5 1 2 0 6 6 9 
5 2 4 5 5 7 2 0 7 2 7 2 5 1 3 7 1 5 2 2 5 7 2 1 
6 2 3 5 4 7 2 4 5 5 7 3 1 3 3 8 2 2 1 5 2 1 5 1 2 0 6 6 9 
9 1 0 6 2 0 6 6 9 2 3 4 2 1 3 0 8 2 9 7 9 2 3 2 6 5 2 5 1 3 7 1 6 2 2 0 7 2 7 3 1 3 3 8 2 2 
5 2 4 5 5 7 1 0 6 1 6 2 2 3 5 4 7 2 0 6 6 9 
4 3 0 8 2 9 7 9 1 0 6 3 1 3 3 8 2 2 2 3 2 6 5 
6 2 3 2 6 5 1 5 1 1 0 6 2 0 7 2 7 3 0 8 2 9 7 9 1 6 2 
4 1 5 2 2 5 7 2 1 2 5 1 3 7 2 4 5 5 7 
3 2 4 5 5 7 1 5 1 2 3 2 6 5 
6 2 3 5 4 7 1 6 2 3 0 8 2 9 7 9 3 1 3 3 8 2 2 3 2 2 6 1 3 4 1 0 6 

Dynamic Events
Machine Breakdowns (x y z): Machine {x} breakdown from time {y} to {z}
0 87 108
1 2 23
2 85 106
3 20 41
4 18 39
5 45 61
6 3 24

Added Jobs (first number is the time at which the job is added, then pairs of machines and process time)
19: 8 1 5 2 3 6 3 7 9 5 5 1 7 9 1 7 9 2 3 7 5 3 2 2 7 5 2 3 5 6 4 5 6 4 3 2 2 6 6 5 6 
31: 4 3 6 8 0 6 4 6 3 6 7 3 7 4 7 2 7 9 4 5 3 0 8 5 5 1 3 
24: 3 1 4 7 1 3 6 1 6 5 

Cancelled Jobs
21 3
36 5
7 11
66 13
