10 10
15 4 1 8 5 3 6 2 8 5 2 8 7 0 2 5 6 4 0 4 8 1 1 7 9 4 2 0 1 7 2 3 6 5 2 8 4 8 5 0 3 7 8 1 5 2 8 9 9 3 4 6 0 1 5 2 5 1 5 0 9 8 1 4 7 3 6 2 9 6 0 2 2 6 9 4 6 2 3 8 6 2 5 1 1 4 8 3 2 0 8 2 7 3 9 2 7 9 3 5 3 6 5 2 7 8 3 3 8 4 4 8 0 1 
15 5 0 3 7 8 1 5 2 8 9 9 5 6 4 0 4 8 1 1 7 9 4 3 4 6 0 1 5 2 5 1 1 4 8 3 2 0 8 2 7 2 3 8 6 2 2 9 6 0 2 3 9 2 7 9 3 5 2 6 9 4 6 3 6 5 2 7 8 3 3 6 5 2 8 4 8 3 8 4 4 8 0 1 2 8 7 0 2 2 0 1 7 2 4 1 8 5 3 6 2 8 5 5 1 5 0 9 8 1 4 7 3 6 
15 2 0 1 7 2 2 6 9 4 6 2 9 6 0 2 2 3 8 6 2 5 1 1 4 8 3 2 0 8 2 7 3 8 4 4 8 0 1 2 8 7 0 2 3 6 5 2 7 8 3 5 6 4 0 4 8 1 1 7 9 4 4 1 8 5 3 6 2 8 5 5 0 3 7 8 1 5 2 8 9 9 3 9 2 7 9 3 5 5 1 5 0 9 8 1 4 7 3 6 3 4 6 0 1 5 2 3 6 5 2 8 4 8 
15 3 4 6 0 1 5 2 5 1 5 0 9 8 1 4 7 3 6 5 0 3 7 8 1 5 2 8 9 9 5 1 1 4 8 3 2 0 8 2 7 2 3 8 6 2 2 9 6 0 2 3 6 5 2 8 4 8 2 8 7 0 2 3 6 5 2 7 8 3 3 8 4 4 8 0 1 4 1 8 5 3 6 2 8 5 2 0 1 7 2 5 6 4 0 4 8 1 1 7 9 4 2 6 9 4 6 3 9 2 7 9 3 5 
15 3 9 2 7 9 3 5 2 0 1 7 2 3 8 4 4 8 0 1 2 8 7 0 2 3 6 5 2 8 4 8 5 1 1 4 8 3 2 0 8 2 7 3 4 6 0 1 5 2 3 6 5 2 7 8 3 4 1 8 5 3 6 2 8 5 2 9 6 0 2 5 6 4 0 4 8 1 1 7 9 4 2 6 9 4 6 5 1 5 0 9 8 1 4 7 3 6 5 0 3 7 8 1 5 2 8 9 9 2 3 8 6 2 
15 3 6 5 2 8 4 8 5 0 3 7 8 1 5 2 8 9 9 2 6 9 4 6 3 4 6 0 1 5 2 5 1 5 0 9 8 1 4 7 3 6 2 3 8 6 2 2 8 7 0 2 5 1 1 4 8 3 2 0 8 2 7 5 6 4 0 4 8 1 1 7 9 4 4 1 8 5 3 6 2 8 5 2 0 1 7 2 3 6 5 2 7 8 3 2 9 6 0 2 3 8 4 4 8 0 1 3 9 2 7 9 3 5 
15 3 4 6 0 1 5 2 3 9 2 7 9 3 5 3 6 5 2 8 4 8 5 0 3 7 8 1 5 2 8 9 9 2 0 1 7 2 2 8 7 0 2 5 1 1 4 8 3 2 0 8 2 7 3 6 5 2 7 8 3 5 6 4 0 4 8 1 1 7 9 4 3 8 4 4 8 0 1 2 9 6 0 2 4 1 8 5 3 6 2 8 5 2 6 9 4 6 2 3 8 6 2 5 1 5 0 9 8 1 4 7 3 6 
15 5 6 4 0 4 8 1 1 7 9 4 3 6 5 2 7 8 3 3 6 5 2 8 4 8 2 0 1 7 2 3 4 6 0 1 5 2 5 1 5 0 9 8 1 4 7 3 6 3 9 2 7 9 3 5 3 8 4 4 8 0 1 2 8 7 0 2 4 1 8 5 3 6 2 8 5 5 0 3 7 8 1 5 2 8 9 9 2 3 8 6 2 2 9 6 0 2 5 1 1 4 8 3 2 0 8 2 7 2 6 9 4 6 
15 4 1 8 5 3 6 2 8 5 3 8 4 4 8 0 1 3 6 5 2 8 4 8 5 6 4 0 4 8 1 1 7 9 4 5 1 1 4 8 3 2 0 8 2 7 2 3 8 6 2 2 8 7 0 2 3 9 2 7 9 3 5 5 0 3 7 8 1 5 2 8 9 9 2 9 6 0 2 5 1 5 0 9 8 1 4 7 3 6 3 6 5 2 7 8 3 2 6 9 4 6 2 0 1 7 2 3 4 6 0 1 5 2 
15 2 0 1 7 2 4 1 8 5 3 6 2 8 5 3 9 2 7 9 3 5 3 6 5 2 8 4 8 3 6 5 2 7 8 3 2 9 6 0 2 2 6 9 4 6 3 8 4 4 8 0 1 5 6 4 0 4 8 1 1 7 9 4 5 1 5 0 9 8 1 4 7 3 6 5 0 3 7 8 1 5 2 8 9 9 3 4 6 0 1 5 2 5 1 1 4 8 3 2 0 8 2 7 2 3 8 6 2 2 8 7 0 2 

Dynamic Events
Machine Breakdowns (x y z): Machine {x} breakdown from time {y} to {z}
0 116 141
2 94 120
6 46 72
7 48 74
8 12 29
8 94 110
9 130 156

Added Jobs (first number is the time at which the job is added, then pairs of machines and process time)
25: 15 5 4 8 0 9 3 8 9 7 2 7 2 4 8 6 4 2 3 6 5 3 4 0 3 2 8 9 8 4 6 4 8 7 0 2 3 5 9 5 4 0 5 8 5 3 3 4 8 3 9 4 4 6 8 5 2 9 5 4 6 2 3 7 8 4 3 2 7 0 1 4 7 2 7 4 5 3 3 9 9 3 8 5 3 5 9 4 3 4 0 6 1 7 2 7 5 6 5 4 6 8 2 3 3 0 8 5 7 2 2 7 4 8 1 2 6 7 

Cancelled Jobs
13 2
