10 13
10 1 0 29 1 1 78 1 2 9 4 3 36 10 36 11 36 12 36 1 4 49 1 5 11 1 6 62 1 7 56 1 8 44 1 9 21 
10 1 0 43 1 2 90 1 4 75 1 9 11 4 3 69 10 69 11 69 12 69 1 1 28 1 6 46 1 5 46 1 7 72 1 8 30 
10 1 1 91 1 0 85 4 3 39 10 39 11 39 12 39 1 2 74 1 8 90 1 5 10 1 7 12 1 6 89 1 9 45 1 4 33 
10 1 1 81 1 2 95 1 0 71 1 4 99 1 6 9 1 8 52 1 7 85 4 3 98 10 98 11 98 12 98 1 9 22 1 5 43 
10 1 2 14 1 0 6 1 1 22 1 5 61 4 3 26 10 26 11 26 12 26 1 4 69 1 8 21 1 7 49 1 9 72 1 6 53 
10 1 2 84 1 1 2 1 5 52 4 3 95 10 95 11 95 12 95 1 8 48 1 9 72 1 0 47 1 6 65 1 4 6 1 7 25 
10 1 1 46 1 0 37 4 3 61 10 61 11 61 12 61 1 2 13 1 6 32 1 5 21 1 9 32 1 8 89 1 7 30 1 4 55 
10 1 2 31 1 0 86 1 1 46 1 5 74 1 4 32 1 6 88 1 8 19 1 9 48 1 7 36 4 3 79 10 79 11 79 12 79 
10 1 0 76 1 1 69 4 3 76 10 76 11 76 12 76 1 5 51 1 2 85 1 9 11 1 6 40 1 7 89 1 4 26 1 8 74 
10 1 1 85 1 0 13 1 2 61 1 6 7 1 8 64 1 9 76 1 5 47 4 3 52 10 52 11 52 12 52 1 4 90 1 7 45 

Dynamic Events
Machine Breakdowns (x y z): Machine {x} breakdown from time {y} to {z}
0 559 815
1 903 1159
2 1129 1385
3 643 899
5 1046 1302
7 844 1100
9 837 1093
10 1110 1366
11 357 613
12 1131 1387

Added Jobs (first number is the time at which the job is added, then pairs of machines and process time)
150: 10 1 9 46 1 0 9 4 4 68 1 77 2 32 5 19 1 7 54 2 12 98 2 31 2 5 43 9 14 3 9 23 2 50 6 85 4 3 79 0 79 5 39 2 15 3 1 21 11 70 10 98 3 8 45 9 24 6 43 
357: 10 2 0 6 12 84 4 1 80 9 37 5 19 12 63 3 5 49 10 71 12 27 2 0 69 8 85 4 12 77 1 75 11 61 3 43 2 2 28 10 64 3 4 87 2 28 6 44 1 0 52 4 3 45 9 34 7 26 10 27 1 7 56 

Cancelled Jobs
