10 10
10 1 0 8 1 1 10 1 2 35 1 3 44 2 4 15 7 15 1 5 92 1 6 70 1 7 89 1 8 50 1 9 12 
10 1 0 63 1 8 39 2 3 80 5 80 1 5 22 1 2 88 1 1 39 2 9 85 5 85 1 6 27 1 7 74 1 4 69 
10 1 0 52 2 6 22 9 22 1 1 33 1 3 68 1 8 27 1 2 68 1 5 25 1 4 34 2 7 24 3 24 1 9 84 
10 1 0 31 2 1 85 2 85 1 4 55 1 8 80 1 5 58 1 7 11 1 6 69 1 9 56 1 3 73 1 2 25 
10 1 0 97 1 5 98 2 9 87 0 87 1 8 47 1 7 77 2 4 90 2 90 1 3 98 1 2 80 2 1 39 5 39 2 6 40 7 40 
10 2 1 97 7 97 1 5 68 1 0 44 1 9 67 1 2 44 1 8 85 1 3 78 1 6 90 1 7 33 1 4 81 
10 1 0 34 1 3 76 1 8 48 1 7 61 1 9 11 1 2 36 1 4 33 1 6 98 1 1 7 1 5 44 
10 1 0 44 2 9 5 2 5 1 4 85 1 1 51 1 5 58 1 7 79 1 2 95 1 6 48 1 3 86 1 8 73 
10 1 0 24 2 1 63 4 63 1 9 48 1 7 77 1 8 73 1 6 74 1 4 63 1 5 17 1 2 93 1 3 84 
10 1 0 51 1 2 5 2 4 40 6 40 1 9 60 1 1 46 1 5 58 1 8 54 1 3 72 1 6 29 1 7 94 

Dynamic Events
Machine Breakdowns (x y z): Machine {x} breakdown from time {y} to {z}
1 1566 1833
2 309 575
2 678 998
3 18 338
4 1356 1676
5 143 463
6 472 773
8 267 587
9 1512 1832

Added Jobs (first number is the time at which the job is added, then pairs of machines and process time)
82: 10 1 1 69 2 8 61 4 18 2 8 39 4 26 1 0 52 2 3 29 8 43 2 4 80 0 31 1 4 26 2 8 43 2 32 2 4 49 6 72 2 2 83 1 40 
547: 10 1 1 58 2 5 48 9 74 1 5 69 2 3 36 9 55 1 2 75 2 3 63 0 69 1 6 78 1 7 73 2 7 69 8 66 1 4 78 

Cancelled Jobs
