20 15
15 1 6 14 1 5 21 1 8 13 1 4 11 2 1 11 12 11 1 14 35 1 13 20 1 11 17 1 10 18 1 12 11 1 2 23 1 3 13 2 0 15 5 15 1 7 11 1 9 35 
15 1 1 35 2 5 31 13 31 1 0 13 1 3 26 1 6 14 1 9 17 2 7 38 12 38 1 12 20 1 10 19 1 13 12 1 8 16 1 4 34 2 11 15 4 15 1 14 12 1 2 14 
15 2 0 30 6 30 1 4 35 1 2 40 1 10 35 1 6 30 1 14 23 1 8 29 1 13 37 1 7 38 1 3 40 1 9 26 2 12 11 7 11 1 1 40 1 11 36 2 5 17 4 17 
15 1 7 40 1 5 18 1 4 12 2 8 23 4 23 1 0 23 2 9 14 12 14 1 13 16 1 12 14 1 10 23 1 3 12 1 6 16 1 14 32 1 1 40 1 11 25 1 2 29 
15 1 2 35 1 3 15 1 12 31 1 11 28 1 6 32 1 4 30 1 10 27 1 7 29 1 0 38 1 13 11 2 1 23 5 23 1 14 17 1 5 27 1 9 37 1 8 29 
15 1 5 33 1 3 33 1 6 19 1 12 40 1 10 19 2 0 33 4 33 1 13 26 1 2 31 1 11 28 1 7 36 1 4 38 1 1 21 1 14 25 1 9 40 1 8 35 
15 1 13 25 2 0 32 9 32 1 11 33 1 12 18 1 4 32 1 6 28 1 5 15 1 3 35 1 9 14 1 2 34 1 7 23 1 10 32 1 1 17 2 14 26 2 26 1 8 19 
15 1 2 16 1 12 33 1 9 34 1 11 30 1 13 40 2 8 12 1 12 1 14 26 1 5 26 1 6 15 1 3 21 1 1 40 1 4 32 1 0 14 1 7 30 1 10 35 
15 1 2 17 2 10 16 13 16 1 14 20 1 6 24 2 8 26 6 26 1 3 36 1 12 22 2 0 14 10 14 1 13 11 1 9 20 1 7 23 2 1 29 7 29 1 11 23 1 4 15 1 5 40 
15 1 4 27 1 9 37 2 3 40 9 40 1 11 14 1 13 25 1 7 30 1 0 34 2 2 11 12 11 1 5 15 1 12 32 1 1 36 1 10 12 1 14 28 1 8 31 1 6 23 
15 2 13 25 8 25 1 0 22 1 3 27 1 8 14 1 5 25 1 6 20 1 14 18 1 7 14 1 1 19 1 2 17 1 4 27 2 9 22 13 22 1 12 22 1 11 27 1 10 21 
15 1 14 34 1 10 15 1 0 22 1 3 29 1 13 34 1 6 40 1 7 17 1 2 32 1 12 20 1 5 39 1 4 31 1 11 16 1 1 37 3 8 33 2 33 4 33 1 9 13 
15 1 6 12 1 12 27 2 4 17 10 17 1 2 24 1 8 11 1 5 19 1 14 11 1 3 17 1 9 25 1 1 11 1 11 31 1 13 33 1 7 31 1 10 12 1 0 22 
15 1 5 22 1 14 15 1 0 16 1 8 32 1 7 20 1 4 22 1 9 11 1 13 19 1 1 30 1 12 33 1 6 29 1 11 18 1 3 34 1 10 32 1 2 18 
15 1 5 27 1 3 26 2 10 28 12 28 1 6 37 1 4 18 2 12 12 2 12 2 11 11 12 11 1 13 26 2 7 27 8 27 2 9 40 6 40 1 14 19 1 1 24 1 2 18 1 0 12 1 8 34 
15 1 8 15 1 5 28 1 9 25 2 6 32 11 32 1 1 13 1 7 38 1 11 11 1 2 34 1 4 25 1 0 20 1 10 32 1 3 23 1 12 14 2 14 16 11 16 1 13 20 
15 1 1 15 1 4 13 1 8 37 1 3 14 1 10 22 1 5 24 1 12 26 1 7 22 1 9 34 1 14 22 1 11 19 1 13 32 2 0 29 9 29 2 2 13 1 13 1 6 35 
15 1 7 36 1 5 33 1 13 28 1 9 20 1 10 30 1 4 33 2 14 29 3 29 1 0 34 1 3 22 1 11 12 1 6 30 1 8 12 1 1 35 1 2 13 1 12 35 
15 1 14 26 1 11 31 1 5 35 1 2 38 1 13 19 1 10 35 1 4 27 2 8 29 1 29 1 3 39 1 9 13 2 6 14 12 14 1 7 26 1 0 17 1 1 22 1 12 15 
15 1 1 36 1 7 34 1 11 33 1 8 17 1 14 38 1 6 39 1 5 16 1 3 27 1 13 29 1 2 16 1 0 16 2 4 19 6 19 1 9 40 1 12 35 1 10 39 

Dynamic Events
Machine Breakdowns (x y z): Machine {x} breakdown from time {y} to {z}
0 1033 1224
1 880 989
2 1181 1308
3 162 395
3 1102 1263
4 1041 1176
5 557 688
6 888 1012
8 186 357
9 247 436
9 547 658
10 616 769
10 1184 1413
11 645 787
12 1066 1165
13 854 983
14 311 524

Added Jobs (first number is the time at which the job is added, then pairs of machines and process time)
464: 15 1 13 24 2 11 26 1 37 1 14 35 3 5 36 3 17 14 22 3 0 22 9 21 10 38 2 10 37 3 15 1 6 19 3 1 23 0 14 6 33 3 8 14 14 22 11 24 1 14 27 1 4 28 1 14 33 2 8 11 6 20 1 14 29 1 12 15 
145: 15 1 14 27 1 14 25 1 1 13 1 5 30 3 3 20 7 23 12 36 1 9 12 3 7 39 12 35 10 39 1 10 33 1 7 19 3 8 16 14 18 12 39 3 5 26 1 37 10 33 3 11 29 5 16 8 15 1 13 27 1 3 17 1 10 12 
291: 15 2 13 34 6 21 1 2 31 2 11 22 6 35 1 12 24 1 8 30 2 12 20 6 20 1 0 31 1 14 31 1 7 33 1 14 26 3 9 20 1 32 0 14 2 7 39 12 32 3 8 37 2 14 14 37 1 9 33 2 6 29 1 17 
181: 15 1 1 28 2 3 36 13 25 3 11 29 0 35 1 13 2 8 32 3 23 3 4 28 1 31 5 16 2 2 36 8 28 1 13 30 1 3 39 3 11 30 12 16 14 35 1 13 21 1 5 23 1 5 22 3 10 37 6 39 2 36 2 8 16 9 21 1 13 40 
90: 15 2 11 21 2 22 3 0 13 3 34 9 16 3 1 23 5 26 13 19 3 6 23 10 31 7 38 3 13 22 10 36 4 28 3 8 21 5 38 3 28 3 0 20 3 33 14 37 3 5 39 11 11 12 33 1 1 31 1 0 14 3 1 37 3 25 14 35 3 5 19 4 36 14 23 1 6 31 3 12 16 13 39 3 17 2 8 23 0 23 

Cancelled Jobs
584 0
754 7
684 8
60 12
