11 5
5 1 0 375 1 1 12 1 2 142 1 3 245 2 4 412 2 412 
5 1 0 632 1 1 452 1 2 758 1 3 278 1 4 398 
5 1 0 12 1 1 876 2 2 124 0 124 1 3 534 1 4 765 
5 1 0 460 2 1 542 0 542 1 2 523 1 3 120 1 4 499 
5 1 0 528 2 1 101 4 101 1 2 789 1 3 124 1 4 999 
5 1 0 796 1 1 245 1 2 632 2 3 375 4 375 1 4 123 
5 2 0 532 1 532 1 1 230 1 2 543 1 3 896 1 4 452 
5 1 0 14 1 1 124 1 2 214 1 3 543 1 4 785 
5 1 0 257 2 1 527 2 527 1 2 753 1 3 210 2 4 463 2 463 
5 1 0 896 1 1 896 2 2 214 0 214 2 3 258 2 258 2 4 259 2 259 
5 1 0 532 1 1 302 1 2 501 1 3 765 1 4 988 

Dynamic Events
Machine Breakdowns (x y z): Machine {x} breakdown from time {y} to {z}
0 8668 10409
1 4786 6527
2 1323 3064
3 7347 9088
4 5493 7234

Added Jobs (first number is the time at which the job is added, then pairs of machines and process time)
2995: 5 2 3 682 0 64 2 0 260 1 726 1 3 526 1 1 207 1 1 75 
1024: 5 1 2 486 2 4 927 0 243 2 3 666 0 17 1 4 602 1 1 741 

Cancelled Jobs
3976 0
1463 3
