14 4
4 1 0 456 1 1 856 1 2 963 1 3 696 
4 2 0 789 3 789 1 1 930 1 2 21 1 3 320 
4 1 0 630 1 1 214 1 2 475 1 3 142 
4 2 0 214 3 214 1 1 257 1 2 320 1 3 753 
4 2 0 573 1 573 1 1 896 1 2 124 1 3 214 
4 1 0 218 2 1 532 3 532 1 2 752 1 3 528 
4 1 0 653 1 1 142 1 2 147 1 3 653 
4 2 0 214 3 214 1 1 547 1 2 532 2 3 214 0 214 
4 1 0 204 1 1 865 1 2 145 1 3 527 
4 1 0 785 1 1 321 1 2 763 1 3 536 
4 1 0 696 1 1 124 2 2 214 0 214 1 3 214 
4 1 0 532 2 1 12 2 12 1 2 257 1 3 528 
4 2 0 12 3 12 2 1 345 0 345 2 2 854 0 854 1 3 888 
4 1 0 457 1 1 678 1 2 123 1 3 999 

Dynamic Events
Machine Breakdowns (x y z): Machine {x} breakdown from time {y} to {z}
0 948 3071
1 9484 11607
3 6822 8945

Added Jobs (first number is the time at which the job is added, then pairs of machines and process time)
1823: 4 1 0 793 1 0 36 2 2 90 1 152 2 3 989 1 352 
1387: 4 2 1 412 3 758 2 0 141 1 609 2 1 348 3 641 2 1 114 0 827 
2313: 4 2 1 408 0 332 2 1 200 3 704 1 1 793 1 1 253 

Cancelled Jobs
1219 3
5959 7
2584 9
68 10
