10 6
6 1 0 333 1 1 991 1 2 996 1 3 123 2 4 145 3 145 1 5 234 
6 1 0 333 1 1 111 1 2 663 1 3 456 1 4 785 1 5 532 
6 2 0 252 5 252 1 1 222 1 2 222 1 3 789 2 4 214 5 214 1 5 586 
6 1 0 222 1 1 204 1 2 114 2 3 876 0 876 1 4 752 1 5 532 
6 1 0 255 1 1 477 1 2 123 2 3 543 1 543 1 4 143 1 5 142 
6 2 0 555 3 555 1 1 566 1 2 456 1 3 210 1 4 698 1 5 573 
6 1 0 558 1 1 899 1 2 789 1 3 124 1 4 532 2 5 12 4 12 
6 1 0 888 1 1 965 2 2 876 4 876 1 3 537 1 4 145 1 5 14 
6 2 0 889 2 889 1 1 588 2 2 543 3 543 1 3 854 1 4 247 1 5 527 
6 1 0 999 1 1 889 1 2 210 1 3 632 1 4 451 1 5 856 

Dynamic Events
Machine Breakdowns (x y z): Machine {x} breakdown from time {y} to {z}
2 9479 11442
3 7370 9333
4 8030 9993
5 9564 11527

Added Jobs (first number is the time at which the job is added, then pairs of machines and process time)
2830: 6 1 2 545 2 5 217 3 621 1 2 214 2 0 529 2 235 2 5 290 2 658 2 1 560 2 316 

Cancelled Jobs
35 4
