10 6
6 1 0 333 1 1 991 1 2 996 1 3 123 2 4 145 3 145 1 5 234 
6 1 0 333 1 1 111 1 2 663 1 3 456 1 4 785 1 5 532 
6 2 0 252 5 252 1 1 222 1 2 222 1 3 789 2 4 214 5 214 1 5 586 
6 1 0 222 1 1 204 1 2 114 2 3 876 0 876 1 4 752 1 5 532 
6 1 0 255 1 1 477 1 2 123 2 3 543 1 543 1 4 143 1 5 142 
6 2 0 555 3 555 1 1 566 1 2 456 1 3 210 1 4 698 1 5 573 
6 1 0 558 1 1 899 1 2 789 1 3 124 1 4 532 2 5 12 4 12 
6 1 0 888 1 1 965 2 2 876 4 876 1 3 537 1 4 145 1 5 14 
6 2 0 889 2 889 1 1 588 2 2 543 3 543 1 3 854 1 4 247 1 5 527 
6 1 0 999 1 1 889 1 2 210 1 3 632 1 4 451 1 5 856 

Dynamic Events
Machine Breakdowns (x y z): Machine {x} breakdown from time {y} to {z}
1 9777 11740
2 3487 5450
3 3943 5906
5 5016 6979

Added Jobs (first number is the time at which the job is added, then pairs of machines and process time)
1643: 6 2 0 484 2 704 2 5 32 1 628 1 5 309 1 1 214 2 0 745 4 495 1 4 201 
2524: 6 1 3 375 2 0 428 1 157 1 0 411 1 5 214 2 0 571 5 684 2 3 361 4 717 

Cancelled Jobs
478 9
