8 9
9 1 0 887 1 1 447 1 2 234 1 3 159 2 4 201 3 201 1 5 555 1 6 463 1 7 456 1 8 753 
9 1 0 799 1 1 779 1 2 567 2 3 267 8 267 1 4 478 1 5 444 1 6 123 2 7 789 8 789 1 8 21 
9 1 0 999 1 1 999 1 2 852 2 3 483 0 483 1 4 520 1 5 120 1 6 456 1 7 630 1 8 427 
9 1 0 666 2 1 666 6 666 1 2 140 1 3 753 2 4 145 5 145 1 5 142 1 6 789 1 7 258 1 8 520 
9 1 0 663 1 1 25 1 2 222 1 3 420 1 4 699 1 5 578 2 6 876 7 876 1 7 741 1 8 142 
9 2 0 333 8 333 1 1 558 1 2 558 2 3 159 6 159 2 4 875 1 875 2 5 965 6 965 1 6 543 1 7 36 1 8 534 
9 1 0 222 1 1 886 1 2 965 1 3 25 1 4 633 1 5 412 1 6 210 1 7 985 1 8 157 
9 1 0 114 1 1 541 1 2 412 1 3 863 1 4 222 1 5 25 1 6 123 2 7 214 8 214 1 8 896 

Dynamic Events
Machine Breakdowns (x y z): Machine {x} breakdown from time {y} to {z}
2 7017 9140
4 9156 11279
7 10452 12575

Added Jobs (first number is the time at which the job is added, then pairs of machines and process time)
3463: 9 1 6 368 2 5 152 8 139 1 5 262 1 0 337 2 8 22 6 409 1 6 392 1 7 491 1 1 83 2 5 850 6 277 
658: 9 1 8 863 1 6 481 1 7 441 2 6 930 2 889 2 5 65 1 778 2 2 745 5 453 2 6 907 2 904 2 2 214 7 749 2 5 850 0 134 

Cancelled Jobs
81 4
3069 6
