15 5
5 1 1 66 1 3 85 1 2 84 1 0 62 2 4 19 2 19 
5 1 3 59 1 1 64 1 2 46 1 4 13 1 0 25 
5 1 4 88 1 3 80 2 1 73 0 73 1 2 53 1 0 41 
5 1 0 14 2 1 67 0 67 1 2 57 1 3 74 1 4 47 
5 1 0 84 2 4 64 2 64 1 2 41 1 3 84 1 1 78 
5 1 0 63 1 3 28 2 1 46 4 46 1 2 26 1 4 52 
5 2 3 10 1 10 1 2 17 1 4 73 1 1 11 1 0 64 
5 1 2 67 1 1 97 1 3 95 1 4 38 1 0 85 
5 1 2 95 2 4 46 2 46 1 0 59 1 1 65 2 3 93 4 93 
5 1 2 43 1 4 85 1 3 32 2 1 85 3 85 1 0 60 
5 2 4 49 2 49 1 3 41 1 2 61 1 0 66 1 1 90 
5 1 1 17 1 0 23 1 3 70 1 4 99 1 2 49 
5 1 4 40 1 3 73 1 0 73 1 1 98 1 2 68 
5 1 3 57 1 1 9 1 2 7 1 0 13 1 4 98 
5 1 0 37 2 1 85 2 85 1 2 17 1 4 79 1 3 41 

Dynamic Events
Machine Breakdowns (x y z): Machine {x} breakdown from time {y} to {z}
0 1110 1355
1 825 1070
3 393 638
4 1049 1294

Added Jobs (first number is the time at which the job is added, then pairs of machines and process time)
171: 5 1 3 72 2 0 51 3 35 2 2 59 3 59 1 3 25 2 4 77 1 11 
167: 5 2 4 54 2 41 1 1 51 1 2 89 1 4 47 1 1 93 
314: 5 2 3 53 2 75 1 3 59 1 1 62 2 3 84 4 65 1 3 94 
297: 5 1 0 70 2 1 39 4 59 1 3 84 1 3 44 2 1 90 3 53 
116: 5 1 2 39 2 2 12 1 13 1 0 31 2 0 82 3 91 2 0 36 3 55 

Cancelled Jobs
395 5
538 9
115 10
