20 5
5 1 2 34 1 1 21 1 0 53 1 3 55 2 4 95 2 95 
5 1 0 21 1 3 52 1 1 71 1 4 16 1 2 26 
5 1 0 12 1 1 42 2 2 31 0 31 1 4 98 1 3 39 
5 1 2 66 2 3 77 0 77 1 4 79 1 0 55 1 1 77 
5 1 0 83 2 4 37 2 37 1 3 34 1 1 19 1 2 64 
5 1 4 79 1 2 43 2 0 92 4 92 1 3 62 1 1 54 
5 2 0 93 1 93 1 4 77 1 2 87 1 1 87 1 3 69 
5 1 4 83 1 3 24 1 1 41 1 2 38 1 0 60 
5 1 4 25 2 1 49 2 49 1 0 44 1 2 98 2 3 17 4 17 
5 1 0 96 1 1 75 1 2 43 2 4 77 3 77 1 3 79 
5 2 0 95 2 95 1 3 76 1 1 7 1 4 28 1 2 35 
5 1 4 10 1 2 95 1 0 61 1 1 9 1 3 35 
5 1 1 91 1 2 59 1 4 59 1 0 46 1 3 16 
5 1 2 27 1 1 52 1 4 43 1 0 28 1 3 50 
5 1 4 9 2 0 87 2 87 1 3 41 1 2 39 1 1 45 
5 1 1 54 1 0 20 1 4 43 1 3 14 1 2 71 
5 1 4 33 2 1 28 4 28 1 3 26 1 0 78 1 2 37 
5 1 1 89 1 0 33 1 2 8 1 3 66 1 4 42 
5 1 4 84 1 0 69 2 2 94 4 94 1 1 74 1 3 27 
5 1 4 81 1 2 45 1 1 78 1 3 69 1 0 96 

Dynamic Events
Machine Breakdowns (x y z): Machine {x} breakdown from time {y} to {z}
0 571 883
1 768 1080
2 1424 1736
3 318 630
4 125 437

Added Jobs (first number is the time at which the job is added, then pairs of machines and process time)
384: 5 1 3 50 1 2 89 1 2 82 2 1 74 3 31 2 4 66 2 22 
127: 5 1 2 55 1 1 68 2 2 50 3 44 2 2 37 4 33 1 4 9 
346: 5 2 2 33 1 42 2 1 74 0 48 2 1 87 4 55 1 2 77 1 0 53 
413: 5 2 4 58 3 56 2 0 69 3 78 1 0 71 2 1 7 3 76 1 3 51 

Cancelled Jobs
809 1
904 2
67 3
686 5
970 14
537 15
36 19
