10 10
10 1 4 18 1 7 21 1 9 41 1 2 45 2 3 38 7 38 1 8 50 1 5 84 1 6 29 1 1 23 1 0 82 
10 1 8 57 1 5 16 2 1 52 5 52 1 7 74 1 2 38 1 3 54 2 6 62 5 62 1 9 37 1 4 54 1 0 52 
10 1 2 30 2 4 79 9 79 1 3 68 1 1 61 1 8 11 1 6 89 1 7 89 1 0 81 2 9 81 3 81 1 5 57 
10 1 0 91 2 8 8 2 8 1 3 33 1 7 55 1 5 20 1 2 20 1 4 32 1 6 84 1 1 66 1 9 24 
10 1 9 40 1 0 7 2 4 19 0 19 1 8 7 1 6 83 2 2 64 7 64 1 5 56 1 3 54 2 7 8 8 8 1 1 39 
10 2 3 91 7 91 1 2 64 1 5 40 1 0 63 1 7 98 1 4 74 1 8 61 1 1 6 1 6 42 1 9 15 
10 1 1 80 1 7 39 1 8 24 1 3 75 1 4 75 1 5 6 1 6 44 1 0 26 1 2 87 1 9 22 
10 1 1 15 2 7 43 2 43 1 2 20 1 0 12 1 8 26 1 6 61 1 3 79 1 9 22 1 5 8 1 4 80 
10 1 2 62 2 3 96 4 96 1 4 22 1 9 5 1 0 63 1 6 33 1 7 10 1 8 18 1 1 36 1 5 40 
10 1 1 96 1 0 89 2 5 64 4 64 1 3 95 1 9 23 1 7 18 1 8 15 1 2 64 1 6 38 1 4 8 

Dynamic Events
Machine Breakdowns (x y z): Machine {x} breakdown from time {y} to {z}
0 65 295
2 239 453
3 522 752
4 841 1071
5 535 751
5 1145 1365
6 125 355
7 1123 1353
8 1038 1268
9 647 877

Added Jobs (first number is the time at which the job is added, then pairs of machines and process time)
75: 10 2 0 8 5 77 2 0 49 6 40 2 7 18 1 28 1 0 34 1 3 41 1 2 17 2 8 52 1 27 2 0 53 7 71 2 3 57 1 13 2 7 96 2 85 

Cancelled Jobs
