10 10
10 1 4 18 1 7 21 1 9 41 1 2 45 2 3 38 7 38 1 8 50 1 5 84 1 6 29 1 1 23 1 0 82 
10 1 8 57 1 5 16 2 1 52 5 52 1 7 74 1 2 38 1 3 54 2 6 62 5 62 1 9 37 1 4 54 1 0 52 
10 1 2 30 2 4 79 9 79 1 3 68 1 1 61 1 8 11 1 6 89 1 7 89 1 0 81 2 9 81 3 81 1 5 57 
10 1 0 91 2 8 8 2 8 1 3 33 1 7 55 1 5 20 1 2 20 1 4 32 1 6 84 1 1 66 1 9 24 
10 1 9 40 1 0 7 2 4 19 0 19 1 8 7 1 6 83 2 2 64 7 64 1 5 56 1 3 54 2 7 8 8 8 1 1 39 
10 2 3 91 7 91 1 2 64 1 5 40 1 0 63 1 7 98 1 4 74 1 8 61 1 1 6 1 6 42 1 9 15 
10 1 1 80 1 7 39 1 8 24 1 3 75 1 4 75 1 5 6 1 6 44 1 0 26 1 2 87 1 9 22 
10 1 1 15 2 7 43 2 43 1 2 20 1 0 12 1 8 26 1 6 61 1 3 79 1 9 22 1 5 8 1 4 80 
10 1 2 62 2 3 96 4 96 1 4 22 1 9 5 1 0 63 1 6 33 1 7 10 1 8 18 1 1 36 1 5 40 
10 1 1 96 1 0 89 2 5 64 4 64 1 3 95 1 9 23 1 7 18 1 8 15 1 2 64 1 6 38 1 4 8 

Dynamic Events
Machine Breakdowns (x y z): Machine {x} breakdown from time {y} to {z}
0 76 306
1 1152 1382
3 544 774
4 145 375
5 576 806
6 973 1203
7 1005 1235

Added Jobs (first number is the time at which the job is added, then pairs of machines and process time)
329: 10 1 8 47 1 4 88 2 1 35 4 73 2 5 38 8 19 1 6 81 2 9 7 5 7 2 3 58 9 73 2 4 30 8 7 1 2 33 1 9 54 
235: 10 1 3 79 2 3 51 6 61 2 4 64 7 73 1 8 44 2 3 60 7 95 2 0 89 2 72 1 0 56 1 2 42 2 5 11 1 63 2 9 40 5 63 

Cancelled Jobs
408 0
153 1
341 2
636 6
