10 10
10 1 6 54 1 0 87 1 4 48 1 3 60 2 7 39 9 39 1 8 35 1 1 72 1 5 95 1 2 66 1 9 5 
10 1 3 20 1 9 46 2 6 34 8 34 1 5 55 1 0 97 2 8 19 9 19 1 4 59 1 2 21 1 7 37 1 1 46 
10 1 4 45 2 1 24 2 24 1 8 28 1 0 28 1 7 83 1 6 78 1 5 23 2 3 25 9 25 1 9 5 1 2 73 
10 2 9 12 1 12 1 1 37 1 4 38 1 3 71 1 8 33 1 2 12 1 6 55 1 0 53 1 7 87 1 5 29 
10 1 3 83 2 2 49 0 49 1 6 23 1 9 27 2 7 65 2 65 1 0 48 1 4 90 2 5 7 8 7 1 1 40 2 8 17 7 17 
10 1 1 66 1 4 25 1 0 62 1 2 84 1 9 13 1 6 64 1 7 46 1 8 59 1 5 19 1 3 85 
10 1 1 73 1 3 80 1 0 41 1 2 53 1 9 47 1 7 57 1 8 74 1 4 14 1 6 67 1 5 88 
10 2 5 64 2 64 1 3 84 1 6 46 1 1 78 1 0 84 1 7 26 1 8 28 1 9 52 1 2 41 1 4 63 
10 2 1 11 4 11 1 0 64 1 7 67 1 4 85 1 3 10 1 5 73 1 9 38 1 8 95 1 6 97 1 2 17 
10 1 4 60 2 8 32 4 32 1 2 95 1 3 93 1 1 65 1 6 85 1 7 43 1 9 85 1 5 46 1 0 59 

Dynamic Events
Machine Breakdowns (x y z): Machine {x} breakdown from time {y} to {z}
0 965 1203
3 38 276
4 103 306
5 766 1004
6 1168 1406
7 141 379
8 583 821
9 1131 1265

Added Jobs (first number is the time at which the job is added, then pairs of machines and process time)
297: 10 2 0 60 1 65 2 3 27 5 36 2 7 71 6 38 1 1 75 1 2 93 1 8 85 1 1 57 1 2 34 2 1 52 8 59 2 4 53 9 19 
230: 10 1 3 40 2 4 53 5 47 1 4 40 1 2 35 1 6 79 2 9 79 8 57 2 8 76 6 48 1 8 79 2 7 87 1 30 2 5 40 2 87 
237: 10 1 4 63 2 0 76 9 68 1 2 56 1 0 88 2 1 38 0 56 1 8 94 1 5 64 1 1 25 1 2 20 2 1 68 9 52 

Cancelled Jobs
421 5
19 6
392 8
