10 10
10 1 6 9 1 1 81 1 4 55 1 2 40 2 8 32 7 32 1 3 37 1 0 6 1 5 19 1 9 81 1 7 40 
10 1 7 21 1 2 70 2 9 65 5 65 1 4 64 1 1 46 1 5 65 2 8 25 5 25 1 0 77 1 3 55 1 6 15 
10 1 2 85 2 5 37 9 37 1 0 40 1 3 24 1 1 44 1 6 83 1 4 89 1 8 31 2 7 84 3 84 1 9 29 
10 1 4 80 2 6 77 2 77 1 7 56 1 0 8 1 2 30 1 5 59 1 3 38 1 1 80 1 9 41 1 8 97 
10 1 0 91 1 6 40 2 4 88 0 88 1 1 17 1 2 71 2 3 50 2 50 1 9 59 1 8 80 2 5 56 8 56 1 7 7 
10 2 2 8 7 8 1 6 9 1 3 58 1 5 77 1 1 29 1 8 96 1 0 45 1 9 10 1 4 54 1 7 36 
10 1 4 70 1 3 92 1 1 98 1 5 87 1 6 99 1 7 27 1 8 86 1 9 96 1 0 28 1 2 73 
10 1 1 95 2 7 92 2 92 1 3 85 1 4 52 1 6 81 1 9 32 1 8 39 1 0 59 1 2 41 1 5 56 
10 1 3 60 2 8 45 4 45 1 0 88 1 2 12 1 1 7 1 5 22 1 4 93 1 9 49 1 7 69 1 6 27 
10 1 0 21 1 2 61 2 3 68 4 68 1 5 26 1 6 82 1 9 71 1 8 44 1 4 99 1 7 33 1 1 84 

Dynamic Events
Machine Breakdowns (x y z): Machine {x} breakdown from time {y} to {z}
0 319 562
1 130 373
2 961 1204
3 15 258
4 344 587
6 524 767
8 540 783
9 562 805

Added Jobs (first number is the time at which the job is added, then pairs of machines and process time)
342: 10 1 2 82 1 8 57 1 3 51 2 8 51 1 20 2 1 22 3 70 2 7 56 8 73 2 1 71 6 76 2 1 35 3 82 2 0 54 6 99 1 8 29 
90: 10 1 7 81 1 2 65 2 8 64 7 91 1 3 84 1 5 82 1 8 88 1 2 53 1 6 70 1 9 47 2 3 77 6 79 

Cancelled Jobs
400 4
111 5
