15 10
10 1 2 34 1 3 55 1 5 95 1 9 16 2 4 21 7 21 1 6 71 1 0 53 1 8 52 1 1 21 1 7 26 
10 1 3 39 1 2 31 2 0 12 5 12 1 1 42 1 9 79 1 8 77 2 6 77 5 77 1 5 98 1 4 55 1 7 66 
10 1 1 19 2 0 83 9 83 1 3 34 1 4 92 1 6 54 1 9 79 1 8 62 1 5 37 2 2 64 3 64 1 7 43 
10 1 4 60 2 2 87 9 87 1 8 24 1 5 77 1 3 69 1 7 38 1 1 87 1 6 41 1 9 83 1 0 93 
10 1 8 79 2 9 77 2 77 1 2 98 1 4 96 2 3 17 4 17 1 0 44 1 7 43 1 6 75 2 1 49 8 49 1 5 25 
10 2 8 35 7 35 1 7 95 1 6 9 1 9 10 1 2 35 1 1 7 1 5 28 1 4 61 1 0 95 1 3 76 
10 1 4 28 1 5 59 1 3 16 1 9 43 1 0 46 1 8 50 1 6 52 1 7 27 1 2 59 1 1 91 
10 1 5 9 2 4 20 2 20 1 2 39 1 6 54 1 1 45 1 7 71 1 0 87 1 3 41 1 9 43 1 8 14 
10 1 1 28 2 5 33 4 33 1 0 78 1 3 26 1 2 37 1 7 8 1 8 66 1 6 89 1 9 42 1 4 33 
10 1 2 94 1 5 84 2 6 78 4 78 1 9 81 1 1 74 1 3 27 1 8 69 1 0 69 1 7 45 1 4 96 
10 1 1 31 1 4 24 1 0 20 1 2 17 2 9 25 7 25 1 8 81 1 5 76 1 3 87 1 7 32 1 6 18 
10 2 5 28 8 28 1 9 97 1 0 58 1 4 45 1 6 76 1 3 99 1 2 23 1 1 72 1 8 90 1 7 86 
10 1 5 27 1 9 48 3 8 27 3 27 2 27 2 7 62 3 62 1 4 98 2 6 67 0 67 1 3 48 1 0 42 1 1 46 2 2 17 1 17 
10 1 1 12 1 8 50 1 0 80 1 2 50 1 9 80 1 3 19 2 5 28 0 28 1 6 63 1 4 94 1 7 98 
10 2 4 61 9 61 1 3 55 1 6 37 1 5 14 1 2 50 1 8 79 1 1 41 1 9 72 2 7 18 3 18 1 0 75 

Dynamic Events
Machine Breakdowns (x y z): Machine {x} breakdown from time {y} to {z}
0 1448 1809
1 252 573
1 1091 1369
2 457 673
2 1803 2123
3 874 1138
4 1041 1268
4 1380 1741
5 1804 2016
7 1117 1354
8 1334 1695
9 892 1253

Added Jobs (first number is the time at which the job is added, then pairs of machines and process time)
459: 10 1 0 27 1 8 52 2 9 26 6 10 1 8 25 2 2 79 0 32 3 9 46 8 54 4 65 3 4 22 8 71 9 18 1 4 48 3 8 89 0 44 1 64 3 7 52 1 84 9 44 
158: 10 3 6 64 9 27 3 75 2 5 64 8 32 3 6 53 7 56 9 83 1 2 26 3 6 14 3 79 0 80 1 6 63 3 5 54 3 81 0 54 2 7 80 1 47 3 6 85 3 41 5 61 2 4 70 1 51 

Cancelled Jobs
818 11
