15 10
10 1 2 34 1 3 55 1 5 95 1 9 16 2 4 21 7 21 1 6 71 1 0 53 1 8 52 1 1 21 1 7 26 
10 1 3 39 1 2 31 2 0 12 5 12 1 1 42 1 9 79 1 8 77 2 6 77 5 77 1 5 98 1 4 55 1 7 66 
10 1 1 19 2 0 83 9 83 1 3 34 1 4 92 1 6 54 1 9 79 1 8 62 1 5 37 2 2 64 3 64 1 7 43 
10 1 4 60 2 2 87 9 87 1 8 24 1 5 77 1 3 69 1 7 38 1 1 87 1 6 41 1 9 83 1 0 93 
10 1 8 79 2 9 77 2 77 1 2 98 1 4 96 2 3 17 4 17 1 0 44 1 7 43 1 6 75 2 1 49 8 49 1 5 25 
10 2 8 35 7 35 1 7 95 1 6 9 1 9 10 1 2 35 1 1 7 1 5 28 1 4 61 1 0 95 1 3 76 
10 1 4 28 1 5 59 1 3 16 1 9 43 1 0 46 1 8 50 1 6 52 1 7 27 1 2 59 1 1 91 
10 1 5 9 2 4 20 2 20 1 2 39 1 6 54 1 1 45 1 7 71 1 0 87 1 3 41 1 9 43 1 8 14 
10 1 1 28 2 5 33 4 33 1 0 78 1 3 26 1 2 37 1 7 8 1 8 66 1 6 89 1 9 42 1 4 33 
10 1 2 94 1 5 84 2 6 78 4 78 1 9 81 1 1 74 1 3 27 1 8 69 1 0 69 1 7 45 1 4 96 
10 1 1 31 1 4 24 1 0 20 1 2 17 2 9 25 7 25 1 8 81 1 5 76 1 3 87 1 7 32 1 6 18 
10 2 5 28 8 28 1 9 97 1 0 58 1 4 45 1 6 76 1 3 99 1 2 23 1 1 72 1 8 90 1 7 86 
10 1 5 27 1 9 48 3 8 27 3 27 2 27 2 7 62 3 62 1 4 98 2 6 67 0 67 1 3 48 1 0 42 1 1 46 2 2 17 1 17 
10 1 1 12 1 8 50 1 0 80 1 2 50 1 9 80 1 3 19 2 5 28 0 28 1 6 63 1 4 94 1 7 98 
10 2 4 61 9 61 1 3 55 1 6 37 1 5 14 1 2 50 1 8 79 1 1 41 1 9 72 2 7 18 3 18 1 0 75 

Dynamic Events
Machine Breakdowns (x y z): Machine {x} breakdown from time {y} to {z}
0 542 791
0 913 1274
1 384 675
1 1110 1306
2 364 725
3 1338 1613
4 662 1023
5 1713 2050
7 911 1252
7 1689 1965
8 1333 1694
9 1223 1584

Added Jobs (first number is the time at which the job is added, then pairs of machines and process time)
105: 10 2 7 49 2 62 1 2 75 1 3 19 2 7 73 9 84 2 2 26 1 25 3 7 84 6 53 5 96 3 3 70 7 84 9 54 3 9 62 5 13 0 67 1 3 68 1 2 46 
360: 10 3 8 30 0 41 1 79 1 0 90 3 0 56 2 80 5 32 3 4 21 9 18 2 98 2 9 77 6 72 3 8 84 0 21 1 35 3 8 24 7 15 5 38 2 3 78 2 54 2 0 13 8 86 2 5 78 7 13 

Cancelled Jobs
175 3
660 5
14 6
164 9
646 14
