15 10
10 1 7 8 1 9 75 1 0 72 1 6 74 2 4 30 7 30 1 8 43 1 2 38 1 5 98 1 1 26 1 3 19 
10 1 6 19 1 8 73 2 3 43 5 43 1 0 23 1 1 85 1 4 39 2 5 13 8 13 1 9 26 1 2 67 1 7 9 
10 1 1 50 2 3 93 2 93 1 5 80 1 4 7 1 0 55 1 2 61 1 6 57 2 8 72 9 72 1 9 42 1 7 46 
10 2 1 68 2 68 1 7 43 1 4 99 1 6 60 1 5 68 1 0 91 1 8 11 1 3 96 1 9 11 1 2 72 
10 1 7 84 2 2 34 0 34 1 8 40 1 5 7 2 1 70 2 70 1 6 74 1 3 12 2 0 43 5 43 2 9 69 7 69 2 4 30 7 30 
10 1 8 60 1 0 49 1 4 59 1 5 72 1 9 63 1 1 69 1 7 99 1 6 45 1 3 27 1 2 9 
10 1 6 71 1 2 91 1 8 65 1 1 90 1 9 98 1 4 8 1 7 50 1 0 75 1 5 37 1 3 17 
10 2 8 62 2 62 1 7 90 1 5 98 1 3 31 1 2 91 1 4 38 1 9 72 1 1 9 1 0 72 1 6 49 
10 2 4 35 7 35 1 0 39 1 9 74 1 5 25 1 7 47 1 3 52 1 2 63 1 8 21 1 6 35 1 1 80 
10 2 9 58 4 58 1 0 5 1 3 50 1 8 52 1 1 88 1 6 20 1 2 68 1 5 24 1 4 53 1 7 57 
10 1 7 99 1 3 91 2 4 33 7 33 1 5 19 1 2 18 1 6 38 1 0 24 1 9 35 2 1 49 8 49 1 8 9 
10 1 0 68 1 3 60 1 2 77 1 7 10 1 8 60 1 5 15 1 9 72 1 1 18 1 6 90 1 4 18 
10 3 9 79 3 79 8 79 2 1 60 6 60 1 3 56 1 6 91 2 2 40 0 40 1 8 86 1 7 72 1 0 80 2 5 89 7 89 1 4 51 
10 1 4 10 1 2 92 1 5 23 1 6 46 2 8 40 9 40 1 7 72 1 3 6 1 1 23 1 0 95 2 9 34 2 34 
10 1 2 24 1 5 29 1 9 49 1 8 55 1 0 47 1 6 77 1 3 77 2 7 8 8 8 1 1 28 1 4 48 

Dynamic Events
Machine Breakdowns (x y z): Machine {x} breakdown from time {y} to {z}
0 1146 1408
2 887 1149
3 549 811
4 1198 1460
5 203 465
7 444 706
8 756 1018
9 845 1107

Added Jobs (first number is the time at which the job is added, then pairs of machines and process time)
238: 10 3 0 50 1 17 8 11 2 9 41 8 83 3 0 20 6 40 1 87 3 9 14 3 49 6 24 3 3 59 0 7 8 45 3 2 27 9 26 6 70 3 5 57 6 67 0 52 1 4 36 3 4 40 8 70 2 12 1 2 66 
243: 10 1 7 29 3 0 43 1 81 7 19 3 4 10 2 66 3 50 3 7 92 1 61 4 33 2 3 10 8 57 2 2 75 1 66 1 7 69 3 1 89 2 56 4 88 3 5 58 9 28 7 72 1 0 79 

Cancelled Jobs
602 3
483 4
317 14
