20 10
10 1 8 52 1 7 26 1 6 71 1 9 16 2 2 34 7 34 1 1 21 1 5 95 1 4 21 1 0 53 1 3 55 
10 1 4 55 1 5 98 2 3 39 5 39 1 9 79 1 0 12 1 8 77 2 6 77 5 77 1 7 66 1 2 31 1 1 42 
10 1 5 37 2 4 92 9 92 1 2 64 1 6 54 1 1 19 1 7 43 1 0 83 1 3 34 2 9 79 3 79 1 8 62 
10 1 1 87 2 5 77 2 77 1 0 93 1 3 69 1 2 87 1 7 38 1 8 24 1 6 41 1 9 83 1 4 60 
10 1 2 98 1 5 25 2 6 75 0 75 1 9 77 1 1 49 2 3 17 2 17 1 8 79 1 0 44 2 7 43 5 43 2 4 96 7 96 
10 2 1 7 7 7 1 4 61 1 0 95 1 2 35 1 9 10 1 8 35 1 5 28 1 3 76 1 7 95 1 6 9 
10 1 5 59 1 9 43 1 0 46 1 4 28 1 6 52 1 3 16 1 2 59 1 1 91 1 8 50 1 7 27 
10 1 5 9 2 9 43 2 43 1 8 14 1 7 71 1 4 20 1 6 54 1 3 41 1 0 87 1 1 45 1 2 39 
10 1 1 28 2 8 66 4 66 1 0 78 1 2 37 1 9 42 1 3 26 1 5 33 1 6 89 1 4 33 1 7 8 
10 1 4 96 1 3 27 2 6 78 4 78 1 5 84 1 2 94 1 8 69 1 1 74 1 9 81 1 7 45 1 0 69 
10 1 4 24 1 7 32 1 9 25 1 2 17 2 3 87 7 87 1 8 81 1 5 76 1 6 18 1 1 31 1 0 20 
10 2 8 90 1 90 1 5 28 1 1 72 1 7 86 1 2 23 1 3 99 1 6 76 1 9 97 1 4 45 1 0 58 
10 1 2 17 2 4 98 8 98 1 3 48 1 1 46 2 8 27 6 27 1 6 67 1 7 62 2 0 42 4 42 1 9 48 1 5 27 
10 2 0 80 1 80 1 8 50 1 3 19 1 7 98 1 5 28 1 2 50 1 4 94 2 6 63 0 63 1 1 12 1 9 80 
10 1 9 72 2 0 75 9 75 1 4 61 1 8 79 1 6 37 1 2 50 1 5 14 1 3 55 1 7 18 2 1 41 3 41 
10 1 3 96 1 2 14 1 5 57 1 0 47 1 7 65 1 4 75 1 8 79 1 1 71 1 6 60 1 9 22 
10 2 1 31 8 31 1 7 47 1 8 58 1 3 32 1 4 44 1 5 58 1 6 34 1 0 33 1 2 69 1 9 51 
10 1 1 44 1 7 40 1 2 17 1 0 62 1 8 66 1 6 15 1 3 29 3 9 38 7 38 4 38 1 5 8 1 4 97 
10 1 2 58 2 3 50 5 50 1 4 63 1 9 87 1 0 57 1 6 21 1 7 57 1 8 32 1 1 39 1 5 20 
10 1 1 85 1 0 84 1 5 56 1 3 61 1 9 15 1 7 70 1 8 30 1 2 90 1 6 67 1 4 20 

Dynamic Events
Machine Breakdowns (x y z): Machine {x} breakdown from time {y} to {z}
0 98 427
0 1458 1759
1 1650 2008
2 1369 1727
3 365 646
3 1791 2149
5 1435 1793
6 1570 1928
7 675 1033
8 1427 1785
9 1513 1871

Added Jobs (first number is the time at which the job is added, then pairs of machines and process time)
713: 10 3 3 61 2 23 6 26 3 0 58 5 45 7 38 1 4 65 1 3 25 2 5 61 0 19 2 1 59 0 92 1 1 54 1 8 54 3 0 84 9 78 8 72 1 6 73 
200: 10 2 7 87 1 7 2 8 74 2 18 1 6 53 2 1 27 7 65 3 6 78 3 84 5 31 3 1 50 5 55 3 72 3 4 89 2 66 3 82 3 0 46 4 76 3 58 1 8 67 1 7 40 
355: 10 1 5 22 3 8 54 7 18 1 24 3 5 47 3 20 6 17 3 8 17 1 39 5 59 2 6 47 1 82 3 5 41 4 62 0 24 1 7 50 2 7 89 3 86 1 0 25 3 7 9 5 74 9 85 
619: 10 2 3 93 2 74 1 8 60 3 6 15 8 20 3 64 1 8 74 2 6 89 4 34 3 2 27 7 37 1 50 1 5 24 2 5 23 4 87 1 3 23 3 7 72 5 97 2 23 
595: 10 2 4 92 3 80 2 4 80 2 68 3 2 84 1 36 3 38 3 8 81 1 38 4 41 3 3 58 2 36 4 68 3 4 39 3 22 5 28 1 9 80 1 6 74 3 7 57 3 32 2 43 2 3 77 0 78 

Cancelled Jobs
1106 3
632 14
721 18
