20 10
10 1 8 32 1 1 81 1 4 55 1 7 40 2 0 6 7 6 1 5 19 1 9 81 1 3 37 1 2 40 1 6 9 
10 1 2 70 1 3 55 2 7 21 5 21 1 4 64 1 1 46 1 8 25 2 9 65 5 65 1 0 77 1 5 65 1 6 15 
10 1 7 84 2 4 89 9 89 1 3 24 1 1 44 1 2 85 1 8 31 1 9 29 1 6 83 2 5 37 3 37 1 0 40 
10 1 4 80 2 5 59 2 59 1 0 8 1 2 30 1 6 77 1 3 38 1 1 80 1 7 56 1 9 41 1 8 97 
10 1 6 40 1 2 71 2 0 91 8 91 1 7 7 2 9 59 4 59 1 8 80 1 3 50 1 5 56 2 1 17 8 17 1 4 88 
10 2 7 36 2 36 1 9 10 1 0 45 1 6 9 1 4 54 1 8 96 1 2 8 1 5 77 1 1 29 1 3 58 
10 1 6 99 1 8 86 1 3 92 1 0 28 1 1 98 1 4 70 1 5 87 1 9 96 1 2 73 1 7 27 
10 2 1 95 0 95 1 3 85 1 5 56 1 4 52 1 0 59 1 2 41 1 6 81 1 8 39 1 9 32 1 7 92 
10 2 1 7 9 7 1 7 69 1 4 93 1 6 27 1 5 22 1 0 88 1 8 45 1 3 60 1 9 49 1 2 12 
10 1 7 33 2 2 61 9 61 1 8 44 1 5 26 1 1 84 1 6 82 1 3 68 1 0 21 1 9 71 1 4 99 
10 1 8 43 1 0 72 1 4 30 2 5 98 7 98 1 9 75 1 1 26 1 7 8 1 6 74 1 3 19 1 2 38 
10 2 6 19 1 19 1 2 67 1 8 73 1 1 85 1 9 26 1 4 39 1 7 9 1 0 23 1 5 13 1 3 43 
10 1 8 72 2 7 46 8 46 1 5 80 1 3 93 2 2 61 6 61 1 4 7 1 9 42 2 1 50 0 50 1 0 55 1 6 57 
10 1 4 99 2 0 91 7 91 1 9 11 1 5 68 1 7 43 1 3 96 1 2 72 2 8 11 9 11 1 6 60 1 1 68 
10 1 9 69 1 0 43 2 3 12 2 12 1 8 40 1 1 70 1 6 74 1 2 34 1 5 7 1 4 30 1 7 84 
10 2 7 99 8 99 1 3 27 1 4 59 1 5 72 1 2 9 1 6 45 1 0 49 1 9 63 1 1 69 1 8 60 
10 1 0 75 2 3 17 8 17 1 2 91 1 7 50 1 8 65 1 5 37 1 9 98 1 1 90 1 6 71 1 4 8 
10 1 9 72 1 1 9 1 3 31 1 6 49 1 2 91 1 8 62 1 7 90 1 0 72 3 5 98 7 98 4 98 1 4 38 
10 1 4 35 1 2 63 2 5 25 4 25 1 6 35 1 8 21 1 7 47 1 3 52 1 1 80 1 0 39 1 9 74 
10 1 2 68 1 5 24 1 9 58 1 8 52 1 0 5 1 6 20 1 3 50 1 7 57 1 1 88 1 4 53 

Dynamic Events
Machine Breakdowns (x y z): Machine {x} breakdown from time {y} to {z}
0 765 1112
1 1338 1631
2 732 1001
2 1654 2001
3 1255 1533
3 1701 1978
4 864 1116
4 1601 1948
5 564 911
6 65 412
7 386 636
8 1482 1735
9 1140 1407

Added Jobs (first number is the time at which the job is added, then pairs of machines and process time)
683: 10 1 8 27 3 5 19 2 28 7 13 2 4 33 1 33 2 1 34 2 50 1 1 82 3 3 24 7 56 5 50 3 4 96 2 61 9 8 2 0 41 2 8 1 3 13 3 6 33 8 87 4 13 
220: 10 2 0 83 8 86 2 6 64 4 7 3 6 90 9 53 7 15 3 2 54 3 15 5 81 3 1 67 4 80 0 82 2 0 83 9 80 2 4 46 8 64 2 0 33 1 79 1 8 28 1 5 21 
461: 10 1 4 77 2 1 14 7 29 2 9 15 0 38 3 7 62 1 14 8 91 1 3 82 2 2 16 7 64 2 9 78 4 90 2 8 33 1 88 1 1 27 2 5 31 7 83 
413: 10 3 1 45 6 28 5 24 1 5 40 2 9 57 8 99 3 3 20 0 89 7 39 3 4 92 1 32 0 50 3 7 55 2 24 1 91 3 0 82 1 65 6 32 3 5 55 4 67 3 36 3 2 19 9 54 7 22 3 3 69 8 88 4 63 

Cancelled Jobs
1003 16
290 19
