20 10
10 1 6 32 1 3 16 1 1 33 1 8 12 2 7 70 9 70 1 4 10 1 9 75 1 0 82 1 5 88 1 2 20 
10 1 8 39 1 4 81 2 3 91 8 91 1 5 56 1 9 69 2 1 45 9 45 1 6 59 1 0 86 1 2 36 1 7 68 
10 1 3 84 2 2 57 5 57 1 7 41 1 5 73 1 4 81 1 0 88 1 8 38 2 9 17 3 17 1 6 83 1 1 5 
10 2 4 20 2 20 1 5 6 1 2 15 1 8 19 1 1 30 1 0 94 1 6 45 1 7 17 1 3 18 1 9 88 
10 1 9 24 2 6 49 0 49 1 5 16 1 4 11 2 3 60 2 60 1 7 5 1 8 63 2 1 25 5 25 2 2 15 7 15 2 0 45 7 45 
10 1 1 86 1 8 50 1 2 77 1 6 54 1 9 48 1 0 93 1 3 32 1 7 92 1 5 45 1 4 71 
10 1 5 86 1 6 90 1 3 78 1 9 88 1 2 57 1 0 32 1 7 57 1 8 86 1 4 71 1 1 39 
10 2 2 59 9 59 1 3 18 1 9 31 1 4 41 1 7 20 1 5 83 1 8 65 1 0 54 1 6 94 2 1 69 9 69 
10 1 3 47 1 4 79 1 6 76 1 0 59 1 1 72 1 2 8 1 9 30 1 5 73 1 7 57 1 8 84 
10 2 0 59 9 59 1 2 89 1 4 10 1 7 45 1 3 8 1 5 54 1 6 88 1 8 20 1 9 7 1 1 62 
10 1 5 63 1 6 9 2 4 77 7 77 1 3 37 1 2 5 1 8 13 1 9 79 1 1 24 1 7 10 2 0 82 1 82 
10 1 0 74 1 1 32 1 2 61 1 7 53 1 4 92 1 9 20 1 8 10 1 3 5 1 6 45 1 5 23 
10 2 2 85 8 85 1 9 51 1 0 61 2 5 99 6 99 1 4 37 1 6 94 2 1 98 0 98 1 8 65 1 3 33 1 7 75 
10 2 0 51 7 51 1 3 24 1 5 8 1 6 30 1 7 12 1 8 23 2 2 7 9 7 1 4 17 1 9 35 1 1 81 
10 1 1 71 2 5 42 2 42 1 8 68 1 2 31 1 6 29 1 3 63 1 4 65 1 9 70 1 7 27 2 0 93 8 93 
10 1 1 28 1 5 38 1 4 51 1 7 70 1 2 33 1 8 78 1 9 45 1 3 90 1 6 54 1 0 72 
10 2 0 18 8 18 1 2 90 1 4 25 1 6 92 1 8 85 1 5 35 1 7 29 1 1 81 1 9 80 1 3 59 
10 1 5 67 1 2 96 1 1 38 1 4 86 1 0 97 1 3 94 1 7 86 3 6 35 7 35 4 35 1 9 82 1 8 45 
10 1 2 92 2 8 51 5 51 1 4 59 1 6 52 1 5 8 1 9 70 1 1 75 1 3 54 1 7 60 1 0 33 
10 1 3 98 1 7 80 1 5 78 1 0 82 1 2 7 1 9 89 1 1 69 1 4 51 1 8 79 1 6 62 

Dynamic Events
Machine Breakdowns (x y z): Machine {x} breakdown from time {y} to {z}
0 694 1094
1 1664 2064
2 370 681
2 1870 2233
3 553 901
4 1191 1512
4 1613 1915
5 1193 1534
6 879 1253
7 595 995
9 1013 1413

Added Jobs (first number is the time at which the job is added, then pairs of machines and process time)
198: 10 1 7 57 3 0 33 8 87 9 80 1 4 54 3 0 86 5 64 3 7 2 5 19 2 75 2 9 8 3 47 1 6 52 1 7 13 2 3 53 2 86 2 3 28 6 34 
781: 10 1 2 38 3 9 71 3 71 1 70 3 6 29 2 14 3 79 1 0 31 3 6 77 7 90 5 57 2 5 8 1 73 2 6 61 5 98 3 1 81 5 97 4 24 1 9 42 2 6 64 0 40 
616: 10 2 6 42 1 8 2 7 22 6 34 1 6 82 1 4 61 2 7 25 5 55 3 2 28 4 51 0 71 2 9 75 8 12 2 3 85 8 89 3 7 46 9 28 3 41 2 5 59 9 19 

Cancelled Jobs
922 2
1077 5
279 6
455 8
1009 13
