20 10
10 1 6 32 1 3 16 1 1 33 1 8 12 2 7 70 9 70 1 4 10 1 9 75 1 0 82 1 5 88 1 2 20 
10 1 8 39 1 4 81 2 3 91 8 91 1 5 56 1 9 69 2 1 45 9 45 1 6 59 1 0 86 1 2 36 1 7 68 
10 1 3 84 2 2 57 5 57 1 7 41 1 5 73 1 4 81 1 0 88 1 8 38 2 9 17 3 17 1 6 83 1 1 5 
10 2 4 20 2 20 1 5 6 1 2 15 1 8 19 1 1 30 1 0 94 1 6 45 1 7 17 1 3 18 1 9 88 
10 1 9 24 2 6 49 0 49 1 5 16 1 4 11 2 3 60 2 60 1 7 5 1 8 63 2 1 25 5 25 2 2 15 7 15 2 0 45 7 45 
10 1 1 86 1 8 50 1 2 77 1 6 54 1 9 48 1 0 93 1 3 32 1 7 92 1 5 45 1 4 71 
10 1 5 86 1 6 90 1 3 78 1 9 88 1 2 57 1 0 32 1 7 57 1 8 86 1 4 71 1 1 39 
10 2 2 59 9 59 1 3 18 1 9 31 1 4 41 1 7 20 1 5 83 1 8 65 1 0 54 1 6 94 2 1 69 9 69 
10 1 3 47 1 4 79 1 6 76 1 0 59 1 1 72 1 2 8 1 9 30 1 5 73 1 7 57 1 8 84 
10 2 0 59 9 59 1 2 89 1 4 10 1 7 45 1 3 8 1 5 54 1 6 88 1 8 20 1 9 7 1 1 62 
10 1 5 63 1 6 9 2 4 77 7 77 1 3 37 1 2 5 1 8 13 1 9 79 1 1 24 1 7 10 2 0 82 1 82 
10 1 0 74 1 1 32 1 2 61 1 7 53 1 4 92 1 9 20 1 8 10 1 3 5 1 6 45 1 5 23 
10 2 2 85 8 85 1 9 51 1 0 61 2 5 99 6 99 1 4 37 1 6 94 2 1 98 0 98 1 8 65 1 3 33 1 7 75 
10 2 0 51 7 51 1 3 24 1 5 8 1 6 30 1 7 12 1 8 23 2 2 7 9 7 1 4 17 1 9 35 1 1 81 
10 1 1 71 2 5 42 2 42 1 8 68 1 2 31 1 6 29 1 3 63 1 4 65 1 9 70 1 7 27 2 0 93 8 93 
10 1 1 28 1 5 38 1 4 51 1 7 70 1 2 33 1 8 78 1 9 45 1 3 90 1 6 54 1 0 72 
10 2 0 18 8 18 1 2 90 1 4 25 1 6 92 1 8 85 1 5 35 1 7 29 1 1 81 1 9 80 1 3 59 
10 1 5 67 1 2 96 1 1 38 1 4 86 1 0 97 1 3 94 1 7 86 3 6 35 7 35 4 35 1 9 82 1 8 45 
10 1 2 92 2 8 51 5 51 1 4 59 1 6 52 1 5 8 1 9 70 1 1 75 1 3 54 1 7 60 1 0 33 
10 1 3 98 1 7 80 1 5 78 1 0 82 1 2 7 1 9 89 1 1 69 1 4 51 1 8 79 1 6 62 

Dynamic Events
Machine Breakdowns (x y z): Machine {x} breakdown from time {y} to {z}
0 1907 2307
1 1706 1986
2 281 681
3 346 733
5 905 1114
6 228 472
6 1059 1424
7 1951 2351
8 118 331
8 1122 1522
9 1023 1261

Added Jobs (first number is the time at which the job is added, then pairs of machines and process time)
551: 10 1 9 56 3 3 86 1 90 7 35 1 0 85 2 5 82 0 44 3 8 23 2 95 0 23 3 0 86 8 10 4 36 3 8 26 4 84 6 50 2 2 36 0 41 1 6 90 3 9 67 5 93 1 57 
528: 10 1 9 38 1 2 55 2 8 44 2 62 1 0 81 3 0 61 4 52 9 58 2 8 62 1 70 3 7 64 8 57 4 42 3 0 54 4 81 5 99 2 4 63 9 36 1 2 68 
196: 10 1 4 88 2 7 81 0 50 3 6 72 3 71 2 76 1 3 90 3 6 81 3 47 4 71 1 2 13 2 1 19 8 92 3 2 28 5 54 7 45 2 7 39 1 10 2 4 17 0 23 
103: 10 1 8 70 2 9 80 3 53 1 1 11 3 8 77 7 10 2 89 3 6 22 4 22 0 25 3 3 5 5 62 8 41 2 3 58 4 17 2 1 7 7 44 2 1 50 5 84 3 4 77 5 23 1 50 

Cancelled Jobs
195 7
546 16
958 17
852 18
