30 10
10 1 6 89 1 1 58 1 4 97 1 2 44 2 8 77 7 77 1 3 5 1 0 9 1 5 58 1 9 96 1 7 84 
10 1 7 31 1 2 81 2 9 73 5 73 1 4 15 1 1 87 1 5 39 2 8 57 5 57 1 0 77 1 3 85 1 6 21 
10 1 2 48 2 5 71 9 71 1 0 40 1 3 70 1 1 49 1 6 22 1 4 10 1 8 34 2 7 80 3 80 1 9 82 
10 1 4 11 2 6 72 2 72 1 7 62 1 0 55 1 2 17 1 5 75 1 3 7 1 1 91 1 9 35 1 8 47 
10 1 0 64 1 6 71 2 4 12 0 12 1 1 90 1 2 94 2 3 75 2 75 1 9 20 1 8 15 2 5 50 8 50 1 7 67 
10 2 2 29 7 29 1 6 93 1 3 68 1 5 93 1 1 57 1 8 77 1 0 52 1 9 7 1 4 58 1 7 70 
10 1 4 26 1 3 27 1 1 63 1 5 6 1 6 87 1 7 56 1 8 48 1 9 36 1 0 95 1 2 82 
10 1 1 8 2 7 76 2 76 1 3 76 1 4 30 1 6 84 1 9 78 1 8 41 1 0 36 1 2 36 1 5 15 
10 1 3 13 2 8 29 4 29 1 0 75 1 2 81 1 1 78 1 5 88 1 4 54 1 9 40 1 7 13 1 6 82 
10 1 0 52 1 2 6 2 3 6 4 6 1 5 82 1 6 64 1 9 88 1 8 54 1 4 54 1 7 32 1 1 26 
10 1 8 62 1 1 35 1 4 72 1 7 69 2 0 62 7 62 1 5 32 1 9 5 1 3 61 1 2 67 1 6 93 
10 2 2 78 8 78 1 3 11 1 7 82 1 4 7 1 1 72 1 8 64 1 9 90 1 0 85 1 5 88 1 6 63 
10 1 7 50 1 4 28 3 3 35 8 35 2 35 2 1 66 3 66 1 2 27 2 8 49 0 49 1 9 11 1 6 88 1 5 31 2 0 44 1 44 
10 1 4 62 1 5 39 1 0 76 1 2 14 1 6 56 1 3 97 2 1 7 0 7 1 7 69 1 9 66 1 8 47 
10 2 6 47 9 47 1 2 41 1 0 64 1 7 58 1 9 57 1 8 93 1 3 69 1 5 53 2 1 18 3 18 1 4 79 
10 1 7 76 1 9 81 1 0 76 1 6 61 1 4 77 1 8 26 1 2 74 1 5 22 1 1 58 2 3 78 1 78 
10 1 6 30 1 8 72 1 3 43 1 0 65 1 1 16 1 4 92 1 5 95 1 9 29 1 2 99 1 7 64 
10 1 1 35 1 3 74 1 5 16 1 4 85 1 0 7 1 2 81 2 6 86 3 86 1 8 61 1 9 35 1 7 34 
10 1 1 97 2 7 43 5 43 1 4 72 1 6 88 1 5 17 1 0 43 1 8 94 1 3 64 1 9 22 1 2 42 
10 1 7 99 1 2 84 1 8 99 1 5 98 1 1 20 1 6 31 1 3 74 1 0 92 1 9 23 1 4 89 
10 1 8 32 1 0 6 1 4 55 1 5 19 1 9 81 1 1 81 1 7 40 1 6 9 1 3 37 1 2 40 
10 1 6 15 2 2 70 7 70 1 8 25 1 1 46 2 9 65 7 65 2 4 64 7 64 1 7 21 2 0 77 8 77 2 5 65 6 65 1 3 55 
10 1 8 31 1 7 84 1 5 37 1 3 24 1 2 85 1 4 89 1 9 29 2 1 44 7 44 1 0 40 1 6 83 
10 1 4 80 1 0 8 1 9 41 1 5 59 1 7 56 1 3 38 3 2 30 5 30 4 30 1 8 97 1 6 77 1 1 80 
10 1 9 59 1 0 91 1 3 50 1 8 80 1 1 17 1 6 40 1 2 71 1 5 56 1 4 88 2 7 7 9 7 
10 2 7 36 6 36 1 3 58 1 4 54 1 5 77 1 2 8 1 6 9 1 0 45 1 9 10 2 1 29 3 29 1 8 96 
10 1 0 28 1 3 92 1 2 73 1 7 27 1 8 86 1 5 87 1 9 96 1 1 98 1 6 99 1 4 70 
10 1 9 32 1 1 95 1 3 85 1 6 81 2 2 41 1 41 1 8 39 1 7 92 2 0 59 7 59 1 5 56 1 4 52 
10 1 4 93 1 2 12 1 5 22 1 6 27 1 8 45 1 7 69 1 3 60 1 1 7 1 0 88 1 9 49 
10 1 2 61 1 5 26 1 9 71 2 8 44 6 44 1 0 21 1 6 82 1 3 68 1 7 33 2 1 84 2 84 1 4 99 

Dynamic Events
Machine Breakdowns (x y z): Machine {x} breakdown from time {y} to {z}
0 386 769
0 2194 2638
1 180 468
1 2344 2723
2 2780 3232
3 2354 2853
4 2058 2290
5 1760 2144
5 2783 3250
6 2204 2479
7 399 740
7 1873 2307
8 540 896
8 2867 3352
9 2963 3316

Added Jobs (first number is the time at which the job is added, then pairs of machines and process time)
716: 10 1 7 41 1 8 73 2 9 44 4 54 2 1 49 8 16 3 8 99 9 78 5 38 1 0 54 2 0 29 7 38 3 9 68 6 50 8 96 3 3 86 6 53 7 99 1 8 45 
1073: 10 2 4 73 5 96 1 6 36 3 6 51 8 55 7 99 3 6 19 4 60 0 48 2 9 38 2 20 2 4 21 9 31 3 5 84 9 40 0 34 2 7 55 3 77 2 2 76 3 54 2 1 24 2 87 
703: 10 3 0 36 5 54 8 53 1 7 47 2 1 88 3 79 3 1 48 4 63 7 16 2 4 51 0 74 2 2 61 6 30 2 2 28 0 23 1 0 39 2 8 37 6 82 2 1 16 4 99 
1110: 10 3 2 59 1 8 3 84 1 8 38 1 4 36 3 6 73 2 49 3 74 2 0 34 7 12 1 1 74 2 1 33 3 80 1 0 29 2 0 55 7 48 2 1 90 6 10 
629: 10 1 1 79 2 1 86 5 49 1 9 9 1 2 54 3 9 75 6 91 2 25 3 0 10 9 71 5 63 1 0 61 2 5 93 8 25 1 1 96 1 5 51 
413: 10 3 1 67 8 72 9 91 3 2 39 5 77 0 68 2 1 89 8 76 2 8 78 9 75 1 8 22 2 6 11 2 43 1 0 61 3 3 68 7 27 2 57 3 0 64 3 96 4 55 3 6 36 2 6 1 84 
916: 10 2 2 79 7 8 1 8 51 1 8 42 2 9 58 4 13 3 3 57 9 81 8 62 3 8 24 4 60 3 96 3 5 11 3 68 9 85 3 7 84 9 96 1 58 3 2 21 9 32 6 79 3 9 66 2 85 4 65 
725: 10 2 1 86 7 99 2 1 65 7 79 2 9 86 5 57 1 3 75 1 4 63 1 4 42 3 6 16 1 51 2 26 2 1 14 5 85 3 3 76 4 55 1 24 2 3 14 8 96 

Cancelled Jobs
1571 11
1565 20
