30 10
10 1 2 51 1 7 59 1 1 35 1 5 73 2 9 65 7 65 1 0 27 1 6 13 1 3 81 1 8 32 1 4 74 
10 1 4 64 1 7 33 2 5 75 8 75 1 2 33 1 8 10 2 0 28 9 28 1 3 38 1 6 53 1 9 49 1 1 55 
10 1 6 83 2 1 23 2 23 1 2 72 1 3 7 1 9 72 1 0 6 1 4 39 2 5 52 9 52 1 8 90 1 7 21 
10 2 3 82 1 82 1 1 23 1 2 93 1 4 78 1 6 88 1 7 53 1 9 28 1 8 65 1 5 21 1 0 61 
10 1 4 41 2 6 12 2 12 1 9 12 1 3 77 2 1 70 4 70 1 7 24 1 0 81 1 5 73 2 2 62 8 62 1 8 6 
10 2 4 98 7 98 1 3 28 1 6 42 1 9 72 1 0 15 1 8 15 1 5 94 1 2 33 1 1 51 1 7 99 
10 1 0 32 1 8 22 1 9 96 1 4 15 1 6 78 1 3 31 1 5 7 1 1 94 1 2 23 1 7 86 
10 1 7 93 2 2 97 9 97 1 3 43 1 5 73 1 0 24 1 8 68 1 9 88 1 1 42 1 4 35 1 6 72 
10 2 2 14 9 14 1 0 44 1 8 13 1 5 67 1 1 63 1 3 49 1 7 5 1 4 17 1 6 85 1 9 66 
10 1 7 82 2 9 15 4 15 1 3 72 1 4 26 1 0 8 1 1 68 1 6 21 1 8 45 1 2 99 1 5 27 
10 1 4 93 1 6 23 1 0 51 2 8 54 7 54 1 3 49 1 1 96 1 2 56 1 9 36 1 5 53 2 7 52 8 52 
10 1 8 60 1 0 14 1 4 70 1 9 55 1 1 23 1 5 83 1 3 38 1 2 24 1 7 37 1 6 48 
10 1 0 62 3 7 15 3 15 8 15 2 8 69 6 69 1 9 23 1 1 82 2 6 26 0 26 1 4 45 1 5 33 1 3 12 2 2 37 7 37 
10 1 6 72 1 1 9 1 7 15 1 5 28 1 8 92 2 9 12 0 12 1 0 59 1 3 64 1 4 87 2 2 73 9 73 
10 1 0 50 1 1 14 1 7 90 1 5 46 1 3 71 1 4 48 1 2 80 2 9 61 3 61 1 8 24 1 6 44 
10 1 0 22 1 9 94 1 5 16 1 3 73 1 2 54 1 8 54 1 4 46 1 1 97 2 6 61 1 61 1 7 75 
10 1 9 55 1 3 67 1 6 77 1 4 30 1 7 6 1 1 32 1 8 47 1 5 93 1 2 6 1 0 40 
10 1 1 30 1 3 98 1 7 79 1 0 22 1 6 79 2 2 7 3 7 1 8 36 1 9 36 1 5 9 1 4 92 
10 2 8 37 5 37 1 7 72 1 2 52 1 4 31 1 1 82 1 9 54 1 5 7 1 6 82 1 3 73 1 0 49 
10 1 1 73 1 3 83 1 7 45 1 2 76 1 4 43 1 9 29 1 0 35 1 5 92 1 8 39 1 6 28 
10 1 2 58 1 0 26 1 1 48 1 8 52 1 7 34 1 6 96 1 5 70 1 4 98 1 3 80 1 9 94 
10 2 1 70 7 70 1 8 23 1 5 26 2 4 14 7 14 2 6 90 7 90 1 2 93 2 3 21 8 21 2 0 42 6 42 1 7 18 1 9 36 
10 1 4 28 1 6 76 1 7 25 1 0 17 1 1 84 1 2 67 2 8 87 1 87 1 3 43 1 9 88 1 5 84 
10 1 7 30 1 3 91 1 8 52 1 4 80 1 0 21 1 5 8 2 9 37 1 37 1 2 15 1 6 12 1 1 92 
10 1 1 28 1 4 7 1 7 46 1 6 92 1 2 77 1 3 15 1 9 69 1 8 54 1 0 47 1 5 39 
10 2 9 50 4 50 1 5 44 1 2 64 1 8 38 1 4 93 1 6 33 1 7 75 1 0 41 2 1 24 6 24 1 3 5 
10 1 7 94 1 0 17 1 6 87 1 2 21 1 8 92 1 9 28 1 1 61 1 4 63 1 3 34 1 5 77 
10 1 3 72 1 8 98 1 9 5 1 4 28 2 2 9 1 9 1 5 95 1 6 64 1 1 43 2 0 50 3 50 1 7 96 
10 1 0 85 1 2 85 1 8 39 1 1 98 1 7 24 1 3 71 1 5 60 1 4 55 1 9 22 1 6 35 
10 1 3 78 1 6 49 1 2 46 2 1 11 0 11 1 0 90 1 5 20 1 9 34 1 7 6 2 4 70 3 70 1 8 74 

Dynamic Events
Machine Breakdowns (x y z): Machine {x} breakdown from time {y} to {z}
0 1343 1689
1 2139 2597
2 1865 2229
3 147 502
3 1875 2270
4 1410 1682
4 1887 2217
5 644 1005
6 2100 2558
7 1227 1631
8 1976 2228
9 1005 1459

Added Jobs (first number is the time at which the job is added, then pairs of machines and process time)
492: 10 2 9 17 8 93 2 3 24 5 77 1 6 45 1 5 75 3 1 16 6 84 3 39 3 1 84 3 62 8 80 2 0 55 3 32 3 0 66 9 32 7 84 3 1 23 5 56 6 56 3 1 77 4 44 8 46 
337: 10 1 6 49 1 0 53 3 1 18 7 42 9 45 1 2 39 3 1 89 4 88 6 26 2 6 33 7 92 1 3 71 1 3 82 1 5 42 2 4 49 2 43 
575: 10 2 7 42 5 20 1 0 35 2 1 30 8 29 2 1 80 3 18 1 4 70 1 2 51 3 2 98 4 21 7 17 2 9 55 6 20 3 0 47 1 77 8 64 1 3 12 
505: 10 2 6 59 0 34 1 8 78 1 0 46 1 3 68 2 4 84 6 92 2 4 32 7 83 3 6 64 5 48 0 81 2 0 47 7 37 3 7 40 6 13 9 24 3 3 41 4 29 0 24 
163: 10 1 6 39 1 5 95 1 5 86 2 9 76 8 12 1 8 67 3 2 67 5 66 1 27 1 5 67 2 0 10 8 92 2 2 49 6 53 2 2 7 9 19 

Cancelled Jobs
898 1
1171 2
315 4
599 14
56 18
