30 10
10 1 0 66 1 2 84 1 3 26 1 7 29 2 9 94 7 94 1 6 98 1 8 7 1 5 98 1 1 45 1 4 43 
10 1 3 32 1 0 97 2 6 55 5 55 1 2 88 1 8 93 1 9 88 2 1 20 5 20 1 4 50 1 7 17 1 5 5 
10 1 4 43 2 3 68 9 68 1 8 47 1 9 68 1 1 57 1 6 20 1 5 81 1 2 60 2 7 94 3 94 1 0 62 
10 1 1 57 2 5 40 2 40 1 0 78 1 6 9 1 2 49 1 9 17 1 3 32 1 4 30 1 8 87 1 7 77 
10 1 0 52 1 4 30 2 3 48 0 48 1 5 48 1 1 26 2 9 17 2 17 1 6 93 1 8 97 2 7 49 5 49 2 2 89 7 89 
10 2 7 95 2 95 1 0 33 1 1 5 1 6 17 1 5 70 1 3 57 1 4 34 1 2 61 1 8 62 1 9 39 
10 1 7 97 1 5 92 1 1 31 1 8 5 1 2 79 1 4 5 1 3 67 1 0 5 1 9 78 1 6 60 
10 2 2 79 0 79 1 4 6 1 7 20 1 8 45 1 6 34 1 3 24 1 9 26 1 5 68 1 1 16 1 0 46 
10 2 7 58 9 58 1 9 50 1 2 19 1 8 93 1 6 49 1 3 25 1 5 85 1 4 50 1 0 93 1 1 26 
10 1 9 81 2 6 71 9 71 1 5 7 1 1 39 1 2 16 1 8 42 1 0 71 1 4 84 1 3 56 1 7 99 
10 1 8 9 1 0 86 1 9 6 2 3 71 7 71 1 6 97 1 5 85 1 4 16 1 2 42 1 7 81 1 1 81 
10 2 4 72 1 72 1 3 24 1 0 30 1 8 56 1 2 43 1 1 61 1 7 82 1 6 40 1 5 59 1 9 43 
10 1 9 43 2 1 13 8 13 1 6 70 1 7 93 2 0 95 6 95 1 8 12 1 4 15 2 2 78 0 78 1 5 97 1 3 14 
10 1 0 14 2 6 26 7 26 1 1 71 1 3 46 1 8 80 1 5 31 1 4 37 2 9 27 0 27 1 7 92 1 2 67 
10 1 2 12 2 0 43 9 43 1 5 96 1 6 7 1 3 45 1 7 20 1 1 13 1 9 29 1 4 60 2 8 33 3 33 
10 1 1 78 1 5 50 1 6 84 1 0 42 1 8 84 1 4 30 1 9 76 1 2 57 1 7 87 1 3 59 
10 2 4 49 1 49 1 7 50 1 1 15 1 8 13 1 0 93 1 6 50 1 9 32 1 5 59 1 3 10 1 2 35 
10 1 1 25 1 0 47 1 7 60 1 8 33 1 4 53 1 5 37 1 9 73 2 2 22 3 22 1 3 87 1 6 79 
10 1 0 84 1 6 83 2 1 71 5 71 1 5 68 1 9 89 1 8 11 1 3 60 1 4 50 1 2 33 1 7 97 
10 1 1 14 1 0 38 1 6 88 1 5 5 1 4 77 1 7 92 1 8 24 1 2 73 1 9 52 1 3 71 
10 1 7 62 1 9 19 1 6 38 1 3 15 1 8 64 1 2 64 1 4 8 1 1 61 1 0 19 1 5 33 
10 1 2 33 1 5 46 2 4 74 7 74 1 0 56 1 6 84 2 9 83 7 83 2 8 19 7 19 1 7 8 2 3 32 8 32 2 1 97 6 97 
10 1 4 50 1 3 71 1 6 50 1 2 97 1 9 8 1 0 17 1 7 19 1 8 92 2 5 54 1 54 1 1 52 
10 1 8 32 1 1 79 1 3 97 1 5 38 1 9 49 1 4 76 1 6 76 1 0 56 2 2 78 1 78 1 7 54 
10 1 5 13 1 3 5 1 2 25 1 0 86 1 1 95 1 9 28 1 6 78 1 8 24 1 7 10 1 4 39 
10 1 7 48 1 2 59 2 0 20 9 20 2 9 7 6 7 1 5 31 1 6 97 1 1 89 1 4 32 1 3 25 1 8 41 
10 1 5 87 2 0 18 3 18 1 9 48 1 2 43 1 1 30 1 6 97 1 7 47 1 8 65 1 3 69 1 4 27 
10 1 6 71 1 5 20 1 8 20 1 1 78 1 3 39 1 0 17 1 7 50 2 2 44 1 44 1 9 42 1 4 38 
10 2 0 50 7 50 1 9 42 1 3 72 1 5 7 1 1 77 1 7 58 1 4 78 1 2 89 1 6 70 1 8 36 
10 1 3 32 1 9 95 1 2 13 1 0 73 1 6 97 1 8 24 2 4 49 6 49 1 5 57 1 1 68 1 7 94 

Dynamic Events
Machine Breakdowns (x y z): Machine {x} breakdown from time {y} to {z}
0 1206 1723
0 2705 3072
1 880 1380
1 2256 2597
2 252 523
3 886 1260
4 554 756
4 2108 2426
5 410 849
5 1078 1429
6 1504 1895
7 712 1260
8 2499 2759
9 1310 1509

Added Jobs (first number is the time at which the job is added, then pairs of machines and process time)
1074: 10 2 2 91 6 36 1 3 90 1 1 48 2 8 79 3 96 2 8 19 6 90 1 7 72 1 4 27 1 6 67 1 1 15 1 5 33 
934: 10 1 5 22 1 4 43 1 4 72 1 2 97 2 5 11 4 15 1 0 15 2 5 45 9 66 1 8 19 1 3 57 2 5 93 2 56 
1075: 10 2 8 69 9 76 2 6 73 3 58 2 9 35 4 21 2 0 52 3 72 1 2 47 2 9 52 1 71 1 5 16 1 7 62 1 5 55 1 4 18 
394: 10 1 1 78 1 7 65 1 1 85 2 8 47 5 79 1 8 16 1 9 77 1 7 71 1 7 22 1 2 18 2 7 29 5 88 
697: 10 2 9 17 0 57 2 8 49 6 65 2 4 60 7 93 1 7 55 1 4 82 2 0 39 9 46 1 1 66 2 2 72 4 76 2 0 25 7 11 2 9 72 6 29 
1016: 10 1 1 35 1 1 84 1 5 26 2 4 82 2 45 1 1 58 2 5 83 8 78 2 5 22 7 39 1 8 42 2 7 73 2 17 2 1 23 8 91 
231: 10 2 6 78 5 85 1 2 57 1 5 52 2 3 82 1 37 2 2 61 4 26 1 4 12 1 3 44 1 2 30 2 6 45 1 63 2 1 19 5 70 

Cancelled Jobs
501 0
1586 6
146 7
606 8
1054 15
