15 15
15 1 4 21 1 3 55 1 6 71 1 14 98 2 10 12 12 12 1 2 34 1 9 16 1 1 21 1 0 53 1 7 26 1 8 52 1 5 95 2 12 31 5 31 1 11 42 1 13 39 
15 1 11 54 2 4 83 5 83 1 1 77 1 7 64 1 8 34 1 14 79 2 12 43 9 43 1 0 55 1 3 77 1 6 19 1 9 37 1 5 79 1 10 92 2 13 62 3 62 1 2 66 
15 1 9 83 2 5 77 2 77 1 2 87 1 7 38 1 4 60 1 12 98 1 0 93 1 13 17 1 6 41 1 10 44 1 3 69 1 11 49 2 8 24 10 24 1 1 87 1 14 25 
15 2 5 77 2 77 1 0 96 1 9 28 2 6 7 0 7 2 4 95 7 95 2 13 35 12 35 1 7 35 1 8 76 1 11 9 1 12 95 1 2 43 1 1 75 1 10 61 1 14 10 1 3 79 
15 1 10 87 1 4 28 1 8 50 1 2 59 1 0 46 1 11 45 1 14 9 1 9 43 1 6 52 1 7 27 1 1 91 2 13 41 2 41 1 3 16 1 5 59 1 12 39 
15 1 0 20 1 2 71 1 4 78 1 13 66 1 3 14 1 12 8 2 14 42 9 42 1 6 28 1 1 54 1 9 33 1 11 89 1 8 26 1 7 37 1 10 33 1 5 43 
15 1 8 69 1 4 96 2 12 17 9 17 1 0 69 1 7 45 1 11 31 1 6 78 1 10 20 1 3 27 1 13 87 1 1 74 1 5 84 1 14 76 1 2 94 2 9 81 7 81 
15 1 4 58 1 13 90 1 11 76 1 3 81 1 7 23 2 9 28 8 28 1 1 18 1 2 32 1 12 86 1 8 99 1 14 97 1 0 24 1 10 45 1 6 72 1 5 25 
15 1 5 27 1 1 46 3 6 67 8 67 3 67 1 8 27 2 13 19 6 19 1 10 80 1 2 17 2 3 48 10 48 1 7 62 1 11 12 1 14 28 2 4 98 7 98 1 0 42 1 9 48 1 12 50 
15 1 11 37 1 5 80 2 4 75 9 75 1 8 55 1 7 50 1 0 94 1 9 14 2 6 41 12 41 1 14 72 1 3 50 1 10 61 1 13 79 1 2 98 1 12 18 1 1 63 
15 2 7 65 8 65 1 3 96 1 0 47 1 4 75 1 12 69 1 14 58 1 10 33 1 1 71 1 9 22 1 13 32 1 5 57 2 8 79 13 79 1 2 14 1 11 31 1 6 60 
15 1 1 34 1 2 47 1 3 58 1 5 51 1 4 62 1 6 44 1 9 8 1 7 17 1 10 97 1 8 29 1 11 15 1 13 66 1 12 40 3 0 44 2 44 4 44 1 14 38 
15 1 3 50 1 7 57 2 13 61 10 61 1 5 20 1 11 85 1 12 90 1 2 58 1 4 63 1 10 84 1 1 39 1 9 87 1 6 21 1 14 56 1 8 32 1 0 57 
15 1 9 84 1 7 45 1 5 15 1 14 41 1 10 18 1 4 82 1 11 29 1 2 70 1 1 67 1 3 30 1 13 50 1 6 23 1 0 20 1 12 21 1 8 38 
15 1 9 37 1 10 81 2 11 61 12 61 1 14 57 1 8 57 2 0 52 2 52 2 7 74 12 74 1 6 62 2 12 30 8 30 2 1 52 6 52 1 2 38 1 13 68 1 4 54 1 3 54 1 5 16 

Dynamic Events
Machine Breakdowns (x y z): Machine {x} breakdown from time {y} to {z}
1 1513 1883
2 515 885
3 1490 1860
4 1599 1969
5 574 820
5 1654 2024
6 1242 1427
7 210 580
8 905 1272
9 271 641
12 1702 1969
13 983 1317
14 309 561

Added Jobs (first number is the time at which the job is added, then pairs of machines and process time)
573: 15 2 14 15 10 96 2 11 24 14 54 2 6 38 13 61 3 2 18 14 56 12 14 2 8 69 4 33 3 8 86 9 9 4 82 1 1 91 2 0 44 13 73 3 13 36 14 47 6 20 1 10 57 3 11 58 9 41 10 32 3 4 60 6 44 0 48 3 9 86 1 55 3 80 2 11 59 2 77 1 3 81 
374: 15 1 7 62 2 13 50 3 33 1 6 10 3 9 22 5 95 4 63 2 8 76 6 34 3 4 89 14 59 13 76 2 10 78 11 25 1 14 69 1 14 88 1 4 73 2 9 39 8 95 3 0 48 1 64 13 68 2 14 10 10 19 1 14 24 1 2 98 
537: 15 3 1 27 5 25 8 29 2 1 31 12 91 3 7 77 12 51 2 67 2 13 67 1 40 2 8 40 12 18 3 0 32 10 15 7 30 1 1 46 3 11 11 0 73 13 67 3 3 61 1 31 13 81 2 10 33 14 37 1 2 27 3 5 85 11 15 9 76 1 14 75 3 5 65 1 31 8 93 1 0 23 

Cancelled Jobs
494 10
