15 15
15 1 5 19 1 6 64 1 11 73 1 9 13 2 2 84 12 84 1 14 88 1 3 85 1 10 41 1 12 53 1 13 80 1 1 66 1 7 46 2 8 59 5 59 1 4 25 1 0 62 
15 1 1 67 2 3 74 5 74 1 7 41 1 2 57 1 14 52 1 0 14 2 9 64 12 64 1 8 84 1 6 78 1 5 47 1 13 28 1 4 84 2 10 63 4 63 1 12 26 1 11 46 
15 2 6 97 2 97 1 8 95 1 0 64 1 9 38 1 10 59 1 12 95 1 2 17 1 11 65 1 13 93 1 3 10 1 5 73 2 1 11 10 11 1 4 85 1 14 46 2 7 67 2 67 
15 1 10 23 1 12 49 2 3 32 0 32 2 4 66 7 66 2 2 43 12 43 1 0 60 1 8 41 1 7 61 1 13 70 1 9 49 1 11 17 1 6 90 1 1 85 1 14 99 1 5 85 
15 1 9 98 1 8 57 1 3 73 1 6 9 1 0 73 1 7 7 1 1 98 1 4 13 1 13 41 1 5 40 2 11 85 2 85 1 10 37 1 2 68 1 14 79 1 12 17 
15 1 11 66 1 7 53 1 5 86 1 6 40 1 0 14 2 3 19 9 19 1 13 96 1 4 95 1 2 54 1 10 84 1 12 97 1 8 16 1 14 52 1 1 76 1 9 87 
15 1 4 77 2 2 55 9 55 1 9 42 1 5 74 1 14 91 1 13 33 1 10 16 1 12 54 1 0 18 1 3 87 1 7 60 1 8 13 1 6 33 2 1 33 7 33 1 11 61 
15 1 6 41 1 5 39 1 11 82 1 9 64 2 14 47 8 47 1 10 28 1 7 78 1 13 49 1 1 79 1 4 58 1 2 92 1 3 79 1 12 6 1 0 69 1 8 76 
15 1 11 21 3 5 42 8 42 3 42 1 9 91 2 2 28 6 28 1 0 52 1 6 88 2 12 76 10 76 1 13 86 1 10 23 1 1 35 2 7 52 1 52 1 4 91 1 3 47 1 14 82 1 8 24 
15 1 11 42 2 1 93 0 93 1 3 95 1 13 45 1 9 28 2 14 77 12 77 1 0 84 1 10 8 1 7 45 1 4 70 1 5 37 1 6 86 1 12 64 2 8 67 10 67 1 2 38 
15 1 4 97 1 12 81 1 1 58 1 7 84 1 5 58 1 0 9 1 11 87 1 3 5 2 2 44 13 44 1 13 85 1 6 89 1 10 77 1 9 96 1 14 39 1 8 77 
15 1 12 80 1 1 21 1 10 10 1 5 73 1 8 70 1 6 49 1 2 31 1 13 34 1 4 40 1 11 22 3 0 15 2 15 4 15 1 14 82 1 3 57 1 9 71 2 7 48 10 48 
15 1 2 17 1 7 62 1 5 75 1 9 35 1 1 91 1 14 50 1 3 7 1 10 64 1 13 75 1 12 94 1 0 55 1 6 72 1 8 47 1 4 11 1 11 90 
15 1 11 93 1 6 57 1 1 71 1 12 70 1 9 93 1 5 20 1 3 15 1 13 77 1 10 58 1 0 12 1 2 67 1 8 68 1 14 7 1 7 29 2 4 52 12 52 
15 1 13 76 1 3 27 2 4 26 2 26 2 9 36 12 36 1 11 8 2 10 36 8 36 2 0 95 6 95 1 8 48 1 2 82 1 6 87 1 5 6 1 1 63 1 7 56 1 12 36 1 14 15 

Dynamic Events
Machine Breakdowns (x y z): Machine {x} breakdown from time {y} to {z}
0 1933 2343
1 1407 1779
2 1833 2088
3 2028 2357
4 301 695
6 501 911
8 85 495
9 72 482
10 975 1317
11 410 820
14 650 1060

Added Jobs (first number is the time at which the job is added, then pairs of machines and process time)
102: 15 3 3 42 5 29 4 74 3 8 82 11 38 6 73 1 14 40 1 6 89 1 0 82 3 11 49 0 77 4 30 1 0 19 1 7 43 2 9 67 0 25 1 14 24 3 12 81 9 69 8 68 3 4 66 2 37 14 46 2 13 66 5 8 2 11 50 1 94 1 13 34 
245: 15 2 4 76 9 75 2 10 22 8 75 2 1 95 0 23 3 10 67 7 32 6 68 2 14 82 5 80 1 2 59 3 3 66 12 78 14 26 1 14 53 2 2 36 14 17 1 10 48 2 3 83 1 28 1 7 21 3 2 35 5 66 13 41 1 8 31 2 7 26 12 52 
723: 15 1 2 66 1 12 84 2 13 31 12 6 1 7 35 1 6 74 1 13 75 3 10 80 5 46 12 86 2 0 64 9 31 2 11 13 12 85 2 7 72 10 12 2 14 59 7 33 2 13 60 9 86 2 2 80 1 44 1 13 75 3 4 53 2 62 8 17 
478: 15 3 13 78 2 24 7 42 1 3 5 3 9 62 6 48 0 86 1 9 37 3 13 41 14 45 0 84 3 12 97 7 63 8 46 3 8 73 1 17 2 30 1 10 24 3 3 80 5 8 9 18 1 13 69 2 10 66 13 85 1 3 32 1 6 84 3 9 47 3 20 13 83 3 14 63 5 48 9 89 

Cancelled Jobs
1233 6
746 10
