15 15
15 1 5 19 1 6 64 1 11 73 1 9 13 2 2 84 12 84 1 14 88 1 3 85 1 10 41 1 12 53 1 13 80 1 1 66 1 7 46 2 8 59 5 59 1 4 25 1 0 62 
15 1 1 67 2 3 74 5 74 1 7 41 1 2 57 1 14 52 1 0 14 2 9 64 12 64 1 8 84 1 6 78 1 5 47 1 13 28 1 4 84 2 10 63 4 63 1 12 26 1 11 46 
15 2 6 97 2 97 1 8 95 1 0 64 1 9 38 1 10 59 1 12 95 1 2 17 1 11 65 1 13 93 1 3 10 1 5 73 2 1 11 10 11 1 4 85 1 14 46 2 7 67 2 67 
15 1 10 23 1 12 49 2 3 32 0 32 2 4 66 7 66 2 2 43 12 43 1 0 60 1 8 41 1 7 61 1 13 70 1 9 49 1 11 17 1 6 90 1 1 85 1 14 99 1 5 85 
15 1 9 98 1 8 57 1 3 73 1 6 9 1 0 73 1 7 7 1 1 98 1 4 13 1 13 41 1 5 40 2 11 85 2 85 1 10 37 1 2 68 1 14 79 1 12 17 
15 1 11 66 1 7 53 1 5 86 1 6 40 1 0 14 2 3 19 9 19 1 13 96 1 4 95 1 2 54 1 10 84 1 12 97 1 8 16 1 14 52 1 1 76 1 9 87 
15 1 4 77 2 2 55 9 55 1 9 42 1 5 74 1 14 91 1 13 33 1 10 16 1 12 54 1 0 18 1 3 87 1 7 60 1 8 13 1 6 33 2 1 33 7 33 1 11 61 
15 1 6 41 1 5 39 1 11 82 1 9 64 2 14 47 8 47 1 10 28 1 7 78 1 13 49 1 1 79 1 4 58 1 2 92 1 3 79 1 12 6 1 0 69 1 8 76 
15 1 11 21 3 5 42 8 42 3 42 1 9 91 2 2 28 6 28 1 0 52 1 6 88 2 12 76 10 76 1 13 86 1 10 23 1 1 35 2 7 52 1 52 1 4 91 1 3 47 1 14 82 1 8 24 
15 1 11 42 2 1 93 0 93 1 3 95 1 13 45 1 9 28 2 14 77 12 77 1 0 84 1 10 8 1 7 45 1 4 70 1 5 37 1 6 86 1 12 64 2 8 67 10 67 1 2 38 
15 1 4 97 1 12 81 1 1 58 1 7 84 1 5 58 1 0 9 1 11 87 1 3 5 2 2 44 13 44 1 13 85 1 6 89 1 10 77 1 9 96 1 14 39 1 8 77 
15 1 12 80 1 1 21 1 10 10 1 5 73 1 8 70 1 6 49 1 2 31 1 13 34 1 4 40 1 11 22 3 0 15 2 15 4 15 1 14 82 1 3 57 1 9 71 2 7 48 10 48 
15 1 2 17 1 7 62 1 5 75 1 9 35 1 1 91 1 14 50 1 3 7 1 10 64 1 13 75 1 12 94 1 0 55 1 6 72 1 8 47 1 4 11 1 11 90 
15 1 11 93 1 6 57 1 1 71 1 12 70 1 9 93 1 5 20 1 3 15 1 13 77 1 10 58 1 0 12 1 2 67 1 8 68 1 14 7 1 7 29 2 4 52 12 52 
15 1 13 76 1 3 27 2 4 26 2 26 2 9 36 12 36 1 11 8 2 10 36 8 36 2 0 95 6 95 1 8 48 1 2 82 1 6 87 1 5 6 1 1 63 1 7 56 1 12 36 1 14 15 

Dynamic Events
Machine Breakdowns (x y z): Machine {x} breakdown from time {y} to {z}
0 1572 1766
0 1970 2372
1 1964 2374
2 1219 1543
2 1865 2258
3 673 1025
4 1209 1619
5 1126 1536
6 1018 1428
7 567 879
10 812 1085
11 1926 2289
13 247 548
14 1247 1657

Added Jobs (first number is the time at which the job is added, then pairs of machines and process time)
397: 15 1 10 29 3 8 65 2 58 0 54 2 4 11 9 57 3 10 24 0 25 12 35 1 12 39 3 10 72 5 53 7 22 2 0 33 14 88 1 9 32 3 9 33 1 30 10 48 1 13 77 1 2 30 3 10 33 5 62 7 38 3 11 92 13 47 5 34 3 13 89 1 27 3 59 3 13 29 10 25 6 64 
126: 15 1 2 31 3 13 55 3 14 11 17 3 6 34 10 51 3 68 3 7 9 2 48 11 88 1 14 90 2 5 44 12 89 1 14 21 2 10 38 9 52 2 11 24 6 13 1 3 90 1 11 20 2 4 53 12 29 3 10 83 13 30 3 80 1 8 15 1 2 89 
248: 15 3 8 28 4 36 1 33 3 3 86 9 43 14 79 2 10 53 11 23 3 12 74 3 69 10 66 3 8 26 5 34 0 95 1 10 17 2 4 13 12 32 2 10 71 12 90 2 12 61 2 26 3 9 63 7 7 4 82 2 11 54 9 18 1 2 42 3 1 84 9 92 6 16 3 12 31 7 7 5 73 3 6 42 7 60 2 71 

Cancelled Jobs
1106 0
152 4
104 11
