15 15
15 1 9 65 1 10 28 1 4 74 1 12 33 2 2 51 12 51 1 14 75 1 5 73 1 8 32 1 6 13 1 3 81 1 1 35 1 7 59 2 13 38 5 38 1 11 55 1 0 27 
15 1 0 64 2 1 53 5 53 1 11 83 1 2 33 1 4 6 1 9 52 2 14 72 9 72 1 8 7 1 13 90 1 12 21 1 6 23 1 3 10 1 10 39 2 5 49 3 49 1 7 72 
15 1 14 73 2 3 82 2 82 1 1 23 1 12 62 1 6 88 1 5 21 1 8 65 1 11 70 1 7 53 1 10 81 1 2 93 1 13 77 2 0 61 10 61 1 9 28 1 4 78 
15 2 1 12 2 12 1 6 51 1 7 33 2 4 15 0 15 2 14 72 7 72 2 10 98 12 98 1 9 94 1 5 12 1 11 42 1 2 24 1 13 15 1 8 28 1 3 6 1 12 99 1 0 41 
15 1 12 97 1 5 7 1 9 96 1 4 15 1 14 73 1 13 43 1 0 32 1 8 22 1 11 42 1 1 94 1 2 23 2 7 86 2 86 1 6 78 1 10 24 1 3 31 
15 1 1 72 1 5 88 1 2 93 1 13 13 1 4 44 1 14 66 2 6 63 9 63 1 7 14 1 9 67 1 10 17 1 11 85 1 0 35 1 3 68 1 12 5 1 8 49 
15 1 9 15 1 7 82 2 6 21 9 21 1 14 53 1 3 72 1 13 49 1 2 99 1 4 26 1 12 56 1 8 45 1 1 68 1 10 51 1 0 8 1 5 27 2 11 96 7 96 
15 1 3 54 1 7 24 1 4 14 1 8 38 1 5 36 2 2 52 8 52 1 14 55 1 12 37 1 11 48 1 0 93 1 13 60 1 10 70 1 1 23 1 6 23 1 9 83 
15 1 3 12 1 8 69 3 6 26 8 26 3 26 1 9 23 2 14 28 6 28 1 1 82 1 5 33 2 4 45 10 45 1 13 64 1 7 15 1 11 9 2 12 73 7 73 1 10 59 1 2 37 1 0 62 
15 1 0 87 1 5 12 2 7 80 9 80 1 4 50 1 10 48 1 12 90 1 1 72 2 13 24 12 24 1 6 14 1 8 71 1 11 44 1 9 46 1 2 15 1 14 61 1 3 92 
15 2 2 54 8 54 1 0 22 1 6 61 1 4 46 1 3 73 1 5 16 1 12 6 1 9 94 1 14 93 1 13 67 1 8 54 2 7 75 13 75 1 11 32 1 10 40 1 1 97 
15 1 10 92 1 14 36 1 4 22 1 9 9 1 3 47 1 1 77 1 12 79 1 13 36 1 6 30 1 8 98 1 11 79 1 7 7 1 5 55 3 2 6 4 6 14 6 1 0 30 
15 1 0 49 2 13 83 12 83 1 3 73 1 6 82 1 1 82 1 14 92 1 11 73 1 4 31 1 10 35 1 9 54 1 5 7 1 8 37 1 7 72 1 2 52 1 12 76 
15 1 10 98 1 12 34 1 13 52 1 4 26 1 1 28 1 3 39 1 8 80 1 5 29 1 9 70 1 0 43 1 6 48 1 7 58 1 2 45 1 14 94 1 11 96 
15 1 1 70 1 10 17 2 6 90 2 90 1 12 67 1 4 14 2 8 23 14 23 2 3 21 2 21 2 7 18 1 18 1 13 43 2 11 84 4 84 1 5 26 1 9 36 1 2 93 1 14 84 1 0 42 

Dynamic Events
Machine Breakdowns (x y z): Machine {x} breakdown from time {y} to {z}
0 269 609
1 642 982
2 1581 1921
4 930 1238
4 1700 2032
5 378 632
6 411 623
7 132 472
8 1 223
9 966 1306
10 1389 1729
12 1594 1934
14 86 402
14 496 836

Added Jobs (first number is the time at which the job is added, then pairs of machines and process time)
118: 15 1 5 64 3 11 34 2 76 7 41 3 11 69 13 83 14 50 1 6 50 3 9 12 4 71 1 61 3 5 76 3 42 7 60 3 2 72 13 76 10 43 1 7 49 2 9 87 5 33 2 7 19 2 71 2 11 54 4 15 3 0 73 7 93 4 13 3 13 42 1 71 8 48 2 14 13 3 23 1 5 77 
454: 15 3 1 20 4 10 3 47 1 10 80 3 4 64 1 64 13 22 3 11 11 8 48 3 53 2 11 89 7 93 2 3 68 14 54 1 0 86 2 1 78 6 56 2 14 39 6 39 2 4 65 6 60 2 0 52 14 53 1 11 16 1 9 63 3 4 54 10 30 5 61 3 6 71 0 44 12 66 

Cancelled Jobs
98 6
101 13
