10 10
10 1 0 29 1 1 78 1 2 9 1 3 36 2 4 49 7 49 1 5 11 1 6 62 1 7 56 1 8 44 1 9 21 
10 1 0 43 1 2 90 2 4 75 5 75 1 9 11 1 3 69 1 1 28 2 6 46 5 46 1 5 46 1 7 72 1 8 30 
10 1 1 91 2 0 85 9 85 1 3 39 1 2 74 1 8 90 1 5 10 1 7 12 1 6 89 2 9 45 3 45 1 4 33 
10 1 1 81 2 2 95 9 95 1 0 71 1 4 99 1 6 9 1 8 52 1 7 85 1 3 98 1 9 22 1 5 43 
10 1 2 14 2 0 6 2 6 1 1 22 1 5 61 2 3 26 4 26 1 4 69 1 8 21 1 7 49 2 9 72 8 72 1 6 53 
10 2 2 84 7 84 1 1 2 1 5 52 1 3 95 1 8 48 1 9 72 1 0 47 1 6 65 1 4 6 1 7 25 
10 1 1 46 1 0 37 1 3 61 1 2 13 1 6 32 1 5 21 1 9 32 1 8 89 1 7 30 1 4 55 
10 1 2 31 2 0 86 2 86 1 1 46 1 5 74 1 4 32 1 6 88 1 8 19 1 9 48 1 7 36 1 3 79 
10 1 0 76 2 1 69 4 69 1 3 76 1 5 51 1 2 85 1 9 11 1 6 40 1 7 89 1 4 26 1 8 74 
10 1 1 85 1 0 13 2 2 61 4 61 1 6 7 1 8 64 1 9 76 1 5 47 1 3 52 1 4 90 1 7 45 

Dynamic Events
Machine Breakdowns (x y z): Machine {x} breakdown from time {y} to {z}
0 493 754
2 330 591
3 1286 1547
4 737 998
5 1269 1488
7 711 972
8 411 651
9 322 583

Added Jobs (first number is the time at which the job is added, then pairs of machines and process time)
472: 10 1 6 32 1 4 73 2 3 58 5 72 2 3 67 6 52 2 0 39 7 75 1 2 43 1 3 27 1 5 49 1 7 86 2 3 35 1 29 
490: 10 2 4 44 8 58 2 8 69 2 89 2 2 56 3 27 2 9 32 5 75 2 3 71 0 73 1 5 19 2 0 51 5 25 2 4 92 5 24 1 5 25 1 2 90 

Cancelled Jobs
