10 10
10 1 0 72 1 1 64 1 2 55 1 3 31 2 4 53 7 53 1 5 95 1 6 11 1 7 52 1 8 6 1 9 84 
10 1 0 61 1 3 27 2 4 88 5 88 1 2 78 1 1 49 1 5 83 2 8 91 5 91 1 6 74 1 7 29 1 9 87 
10 1 0 86 2 3 32 9 32 1 1 35 1 2 37 1 5 18 1 4 48 1 6 91 1 7 52 2 9 60 3 60 1 8 30 
10 1 0 8 2 1 82 2 82 1 4 27 1 3 99 1 6 74 1 5 9 1 2 33 1 9 20 1 7 59 1 8 98 
10 1 1 50 1 0 94 2 5 43 0 43 1 3 62 1 4 55 2 7 48 2 48 1 2 5 1 8 36 2 9 47 5 47 2 6 36 7 36 
10 2 0 53 7 53 1 6 30 1 2 7 1 3 12 1 1 68 1 8 87 1 4 28 1 9 70 1 7 45 1 5 7 
10 1 2 29 1 3 96 1 0 99 1 1 14 1 4 34 1 7 14 1 5 7 1 6 76 1 8 57 1 9 76 
10 1 2 90 2 0 19 2 19 1 3 87 1 4 51 1 1 84 1 5 45 1 9 84 1 6 58 1 7 81 1 8 96 
10 1 2 97 2 1 99 4 99 1 4 93 1 0 38 1 7 13 1 5 96 1 3 40 1 9 64 1 6 32 1 8 45 
10 1 2 44 1 0 60 2 8 29 4 29 1 3 5 1 6 74 1 1 85 1 4 34 1 7 95 1 9 51 1 5 47 

Dynamic Events
Machine Breakdowns (x y z): Machine {x} breakdown from time {y} to {z}
0 1211 1492
1 199 480
2 152 367
4 512 793
7 149 414
8 515 796
9 1189 1470

Added Jobs (first number is the time at which the job is added, then pairs of machines and process time)
210: 10 2 3 5 4 28 1 7 15 2 6 39 2 23 1 4 83 2 5 64 4 52 2 6 53 0 73 2 4 36 8 47 2 6 22 8 47 1 5 14 2 9 71 4 65 
360: 10 2 4 87 9 70 1 5 42 1 3 19 1 5 85 2 4 47 7 62 2 2 5 6 24 2 2 94 8 16 1 1 58 2 5 38 6 78 1 1 80 

Cancelled Jobs
237 6
791 8
