10 10
10 1 0 72 1 1 54 1 2 33 1 3 86 2 4 75 7 75 1 5 16 1 6 96 1 7 7 1 8 99 1 9 76 
10 1 0 16 1 3 88 2 4 48 5 48 1 8 52 1 9 60 1 6 29 2 7 18 5 18 1 5 89 1 2 80 1 1 76 
10 1 0 47 2 7 11 9 11 1 3 14 1 2 56 1 6 16 1 4 83 1 1 10 1 5 61 2 8 24 3 24 1 9 58 
10 1 0 49 2 1 31 2 31 1 3 17 1 8 50 1 5 63 1 2 35 1 4 65 1 7 23 1 6 50 1 9 29 
10 1 0 55 1 6 6 2 1 28 0 28 1 3 96 1 5 86 2 2 99 7 99 1 9 14 1 7 70 2 8 64 4 64 1 4 24 
10 2 4 46 2 46 1 0 23 1 6 70 1 8 19 1 2 54 1 3 22 1 9 85 1 7 87 1 5 79 1 1 93 
10 1 4 76 1 3 60 1 0 76 1 9 98 1 2 76 1 1 50 1 8 86 1 7 14 1 6 27 1 5 57 
10 2 4 93 0 93 1 6 27 1 9 57 1 3 87 1 8 86 1 2 54 1 7 24 1 5 49 1 0 20 1 1 47 
10 2 2 28 9 28 1 6 11 1 8 78 1 7 85 1 4 63 1 9 81 1 3 10 1 1 9 1 5 46 1 0 32 
10 1 2 22 2 9 76 4 76 1 5 89 1 8 13 1 6 88 1 3 10 1 7 75 1 4 98 1 1 78 1 0 17 

Dynamic Events
Machine Breakdowns (x y z): Machine {x} breakdown from time {y} to {z}
0 663 930
1 348 597
1 900 1090
2 910 1134
5 939 1206
6 139 399
6 447 700
7 926 1193
8 681 948
9 42 309

Added Jobs (first number is the time at which the job is added, then pairs of machines and process time)
218: 10 1 6 48 1 0 34 1 0 92 2 1 17 9 15 1 4 26 1 9 78 1 4 95 1 1 84 2 8 52 2 56 2 1 57 6 85 
389: 10 1 5 30 2 9 84 8 45 2 6 54 5 38 2 8 95 0 63 1 6 34 1 0 46 1 8 26 1 9 11 1 5 79 1 3 66 

Cancelled Jobs
