10 10
10 1 0 72 1 1 54 1 2 33 1 3 86 2 4 75 7 75 1 5 16 1 6 96 1 7 7 1 8 99 1 9 76 
10 1 0 16 1 3 88 2 4 48 5 48 1 8 52 1 9 60 1 6 29 2 7 18 5 18 1 5 89 1 2 80 1 1 76 
10 1 0 47 2 7 11 9 11 1 3 14 1 2 56 1 6 16 1 4 83 1 1 10 1 5 61 2 8 24 3 24 1 9 58 
10 1 0 49 2 1 31 2 31 1 3 17 1 8 50 1 5 63 1 2 35 1 4 65 1 7 23 1 6 50 1 9 29 
10 1 0 55 1 6 6 2 1 28 0 28 1 3 96 1 5 86 2 2 99 7 99 1 9 14 1 7 70 2 8 64 4 64 1 4 24 
10 2 4 46 2 46 1 0 23 1 6 70 1 8 19 1 2 54 1 3 22 1 9 85 1 7 87 1 5 79 1 1 93 
10 1 4 76 1 3 60 1 0 76 1 9 98 1 2 76 1 1 50 1 8 86 1 7 14 1 6 27 1 5 57 
10 2 4 93 0 93 1 6 27 1 9 57 1 3 87 1 8 86 1 2 54 1 7 24 1 5 49 1 0 20 1 1 47 
10 2 2 28 9 28 1 6 11 1 8 78 1 7 85 1 4 63 1 9 81 1 3 10 1 1 9 1 5 46 1 0 32 
10 1 2 22 2 9 76 4 76 1 5 89 1 8 13 1 6 88 1 3 10 1 7 75 1 4 98 1 1 78 1 0 17 

Dynamic Events
Machine Breakdowns (x y z): Machine {x} breakdown from time {y} to {z}
0 498 765
2 683 950
3 696 913
4 40 307
6 603 842
7 501 768
8 257 503
8 777 1044
9 1059 1326

Added Jobs (first number is the time at which the job is added, then pairs of machines and process time)
295: 10 1 4 62 2 6 70 8 29 1 5 59 2 7 69 1 63 2 6 16 3 55 2 6 95 8 57 1 3 38 2 9 71 3 71 2 6 32 4 83 2 5 83 7 46 
269: 10 1 8 67 1 5 50 2 4 36 5 84 1 5 85 1 5 84 1 1 62 2 2 36 1 72 1 9 97 1 3 91 1 1 22 

Cancelled Jobs
274 2
