10 10
10 1 0 96 1 1 69 1 2 25 1 3 5 2 4 55 7 55 1 5 15 1 6 88 1 7 11 1 8 17 1 9 82 
10 1 0 11 1 1 48 2 2 67 5 67 1 3 38 1 4 18 1 7 24 2 6 62 5 62 1 5 92 1 9 96 1 8 81 
10 1 2 67 2 1 63 9 63 1 0 93 1 4 85 1 3 25 1 5 72 1 6 51 1 7 81 2 8 58 3 58 1 9 15 
10 1 2 30 2 1 35 2 35 1 0 27 1 4 82 1 3 44 1 7 92 1 6 25 1 5 49 1 9 28 1 8 77 
10 1 1 53 1 0 83 2 4 73 0 73 1 3 26 1 2 77 2 6 33 2 33 1 5 92 1 9 99 2 8 38 5 38 2 7 38 2 38 
10 2 1 20 2 20 1 0 44 1 4 81 1 3 88 1 2 66 1 6 70 1 5 91 1 9 37 1 8 55 1 7 96 
10 1 1 21 1 2 93 1 4 22 1 0 56 1 3 34 1 6 40 1 7 53 1 9 46 1 5 29 1 8 63 
10 2 1 32 0 32 1 2 63 1 4 36 1 0 26 1 3 17 1 5 85 1 7 15 1 8 55 1 9 16 1 6 82 
10 2 0 73 9 73 1 2 46 1 3 89 1 4 24 1 1 99 1 6 92 1 7 7 1 9 51 1 5 19 1 8 14 
10 1 0 52 2 2 20 9 20 1 3 70 1 4 98 1 1 23 1 5 15 1 7 81 1 8 71 1 9 24 1 6 81 

Dynamic Events
Machine Breakdowns (x y z): Machine {x} breakdown from time {y} to {z}
0 921 1160
0 1355 1628
3 95 330
3 1177 1402
9 991 1264

Added Jobs (first number is the time at which the job is added, then pairs of machines and process time)
198: 10 2 4 40 3 57 1 9 23 2 8 79 6 31 1 2 39 2 7 60 0 75 1 3 49 2 9 31 6 61 2 4 40 8 49 2 1 78 5 31 1 9 71 
445: 10 2 0 17 2 90 1 0 80 1 3 46 2 9 89 8 24 2 3 87 1 39 1 1 35 2 3 54 7 30 1 6 44 1 5 49 1 7 39 

Cancelled Jobs
