10 10
10 1 9 11 1 8 93 1 0 48 1 7 76 2 6 13 7 13 1 5 71 1 3 59 1 2 90 1 4 10 1 1 65 
10 1 8 52 1 9 76 2 0 84 5 84 1 7 73 1 5 56 1 4 10 2 6 26 5 26 1 2 43 1 3 39 1 1 49 
10 1 9 28 2 8 44 9 44 1 7 26 1 6 66 1 4 68 1 5 74 1 3 27 1 2 14 2 1 6 3 6 1 0 21 
10 1 0 18 2 1 58 2 58 1 3 62 1 2 46 1 6 25 1 4 6 1 5 60 1 7 28 1 8 80 1 9 30 
10 1 0 78 1 1 47 2 7 29 0 29 1 5 16 1 4 29 2 6 57 2 57 1 3 78 1 2 87 2 8 39 5 39 2 9 73 7 73 
10 2 9 66 7 66 1 8 51 1 3 12 1 7 64 1 5 67 1 4 15 1 6 66 1 2 26 1 1 20 1 0 98 
10 1 8 23 1 9 76 1 6 45 1 7 75 1 5 24 1 3 18 1 4 83 1 2 15 1 1 88 1 0 17 
10 1 9 56 2 8 83 2 83 1 7 80 1 6 16 1 4 31 1 5 93 1 3 30 1 2 29 1 1 66 1 0 28 
10 1 9 79 2 8 69 4 69 1 2 82 1 4 16 1 5 62 1 3 41 1 6 91 1 7 35 1 0 34 1 1 75 
10 1 0 5 1 1 19 2 2 20 4 20 1 3 12 1 4 94 1 5 60 1 6 99 1 7 31 1 8 96 1 9 63 

Dynamic Events
Machine Breakdowns (x y z): Machine {x} breakdown from time {y} to {z}
0 1214 1470
1 155 411
2 592 848
3 591 763
4 237 493
5 1040 1296
7 456 712
8 893 1149

Added Jobs (first number is the time at which the job is added, then pairs of machines and process time)
300: 10 1 7 77 2 9 42 8 29 2 2 34 1 9 2 0 64 4 34 2 5 83 9 79 1 2 47 1 0 12 2 4 16 9 66 2 6 81 8 35 2 9 17 0 61 
283: 10 2 4 69 0 36 2 8 86 3 42 1 2 75 2 4 15 9 36 2 9 41 7 16 1 1 44 2 5 87 4 85 2 4 66 5 30 1 7 66 1 9 20 

Cancelled Jobs
158 1
339 3
38 8
