10 10
10 1 0 99 1 1 74 1 2 49 1 3 67 2 4 17 7 17 1 5 7 1 6 9 1 7 39 1 8 35 1 9 49 
10 1 0 49 1 3 67 2 4 82 5 82 1 2 92 1 1 62 1 5 84 2 8 45 5 45 1 6 30 1 7 42 1 9 71 
10 1 0 26 2 3 33 9 33 1 1 82 1 2 98 1 5 83 1 4 16 1 6 64 1 7 65 2 9 36 3 36 1 8 77 
10 1 0 41 2 1 62 2 62 1 4 73 1 3 94 1 6 51 1 5 46 1 2 55 1 9 31 1 7 64 1 8 46 
10 1 1 68 1 0 26 2 5 50 0 50 1 3 46 1 4 25 2 7 88 2 88 1 2 6 1 8 13 2 9 98 5 98 2 6 84 7 84 
10 2 0 24 7 24 1 6 80 1 2 91 1 3 55 1 1 48 1 8 99 1 4 72 1 9 91 1 7 84 1 5 12 
10 1 2 16 1 3 13 1 0 9 1 1 58 1 4 23 1 7 85 1 5 36 1 6 89 1 8 71 1 9 41 
10 1 2 54 2 0 41 2 41 1 3 38 1 4 53 1 1 11 1 5 74 1 9 88 1 6 46 1 7 41 1 8 65 
10 1 2 53 2 1 50 4 50 1 4 40 1 0 90 1 7 7 1 5 80 1 3 57 1 9 60 1 6 91 1 8 47 
10 1 2 45 1 0 59 2 8 81 4 81 1 3 99 1 6 71 1 1 19 1 4 75 1 7 77 1 9 94 1 5 95 

Dynamic Events
Machine Breakdowns (x y z): Machine {x} breakdown from time {y} to {z}
0 530 720
1 1220 1524
2 592 896
3 1224 1528
5 1042 1306
6 444 748
7 255 559
8 240 544

Added Jobs (first number is the time at which the job is added, then pairs of machines and process time)
395: 10 2 3 76 5 60 1 6 47 2 8 84 6 81 2 3 64 0 31 1 5 72 1 4 17 2 5 7 3 26 2 0 41 1 65 2 5 8 4 32 1 6 10 
304: 10 1 5 80 2 9 91 7 79 2 4 54 6 67 2 6 75 3 62 2 6 69 2 72 2 5 42 6 74 1 8 45 2 7 34 0 51 2 1 80 6 74 1 1 39 
562: 10 1 3 56 2 9 47 0 41 2 6 25 9 50 1 0 17 1 0 56 1 4 31 1 1 13 2 8 14 1 46 2 7 23 8 78 2 4 58 3 64 

Cancelled Jobs
320 7
