10 10
10 1 0 55 1 1 74 1 2 45 1 3 23 2 4 76 7 76 1 5 19 1 6 18 1 7 61 1 8 44 1 9 11 
10 1 0 63 1 1 43 2 2 51 5 51 1 3 18 1 4 42 1 7 11 2 6 29 5 29 1 5 52 1 9 29 1 8 88 
10 1 2 88 2 1 31 9 31 1 0 47 1 4 10 1 3 62 1 5 60 1 6 58 1 7 29 2 8 52 3 52 1 9 92 
10 1 2 16 2 1 71 2 71 1 0 55 1 4 55 1 3 9 1 7 49 1 6 83 1 5 54 1 9 7 1 8 57 
10 1 1 7 1 0 41 2 4 92 0 92 1 3 94 1 2 46 2 6 79 2 79 1 5 34 1 9 38 2 8 8 5 8 2 7 18 2 18 
10 2 1 25 2 25 1 0 5 1 4 89 1 3 94 1 2 14 1 6 94 1 5 20 1 9 23 1 8 44 1 7 39 
10 1 1 24 1 2 21 1 4 47 1 0 40 1 3 94 1 6 71 1 7 89 1 9 75 1 5 97 1 8 15 
10 2 1 5 0 5 1 2 7 1 4 74 1 0 28 1 3 72 1 5 61 1 7 9 1 8 53 1 9 32 1 6 97 
10 2 0 34 9 34 1 2 52 1 3 37 1 4 6 1 1 94 1 6 6 1 7 56 1 9 41 1 5 5 1 8 16 
10 1 0 77 2 2 74 9 74 1 3 82 1 4 10 1 1 29 1 5 15 1 7 51 1 8 65 1 9 37 1 6 21 

Dynamic Events
Machine Breakdowns (x y z): Machine {x} breakdown from time {y} to {z}
0 979 1231
1 1070 1322
2 253 463
3 629 881
7 607 859
8 258 510
9 117 369

Added Jobs (first number is the time at which the job is added, then pairs of machines and process time)
72: 10 1 5 53 1 3 30 2 2 76 9 21 1 0 56 2 3 32 1 62 1 5 43 2 0 50 9 61 1 1 29 2 1 40 8 26 2 5 17 1 88 
462: 10 2 6 52 0 87 1 0 55 2 6 65 5 49 2 3 25 5 7 1 9 65 1 6 74 2 9 35 8 12 2 4 18 8 15 2 4 51 1 80 1 0 83 

Cancelled Jobs
413 0
803 3
