10 10
3 10 0 1 1 4 2 6 3 9 4 3 5 5 6 2 7 8 8 9 9 5 10 0 4 1 1 2 1 3 3 4 4 5 8 6 10 7 4 8 11 9 4 10 0 3 1 2 2 5 3 1 4 5 5 6 6 9 7 5 8 10 9 3 
3 10 0 2 1 10 2 4 3 5 4 9 5 8 6 4 7 15 8 8 9 4 10 0 4 1 8 2 7 3 1 4 9 5 6 6 1 7 10 8 7 9 1 10 0 6 1 11 2 2 3 7 4 5 5 3 6 5 7 14 8 9 9 2 
3 10 0 8 1 5 2 8 3 9 4 4 5 3 6 5 7 3 8 8 9 1 10 0 9 1 3 2 6 3 1 4 2 5 6 6 4 7 1 8 7 9 2 10 0 7 1 1 2 8 3 5 4 4 5 9 6 1 7 2 8 3 9 4 
3 10 0 5 1 10 2 6 3 4 4 9 5 5 6 1 7 7 8 1 9 6 10 0 4 1 2 2 3 3 8 4 7 5 4 6 6 7 9 8 8 9 4 10 0 7 1 3 2 12 3 1 4 6 5 5 6 8 7 3 8 5 9 2 
3 10 0 7 1 10 2 4 3 5 4 6 5 3 6 5 7 15 8 2 9 6 10 0 5 1 6 2 3 3 9 4 8 5 2 6 8 7 6 8 1 9 7 10 0 6 1 1 2 4 3 1 4 10 5 4 6 3 7 11 8 13 9 9 
3 10 0 8 1 9 2 10 3 8 4 4 5 2 6 7 7 8 8 3 9 10 10 0 7 1 3 2 12 3 5 4 4 5 3 6 6 7 9 8 2 9 15 10 0 4 1 7 2 3 3 6 4 3 5 4 6 1 7 5 8 1 9 11 
3 10 0 1 1 7 2 8 3 3 4 4 5 9 6 4 7 13 8 10 9 7 10 0 3 1 8 2 1 3 2 4 3 5 6 6 11 7 2 8 13 9 3 10 0 5 1 4 2 2 3 1 4 2 5 1 6 8 7 14 8 5 9 7 
3 10 0 5 1 7 2 11 3 3 4 2 5 9 6 8 7 5 8 12 9 8 10 0 8 1 3 2 10 3 7 4 5 5 13 6 4 7 6 8 8 9 4 10 0 6 1 2 2 13 3 5 4 4 5 3 6 5 7 7 8 9 9 5 
3 10 0 3 1 9 2 1 3 3 4 8 5 1 6 6 7 7 8 5 9 4 10 0 4 1 6 2 2 3 5 4 7 5 3 6 1 7 9 8 6 9 7 10 0 8 1 5 2 4 3 8 4 6 5 1 6 2 7 3 8 10 9 12 
3 10 0 4 1 3 2 1 3 6 4 7 5 1 6 2 7 6 8 20 9 6 10 0 3 1 1 2 8 3 1 4 9 5 4 6 1 7 4 8 17 9 15 10 0 9 1 2 2 4 3 2 4 3 5 5 6 2 7 4 8 10 9 23 

Dynamic Events
Machine Breakdowns (x y z): Machine {x} breakdown from time {y} to {z}
1 102 147
1 274 320
3 95 124
5 255 280
6 79 106
8 206 253
8 465 530
9 244 301

Added Jobs (first number is the time at which the job is added, then pairs of machines and process time)
144: 3 10 2 12 9 4 1 3 6 10 3 7 8 18 7 7 0 7 4 7 5 8 10 8 5 7 8 1 8 4 8 3 3 5 9 2 13 0 2 9 20 6 8 10 7 2 5 10 2 2 1 2 0 5 6 9 3 4 9 10 8 2 4 9 
133: 3 10 9 21 1 4 7 3 0 2 3 8 6 1 5 6 2 4 4 5 8 10 10 7 10 6 8 1 4 9 5 4 6 2 13 8 16 0 8 3 6 5 10 10 2 12 5 13 3 7 8 13 1 10 9 19 0 4 6 2 4 9 7 13 

Cancelled Jobs
