10 10
3 10 0 1 1 4 2 6 3 9 4 3 5 5 6 2 7 8 8 9 9 5 10 0 4 1 1 2 1 3 3 4 4 5 8 6 10 7 4 8 11 9 4 10 0 3 1 2 2 5 3 1 4 5 5 6 6 9 7 5 8 10 9 3 
3 10 0 2 1 10 2 4 3 5 4 9 5 8 6 4 7 15 8 8 9 4 10 0 4 1 8 2 7 3 1 4 9 5 6 6 1 7 10 8 7 9 1 10 0 6 1 11 2 2 3 7 4 5 5 3 6 5 7 14 8 9 9 2 
3 10 0 8 1 5 2 8 3 9 4 4 5 3 6 5 7 3 8 8 9 1 10 0 9 1 3 2 6 3 1 4 2 5 6 6 4 7 1 8 7 9 2 10 0 7 1 1 2 8 3 5 4 4 5 9 6 1 7 2 8 3 9 4 
3 10 0 5 1 10 2 6 3 4 4 9 5 5 6 1 7 7 8 1 9 6 10 0 4 1 2 2 3 3 8 4 7 5 4 6 6 7 9 8 8 9 4 10 0 7 1 3 2 12 3 1 4 6 5 5 6 8 7 3 8 5 9 2 
3 10 0 7 1 10 2 4 3 5 4 6 5 3 6 5 7 15 8 2 9 6 10 0 5 1 6 2 3 3 9 4 8 5 2 6 8 7 6 8 1 9 7 10 0 6 1 1 2 4 3 1 4 10 5 4 6 3 7 11 8 13 9 9 
3 10 0 8 1 9 2 10 3 8 4 4 5 2 6 7 7 8 8 3 9 10 10 0 7 1 3 2 12 3 5 4 4 5 3 6 6 7 9 8 2 9 15 10 0 4 1 7 2 3 3 6 4 3 5 4 6 1 7 5 8 1 9 11 
3 10 0 1 1 7 2 8 3 3 4 4 5 9 6 4 7 13 8 10 9 7 10 0 3 1 8 2 1 3 2 4 3 5 6 6 11 7 2 8 13 9 3 10 0 5 1 4 2 2 3 1 4 2 5 1 6 8 7 14 8 5 9 7 
3 10 0 5 1 7 2 11 3 3 4 2 5 9 6 8 7 5 8 12 9 8 10 0 8 1 3 2 10 3 7 4 5 5 13 6 4 7 6 8 8 9 4 10 0 6 1 2 2 13 3 5 4 4 5 3 6 5 7 7 8 9 9 5 
3 10 0 3 1 9 2 1 3 3 4 8 5 1 6 6 7 7 8 5 9 4 10 0 4 1 6 2 2 3 5 4 7 5 3 6 1 7 9 8 6 9 7 10 0 8 1 5 2 4 3 8 4 6 5 1 6 2 7 3 8 10 9 12 
3 10 0 4 1 3 2 1 3 6 4 7 5 1 6 2 7 6 8 20 9 6 10 0 3 1 1 2 8 3 1 4 9 5 4 6 1 7 4 8 17 9 15 10 0 9 1 2 2 4 3 2 4 3 5 5 6 2 7 4 8 10 9 23 

Dynamic Events
Machine Breakdowns (x y z): Machine {x} breakdown from time {y} to {z}
0 308 337
1 28 58
1 267 290
2 173 215
2 306 344
3 72 93
4 289 331
5 280 314
7 14 81
8 342 383
9 264 296

Added Jobs (first number is the time at which the job is added, then pairs of machines and process time)
179: 3 10 3 4 6 10 5 11 1 6 7 12 2 1 9 10 4 6 0 9 8 11 10 1 1 7 8 4 6 8 15 5 9 2 10 6 7 9 16 0 7 3 7 10 3 3 0 1 5 7 9 6 2 5 6 4 8 10 4 7 7 6 1 4 
74: 3 10 6 3 2 5 4 10 8 6 3 3 1 10 9 21 0 2 5 13 7 8 10 5 5 9 21 3 3 2 1 8 17 1 1 6 3 7 3 0 1 4 4 10 3 6 4 9 5 11 6 5 9 19 7 8 0 5 8 9 2 9 1 8 
93: 3 10 0 1 9 17 3 3 8 10 4 7 2 3 5 12 1 7 7 3 6 10 10 1 8 3 9 2 1 7 9 0 9 6 7 8 6 4 2 9 9 5 5 10 3 9 6 5 8 9 5 6 9 4 4 9 1 8 2 12 0 8 7 4 

Cancelled Jobs
