10 10
6 54 0 87 4 48 3 60 7 39 8 35 1 72 5 95 2 66 9 5
3 20 9 46 6 34 5 55 0 97 8 19 4 59 2 21 7 37 1 46
4 45 1 24 8 28 0 28 7 83 6 78 5 23 3 25 9 5 2 73
9 12 1 37 4 38 3 71 8 33 2 12 6 55 0 53 7 87 5 29
3 83 2 49 6 23 9 27 7 65 0 48 4 90 5 7 1 40 8 17
1 66 4 25 0 62 2 84 9 13 6 64 7 46 8 59 5 19 3 85
1 73 3 80 0 41 2 53 9 47 7 57 8 74 4 14 6 67 5 88
5 64 3 84 6 46 1 78 0 84 7 26 8 28 9 52 2 41 4 63
1 11 0 64 7 67 4 85 3 10 5 73 9 38 8 95 6 97 2 17
4 60 8 32 2 95 3 93 1 65 6 85 7 43 9 85 5 46 0 59

# Dynamic Events
# Machine Breakdowns (x y z): Machine {x} breakdown from time {y} to {z}
4 199 225
6 227 257
7 7 34
8 77 98

# Added Jobs (first number is the time at which the job is added, then pairs of machines and process time)
189: 1 59 4 14 2 24 9 52 6 66 8 31 5 9 0 72 3 40 7 33
234: 3 53 1 45 2 9 7 43 0 21 4 89 6 17 5 34 8 64 9 58

# Cancelled Jobs
135 3
142 5
