10 10
0 36 1 96 2 86 3 7 4 20 5 9 6 39 7 79 8 82 9 24
0 16 8 95 3 67 5 63 2 87 1 24 9 62 6 49 7 92 4 16
0 65 6 71 1 9 3 67 8 70 2 48 5 49 4 66 7 5 9 96
0 50 1 31 4 6 8 13 5 98 7 97 6 93 9 30 3 34 2 83
0 99 5 7 9 55 8 78 7 68 4 81 3 90 2 75 1 66 6 40
1 42 5 11 0 5 9 39 2 10 8 30 3 39 6 50 7 20 4 51
0 38 3 68 8 86 7 77 9 32 2 89 4 37 6 53 1 43 5 89
0 19 9 11 4 37 1 41 5 72 7 7 2 52 6 31 3 68 8 10
0 83 1 21 9 23 7 87 8 58 6 89 4 74 5 29 2 74 3 23
0 44 2 57 4 69 9 50 1 65 5 69 8 60 3 58 6 89 7 13

# Dynamic Events
# Machine Breakdowns (x y z): Machine {x} breakdown from time {y} to {z}
7 26 53
9 132 153

# Added Jobs (first number is the time at which the job is added, then pairs of machines and process time)
76: 3 91 5 73 2 68 1 21 0 42 4 11 6 84 7 84 9 28 8 32
269: 0 50 4 80 5 55 2 35 3 58 8 77 9 66 1 55 7 95 6 64

# Cancelled Jobs
132 5
