8 7
3 3 0 247 1 223 2 100 3 3 140 1 130 6 123 3 3 150 4 160 6 200 
3 2 0 214 2 150 2 2 87 1 66 3 4 178 5 95 6 150 
3 2 0 87 1 62 3 6 145 2 180 3 105 3 3 190 4 100 5 153 
3 2 0 87 1 65 2 2 250 4 173 2 3 145 5 136 
3 3 1 123 2 145 0 128 3 6 86 3 65 4 47 3 4 110 5 85 1 100 
3 3 1 145 2 320 3 154 3 3 150 2 123 4 192 3 4 120 5 240 6 180 
3 2 2 145 1 157 2 2 124 4 168 3 4 145 5 165 6 178 
3 2 3 245 2 257 2 5 224 4 268 3 4 145 5 165 6 178 

Dynamic Events
Machine Breakdowns (x y z): Machine {x} breakdown from time {y} to {z}
1 681 924
2 342 585
3 1019 1262
5 573 816
6 411 654

Added Jobs (first number is the time at which the job is added, then pairs of machines and process time)
418: 3 3 6 99 1 89 0 203 3 5 181 6 149 1 86 3 0 207 4 221 6 146 

Cancelled Jobs
445 2
