11 8
4 3 0 247 1 123 2 100 3 3 140 1 130 6 123 3 3 150 4 160 6 200 2 6 210 7 145 
4 2 0 214 2 150 2 2 87 1 66 3 4 178 5 95 6 150 2 4 120 7 150 
4 2 0 87 1 62 3 6 145 2 180 3 105 3 3 190 4 100 5 153 2 5 170 7 165 
4 2 0 87 1 65 2 2 250 4 173 2 3 145 5 136 2 4 250 5 170 
4 3 1 123 2 145 0 128 3 6 86 3 65 4 47 3 4 110 5 85 1 100 2 7 165 5 180 
4 3 1 145 2 320 3 154 3 3 150 2 123 4 192 3 4 120 5 240 6 180 2 3 120 6 50 
4 2 2 145 1 157 2 2 124 4 168 3 4 145 5 165 6 178 2 7 230 4 140 
4 2 3 245 2 257 2 5 224 4 268 3 4 145 5 165 6 178 2 6 150 7 150 
4 2 1 150 2 150 2 2 180 3 220 2 4 40 6 50 2 5 150 7 170 
4 2 3 245 2 257 2 5 224 4 268 3 4 145 5 165 6 178 2 6 150 7 150 
4 2 1 150 2 150 2 2 180 3 220 2 4 40 6 50 2 5 150 7 170 

Dynamic Events
Machine Breakdowns (x y z): Machine {x} breakdown from time {y} to {z}
1 325 688
2 958 1321
4 902 1265
7 82 445

Added Jobs (first number is the time at which the job is added, then pairs of machines and process time)
242: 4 2 7 215 0 193 2 0 216 7 148 3 0 216 5 153 4 251 2 0 222 7 220 
532: 4 2 4 228 0 194 2 5 129 4 130 2 0 117 7 183 3 0 197 2 255 3 213 

Cancelled Jobs
616 9
