8 7
3 3 0 247 1 223 2 100 3 3 140 1 130 6 123 3 3 150 4 160 6 200 
3 2 0 214 2 150 2 2 87 1 66 3 4 178 5 95 6 150 
3 2 0 87 1 62 3 6 145 2 180 3 105 3 3 190 4 100 5 153 
3 2 0 87 1 65 2 2 250 4 173 2 3 145 5 136 
3 3 1 123 2 145 0 128 3 6 86 3 65 4 47 3 4 110 5 85 1 100 
3 3 1 145 2 320 3 154 3 3 150 2 123 4 192 3 4 120 5 240 6 180 
3 2 2 145 1 157 2 2 124 4 168 3 4 145 5 165 6 178 
3 2 3 245 2 257 2 5 224 4 268 3 4 145 5 165 6 178 

Dynamic Events
Machine Breakdowns (x y z): Machine {x} breakdown from time {y} to {z}
1 417 660
3 1212 1455
4 1216 1459
5 453 696
6 412 655

Added Jobs (first number is the time at which the job is added, then pairs of machines and process time)
217: 3 2 4 232 2 288 3 5 174 3 165 2 146 2 5 168 0 175 
171: 3 3 0 180 5 134 3 154 3 3 107 5 86 1 130 2 3 230 1 170 

Cancelled Jobs
366 4
